9871990
19871983
19871228
19871226
19871218
19871215
19871210
19871207
19871120
19871106
19871104
19871029
19871027
19871025
19871012
19871003
19871001
19870916
19870620
19870528
19870509
19870320
19870304
19870303
19870222
1987000
198699
198673
198669
19861990
198619861986
19861224
19861212
19861128
19861120
19860813
19860812
19860723
19860714
19860407
1986000
198581
198544
198541
19852009
19852
19851989
19851215
19851208
1985111
19851015
19851014
19851003
19850309
198487
198482
1984625
198454
19844891
19842006
19842004
19841989
19841988
19841228
19841023
19840903
19840508
19840203
198369
19832003
1983123
198299
198263
198257
198237
19821028
1981986
198155
19812000
19812
19811986
19811983
198084
19805
197983
19797
197969
19790118
19781982
19781981
197816
19781
19780
197727
19771979
197718
197717
197716
197706
19770101
197688
197613
197606
197529
197526
197518
197514
197508
197502
197421
19741977
197413
19738246
197326
197320
19731974
197316
197306
197213
197212
197207
1971992
1971991
197118
197112
19711
197104
197102
1970nova
197021
19701972
19701
197001
196911
196909
196826
19681969
196818
196811
196802
1967camaro
1966gto
1966
196443
1961989
196025
195858
1955
195400
195300
1951995
19500
194900
1949
19471947
194444
19378246
193750
19341934
192930
192907
192837456
192728
192716
192707
192624
192537
192518
192515
192429
192400
192345
192328
192307
192305
192225
192222
192214
192204
192192
192116
192100
19201
191969
191968
191966
191928
191922
191812
191715
191522
191419
191324
191278
191277
19122538
19122537
19122536
19122530
191223
19121997
1911991
1911990
1911986
191156
191139
191137
19112528
191123
19102538
191022
19102002
19101997
19101976
191018
190976
190975
190934
19092529
19092527
19092007
19092006
19092004
19091909
190901
190827
19082008
19082004
190801
1907fb
190778
190775
19072533
190725
19071977
190701
190672
190634
19062534
19062532
19062528
19061996
19061981
190610
190578
190569
190528
190526
19052535
19052534
19052533
19052008
19052007
19051983
190519
190503
190502
190476
19042535
19042533
19042529
190421
19042008
19042005
19041985
190398
19032535
19032529
19032524
19031981
190319031903
190229
190228
190226
19022529
190201
19012532
1900190013
1900190004
190005
18wheels
18sexy
18septiembre
18octubre
18forever
18deseptiembre
18denoviembre
18defebrero
18andlife
188881
1881994
187777
187500
18741874
1872333
18701870
18691869
1861996
1861985
186000
184200
1837295
183218
18283848
182823
182818
182810
182807
182728
182723
182666
182630
182622
182536
182512
182511
18244
182431
182418
182415
182404
182303
182226
182225
182224
182223
182207
182203
182125
182106
1821
182027
182019
181970
181963
181912
18185
181829
18180
181629
181627
181623
181618
181606
181516
181512
181275
18122538
18122532
18122531
18122527
18122523
181224
18122005
18121978
181219
181213
181211
181174
181172
181135
18112530
18112527
18111981
18111978
181101
181097
181075
18102534
18102528
181016
180975
180935
180934
180929
180928
18092528
18092004
180912
180908
180873
18082528
180823
18082006
18082004
180820
18079
180778
18072528
180724
180723
18072007
180629
180624
18062003
18061980
180609
180597
180577
180532
18052536
18051983
180500
180477
180476
180472
180433
180427
18042525
180420
18041804
180401
180398
180373
180335
180330
18032525
180275
18022531
18022530
180224
18021980
180218
180198
180169
180131
18012532
18011997
18011983
18011980
18000
17september
17princess
17981798
179348625
1791993
1791992
1781989
1781988
1751993
1751985
175000
1741995
17351735
1731990
1731989
172808
172722
172717
172611
172605
172520
172505
172503
172406
172330
172324
172323
172308
172217
172210
1721992
172120
1721
172027
172026
172025
172013
172011
172001
171960
171945
171926
171924
171915
171810
171801
171729
171722
171712
171614
171610
171523
171520
171425
171419
171402
171274
171269
17121979
171210
171134
171120
171099
171070
171037
17102535
17102530
17102528
17102527
17101972
171011
171010
170976
170928
170926
17092004
170903
170826
17082534
17082532
17082000
17081977
17081976
170778
170776
170734
170733
170726
17072535
17071979
17071977
170674
170623
170577
170568
17052534
17052528
17052525
17052005
17051979
170468
17042534
17042527
17041981
17041978
170322
17032006
170317
170278
170227
17022534
17022008
17022006
17022005
17021981
170217
170172
170130
170129
17012534
17012531
17012525
170121
17012008
17011996
17011981
170017
16years
16sweet
16november
16denoviembre
16abril
1691991
168899
16831683
1681995
16801680
16789
1677
16741674
1671989
16591659
16551655
1651995
1651994
1651987
16431643
163200
1631987
163000
162830
162821
162721
162620
162601
162518
162424
162422
1624
162324
162311
162310
162308
162307
162306
162300
1623
162228
162224
162223
162212
162204
162203
162201
162119
162100
162030
162016
162013
161950
161904
161803
1617181920
161711
1617
161600
161516
161274
161222
161214
161210
1611992
16112534
161119
161076
161036
161035
16102524
16102523
161015
161002
16100
160998
160933
160925
160901
160835
16082536
16082008
160820
16081994
160809
160777
160775
160738
160735
16072534
16072525
160723
16072004
16071981
160697
160675
160669
16062528
16062525
16061978
160572
160537
160535
16052526
16052008
16052006
16051978
160512
160509
160476
160475
160471
160427
16042535
16042534
160422
160401
160377
160376
160334
160333
160331
16032530
160322
16031996
16031981
160273
16022536
16022528
16022526
160218
160201
160133
16012527
16011984
160016
16000
15melo
15january
15enero
15abril
159999
159963321
15987412369
15987412
159863
159847
159800
15975355
1597532864
15975325
159753.
1596320
1593574
1593572846
159200
159159123
1590753
159026
15858
158400
1583761
1581989
1581988
1581987
15811581
15799
1571987
1571985
156987
156456
15623
15621562
1561989
15601560
155632
15555
1551995
1551993
1551986
155171
155000
15461546
154215
15371537
153200
1531985
153153153
15315
153123
153112
153060
153030
153021
152900
152829
152802
152708
152703
152637
15263
152627
152610
15255
152512
152502
1525
152490
152489
152478
152426
152419
152412
15236
1523
152230
1521992
152152152
152129
152127
152115
152105
152100
151999
151972
151966
151912
151906
151904
151892
151724
151628
151610
151607
15152525
151519
151513
151503
151411
151320
151275
151269
15122524
15122
151199
15115
151133
151122
15112
151097
151070
151069
151035
15102531
151023
15102007
15101997
151018
151001
15099
150922
15092005
15092004
15091980
15091979
150918
150901
150899
150867
150834
150832
150825
15082007
15081980
15081976
150775
150774
150772
15072529
15072528
15072526
150721
15072007
15072005
15071982
150700
150666
150635
15062534
15062529
15062527
150621
15061996
15061982
150615
150609
150574
15052538
150523
15052008
150511
15042536
15042526
15042007
15041981
15041980
150332
150331
15032525
150325
150323
15031997
150318
150299
150226
15022536
15021981
150211
150202
150199
150178
150150150
150137
150135
150127
150122
15012005
15011982
15011977
15001
14words
14themoney
14life
14deseptiembre
14angel
14alex
1492blue
1491990
14891489
148888
14863
148611
148563
1481989
147987
147862
147854
1478522
147753
1475369852
14752963
147369852
14700
14673
1461992
145879
1456325
14562
145466
14533541
145302
14526
145252
1452
1441994
1441989
14415
143tommy
143scott
143ron
143mykids
143kenny
143joshua
143jojo
143jenn
143emo
143drew
143danny
143dana
143ant
143andrew
143JESUS
14397
14388
143817
143800
143769
143718
143714
143610
14358
14357
143524
14344j
1434426
143433
14342
143369
143299
143242
143241
143227
143225
1431986
143147
143132
1431314
143101
143028
143001
142912
142830
142827
142812
142809
142806
142802
142730
142607
142606
142605
14253678
142515
142513
142507
142502
142486
142438
142428
142422
142405
142389
142311
142241
142227
142226
142224
142218
142203
1421996
1421990
1421988
142125
14211
142108
142106
142101
142069
142027
142016
141966
141930
141926
141922
141910
141907
141888
14188
141825
141805
141616
1415161718
14151
141502
1415
141456
141417
141414j
141414a
141411
14140
141300
141270
141225
14122005
141217
1411994
1411991
141199
141127
14112539
14112003
1411
141067
141036
141027
14102526
14102003
14101979
14099
140935
140927
14092526
14092524
140924
140923
14092007
14092006
14091979
140910
140835
14082533
14082526
14082525
14082523
14082006
14081979
14081978
140803
140799
140735
140734
140732
140728
14072533
14072527
14072525
140724
14071982
140634
140632
140631
14062533
14062529
14061977
140614
140612
1406
14052535
14052533
14052532
14052522
140520
14051980
14051979
140467
140423
14041981
14041977
140378
140369
140367
14032533
14031981
14031976
140301
140274
140268
140234
14021976
140218
140217
140177
140172
140150
14012534
14012531
14012525
14012008
14011982
140109
13sexy
13rocks
13febrero
13estrellas
13defebrero
13days
13LOVE
13972684
13961396
13941394
1392010
1391990
13890
138200
1381996
1381984
13801380
137958
137928465
13721372
1371994
136911
136888
136666
13631363
1361995
1361992
1361990
135890
135800
13579j
13579246810
1357912
1357901
135624
135579
135555
135420
134life
1347
134689
13468
1345678
1341993
1341992
134131
13411341
134000
13371337
1331995
1331993
1331988
1331983
133126
133117
133030
1330
132907
132810
132808
132701
132700
132654
132630
132627
132621
132580
132514
132505
132502
1324657980
1324657
132458
132433
132427
132390
132388
132330
132325
132316
132310
132305
132229
132222
132204
132200
1321994
1321989
13216
132133
132132132
13213
132125
13211
132107
132103
132015
132011
131971
131966
131963
131917
131916
131908
131889
131826
131821
131812
131722
131707
131703
131628
131620
131519
1314920
131426
131405
1313666
131331
131318
131317
1313132
1313131
131308
131302
13130
131299
13124
13122525
13122524
131224
131221
13121997
131212
1311987
131165
131146
13112533
13111998
13111983
131111
131108
13110
131035
13101996
13101976
13101975
131019
131018
131014
13100
130929
130924
13092007
130874
13082530
130825
13082007
13081977
130809
130799
130727
13072529
13072526
13072524
130720
130702
130669
130666
130637
130636
130632
130629
130627
13062528
130624
130621
13061980
13061976
130602
13052534
13052530
13052529
130523
13052007
13051979
1305
130466
130456
13042535
13042534
13042530
130420
130411
130377
130374
130327
130323
13032003
13031979
13031977
130319
130257
130233
13022538
13022537
130225
130223
130221
13021997
130209
1302
130171
130160
13012535
13012526
13012008
130031
13
12september
12nicole
12midnight
12luis
12kevin
12iloveu
12horses
12diciembre
12cool
12apples
1299
12921292
129200
129141
1287
12831283
1281996
1281990
1281986
1281985
12811281
128065
12790
12781278
127516
1271997
1271985
127000
12661266
12621262
1261985
12591259
125863
125846
125785
125699
125685
12566521
125632
125623
125606
125600
125566
125467
12541
1251996
125145
12506
124800
124700
1245789630
124566
12455
124500
1241989
1241988
124125
12411
124000
123www
123wes
123unme
123troy
123tony
123tom
123sophie
123sheep
123shane
123sara
123santos
123sandy
123ryan
123rox
123rocky
123qwe456rty
123nicole
123nena
123mnb
123mee
123me321
123mac
123m456
123lucy
123lovely
123louise
123lily
123lea
123laura
123jordan
123joel
123jjj
123jimmy
123jesse
123jenny
123ilove
123horses
123horse
123girls
123fun
123friends
123forme
123flower
123fish
123fire
123fer
123family
123dragon
123coco
123chocolate
123buddy
123bri
123boys
123bmx
123ballin
123babygirl
123ash123
123annie
123and
123abcde
123abcc
123abc!@#
12399
123912
1236996321
12367
123600
123566
1235456
123505
1235
1234usmc
1234lol
1234l
1234js
1234ds
1234dj
1234bitch
1234bella
1234bb
1234baby
123494
12345qwe
12345kc
12345aa
12345P
12345ABC
123456pp
123456ja
123456dm
123456asdf
123456andrea
123456an
123456am
123456aj
123456ad
123456Z
12345678w
12345678o
12345678i
12345678e
123456789love
123456789lol
123456789kk
123456789asd
123456789as
123456789abcd
123456789O
123456789L
123456789D
12345678987
123456789456123
12345678915
1234567890q
1234567890abcde
1234567890abc
123456789/*-+
123456789!
1234567810
12345678+9
123456778
12345677654321
12345655
1234564
12345623
123456159
12345567
12345123456
1234511
12345000
123446
123441
12343434
123423
123418
123414
123404
12334566
123322
123321m
123300
1233
123256
1232456789
123215
123200
1231985
123159147
123154
123123d
123123abc
1231234567
12312323
12311994
12311992
123102030
123063
123057
1230456789
12301993
12301983
123000123
123.com
123-123
123*456
12297
122968
122929
122922
12292005
122869
122867
122829
122824
122765
122755
12271996
12271988
122715
122710
122659
122631
122629
12261992
122614
122564
122562
122559
122551
122538
122537
12251995
12251994
12251982
12251976
122513
122463
122460
122432
122431
12242006
12241992
12241984
12240
122373
122360
12231995
12231994
12231993
12231992
122317
122315
122310
122268
12225
122235
12221993
12221990
122219
12221
1221995
1221988
1221982
122165
122157
122144
1221221
12211982
12211981
122114
122110
122066
122060
122027
12202005
12201996
12201986
12201975
122015
121956
121954
12191994
121919
12190
121829
12182007
12182006
12182003
12181980
121816
12177
121769
121768
121761
121760
121727
121722
12171987
12171986
12171984
12171981
12171978
12169
121659
121629
121620
12161997
12161991
12161990
12161982
12161981
121569
121564
121558
121554
12152005
12152001
12151994
12151993
12151983
12151981
12151978
121511
121464
121361
121333
12133
12132007
1213145
121253
121252
12124545
121240
1212321
12122000
12121974
121212t
121212b
1212122
1211984
121168
121146
121144
12111978
12111977
121116
121114
12109
121061
12104
121034
12101968
12101962
12101960
121015
120963
120956
120924
120923
12091975
12089
120861
120858
120838
12082524
120824
12082002
12082000
12081977
12081975
120819
120817
120774
120770
120733
120731
12072534
120725
12072008
12072006
12071980
12071978
12071941
120664
12062537
12062536
12062531
12062523
12062521
120623
120613
120568
120555
12052007
12052005
120471
120467
120461
120435
120426
12042005
12041978
120350
12032528
120322
12031976
120317
120267
12026
120229
12022535
12022530
12022529
120223
12021972
120219
120218
1201991
1201990
120167
120162
120160
120136
12012535
12012534
120125
120124
12012002
12011997
12011980
1200blk
120013
11tigger
11soccer
11minutos
11horses
11deseptiembre
11999922
11999
119944
11931193
11905
119011
118900
11887
1181995
1181988
11811
11796
11761176
117600
1171989
11694
116900
116633
116500
1161986
11593
11591159
115911
11587
11586
11561156
11555
11550
11531153
115211
1151996
11511151
11506
11493
11487
11486
1147512
114444
11412
11395
11391
11389
11385
11377
113626
11361136
113511
11349
11336699
113333
1132529
113245
11320
113124
113107
113105
113104
113072
113047
113030
113025
11301995
11301986
11301981
113012
113011
112971
112967
112965
112954
112929
11291991
11291985
11291983
112909
11290
112874
112834
11282005
11281988
11281987
11281984
112810
112770
11271995
11271993
11271984
112709
112667
11262005
11261997
11261991
11261980
112613
11254
11252003
11251992
11251990
11251987
11250369
112456
112454
112422
11241992
11241979
112419
112364
112363
112362
112322
11231992
11231985
11231984
112310
1122qqww
112263
112233m
11221982
112216
112215
1122002
1121997
112162
112134
112126
11211981
11211980
11211979
112117
112110
112109
112068
112050
112044
11201
11195
11193
11192000
11191994
11191986
111900
1119
111870
11186
111830
111824
11181994
11181985
111814
111809
11178
111761
111727
111726
111724
11171984
111662
111628
11161994
11161991
11161983
111613
11151993
111512
111470
111468
111465
111459
111435
111429
111422
11142005
11141986
111409
111397
111369
111363
111345
111333555
11131982
111313
111312
111310
111264
111256
111253
111252
11122521
1112111
111210
1112008
1112003
1111981
1111979
11117777
111166
111155
11112537
11112530
11111t
11111998
11111977
111112222233333
111111k
111111119
1111111111111111111111111111111111111111
11108
111069
11105
111037
11102532
11101977
111017
11092533
11092522
11092004
11091998
11091996
11091977
11091975
110913
11091
110867
11085
110833
11082533
11082527
11082003
110816
110814
110812
110761
11072535
11072007
11071980
11071979
11071978
11071975
110718
110670
110656
110632
11062525
110621
11062004
110565
11055
110527
11052535
11052529
11052527
110521
11052000
11051978
11051976
110513
110469
110434
11042528
11042005
11042000
110420
110365
11032532
11032528
110318
110316
110268
110262
110255
11022526
110214
1101991
1101984
1101976
110157
110150
110140
11014
110135
11012534
110124
110121
11012002
11011983
110119
11010
1100200
10luis
10grade
10dollars
10989
10971097
10951095
1091995
1091991
1091982
109012
10901090
108800
10821082
1082005
1081986
1081981
108108108
108010
10792
107777
1071996
1071990
10705
106969
10688
10681068
1066ad
1066
1061993
1061984
10583
10582
10571057
105501
10541054
105214
10521052
1051990
105020
10491
104800
10471047
10458
104512
1041988
1041987
1041984
10392
103710
103622
1031987
1031983
103166
103155
10311986
10311983
10311977
103073
10302001
10301995
10301982
103011
10296
102956
102919
102916
10291
10289
102866
102863
102852
102825
10282003
10282000
102812
102766
102765
102740
102722
10272001
102720
10271994
102719
10269
102628
102620
10261984
102617
102562
10252004
10251992
102518
10242002
10241985
10241983
10241982
102419
1024010240
102360
102326
10231994
10231985
102319
102316
102271
10221996
10221991
102219
10220
1021997
1021986
1021983
10218
102165
102155
102121
10212000
10211986
102117
102112
102111
102065
10202004
10201995
101sexy
101lol
10193
10192006
10191991
10191988
10191983
10191982
101919
10182003
10181982
101816
101812
101766
101758
101726
10171995
10171980
10171970
101717
101715
101712
101670
101668
101621
10162000
10161996
10161986
10161981
101609
101567
10151994
1015195
101470
101432
10142000
10141993
10141992
10141984
10141983
10141982
10141981
101365
101364
101356
10134
101328
10132005
10131983
101317
101241
101238
10122005
10122002
10121997
10121974
1011987
10117
101161
101160
101156
101154
101150
10112536
10112008
1010811
101057
101052
10102538
10102524
10102522
10101974
10101418
10101212
100rock
100mexico
100fly
100bitches
100964
100961
100960
100926
10092528
10092527
100925
100920
10092
10091998
100909
100869
100867
100859
10082533
10082527
100825
10081996
10081975
100812
1008
100757
100734
100733
10072000
10071998
10071997
10071978
100717
100715
100666
100657
10062532
10062004
100620
10061998
100612
100570
100566
100563
100540
100534
10052529
10052000
10051981
100466
100463
100449
100431
10042000
100410
100367
100365
10033
10032537
10031978
10031975
100310
100266
100256
100254
100231
100223
10021997
100167
100166
100134
10012537
100121
10012
10011977
10006
10005
100%punk
0ydidAKIN
0vpojkiyd
0okm)OKM
0nline
09princess
09876543211
0963852741
09301989
093002
092970
092966
09292003
09291988
092899
092872
092860
09283
09281993
09262003
092615
092597
092573
09251983
092468
092428
09241991
092399
092370
092368
092276
092222
09222007
09221989
092174
092171
092165
092126
09211985
092023
09202091163
09202006
09201991
092012
091952
09194725106
091942
091926
091925
091924
091922
09191986
09191984
09186754812
091858
091826
09182007
09182006
091774
091771
09171992
09171986
091697
091673
091666
091628
091624
091623
09162006
09161990
09161987
091571
091526
09151989
09150915
091476
091427
091421
09142006
091273
091272
091271
0912345
09122536
09122530
09122528
09122522
091220
09121978
091217
091162
091129
09112530
091122
09112007
09112003
09111996
09111995
09111981
091074
09106
09104233027
091035
091032
09102533
09102531
09102524
091024
09102334321
09101975
090967
090966
090964
090956
090934
090926
09092532
09092528
09092522
090921
09092009
09092000
09091999
09091978
09091977
09091976
090919
090912
090869
09082533
09082531
09082007
09082003
09081978
090727
09072530
090722
09072007
090717
090627
09062533
090625
090623
09061975
090574
090572
090570
090565
090534
090530
09052525
090525
090522
09051979
09050905
090431
090430
090429
09042536
09041979
090411
090374
090371
090334
090329
090321
09032000
090312
090226
09022534
09022007
09021998
09021996
09021978
09012525
09011996
09011979
090078601
08forever
08allday
085640
085231
08521
083174
083172
08311988
083074
083070
083000
082972
08291992
08291982
082830
082828
08281993
08281992
082797
082771
082729
08271996
08271991
082673
082672
08262005
082574
082536
08251993
08251990
08251984
08250825
0825
082474
082419
08240824
082365
08231991
08231988
08231983
082265
082223
082218
08211985
08210821
0821
082074
082071
08201986
082011
081960
081924
08191990
08191986
081872
081870
081864
081827
081823
08181984
081816
081809
081797
081772
081770
081768
08171985
081630
08161994
08161992
08161988
0816
081576
081527
081523
08151988
08151986
081475
081427
081422
08141999
08141993
08141987
08141985
081374
08131986
08131985
081319
081309
081301
08122526
081224
081169
081168
081122
08112000
08111976
081111
081069
081068
081033
08102535
08102531
08102528
081025
08102002
08101981
081011
08100810
080999
080967
080937
080928
080868
080858
080855
080827
08082531
080824
08082005
08081978
080775
080772
080755
080729
080728
080727
08072527
08071983
080632
08062002
08061997
08061983
08052536
08052535
08052532
08052529
08051976
08050805
080464
080432
080428
08042536
08042531
08041977
080419
080374
080334
080330
08032535
08032527
08032007
08031975
080276
08022532
080225
08021996
08021981
080214
08012003
08011997
08011971
08010801
07mustang
07girl
07chevy
073198
073173
073172
07311990
073078
073075
073000
072876
07281985
072772
072731
0727
072699
07261985
07261983
072576
072532
072497
072476
07242004
072275
072196
072171
072126
07211990
07211988
07211986
072075
072069
07202002
071970
071924
071909
071878
071875
071873
071829
07181991
071819
071723
07172004
071674
07162004
07161991
071574
071573
071530
07152006
07151990
07151985
071518
071468
071426
071418
071397
071367
071325
071321
07131981
0713
071236
071232
07122532
07122531
07122529
07122521
07122005
07122003
07122001
07121973
071170
071165
07112527
071125
071124
071120
07111988
07111983
07111980
071119
071021
07102006
07101977
071010
070972
07092538
07092534
07092524
070921
07092006
07091996
07091982
070859
070834
07082000
07081997
070733
070731
07072533
07072530
07072528
07071980
07071971
070713
070711
070669
070626
07062530
07062003
07061984
07061979
070572
07052533
07052526
07052008
07052003
07051995
07051984
070431
07042527
07041983
070372
070369
070330
070323
07032006
07032004
07031981
07031979
070270
070261
07022009
07022007
07022004
07021976
07020702
070174
070171
070134
070132
07012522
070124
070123
07012007
070120
07011982
07011980
06913
067929275
06660666
06301990
06301986
06300630
062999
06291990
06291987
06291986
06281991
06280628
062774
06271982
062677
062675
062670
06261990
062533
06252005
06251991
06250625
062428
06242006
06240624
062401
0624
062375
062373
062310
06221989
062196
062176
062171
062166
06211990
06211988
06211985
062020
06201989
061966
06191993
06191985
061869
06182005
06182004
061772
06172006
06171987
061670
061624
061614
061524
06151986
061499
061475
061470
061458
06141997
06141987
06131996
06130613
061272
061269
061265
061234
061226
061223
06121976
061217
061215
06112530
061123
06111996
061119
061109
061061
06102537
06102535
06102003
06101998
06101978
061016
060969
060931
060929
06092529
06092525
060924
060874
06082527
060824
06082007
06082006
060820
060818
060817
060766
06072528
06071979
060717
060714
06070809
06062536
06062533
06062528
06061979
06061976
06061975
06061970
060572
060527
06052531
06051977
06051970
060468
060427
06042534
06042008
06042005
060420
06041983
06041979
060335
060330
060327
06032529
060229
06022533
060224
06021997
060174
060131
06012536
06012532
06012531
06012006
06011997
060111
056056
05460546
053199
053074
053072
053000
052974
052973
05291990
05291989
0529
052873
052872
052868
05282005
052811
0528
052778
052774
05272005
05271993
05271983
052676
052673
052671
05260526
052571
052536
052532
052531
05251986
05251985
052518
052515
05241987
052374
052373
052372
05231992
05231990
05231984
052276
052272
05222004
05221989
05221979
052175
052170
052168
052122
052073
052071
05202006
05201990
05201982
05200520
0520
051968
051966
051964
051909
051897
051827
051821
05181990
0518
051697
051576
05151986
051517
051474
051420
051412
051368
05132006
051314
051301
051299
051266
05123
05122527
05122525
05121995
051219
05120112
05112531
05112004
05112002
05111983
05111982
05111981
051114
051069
051034
051028
051026
05102530
05101977
051017
051014
050975
050971
050966
050931
05092535
05092529
050923
05092002
05091978
050916
050829
05082528
05082003
050810
050775
050765
050731
050730
05072525
05071981
050711
050672
050671
050632
05062533
05061980
05061978
05061977
050619
050573
050568
050531
05052536
05052535
05052001
050517
050474
050471
050431
050430
050428
050426
05042526
05041978
050374
050367
050331
050327
05032006
05031983
05031982
050277
050271
050264
050220
05021981
050138
050133
050126
05012534
05011996
050050
04ever
045123
04302005
04301985
04301984
04301983
042976
042971
042969
042875
04281989
042776
04271984
04261985
042609
042569
04251991
04251984
042518
042514
0424kitty
042473
04241988
042411
042328
042326
04231986
04231975
04221992
0422
042127
042113
042022
04201993
04201986
04191993
04191987
041899
041874
041872
0418