2
25092528
25092004
250914
250899
250877
250869
250826
25082522
25082005
250820
25081981
25081980
250809
250798
250776
250774
250735
250732
25072525
250723
25072008
25071977
250719
250628
25062533
250624
25062007
250620
250611
250609
250599
250531
25052533
250523
25052002
250520
25051977
25051962
250518
250511
25050
250470
250438
25042535
25042527
25041981
25041980
250416
250403
250372
250335
250334
250325
25032003
250320
250317
250275
250268
250260
250235
250229
250226
25022531
25022525
25022007
25022
250218
25020
250199
250126
25012538
25012537
25012534
25012525
250123
25012006
25011977
250114
25010231
24noviembre
24life
24kgold
24fitness
24febrero
24enero
24beers
24992531
24992529
249915
24982498
249600
24942494
24932493
249212
2491995
249060
248999
248824
248652
248631795
24852485
248268
2481993
2481990
2481987
247478426
2471994
2471990
2471989
2471987
246896
24687913
246815
2468135790
246810r
246810j
24681012141618
2468101
246805
2468000
24610
246000
24589
245685
245336
245210
2451988
24512451
244444
244344
2442
2441995
2441993
2441992
2441139
243779
24356
24342434
24322432
243110
243026
242985
242924
24289
242820
242730
242715
242712
242710
242708
242707
242700
242623
242610
242609
2425
242424a
242422
242421
242407
242403
242277
242112
242100
24210
242012
241969
241830
241827
241815
241810
241710
241706
241624
241619
241606
241577
241510
241390
241312
241305
241263
241228
24122536
24122531
24122526
24122525
24121978
241216
2411995
241164
24112537
24112527
241125
24111
241073
241060
241040
241017
240999
240973
240936
24092528
24092526
24092525
24091984
24091979
24091976
240909
240874
240867
240837
240830
240828
24082533
240824
240822
24081997
240798
240731
240728
24072536
24072533
24072524
240725
240724
240719
240714
240701
240673
240620
24061983
24061980
240611
240609
240570
240565
240535
24052530
24052008
240498
240473
240469
24042535
240423
240420
24041997
24041980
24041978
240374
240369
240337
240336
240331
240325
24032403
24031981
240309
240234
240228
24022535
24022534
240221
24021980
240209
24020
240199
240134
240126
24012536
24012528
24011980
24011979
2400blk
24000
24
23sexy
23septiembre
23rocks
23princess
23kisses
23diciembre
23962396
2391993
2391991
238797
23872387
2383
2381989
2381988
23790
23762376
2371992
2371988
23698741
236985
236969
2361995
2361991
23612361
23589
235689147
23568
235626
235000
234987
23455
2341992
23415
23411
234012
233715
233600
233445
23325
233234
23323
2331994
2331987
233185
233100
233019
233000
232915
232901
232821
232808
232711
232630
232625
232618
232614
232613
232612
23259
232508
232502
232484
23242
232418
232414
2324110231
232405
232400
232319
232223
232201
232200
2321995
232126
232110
231965
231907
23190
231822
231811
231808
231621
231601
23160
231564897
231530
231526
231515
231510
231507
231506
23145
231419
231412
231400
231311
231273
231267
231255
231250
231239
23122526
231222
23122002
23122001
2311994
2311993
2311990
231149
231145
23114
231137
23112535
23112526
23112523
23112005
23111996
231072
23102525
23102521
23102005
23102001
23101997
23101
231009
230957
23092525
23092520
23092519
230924
230922
230911
230903
230830
23082530
23082007
23082004
23081997
230813
230799
230775
23072534
23072529
23071997
230709
230673
230672
230631
23062008
23061980
23061975
230610
230601
230575
230572
230536
23052535
23052534
23052006
230476
230475
230472
230440
23042530
23042526
23042524
23042005
23041998
230419
230402
230377
230372
230365
230335
23032535
23032526
23032008
23032005
23032004
230298
23021973
230216
230210
230200
230165
23012532
23012530
23011986
230032
22tango
22septembrie
22princess
22pretty
22october
22iloveyou
22cool
22999
229966
229955
22992
22942294
2291975
228844
22884
22872287
228600
2281993
2277bass
227777
227766
227522
22722272
2271985
2271984
22706
22691
22690
22689
22688
226456
2261995
2261991
22595
22592
22572257
225678
22556633
2255555
225546
22554
22552
22542254
22522
2251990
225199
22502250
22492
22490
22481
224568
224468
22442
224412
2244
224226
2241995
2241987
224122
224000
22395
22391
22388
223869
2233844
223211
223111
223108
223103
223096
223025
223006
223003
223000
22300
222990
222929
222922
222915
222914
2229
222824
222812
222789
222729
222719
222717
222631
222629
222628
22262226
222618
222568
22255
222538
222533
22252225
222521
22251
222501
2225
222444888
222416
2223333
222317
222316
222310
222309
2223
222222w
22222222222222
222219
222217
222215
222212
222200
2221987
2221986
22212
222118
22202220
22202
222012
221964
221890
221829
221819
221703
221700
22168
221626
221616
2216
221587
221503
221500
221418
221409
221333
221260
221254
221237
22122532
22122525
22122523
22122522
221220
22121976
221218
221216
2211996
2211989
2211988
2211984
221174
221136
22113
22112536
22112535
22112534
22112526
22112001
22111979
221109
221037
221036
22102005
22101997
22101974
2210
220998
220927
220926
22092534
22092524
22091996
22091981
22091979
22091977
220919
220916
22091
220909
220874
220866
220831
22082535
22082525
22082007
22081996
22081979
22081977
220798
220765
220756
220735
220728
22072534
22072006
22072005
22072004
22071983
22071977
220709
220673
220635
22062534
22062521
220625
22062008
22062007
220609
220572
220568
220539
220537
22052527
22052524
22052005
22051980
220466
220462
22044
220437
220436
220434
22042534
22042531
22042008
22041981
22041978
220401
220373
22032528
22032527
22032526
22031977
220316
22029
220260
220231
22022536
22022533
220223
220216
220213
220201
220134
22012533
22012532
22012530
22012528
22012527
22012524
22012008
22011998
22011997
22011984
22011983
22011977
220114
2201111
220066
22006
22005
21princess
21lover
21jumpstreet
21demands
21agosto
21991
21989
21985
219262377
2191985
21912191
21891
218812
21852185
2182006
21812
217910
21789
21782178
217529
217300
21688
2161990
215philly
21591
21587
215666
21562156
215233
2151997
2151989
2151974
2151919
21507
21493
21487
214666
214611
214521
2143
214221
2141997
21412141
214121
214092
21384
21382
213666
213465
213456789
213323
2132
2131996
2131993
21316
213112
213111
213014
212919
212812
21279
212747
212725
212718
212704
212605
212514
212508
212507
212500
212418
2124
212317
212311
212305
212285
212267
2122528
2122526
212231
212217
212213
212199
2121981
212188
212178
21216
21215154
212126
21212323
2121213
2121212
212115
21206
212011
21192
211911
211908
211900
21189
21188
211813
211713
211710
211707
211683
211625
211611
211511
21144
211425
211416
2113853211
211325
211312
211310
211305
211301
21128
211261
2112536
2112530
21122534
21122530
21122524
21122001
21121974
2111984
211198
211174
211173
211172
211170
21112535
21112533
211123
211119
211102
211055
211038
21102005
21102004
21101997
21101978
211018
2110
210972
210970
210969
21092536
21092523
21091982
21091979
21091978
210876
210874
210873
21085
210837
21082533
21082006
21082005
210812
210774
210756
210731
21072537
21072536
21072531
210725
21072005
21072000
210720
210711
21070
210699
210698
210675
210674
210637
210631
21062537
21062527
21062008
21062005
210615
210612
210609
210570
210569
210560
210530
21051980
210514
210468
21042530
21042529
21042008
21042006
210412
210410
210371
210370
21032008
21031996
21031981
210318
210301
21030
210298
210276
210274
210228
210226
21022533
21022532
21021974
2102
2101984
210172
210158
21012539
21012005
21011979
21007
210013
20seven
20septiembre
20sept
20mayfair
20march
20love
209love
20992099
20986
2091989
2091985
20912091
20843
2081987
2081985
208000
20795
206gti
20652065
2061994
2061990
20593
20482048
204655
20462046
204444
20409
203400
20332033
2031993
2031991
2031983
203111
203102
203012
203005
20294
202931
202920
202919
202802
202623
202619
202617
202607
202606
202546
202509
202480
202415
202321
202228
202208
202130
202112
202111
202102
2021
202084
20200
201977
201911
201813
201708
201614
201605
201527
201507
201502
201415
201375
201326
201325
201324
201308
201235
20122008
201214
2011996
2011991
2011988
2011985
20118
201153
201144
20112534
20112004
20111999
201119
201112
201109
20110
20108
201075
201068
201060
201057
201038
20102538
20102008
20101976
201015
201013
201012
200moke
200997
20098
200935
20092536
20092534
20092006
20092002
20091998
20091978
20091975
200919
2008rocks
200872
200857
200836
20082536
20082535
20082530
20082526
20080808
2008-2009
200799
200771
200734
20072550
20072537
20072535
20071978
200671
200667
200636
200635
20062529
200621
20061997
200572
20052534
20052527
200524
20051997
20051979
2004jeep
200475
200465
200456
200455
200432
20042527
20042523
20041978
200413
20041
200336
200335
20032527
200325
200321
20031997
200317
200310
200276
200270
200238
200228
20022535
20022009
20021981
20021969
200219
200217
200199
200172
200170
200169
200139
200137
200132
200125
20012004
200119
2000si
2000mustang
2000jeep
2000grad
2000ford
200065
20003
20002005
200011
1zzzzzz
1zander
1yellowrose
1xoxoxo
1x2x3x4x
1woodstock
1wishbone
1winnie1
1whiskey
1wendy
1wayout
1warren
1virgin
1vette
1valley
1valencia
1vacation
1twelve
1trojan
1trisha
1trina
1torres
1tootie
1tomboy
1timmy
1thizz
1theking
1thebitch
1texasgirl
1tequila
1tamara
1suzuki
1sunrise
1sugar1
1styear
1stgrade
1sterling
1starwars
1sprite
1spring
1sports
1sport
1sparkles
1skylar
1skeeter
1sinaloa
1sidney
1shutup
1sherry
1shell
1sheep
1shayla
1sharpie
1shakira
1seximami
1seattle
1scoobydoo
1sarge
1sampson
1sadgirl
1rosita
1roscoe
1rootbeer
1roland
1rockets
1robinson
1robin
1reyes
1rashad
1random
1randall
1raiders1
1qweasd
1qw21qw2
1qaz2ws
1qawsed
1q2w3e4r5t6y7u8i9o
1prettyboy
1preciosa
1poppy
1poophead
1pollito
1polaris
1playmate
1playgirl
1playboy1
1place
1pinkpig
1phillip
1phantom
1peyton
1perez
1password2
1oveyou
1online
1nt3rn3t
1notebook
1north
1norman
1nirvana
1nightstand
1nightmare
1newyear
1nessa
1nellie
1neenee
1naynay
1naomi
1nanny
1mylife
1munkey
1mperfect
1mortime
1moocow
1monkey2
1moment
1minime
1milkyway
1miley
1mike1
1mickeymouse
1miamor
1messenger
1melinda
1mckenzie
1martini
1marina
1maribel
1march
1manutd
1mamma
1mahal
1magnolia
1maddy
1luvnick
1luvm3
1luvjames
1lovey
1lovesong
1loveshane
1lovepussy
1lovemydad
1lovej
1loveerica
1lovedave
1lovedad
1lovebryan
1loveben
1love4eva
1love1god
1love.
1lov3you
1lotus
1lokita
1llama
1lindsay
1lilshorty
1lilred
1lilone
1liliana
1lilbitch
1lightning
1life1
1liebe
1liberty
1lexis
1lespaul
1leroy
1leonard
1lemon
1laugh
1lady
1l0v3m3
1kisskiss
1kiss4u
1kings
1kendall
1kayleigh
1karen
1kameron
1junebug
1julissa
1julia
1josiah
1jmoney
1jimenez
1jersey
1jehovah
1jazmin
1janet
1jaelyn
1isabel
1india
1hummer
1howard
1holden
1hiphop
1herman
1heartme
1heartbeat
1hatelife
1harvey
1harrison
1harris
1harlem
1hardcore
1happiness
1hamster
1halloween
1gustavo
1gucci
1grape
1gorgeous
1gordon
1goodtime
1goodpussy
1goodnight
1goodies
1golfer
1gloria
1girl2boys
1gerardo
1gator
1gabrielle
1fungirl
1fullmoon
1fuckme
1foster
1forrest
1flamingo
1fish2
1firefighter
1fender
1fatty
1fatkat
1fatgirl
1fallout
1faggot
1eternity
1emokid
1email
1eagle
1dwayne
1dunno
1dragons
1dimples
1dillon
1diablo
1dewayne
1devildog
1desmond
1dayatatime
1darren
1darlene
1darkstar
1damnit
1dalton
1daddyyankee
1crybaby
1crazylove
1crazyb
1crazy1
1crackhead
1corintios13
1coolmama
1cool1
1computer1
1collin
1clint
1clifford
1circle
1cina1
1chipper
1china
1chihuahua
1chicken1
1charlotte1
1charlotte
1charlene
1charger
1chaparra
1casey1
1casey
1carrot
1caramel
1capricorn
1caprice
1candygirl
1candycane
1campbell
1camila
1bugsbunny
1buggy
1bryce
1bruno
1brittney
1brett
1breeze
1breath
1breanna
1braxton
1boxer
1bossy
1bluestar
1bluemoon
1blueeyes
1blacky
1blackman
1birthday
1birdman
1biggirl
1bigboi
1bigbird
1bigballer
1bigbaby
1bernie
1beatriz
1beaches
1beachbum
1bastard
1bassman
1barcelona
1banga
1balloon
1babyangel
1auren
1auntie
1aubrey
1ashley1
1anita
1andrew1
1andonlyme
1amour
1amaya
1alpha
1alonso
1alison
1alice
1adrianna
1a2e3i4o5u
1a2345
1_love
1TRUELOVE
1SUNSHINE
1STLADY
1SPONGEBOB
1SHADOW
1QAZ2WSX3EDC
1Princess
1PURPLE
1PLAYA
1PIMPIN
1Michael
1MONKEY
1MARIE
1JUNIOR
1HOTGIRL
1HOTBOY
1FUCKYOU
1COOKIE
1CHRISBROWN
1CHICK
1CHERRY
1CHANCE
1BALLER
1BADBOY
1ANTHONY
19marzo
19kids96
19febrero
19december
19apo25
19agosto
199990
199929
19992003
19992001
199907
199902
19982004
19981999
19981
199808
1997girl
19977991
199777
199731
19972009
19972008
1997123
1996girl
1996feb
199699
1996321
199632
19963
19961999
199619961996
1996000
199589
19958
19957
199566
199563
199546
19952001
19951999
19951997
19951213
19951212
19950510
19950000
1994me
1994girl
199482
199476
199466
199438
19942012
19942006
19942001
19941103
19941031
19940526
19940325
19940000
199397
1993456
19932004
19931990
19931989
19931905
19931228
19931212
19931206
19931130
19931105
19931102
19931021
19931018
19931015
19931009
19930724
19930506
1992baby
199294
199284
199273
199258
199254
199244
19922009
19921995
19921986
19921905
19921124
19921105
19921104
19921031
19921025
19921021
19921019
19920831
19920723
19920709
19920603
19920510
19920504
19920501
19920423
19920131
19920112
19920102
1992000
1991crx
1991996
1991992
19919
199185
199184
199177
199152
1991216
19912005
19911995
19911987
19911986
19911907
19911223
19911221
19911102
19911021
19911016
19911010
19911003
19910828
19910820
19910814
19910629
19910508
19910403
19910308
19910225
19910202
19910121
1990baby
199095
199085
19908
199065
199064
199056
199053
199044
1990315
19901987
19901228
19901225
19901221
19901218
19901210
19901204
19901202
1990117
1990113
19901129
19901121
19901120
19901021
19901001
19900907
19900822
19900727
19900629
19900618
19900525
19900321
19900210
19900203
198974
19897
198935
19891983
19891231
19891224
19891205
1989117
19891124
19891115
1989103
19891029
19891028
19891021
19891011
19891002
19890927
19890823
19890805
19890724
19890713
19890710
19890627
19890621
19890610
19890603
19890511
19890417
19890130
19890119
19890118
19890107
19890101
1988baby
198891
198864
198862
198844
19881991
19881905
1988125
19881221
19881220
19881217
19881210
19881125
19881124
19881108
19881031
19881029
19881028
19881023
19881021
19881020
19881012
19880902
19880716
19880630
19880519
19880504
19880501
19880314
19880305
19880228
19880205
19880104
19880000
198794
198783
198775
198753
198743
198732
19872002
19871993
19871984
19871907
19871903
19871203
19871117
19871113
1987111
19871030
19871020
19871013
19871009
19871004
19870907
19870828
19870815
19870703
19870619
19870519
19870503
19870323
19870302
19870216
19870207
19870204
19870127
19870101
198682
198652
19864
19862002
19861989
1986123
19861223
19861211
19861202
19861201
19861125
19861124
19861121
1986111
19861104
19861029
19861027
19861023
19861008
19861001
19860810
19860808
19860601
19860522
19860409
19860321
19860320
19860313
19860312
19860308
19860228
19860111
198596
198574
198563
198543
198542
198536
19851990
19851984
19851225
19851219
19851129
19851111
19851103
19851022
198494
198433
19841224
19841221
19841212
19841105
19840602
19840509
198377
19837
19832
19831989
19831987
19831982
19831111
19831024
19831014
19830715
19830101
1982gonzo
198269
19826
198231
19822005
19821985
198219821982
19821977
19821212
1981990
198177
198169
19815
198085
198055
19804
19801987
198009
197997
197984
197981
19792004
19791985
19791010
197899
197881
197879
197755
197726
197724
19771983
197703
197701
197698
197678
19766
197624
197623
19762000
19761981
19761978
197616
197607
19760000
19760
197528
197525
197434
197427
197424
19741983
197404
1973852
197364
1973465
197335
19732846
197315
197313
197309
197304
19730
1972chevy
197275
197233
197232
197230
197228
19722515
197224
197220
19721993
19721990
197210
197205
197203
197136
19712514
19711973
197106
197035
197033
197030
197013
19700
196977
196939
196938
19691974
196912
1968camaro
196839
196829
196819
196813
196801
1968
1967mustang
1967gt500
196715
196714
196711
196709
196613
1965gto
196515
196340
1963
196211
1961993
196196
1951991
1951990
1941991
193782
19374682
193746285
1937456
193719
193700
1931990
1931986
193012
19293
192925
192922
192910
192906
192830
192811
192727
192712
192710
192706
192703
19265
192612
192611
192590
19257
192539
192520
192509
192507
192505
192431
192428
192388
192330
192320
192319
192311
192310
1923
192283
192219
192218
192201
192200
1921990
192013
1920
19195
19193655
191927
191921
191914
191912
191904
191823
191725
191722
19171917
191719
191700
191626
191624
191515
19142
191298
191297
191275
191272
191267
191258
191238
191224
191221
19122007
19121978
191215
1912
19119
191175
191169
191136
191134
19112535
19112531
19112005
19111981
1911150
191110
191109
191034
19102528
19102524
19102004
19101979
190972
190971
190926
19092533
19092524
19091980
190876
190875
190834
190831
19082535
19082530
19082529
19082005
190799
190771
190730
19072530
19071978
19071972
190712
190711
190632
190629
19062531
19062529
190625
190624
190621
19062004
19061983
19061980
19061976
19061975
190611
1905gs
190598
190558
190536
19052536
19052528
19052526
19052521
19052006
190517
190512
190499
190475
19042538
19041983
19041978
190418
190409
190401
190373
190326
19032533
19032532
19032528
19032527
190323
19032005
19031998
190311
1903
190299
19022535
19022531
19022528
19022000
19021982
190211
190209
190198
190136
190134
190131
190128
19012535
19012534
19012533
19012008
19011978
19011
190109
190102
19007
18tillidie
18rocks
18mih0m3w0rk
18december
189999
18981898
18931893
189300
189200
1891991
189123
18891889
18831883
18821882
1881992
18811938
187love
187killa
187inc
187911
187781
18731873
1872903
1871985
187187a
1861993
1861992
186186
18601860
18593
185200
1851994
1851991
1841993
18381838
183520
18351835
18321
1831988
183123
182918
182905
182888
182822
182814
18281
182806
182802
182799
182731
182725
182718
182678
182618
182516
182509
182502
182500
182427
182420
1824
182330
182329
182323
182313
1823
182290
182228
182227
182222
182221
182213
182206
1821992
182124
182114
182112
182110
182108
182102
182088
182018
182011
182010
182009
181972
181967
181960
18192
181914
181908
181906
1819
181899
181825
181810
181801
181613
181521
181425
181405
181400
1814
181312
181269
18122530
181221
18122008
18122007
18121996
181171
181169
18112534
18112524
18112523
181120
18111
181098
181036
181035
18102533
18102532
18102527
18102523
181022
181021
18102004
18101997
180999
180971
180931
18091978
180874
180858
180836
18082536
18082534
18082527
180824
18081996
180728
180727
18072536
18072525
18072006
18072004
18071997
18071979
180700
180670
180635
180623
180622
180621
18061996
180617
180603
180602
180599
180534
180533
18052538
18052533
18052531
180525
18051976
180502
1805
180473
180467
180465
180440
180438
180421
18042008
18042003
18041981
18041979
180418
18032536
18032533
18032532
18032527
18032526
180325
180324
18032007
180320
18031979
18029
180277
180270
180269
18022536
18022534
18022533
18022006
18022004
180209
180179
180178
180175
180171
180170
180136
180128
18012531
180125
17october
17november
17maart
17december
17black
17991799
179350
17934862
17933971
1791989
178787
178500
1777777
1771992
1769420
1761993
1761990
1761983
175935
17593
17531753
1751992
17481748
174285396
174200
1741993
17411741
173928
1732525
173023
173021
172923
1728395
172830
172822
172820
172817
172806
172703
172690
172630
172627
172609
172537
172515
172514
172512
172509
172507
172501
172425
172329
172314
172311
172306
172305
1722537
172225
172215
172211
172208
1721991
1721990
172129
172128
172114
172010
172002
171928
171923
171908
171890
171888
171831
171829
171827
171826
171786
171727
171724
171721
171711
171423
171413
171323
17131713
171272
171226
17122531
17122530
171223
171220
171218
171213
171167
171166
171135
17112535
17111996
171109
171075
17102524
17102522
171022
170933
170927
17092535
17092526
17092524
17092523
17091979
17091976
170909
170902
170898
170897
170870
170836
170834
170827
17082536
17082528
17082525
17082522
17081978
170818
170800
170767
17072530
170723
17071983
17071980
170709
170672
170628
17062531
17062525
17062003
17061981
170599
170598
170563
170536
17052532
17052530
17052524
170523
170522
17051982
17051976
17051974
170515
170436
170426
17042531
170423
17042007
170399
170375
17032539
17032533
17032532
17032528
17032526
17032524
17031985
170236
170233
170231
170228
17022532
17021979
170198
170133
17012528
17012006
17012002
17011998
17011997
170108
17000
16september
16october
16enero
1691990
1691987
1691984
1686
16851685
1681988
167777
1671990
1671988
1671986
16686
1666666
16666
16641664
16621662
1661994
165234
1651992
1651991
1651990
1651989
1651988
164324
1641988
16411641
1631988
162829
162807
162805
162716
162628
162606
162537
162514
162431
162414
162400
162331
162309
162288
162225
162219
162210
162206
162106
162001
161971
161970
161964
161922
16192
161807
161726
161720
161623
16162
161615
161428
161413
161311
161270
161268
161238
161223
16122008
16121981
161218
161175
161162
161126
16112531
16112524
161124
161120
16111980
161118
161075
161073
161065
161023
16102004
161010
160997
160974
160973
160926
16092536
16092531
160922
16092005
160917
160836
160831
160826
16082524
160824
16082007
16082004
16081997
160801
160730
160727
16072535
160673
160629
16062007
16062003
160612
160610
160570
160532
16052007
160499
160469
160430
16042531
16042530
16042527
16042004
16041997
16041983
16041980
160419
160412
160409
160374
160332
16032532
16032522
16032006
16031978
160316
160233
160231
160229
16022534
160225
16021980
16021978
16021972
160210
160198
160174
160169
160136
160127
16012531
16012528
16011997
160117
16001600
15sept
15princess
15babygirl
15991599
15982
15978963
159753b
159753963
159753789
1597536842
159753369
1597532648
159753123456789
159735
159700
159637
159635
1596325
15963214789
1596321478
159478
15946
159357789
15935725
15935712
15935701
15925
15921592
159
15894
158905
1581993
1581991
1581990
158158158
158000
1579900
15794
157911
15781578
1571991
1571988
156700
15632
15631563
1561995
1561993
1561986
1561563
156123
15591559
15566
155151
15451545
154444
1541994
1541990
15391539
153900
15379
153747
15361536
15357595
153456
1534263410
153426123
15326
153246789
153210
1531990
1531987
153127
153106
153022
153019
153009
153003
15300
152963
152930
152917
152911
15291
152815
152704
152626
152602
152514
152509
152506
15250
152431
152430
152428
152421
152420
15237
152346
152308
152304
152233
152231
152216
152208
1521994
1521988
152133
152125
15212
152109
152108
152106
151970
151968
151930
151926
151916
151816
151807
151722
151706
1517
151613
15161
151606
15156
151528
151517
151506
151422
151303
151301
151297
15122534
151222
151220
15121974
151216
15120
1512
1511991
1511990
151169
151167
151159
15112524
15111997
15111980
15111978
15111976
151115
151074
151071
151036
15102525
15102004
15101978
15101974
151019
151009
150973
150936
150929
150926
15092530
15092527
15091977
150898
150873
150872
15082530
15082525
15082003
15081996
150812
1508
150779
150733
150732
15072533
15072527
15072525
150724
150722
150701
150698
150673
150672
150636
150626
150622
15062007
15061980
150569
150568
150564
150555
150534
150532
15052532
150522
15052006
150520
15051980
15051974
150499
150474
150460
150433
15041998
150411
150409
150373
150372
150337
150335
15032536
15032535
15032530
15032528
15032526
150324
150321
150320
15031979
150270
150237
15022535
15022527
15022525
150224
15022008
15021974
15018
150175
150174
150132
15012534
15012531
15012528
15011997
15011995
150109
150051
14r3916
14princess
14pink
14noviembre
14mike
14justin
14january
14fourteen
14denoviembre
14deenero
14dediciembre
14999
14981498
14971497
149311
1491994
1491991
1491988
1491625
149141
14901490
14894
14863456
14861486
148600
14831483
14821482
147900
1478963a
147895623
147892
1478521
147800
147741147
1475963m
1475321
147357
14731473
1472589
1472583695
1471989
1471986
1471471
147114
147111
14693
14671467
1461993
14611
1459900
145789
14578
145687
145632789
14551455
14543535
145314
145236789
14520
1451993
1451988
1451982
14481448
14456
14451445
144444
14441444
144123
14401440
143xoxo
143timmy
143teddy
143somuch
143shawn
143sex
143rose
143nicole
143mine
143martin
143lee
143jose
143jordan
143jeric
143isaiah
143him
143greg
143frank
143eddie
143cris
143corey
143Jesus
14395
143814
14378
14368
143678
143658
143646
143622
143600
1436
143562
143545
143543
143534
143511
14346
1434475
1434469
1434444
1434423
1434400
143434
143400
14330
14329
143277
143257
143226
143223
143217
143212
143154
143145
143127
143069
14305
14304
143024
143023
143017
142914
142911
142907
142856
142836
142729
142701
142635
142627
142614
142609
142589
142538
142509
14245
14243
142418
142345
142327
142326
142322
142320
142318
142308
142305
142230
142225
142217
142212
142208
142207
142202
1422
1421995
1421989
1421987
142129
142127
142122
142118
142107
14210
142031
142025
142023
142019
142011
14200
141972
141911
141829
141820
141808
141804
141802
141789
141731
141730
141715
141711
141708
1417
141689
141631
141629
14155585
14155
14152
141513
141501
14147
141469
141441
14143
141423
14142
141418
1414141
141410
141401
141306
141305
141274
141256
14122537
14122530
14122522
141221
14122003
14122001
14121978
14121214
14112533
14112529
14112525
14112008
14112005
14112004
14111979
14111977
14111
14108
141076
141050
14102529
14102522
14101972
141018
141015
140997
140929
140926
14092527
14091978
140916
140914
140