3099
3091985
3091984
309011
308888
3081988
3081980
308102
30806
30795
3071996
3071993
3071990
3071985
306969
30643064
30624770
3061995
3061992
3061991
3061987
3061986
30615
30606
305cutie
305boyz
305911
305305305
3051986
3051985
3051980
30513051
305123
30492
3041983
304163
304060
30405060
30403040
304000
30393039
303839
303333
30333
3031992
3031988
3031987
303188
303116
30310
303069
303055
3030530
303033
303025
303023
303016
303015
303013
30301
303000
30300
30293029
302900
302819
302630
302616
302602
302536
302510
30243024
302412
302411012
302411
302407
302400
302308
302303
302301
302215
302123
302122
302109
302108
302015
302011
302007
302003
301974
301970
301902
301821
301820
301818
301726
301724
301719
301714
301710
301630
301621
301589
301527
301515
301511
301508
301430
301421
301416
301409
301405
301350
30134
301327
301324
301302
301273
301267
301265
30122524
30122522
30121979
30121974
301219
30121230
301210
301209
3011992
3011990
3011989
3011980
301168
301167
30112528
30111998
30111979
30111975
30111972
301060
301058
301036
30102520
30102007
30102005
30102002
30101997
30101996
30101976
301015
300bowler
300960
300929
30092532
30092529
30092524
30092522
300923
30091996
30091978
30091977
30091971
300919
300918
300917
300912
300873
300872
300871
300866
300836
30082536
300822
300821
30082008
30082005
30081979
30081976
300816
300776
300773
300735
300730
30072535
30072530
30072525
30072524
30071979
30071974
300715
300712
300701
300660
300645
30062534
300622
30062005
30061999
30061996
30061973
300614
300610
300599
300575
300573
300569
300536
30052533
30052525
30051997
300514
300499
300472
30045
300439
300426
30042531
30042528
30042526
30042524
30042009
30042007
30041979
30041978
300369
300327
300322
300321
30032006
30031981
30031977
300311
300300300
3003
300224
300221
300216
300209
300170
300166
300137
300135
30012528
30012527
30012526
300124
30012009
30011976
3000GT
300007
300001
30/08/1991
3.1415926535
3-24-05
2zbyluty
2zachary2
2yankees
2yahoo
2y2son4
2wonderful
2wise4u
2william
2white
2wet4u
2werty
2wenty3
2weird
2twisted
2tweet
2toomuch
2today
2tattoos
2sweet2
2stressed
2street
2stinky
2solid
2smokey
2small
2skate
2sheep
2setembro
2sbn4name5p
2sandra
2sammy
2rock2
2rings
2renee
2redsox
2redroses
2rebelde
2rainbows
2rabbit
2q3w4e5r
2pussys
2pumpkins
2promise
2poops
2pleasure
2pizza
2pitbulls
2pimp4u
2pieces
2personal
2passion
2paris
2paradise
2pancakes
2pacthuglife
2pacisthebest
2pac99
2pac50cent
2pac2005
2pac16
2pac15
2pac1
2p2+k2
2omarion
2nosey
2nephews
2ndyear
2ndrow
2ndgrade
2ndchances
2nathan
2mylover
2mybabys
2munchkins
2muchpain
2muchbooty
2much41
2moose
2monkey2
2monique
2micheal
2matthew
2manyhaters
2manyboys
2makemoney
2luvable
2luv4me
2lucky4u
2lovebug2
2losers
2looney
2lilmama
2lasvegas
2koo4u
2kissmyass
2kings
2killer
2kidsmom
2kevin
2julio
2jeeps
2jackass
2imsad
2iloveme
2icecream
2hotmail.com
2hotmail
2hot2sexy
2hot2handl
2horse
2horny
2hippos
2hip4u
2hermanos
2hearts1love
2grandsons
2gorgeous
2good2b4gotten
2gogetit
2glocks
2girly
2ginger
2getin
2gether1
2gerbils
2gd2btru
2gansta
2gabriel
2funky
2fun4u
2foolish
2fluffy
2flirty
2fierce
2fatcats
2fatcat
2faithful
2emily
2eleven
2elephants
2eddie
2eagles
2dustin
2dragon
2dogs4me
2dogs2cats
2divas
2diciembre
2devils
2deseptiembre
2delta
2dayday
2daughter
2damnfine
2damncute
2cute4u2
2cute4me
2cute4him
2cute16
2cut4u
2cupcakes
2creative
2cool4ya
2cool4
2complicated
2cold2hold
2close
2church
2chrisbrown
2chris2
2chill
2charlie2
2cents
2cats
2candie
2byfour
2btrue
2bsingle
2brother
2brazil
2boysmom
2boysandme
2booty
2bon2b
2blove
2bigdaddy
2bella
2beers
2bastar
2bad4me
2b4real
2b4gotten
2b4ever
2ariana
2antonio
2adidas
2YOUNG
2PRINCESS
2Hot4U
2HOT4YOU
2HEARTS
2D45281948
29oktober
29denoviembre
29dediciembre
299992
29990
29989
299208
2991994
2991989
2991985
2991983
2990kenis
29907
299016
299000
2988
29872987
298720
298529
2981992
2981987
297899
297890
2971987
29691
296296
2961991
2961989
2961988
2960ar
29588
295810
2952529
2951995
2951988
2951987
29462946
294111
2936638
293456
293293
2931993
2931992
2931989
2931985
29312931
293129
293111
293087
29303677
293030
293015
293006
292987
292930
292918
292916
292822
292805
292800
292720
292709
292700
292629
292611
292537
292513
292511
292508
292505
292499
292429
292416
292406
292323
292321
292311
292211
292208
292102
292016
292003
292002
291966
291955
291925
291914
291902
291729
291629
291614
291602
291534
291529
291508
291506
291418
291411
291329
291325
291314
291310
291267
291263
29122537
29122524
291225
29122005
29122000
29121978
29121970
291216
291212
291200
2911993
291163
291158
291156
291135
291126
29112535
29112529
29112524
29112522
291122
291121
29112008
29112004
29111996
2911
291098
291069
291068
291067
291059
291038
29102524
29102523
29102003
29101979
290976
290973
290961
290935
290926
29092537
29092533
29092526
29092523
29092008
29092004
29091969
290919
290916
290899
290870
290836
290832
290828
29082523
29082004
29081958
290819
290811
290750
290733
29072005
290720
29071967
290711
290702
290672
290669
290635
290634
290628
29062528
29062007
29062003
29062002
29061976
290601
290598
290571
290570
290531
29052533
29052527
29052524
290522
29051980
29051978
290516
290515
290472
290464
290427
29042536
29042532
290424
29041978
290401
29040
2904
290399
290398
290337
290336
29032536
29032526
29032524
29032523
29032522
29032006
29031983
290318
290264
290229
290207
290199
290155
29012536
29012531
29012526
290124
290121
29012003
29012001
29011997
29011
28septiembre
28sept
28diciembre
28baby
28952895
2891994
2891983
28902890
288910
2889
288628
2886
28832883
288299
2882532
288200
2881989
28800
28780
2873
2871986
2871984
287100
28692869
28691
286900
28688
2861992
28592
28582858
285796
2856
2855598
28552855
28532853
2851986
28472847
284699
284619
284228
2841993
2841991
28390
28342834
283379
2831992
2831991
2831989
2831988
28306
283030
283028
283019
283014
283005
283001
28299
282933
282931
28293
282925
28291
282907
28290
282892
2828395
282826
282809
282802
282745
28272827
282725
282721
282720
282717
28269000s
28262826
282620
282610
282584
28252825
282510
282500
282411
282410
282330
282327
282322
282320
282227
282226
282220
282115
282113
282100
28202820
282009
281965
28193
281915
28191
2818788
281814
281805
281731
281729
281725
281709
281700
281618
281612
281611
281506
281500
281437
281427
281424
281412
281407
281406
281331
281324
281316
281306
281276
281271
281227
28122534
28122531
28122528
28122527
28122523
28121997
28121976
28121974
28121970
2811995
2811993
2811983
281173
281149
281139
281138
28113
28112534
28112526
28112525
28112008
28112000
28111997
28111979
281116
281115
281064
281033
28102539
28102523
28102522
28102004
28102000
28101997
28101996
28101978
28101976
2810169
28101
280997
280970
280959
280935
28092522
28092516
280923
280922
280921
28091977
280916
280915
280871
280868
280863
280855
28082533
28082522
28082521
28082519
28082003
280820
28081975
28081974
280817
280812
280810
28080
280799
280734
28072537
28072522
28071980
28071979
28071975
28071974
280719
280716
280710
280673
280669
2806447
280635
280627
280626
28062529
28062527
28062004
28062003
28061984
28061964
280613
280600
280571
280564
28055
280537
280536
280535
280526
28052535
28052528
28052006
28052004
28051980
280511
28050
280476
280474
280471
280470
280436
280427
28042008
28041980
28041967
280411
28041
280409
280376
280375
280368
280363
280337
28032534
28032530
28032529
28032524
28032008
28032005
28032003
280320
28031981
28031976
28028
280270
280267
280265
280239
280235
280234
28022533
28022530
28022528
28022009
28022002
28021975
28021942
280214
280175
280173
280151
280136
280127
28012530
28012527
28012524
28012006
28012004
28011981
28011979
280117
280116
280111
27wwe19
27thmay
27september
27roses
27maio
27love
27deseptiembre
27992799
279900
27985
2795
2793304
27926
2791996
279027
279010
278989
27892789
278910
27890
2789
278872
278706
27834
278211
27811
27777
27745
277272
277222
2771989
27700
27692769
2761994
27593
27572757
275635337
27546
275265
27522752
275200
2751993
2751979
27488269
27482748
274820
274500
274275
274263
2742362
2741989
273327
2732529
2731993
2731981
273119
273114
273030
272927
272903
272900
272888
272810
272755
272728
2727272727
272722
272714
272709
27270
272627
272618
2725636
272512
272502
272420
272416
272380
272327
272320
272316
272285
272223
2721992
2721989
272169
272124
272100
27207
272000
271999
271967
271963
271927
271925
271902
271811
271808
271806
271800
271701
271612
271608
271605
271531
271430
271419
271415
271410
271405
271314
271313
271310
271305
271261
271239
27123
27122531
27122528
27122521
271224
27122005
27122004
27122003
27121980
27121976
27121971
271213
2712
2711993
2711988
2711987
271198
271173
271170
271168
271156
271150
271138
27112533
27112519
271121
27111
271109
27102538
27102535
27102534
27102524
271024
271015
2710131
271011
271002
270975
270967
270962
270946
270937
270936
270929
27092536
27092008
27091997
27091973
270871
270828
27082537
27082536
27082526
270824
270822
270821
27081971
270818
270766
27072537
27072535
27072534
27072525
27072524
27072004
270720
270717
270676
270671
270668
270636
270628
27062527
27062526
27062007
27061996
27061993
27061981
27061979
270617
270573
270567
270559
27052528
27052526
27052003
27052002
27051981
27051980
27051978
27051972
270518
270512
2705
270469
270465
270464
27042538
27042532
27041983
270417
270415
270414
270411
27032535
27032531
27032530
27032004
27022538
27022535
27022522
270212
270174
270164
270133
270128
27012529
27012525
27011979
27011976
270111
270109
270069
270048065394
26stars
26septiembre
26sept
26januari
26february
26febrero
26denoviembre
26ROZY
26999
269962
26993
26972697
269533
26951
26942694
26932693
269311
269200
2691988
26912691
2690428
26891
268900
26888
268811
2687
268484
268410
2681988
2681981
26802680
267890
267777
2676770
267646
26762676
2671993
2671991
266926
2669
266818
266740
266300
2662anna
266243
266221
2661987
26602660
26597
26582658
265811
265761
26572657
265656
265458
2651991
265026
26482648
264726
264626
26458
26452645
264522
264513
264211a
263999
263957
263646
263510
26322632
2631989
2631984
263031
263015
263001
262910
262903
262818
262813
262808
262807
262800
262785
262727
262725
262724
262715
262708
262701
26268
26265
262636
262633
262631
26263
262625
2626126
262537
26252626
262519
262508
262500
262411
262407
262323
262321
262318
262310
262308
262304
262214
262208
262126
262120
262101
26204
262017
262012
262011
261964
261956
261931
261914
261908
261903
261854
26184
261824
261811
261801
261721
261719
261713
261711
261704
261621
261618
261615
261614
261611
261565
261521
261517
261502
261432
261422
261408
261310
261305
261270
261267
261260
261254
261253
261249
261239
26122536
26122531
26122008
26121980
26121977
26121974
261215
261212
261169
261165
261159
261150
261137
261136
26112537
261122
26111976
26111965
261071
261069
261067
261065
261058
261038
26102523
261025
26102002
26102000
261018
261013
261011
260968
26092609
26092539
26092525
26092005
26091981
260914
26088
260837
260836
260829
26082005
260820
26081972
260810
260798
260776
260769
260749
260739
260727
26072536
26072526
26072006
26072005
26071969
260714
260711
26068
260672
260664
26066
260657
26062535
26062525
26062521
26061979
260616
260610
260575
260535
260527
260526
26052535
26052532
26051978
26051966
260499
260474
260472
260435
26042539
26042536
26042535
26042527
260425
260423
260420
26041998
26041982
260416
260410
260409
2603701m
260337
260336
26032534
26032526
26032524
26032006
26032000
26030
260275
260269
260263
260256
260237
260228
26022535
26022524
26021982
26021978
260215
260214
260212
260209
260199
260198
260175
260158
260150
260138
260134
26012536
26012527
26012526
26012525
260124
26012004
26012003
260026
260018
26000
26-09-1994
25oct91
25july25
25febrero
25bball
25baby
25babe
25aprilie
259999
25992599
25991
259907
2598075
25952595
259371
25900
258love
25899
258891
258852258
25885
258787
25878
2587456
25862586
258612
2586
25859461
258512
258469
2584567913
258456159357
258456159
258432
2584102
258400
2583690
258304
25830
2582904
258248
258222
258213
2581995
2581980
258159
2580852
258025802580
258020
25801590
258014
2580122
258010
258009
258008
257933
257925
257911
257756850
257555
25742574
2573188
257300
25722572
2571987
257194
257100
256895
256879
256815
256810
256800
256676
25642564
256410
256408
25632
256256256
2561985
256130
25612561
255800
25562556
255552
25542554
255400
255355398
25526allan
255256
255221
255216
255213
255212
2552
2551989
255100
255099
255020
255008
255005
25500
25477
25468
254671
254631
25455
25452
254500
254310
2542530
2541992
254163
25412
2540242
254000
253961
253946
253942
253929
253900
25390
253899
25387
25382539
253813
253812
253810
253719
253716
253711
253685
25367
253666
25366352
253640
253630
253618
25360
253569
253568
253549
253536
253533
253526372
253525352535
25352533
25352530
253522
253519
253516
253514
25351
253458
253435
253433
253429
253422
253419
253415
253414
253408
253332
253330
25332536
253319
253315
253310
253306
253256
253254
2532537
2532532
253226
25322537
25322531
25322527
253223
253221
2532000
25320
253189
253176
25316
253146
253144
25312535
25312530
25312499
253124
253115
253109
253105
25310
253077
253040
25302526
253024
253013
253009
253006
253004
253003
252993
252987
25295
25294
252908
252883
25285
2528348
25282532
25282531
25282521
252791
252784
25277252
252766
25272531
25272525
25272524
252710
25271
2527007
25270
25262532
252615
2525je
25259
252585
252569
252556
252546
2525454
25254
252525m
25252534
25252523
25252518
25252424
252508
25250000
252465
25246
252454
252444
25244
252420
25242
252406
2523786
25232521
252312
252304
252288
252263
25225
25222521
252220
252203
252201
2521995
252178
252128
25212527
252120
252117
252104
252102
2521
252037
252029
25202521
25202519
252023
252016
252015
25201
252001
25199
251971
251949
25192520
251924
251910
251909
251903
25190
251892
251828
25182520
251820
251734
251727
251722
251719
251704
251703
251702
25166
251618
251616
251613
251609
251607
251606
2516+lok
251537
251523
251519
251511
251507
251506
251491
251417
251411
25140
2514
251370
2513697
251333
251330
251321
251309
251301
251263
251258
251252
25125
251246
251239
251237
25122000
25121997
25121972
25121967
25120000
2511990
2511989
2511986
251171
251165
251164
251163
25116
251138
25112538
25112523
25112521
25112519
25112000
251120
25111998
25111997
25111978
25111975
251117
251110
251066
251060
251057
25102535
25102521
25102003
25101974
25101973
25101963
251018
251016
2510
250honda
250970
250964
25092538
25092537
25092527
250921
25092008
25092005
25091998
250913
250859
250835
25082527
25082519
250823
25082004
25082000
25081997
25081996
25081978
250818
250817
250813
250810
250770
250736
25072523
25071997
25071979
250718
250673
250669
250666
250662
250638
250633
25062535
25062531
25062528
25062518
25062008
25062005
25061977
25061976
250613
250612
250568
250522
25052003
250519
250516
25048
250472
250465
250463
25042536
25042006
25042002
250413
250362
250333
250331
250328
25032533
25032532
25032531
25032526
25032525
250323
25032008
25032007
25032
25031974
250319
250318
250274
25025
250237
250232
25022530
25022527
25022522
25022521
25022004
25022000
25021979
250214
250213
250209
250170
250127
25012527
25012003
25011997
25011982
250116
25008
25002511
250011
250010
24years
24xmax
24thjuly
24soccer
24purple
24oktober
24maart
24karat
24juni
24jeff
24january
24januari
24gordon24
24girl
24bryant
24babygirl
24baby
249988
24992533
24992532
249924
249920
2499123
249912
2499
249898
249519
2491993
24902490
2490
24891
248900
24890
24888
24872487
248639
2486123
24842484
248424
248371
248252
24822482
248224
2481995
2481991
2481981
24818
24811990
248100
247986
24789
24762476
2475
247400
247119
247100
247
24695
24691
2469
2468wdwa
2468ab
246892
24688462
24687531
246871
246864
246858
246856
246846
246836
246832
246827
246823
246820
246816
24681359
246810z
246810m
246810NOLIA
2468109
24681020
2468101213
24680000
246790
246730261
246688
246589
246579
246513
246392
246363
246333
246313
246164
246101
24602460
246011
24586129
2458
245613
24559
245555
24532453
2451996
24513
24502450
245000
24489
24488
24482448
244668
244622
244255
2442267
24421
2441996
2441985
244000
24394
243866
243816
243812
243782
243719
2437111
243600
2436
243516
2435
243446
243414
243300
243274
243238
243211
2431gbw
2431995
2431991
2431986
243117
243112
24311
243100
243022
243016
243013
243008
242931
24293
242916
242903
242900
24285
242823
242819
242806
242802
242793
242727
242714
242636
242621
242611
242604
242550
242512
242509
242489
242434
242428
242427
242424j
242420
242416
242412
24240
242329
242327
242321
242310
242306
242305
242300
242226
242222
242206
242200
2421995
242178
242177
242118
242113
242110
242101
242020
242017
242010
242000
241971
241956
241924
24192
241919
241916
241912
241893
241828
241825
241814258
241812
241806
24180
2418
241789
241777
24177
24175
241723
241719
241715
241709
241707
241640
241625
241621
241615
241610
241592
241563
241530
241527
241523
241521
241513
241511
241503
241501
24150
241432
241428
241425
241421
241415
241405
24139
241327
241319
2413
241270
241269
241266
241250
241240
24122518
24122008
24122005
24121998
24121977
24121974
2411996
2411994
2411991
2411988
2411860
241149
241148
241138
241137
24111971
241117
241109
241070
24107
241063
241056
2410468
24102539
24102523
241020
24101975
24101962
241015
241011
240sx
240972
240960
240954
24092537
24092529
24092524
24092523
24092522
24092005
240920
24091998
24091978
240875
240872
240871
240870
240866
240864
240855
24085
240839
240838
240827
24082537
24082535
24082534
24082529
24082007
24081979
240812
240809
24080
240768
240722
24072008
240720
24071981
240718
240715
240712
240698
240671
240670
240636
24062527
24062523
24062518
24061997
24061975
240619
240617
2406
240573
240569
240563
240550
240538
24052538
24052525
24052524
24052523
24052522
24051973
240518
240516
240511
240461
240459
240456
240437
24042538
24042527
240421
240418
240415
240410
2404
24032525
24032522
240324
240319
240317
240310
240301
240273
240269
240267
240235
24022004
24021971
240219
24021
240137
24012531
24011982
24011981
24011978
240038
23tiger
23south
23soccer
23smile
23rules
23pooh
23password
23oktober
23october
23noviembre
23lover
23juni
23flavors
23fish
23dediciembre
23cute
23blue
23allday
23ISBACK
23996
23993
23982398
23946492
23942394
239410
239305
2392537
2391987
2391984
239100
239023
2389791
23894
238888
23888
238832
238792
23852385
238500
2384269
2384266
238423
2384
238391
23832383
2381996
2381992
2381979
23812381
23805145
23791
237882
237823
237806
237777
237723
23752375
23742374
237333
23720
2371991
2371985
237119
236989
236921
236911
23690
23683
23682368
236753028
236700
236666
23666
236645
236632
2366
236488
23642364
23631
2362351
2361994
2361985
23617
236115
235966
23595
235700
23566
235656
235641
235599
23536
235328
2352363
235236
23521
235200
2351990
234999
23498
234976
23489
234760
234654
234595
234576
2345689
2345678910
234563
234501
234423
234410
23437333
23432343
234224
2341996
2341989
2341988
2341987
234100
2341
234098
234000
23396
23393
2337beer
23362336
233623
233611
233601
233511
23345
233400
233354
233343
233308
2333
233269
233245
233235
2331989
2331988
2331985
233158
233123
233118
233110
233090
23306
233056
233017
233011
233007
233006
233003
233002
23300
232990
232989
23298
2329614
23295
232929
232917
232830
232828
232820
232813
232802
232800
2327bear
23277299re
232715
232714
232704
2327
23267
232666
23266
232658
232631
232619
232616
232609
232603
232577
232564
2325426
232538
23252
232516
232476
232454
232434
232416
232401
232399
232363
232352
232334
23233232
232331
23232626
2323234
232315
232308
23230
232277
232255
232225
232220
23222
232219
232218
232215
232211
2321991
2321986
2321984
2321982
232119
232106
23204
232021
232011
231963
2319546231
231919
231906
231904
231903
231893
23186
231830
231828
231820
231814
231806
2318
2317756
23174567
231725
231718
231717
231713
231687
23168
231678
231634
231626
231620
231619
231618
231614
231611
231608
231600
231570
231489
231487
231460
23146
231455
231414
231409
231407
231392
231369
231312
231303
2312812
231260
23126
231256
23125
231248
231246
23123123
23122535
23122525
23122000
231210
231172
231171
231169
231158
231148
231146
231143
231138
23112520
23112008
231115
231109
231059
231050
231041
231039
231038
23102537
23102534
23102524
231022
23101976
231013
230974
230970
23095
23092523
23092522
23091978
230914
230909
230860
230856
230835
23082537
23082536
23082535
23082523
23082006
23082003
230817
230816
230811
230810
230774
230771
230765
23072524
23072003
23072000
23071976
23071975
230716
230714
2307
23069
230671
230633
23062537
23062536
23062529
23062528
230625
23062004
23062003
230611
230564
230561
230539
230537
230535
23052526
230525
230520
23051961
230511
2305
230455
23045
230432
23042538
23042536
23042528
23042521
230424
23042003
23041980
23041978
23041973
23041967
230414
230411
230373
230362
230346
230343
230338
230337
230336
230334
23032518
230325
230324
23032001
23031999
23031997
23031980
23031977
23031976
23031968
23030
230270
230246
230236
230228
23022527
23022524
23022522
230225
230222
23022006
23022003
23021979
23021978
23021975
230219
230215
230174
230171
230159
230149
230139
23012008
23011983
23011977
23011971
230111
2300block
23005
230016
230007
23
22years
22purple
22pink22
22nog2nog
22magnum
22kitty
22kisses
22january
22januari
22fuck
22februari
22desetiembre
22dane
22cheer
22cats
22basketball
22baller
22angel
22LOVE
229933
22993
2299111
229902
229900
22990
22987
22982298
229822
22962296
229611
22952295
229522
2292534
229210
2291980
228933
228906
22889
22887
228866
22884466
228833
228828
228808
228800
228668
2285
228418
2284
22822
2281987
2281986
2281982
22812
22802280
22800
227998
22796
227897
22788
227737
227727
227654
22756
22753326
22732273
2272006
227200
227100
22684
22672267
226697
22664
2265489657
22652265
22651
2265
22633
226276
2262541
2262007
2261990
2261987
2261985
226176
22612261
2261
22607
22602260
225sexy
225977
225949
225873
22587
225856
225846
225789
2256
225588a
225586
22553366
225452
225450
22543
225354
225344
22528
2252538
2252005
225200
2251994
2251989
2251983
225044
224ever
22494
224930
22492249
224879
22486
224846
224812
224777
224691
224566
224502
22450
22449
224489
22446
22443
224416
224356
224339
22432243
22431
224292
224260
22422242
224222
2242005
2242000
22411
22406
22402240
22394
22393
2239180
22383
22382238
223666
223655
223650
223630
223628
22361
223571138
223566
22356
223500
223442
223433
2233red
22336655
223359
223350
2233456
223323
223269
223233
223212
223200
2231985
2231981
223167
22316
223130
223122
223112
223110
223093
22307
22306
223027
223023
223017
223015
223007
223001
222www
222sexy
222985
222908
222904
222833
222831
22282228
222815
222808
222714
222708
222707
222687
222619
222615
222608
222602
222586
222585
222561
222539
22252
222510
222508
222500
22248
222434
222429
222414
222315
222314
222312
222308
222305
222301
222285
2222666
222262
22224
22222m
222227
222222d
222222c
222218
222202
22220000
222182
222114
222113
222111000
2221
222023
2220222
222
22197
221958
221927
221919
221916
221893
221868
221850
22184
221831
221824
221818
221801
22177
221730
221721
221715
221714
221712
221707
221706
221704
221687
221624
221619
221612
221609
221585
221528
221515
221513
221511
221506
221502
221501
22150
22144
221430
221427
221424
221423
221421
22142
221410
221408
221404
221403
221399
221386
221315
221303
2213
221273
2212629
221261
221256
2212532
221249
221245
22123
22122528
22122006
22121977
22121972
2212006
2212005
2211985
2211983
2211982
221150
22115
221149
221142
221137
22112524
221117
221116
221072
221066
221062
221053
22102008
22102
22101975
22101973
221018
221013
220968
220965
22092536
22092520
22091978
22091976
220911
220910
220873
220872
220871
220859
220848
220835
220825
22082004
22082000
22081997
22081982
22081969
220816
220814
220773
22077
220750
220729
22072535
22072530
22072003
22071979
220714
220711
2207
22069
220671
220668
220664
220658
220636
22062528
22062004
22061977
22061974
220575
220569
220567
220534
22052536
22052007
22052006
22052001
220520
22051998
220518
220516
220501
2205
220474
220472
220427
22042526
220423
22041979
220419
220416
22041
22039
220368
2203555
220346
220337
22032535
22031975
220313
22030
2203
220271
220269
220251
220245
220235
220229
22022535
22022531
22022523
220225
220224
22022008
22021970
220219
220211
22020
2202
2201991
2201990
2201988
220175
220172
220165
220161
220160
220138
220131
220124
22012005
22012004
220112
2201
220089
220039
220026
220020
21year/
21summer
21star
21sept
21rocks
21purple
21november
21lucky
21jumpst
21january
21grams
21friends
21bubbles
21blue
2198pb
21942194
2192004
2191982
219100
219027
218975
21894
21890
2189
218898
218888
21886
218821
21882
218800
2188
2187
21862186
218456
218425
21842184
218403
218318
21822
2181986
218100
21802180
21792
21789me
21788
217800
217786
217700
2175604
217400
217272
2171985
2171983
217098
21706
21704
217029
21700
21695
216917
21682168
21652165
216517
21645
216321
2162008
216200
2161996
2161995
2161980
2161979
216183
2161