65373taeko
365301
365236
3651878
365122
3650565
3650266
365000
364806
36463646
364543
364542
36453645
364398
364183
364125
36393639
363836
363749
363669
36365
363646
3636031
363540
363521
363510
363436
363427
36337
36332e
363302
363231
3632247
363007
363000
3629194
362612
362523
362521
362514789
3624536
362434
36243
362403
362400
362232
36213621
362006
362002
361999
361978
361973
361970
361800
36173617
361669
361630
361616
361404kd
361270
361212
361200
36118866
3611702
361132
361111
36111
361041
361020
361011
360strong
360mafia
360kickflip
360842
3607279
360690
360606
3606
36043604
360352
360201
360112
360107
3600286
359953
359791
35953
359300
359192
358835
3587905
35863586
358555
358472
358200
358155
358123
35812
357960
357800
357788
357737
35753575
357483
35743574
35741
357312
35715946
35711388
357110
35710
357080
356999
356937
35693569
3568232
356666
356653
356640
35653565
356298
3561467
3560902
35603560
35593559
355810
355786
3556628
35547747
355472
3554622
3554211
355404
355331
355313
3552697
355263
35500
354870
354758
354635
354565
354512
35413541
354099
354011
353965
353888
35383538
353835
353781190
35363738
353635
353632
353611
353547
353525
35345
353433
353333
353324
3532803
35303530
352913
352800
352711
352536
352535
352525
352523
352471
352330
35231283524897
3522970
352295
352200
352046
352034
352020
352005
352004
351999
3519542bb
351953
35173517
351666
351629
351616
351520
351515
35143514
3513349
351300
35123
351229
351227
351200
351184
351125
351087
35108
351078
3510483
351013
351000
3509299
350751
3507504
35073507
350720
350710
35063506
350533
350488
350454
350408
35033503
3502232
350157
350135
350119
35011
3500wat
34real
34erdf
34923492
349191
34893489
348829
348734
348700
348512
34843484
348253
34825
34814j
347999
3478621s
347626
347490
3474409
34711
34708
346BNH
346874
346790
346627
34653465
3465210789
346512
346500
346454
34643464
34633463
346312
3461677
345tdten
345ert
34573457
345714
345679
345678910
345612abc
3456
34548747
345441
34534
34533453
345312
345300
34521
345200
34493449
344899
34463446
344444
3441400
3438pattyshack
3436831
34363436
343543
343534
343524
343500
343421
34337
34333433
343209
342996
342920
3429045
342863
342811
342746
34266312
342659
3426124
342586
34257
342538
342531
342524
342501
342410
342356
342346
3423434234
342317
34223422
342100
342007
342005
342002
341998
341997
341974
341971
341810
34173417
341719
341687
341625
34153415
341533
341527
341523
3415
3414521
34129
341272
341218
341216
341203
34113411
3411234
341111
341062
341011
341010
34100
340906
34087
34073407
340640
34063406
340600
3405091
340434
340421
340411
340300
340280
340216
340087
340017
33whiskey
33three
33rainbows
33love33
33bball
33999
3399184
339733
339598374
339465
3394145
339224
339133
338vxyrx26
338933
338877
338866
338822
338711
3387
33865
33833383
338273
338193
33793379
3378
337781210
337777
33777
337755
337737
337666
337637
3375509
33755
337487
337425
337390
3373644y
337333
337319
33713371
3370221
3366998877
33669922
336690
33663
33636
3363512
336339
336330
336223
3361928
336000
335999
335858
33567
33558851
335535
335445
33518
33513351
335019
3349420
33493349
334837
334488a
334488
334456
334422
33442
334400
3344
334242
33420
33415
334033
3340123
334000
333rrr
333mmm
333999666
333996
33399
3339333
3339
333777888
33369
333666m
3336669
333666777
3336540077
333625471
333555999
333533
33350771
333434
33343334
333433
333432
333420
33335555
333345
33333r
33333k
33333j
33333e
333339
333338
333337
333333y
333333t
333333c
333324
333321
333312
333310
333250
333145
33313
333102
333023
33300
3329797
332933
332870
332659
332537
33253494
332529
332526
3325
332454
332398
332337
332334
332321
332314
332311
332310
3323
3322110
332166
332145
332131
33213
332100
3320335
332020
332008
332002
332000
331976
331972
331966
33195
331933
33191
331835
331833
33177592
33170
331677
331609
3315569
33153315
331532
331521
331518
331515
331511
3314636
33145
331433
331422
331416
3314
331328
331303
331245
331233
33122755
331216
331200
3311994
3311993
3311983
331179
331150
33110
3311
3310803
331018
331008
33095
33093309
33065
330606
330413
33033
330317
3302520
3301991
3301990
3301989
3301981
330186
330125
330077
330072
330065
330022
32vball
32tango
32stronzo64
32forever
32dsazeew
3299403
329940
32989
329878
32987
32985
329400
3293503
329311
329306
32923292
3291986
3291982
329177
32913291
32911
329108
3291
32908
32903290
3290
328works
32892
3289
32888
32883288
32881
32873287
328666
328632
328611
328437
328433
32843284
328432
328431
328400
3284
32833283
328226
3282004
32813281
327957
32793
32791
32789471
327845
32783278
327766
327710
32771
327670316
32765
327634
327591
32741967
327411
327310
32725472
3271991
3271984
3271718
32705
3270221
32698
326952
326889
32686
326810
3268
32673267
326666
326646
326628
326626
326598147
32658
326532
3265137
326428
3264
3263827
326323
326318
3262940
326232
3261970
326173
326110
326049
326005
326000
325ibmw
325955
325914
32590
32585
32583258
325789
325682
325678
325674
325627
325622
325567
32553255
325517
32543254
325419
325366
325335
325325325
325310
325300
32524
3252005
3252000
3251996
3251993
3251992
32510
32505
32504
32503
32491
324890
32483248
324769
324744
324611
324567
324566
324561
32453354
324513
3244
324334
32433243
32423242
324214
324202
3241998
3241989
3241986
324156
32413241
324111
324100
324056
32403240
324007
324006
323love
323belm
32390
32386
32383238
323832
323813
32373237
323718
3237051
323629
323617
323615
3236125
3235564865
323549
323548
323546
323450
323448
323435702
323424
3234161
3234030
323352
32333435
3233213
323321
323312
3232523
3232323
323231
32321
3231992
3231987
323149
32311
323090
323052
323032
32293
32292
322846
322777
32273227
322701
322638
322632
322610
322570
322548
322534
322528
322511
3224652
32246
32243224
32242
322326
322312
322311
322233
322223
3221995
3221994
3221993
3221991
322155
322141
322119
322112
322108
32209
321mnbvcxz
321kid
321baby
321a123
321998
321974
32196
321952
3219410
32189
321852
321818
32181
321789456
321712
321688
321652
321639
321598753
32156
321559
321555
32154987
321548
321546
32154
321515
321509
321504
321502
3215
321489
321458a
3214554
3214405
321436
321424
321400
321355
32133194
321331
321321123
321308
321240
321236
321224
3212188
321217
321206
3211997
3211995
3211986
3211982
321197
321178
321167
3211234
32112
3211123
321077
32104
321021
321005
320927
32091
32078
32073
320689
320626
32053205
320523
320520
320432
32037
320332
320325
320312
32023202
320232
320214
320201
320200
3201988
3201984
3201979
320159
320120
320111
32005
320033
32003
320001
3200
31prince
31julho
31jenny
31ianuarie
319bitch
319922
319918
31984
31983198
31980
31973197
31970
319520
31950
319300
3191997
3191992
3191987
319185
31908
319000
318boy
31891
318817
31877
3185
318418
318402
318400
3182529
318223
3182006
3182002
3181996
3181948
318181
31813181
318100
31805
31804
318005
31800
317988
31793179
31781
317733
317715
317713
317700
31770
31762689
317580
317465
317420
3173454
3173418
317328
317318
317314
317311
317308
317214
31721353
3172006
3172002
3171989
3171986
3171984
317171
316john
31694
31683168
31658398
316574
316510
316496663
316369
316321
316247
3161991
3161990
3161972
31607
31606
31605
316000
315999
31597890
31596
31594
315920
31580
3157960
315790
31579
31573157
315731
31569
315610
315537
315513
3154994
315472556
31542527
315385
315353
315318
315300
3152523
315231
315212
3152007
3152002
3152001
31520
3151996
3151986
3151984
3151983
31504
314life
314click
31490
314847
314829
314697
314611
314569
314542
314493
314486
314431
314413
314400
314363
314333
31425364
314227904
314221
3141997
3141995
31415927
314159265359
31415926535
31415
31414
313shady
313kp6
313king
31395
313888
31382
31375
313631
313613
313601
3135134
313506
313489
313462
313456
313430
313420
31333
313312
313262
313248
3132333435
313231
313228
3132003
313200
3131mim
3131997
3131981
3131979
313191
313133
313131a
3131313
313123
313120
313111
313104
313101
313066169
313064
313063
31306
313029
313017
312ali
312987
312960
31296
31295
312905
31289
31288080
31284
31283
312827
312811
312810
312809
312806
312803
312800
312799
312773
31275jse
312743
31273
312726
312715
312710
312709
312706
312629
312627
312623
312600
312579
312557
31255
312546
31254
312516
312508
312426
312407
312402
3124
312387
312376
312353
312328
31232
312319
312310
312308
3123037
312303
312293
31229
312288
31228
3122609171
3122535
3122532
3122501195
312215
312209
3122005
312200
312191
312168
312164
312160
312155
31213
312125
312117
312115
312105
312101
312100
312088
3120825
312074
31204
312021
312015
312010
312009
311style
311day
311999
311968
311958
31193119
311923
311909
311881
31187
31185
311828
311815
31181215
3118
311712
311711
311710
311706
311700
31170
31168
311630
311628
311626
311624
311611
311587
311555
311550
311524
311523
311511
311505
311489
311445
311431
311423
311410
311389
3113771943
311374
311324
3113192931
311319
311317
311310
31131
31130
31128
311269
311263
311262
3112551
311253
3112527
3112526
3112525
311241
31122521
31122520
3112211299
31122001
31121975
31121964
311216
311212
3112007
3112000
3111fran
3111997
3111985
3111979
311143
311130
311124
311118
311117
311116
311105
311101
311059
311058
31102008
31101976
31101975
311016
311011
31101
310987
31097
31093109
310927
310918
310914
310912
310910
31090
31085
310838
310836
31082537
31082520
31082008
31081998
31081980
31081977
310819
310812
310811
310810
31078
310769
310768
310726
310725
310721
31072008
31071997
31071964
310715
310714
310693
310670
310666
31063106
310605
310600
310599
3105871
31058
310572
310566
31052528
310525
310521
31052004
310512
310511
31050
310434
310431
310417
310404
310375
310371
310369
310365
310356
31033
31032534
31032527
31031998
31031977
31031974
31031968
310317
310316
310312
310291
310278
3102529
310222
310220
310219
310217
310210
310202
3102000
3101986
310174
310172
310157
3101500788493
310147
31014
31013
310126
31012536
31012533
31012522
310124
310123
31011973
31008
3100
30septiembre
30secondtomars
30martie
30maret
30junio93
30june
30enero
30diciembre
30dec1988
30days
30cute
30cent
30993
309654
30963096
3092532
30923092
3092006
3091997
3091988
3091983
3091976
30891
308811
30870
30853085
308528
308411
308407
308309
30823082
3082006
3081985
3081966
30818
30809
30773077
3076507
3071989
307125194
30705
306dturbo
30695
30692
30687
30683068
306327
3062604
30623062
3061996
3061985
3061984
306155
30613061
306125
306080829
306060
30603060
306020
3060120
305tid
305nigga
305dime
305boi
305TILLIDIE
305MIAMI
30588
305831
30583058
30563056
30553055
305530
3055
305457
30533053
305296
3052533
3052006
305191658
305122
305090
305082
305070
305060
305050
304boyz
30493
30491
30489
304508
304405
30433043
30430
30423042
3042004
3041996
3041988
3041975
304080
304004
303999
30392
3037786
3037603
3036360
303589
30355
30353035
303530
303437
3034237590
303330
303327
303311
303303303
303237
303214
3032000
3031995
3031402
303133
303131907
303130
303129
303124
303113
303108
303089
303078
30307
303067219
303060
303056
303036
3030303
303027
303022
303021
3030150
303012
303011
303009
303003
302boss
302954866753
302927
302903
30288
302830
302826
302822
302817
302810
302806
302802
3027bc
302725
302717
302715
30271
302659
302633
302610
302608
302607
302603
302538
302516
302513
30251
302508
302501
302500
302430
302423
302418
302415
302410
302406
302323
302314
302300
302219
302214
302208
302207
302202
302135
30213021
302121
302115
302111
302104
302065
302060
302051
30202606
302026
302020
302019
302012
302005
302002
302001
30200
301969
301960
301958
301957
30194
301929
301925
301909
301906
301884
30188
301827
301816
301815
301808
30180
3017718
30173017
301622
301619
301605
301604
301597
301585
301566
301555
301530
301523
301518
301506
3014644599
30143
301414
301321
30132014
301311
301303
301300
301263
301260
301253
30122521
301220
30122
30121999
30121977
30121976
30121965
301216
301215
3012008
3011994
301172
301163
301137
30112538
30112537
30112534
30112520
30112008
30112003
30111978
30111977
301116
30111
30110
30109
301066
301064
30102551
30102550
30102511
30101975
301016
301014
301013
30101
300zxt
300wsm
300win
300spartan
300mag
300blk
300971
300966
300965
300931
300926
30092523
30092004
30091998
30091976
30091974
300914
300870
300868
300862
300856
30082535
30082533
30082531
30082530
30082522
300820
30081977
30081975
30081973
300814
300774
300772
3007621
300761
300758
300727
30072536
30072527
300725
300723
300721
30072007
30072006
30071998
30071978
30071
300709
3006lee
300698
300658
300657
300637
30062537
300624
300620
30061998
300617
300572
300565
300561
300555
300550
300539
300535
30052537
30052529
300525
30052004
300520
300513
300452
300449
30042538
30042535
30042532
30042525
30042519
300425
30041974
300412
300399
300344
30032536
30032531
30032525
30032523
30032518
30032009
30031979
300318
300213
300212
300208
300207
300205
300201
300199
300176
300169
300163
300154
30012535
30012531
30012524
300123681
300121
30011980
300119
300111
300102
300043
300033
30001
30/09/90
3.12.89
2zero5
2zebravirgin
2zalas
2yummy
2xclusive
2wsxXSW@
2wsx#EDC
2worship
2wongfu
2witch
2wills1man
2wendy
2weeks
2wecan
2wanda
2w3e4r5t6y
2unsure
2twosons
2twinss
2twins2
2twelve
2true4u
2tortugas
2toomany
2toohot
2tinker
2timothy
2tiger
2throwed
2thousand
2thikk
2thgirl
2theresa
2the1ilove
2texas
2teardrops
2tattoo
2talented
2swt4u
2surfers
2stoned
2steppin
2step1
2starz
2sponge
2speed
2sophia
2snoopy
2sneaky
2smoke
2smith
2smiley
2smile4
2slyfox
2slick4u
2sleepy
2silver
2sick4u
2shitheads
2sharp
2sexylady
2sexy4myshirt
2sexxi
2seven
2serious
2septiembre
2santos
2s3xy4u
2ruelove
2ruc2rd
2rubys
2rotten
2romance
2rocku
2rocks
2robert
2river
2redhot
2redheads
2redfish
2random
2rainbow
2ragsoy
2qwert
2qut4u
2quick
2qte4u
2qt4u2
2qasw3
2q3w4e
2q2q2q
2q2bstr8
2puppys
2puppy
2pokemon
2points
2pizzas
2pissedoff
2pinacoladas
2pikachu
2pher
2percent
2pepsi
2pepper
2peng
2pencil
2peewee
2peachy
2party
2panic
2pakin
2pacisalive
2pacforever
2pacfan
2pacbig
2pac1990
2pac1971
2pac10
2pac08
2pac01
2orange
2old4this
2ojigxgl
2o4e8694
2nicholas
2newlife
2ndtime
2ndmarch
2ndcity
2ndbest
2naebilly
2n5okas
2mylife
2myangels
2music
2muchtime
2much4u2
2much2do
2moyo2
2mouse
2mothers
2morow
2monica
2momma
2momdad
2model
2miracles
2minikna
2minikan
2millie
2metal4u
2mean4u
2marzo
2maryjane
2martin
2marie2
2maria
2marcus
2manytears
2manypets
2manylies
2manyhoes
2maggie
2luvbugs
2low4u
2loving
2loveyou2
2lovely4u
2lovelove
2loved
2love4
2lollypop
2liverpool
2littlekittens
2littleducks
2linda
2lilones
2lil2late
2ligit
2lakers
2lagit
2ladybug
2kool
2kinderen
2killa
2kidsnow
2kids4us
2kidos
2kewt4u2
2k6-2k7
2k3362349
2k2k2k
2jz-gte
2joker
2jennifer
2jayden
2jason
2january
2ireland
2imagine
2iloveu
2idiots
2hyphy
2hrd24get
2house
2hott4you
2hott2handle
2hotgirl
2hot4him
2hot2swim
2hot2have
2hot2be
2honden
2heather
2hazeleyes
2harris
2harley
2h0t4u
2guitar
2gracie
2gordon4
2goofy2
2good4ya
2good2b
2goldens
2gloria
2girlies
2georgia
2george
2gateway
2garrett
2gangster
2fye4u
2funkiss5
2friend
2freaky4u
2freak
2foxy4u
2forlife
2for69
2flygirl
2filipino
2feets
2feet
2febrero
2feather
2fastforu
2farout
2fabulous
2ez4me
2evil4u
2ethan
2enero
2eakids
2e1x3k
2dylan
2drink
2dreams
2doves
2donovan
2dominican
2dollarbill
2dogs2
2dnoodle
2dirty
2dildos
2die4u
2die4me
2devine
2delicious
2day4u
2darling
2daniel
2dangerous
2dancer
2damnfly
2daladies
2cutes
2cute4u2c
2cute4U
2cute3
2cute2b4gotten
2cute2b
2cute08
2crystal
2crunk4u
2crazykids
2corazon
2coo4u
2cold4u
2clowns
2clock
2chubby
2christian
2chocolate
2child
2chichi
2chicas
2cheezy
2cheesy
2cheese
2cheeky
2cheeks
2changos
2changes
2change
2cats4me
2cats31
2catdog
2carter
2carolina
2carnie
2cansam
2canchew
2c00l4u
2butthead
2bunny
2buddy
2buddies
2bryan
2broncos2
2broke
2briana
2boycrazy
2bostons
2bootylicious
2boots
2boonies
2booboo
2bones
2bon2btitq
2bollocks
2bnot2b
2blue2
2bloods
2blind
2bizzy
2bigears
2bigboobies
2bereal
2beornottobe
2belove
2belle
2beef16
2bedtec5
2beautiful4u
2beau4u
2be1ask1
2bcool
2bboys
2baxter
2bamaster
2balone
2baller
2ballcane
2badass
2babes
2b1ask1
2august
2auburn
2aries
2amigas
2amber
2alyssa
2aaron
2a2a2a
2UNIQUE
2REBELDE
2QWERTY
2PASSWORD
2LOVEME
2Hot4u
2HAPPY
2GUNZUP
2DIAMOND
2Cute4U
2Children
2Blessed
2Beautiful
2BITCHES
2BABYS
2Angels
29shimmy
29sept
29juni
29juli
29harvick
29forever
29agustus
2999999
29995
29992999
29992
2999
299814335
29981
29966
299630
299292
2992532
299222
2992
2991974
2991922
299190
299185
299122
29893306
29892
298911
29891
298906
298903
298300
2982864
2982008
2981995
2981994
2981991
29812981
298106
298064
29752975
29737
297297297
2972007
297200
2971996
2971993
2971986
2971983
29692969
296900
2968442
29632963
2961996
2961994
2961993
29615
296102
29602960
295983
29590
29567
295592
295550
295464
295432159
295320
295297
29526
2952532
2951992
2951986
2951846
29512951
295071
295024
294850
294800
2947961j
294743a
29464
294610
294550
294512
294500
2943310
294294
2942535
294235
2941995
2941993
2941990
2941988
2941983
2941981
29408
293granty
29395
293900
29388
293847
293806
293783
29352935
293505
293333
29332933
29329
293275
293210
2931995
2931987
293178
293137
293123
293117
293035
29303132
293013
293010
293008
293007
293005
293000
29299
292988
292959
29295
292915
292911
292907
292905
292904
29288
292861
292819
292811
292807
292750
292729
292717
292716
292713
292710
292705
292704
292586
292541
292538
29252925
292515
292510
292507
292500
29242924
292414
292375
292327
292316
292310
292251
292217
292212
2921825
2921259
292121
292116
292112
292107
292099
292014
291967
291963
291961
291911
2919014
2919
291870
291822
291810
291805
291712
291708
291705
2916830
291640
29162916
291613
291611
29160
291554
29153
291520
291518
291515
291512
291509
291505
291504
291502
29150
291496
291446
291437
29142914
291429
291425
291419
291412
291404
291320
291308
2913078
291302
291270
291266
291262
291260
291254
291251
29122540
29122523
29122008
29122003
29121999
29121998
291217
291209
2912007
2912
2911997
2911994
29119
291172
291161
291160
291150
29115
291148
29112536
29112521
29112003
29112001
29111974
29111899
291115
291113
2911106
291062
291050
2910425
291028
29102531
29102520
29102518
29101999
29101976
291018
2910023
29099
290927
29092534
29092530
29092518
290924
29091976
290913
290868
29085474
290838
290827
29082539
29082537
29082522
290825
29082006
29081976
290798
290778
290774
290773
290771
290770
290769
290766
290761
290728
29072536
29072534
29072522
29072009
29071975
29071969
290717
290712
290673
290662
290653
29062536
29062519
290624
29062005
29061998
29061979
290616
290612
290611
290568
290567
290565
29052537
290524
290521
29052008
29052003
29051979
29051975
29051973
29051971
290517
290514
290471
290470
290460
290456
29042537
29042527
29042526
29042522
29041979
290372
290365
290361
290328
29032537
29032525
29032520
290321
29032007
29032005
29032004
29031998
29031978
29031972
290313
290311
290235
29022527
29022008
29022000
29021980
290211
290206
290161
290128
29012535
29012524
29012520
290123
29011977
290119
290011
29000
29/9/1992
28oktober
28maret
28justin
28juni
28january
28iulie
28feb89
28dogs
28bitch
28aprilie
28_de_junio
28MAYO1990
28988
289150
289107
289102
289000
288902
288799
2887645
2886070
288600
28852103
288517
28842884
288383
288311
288300
28830
2882535
288210
2882
2881996
2881986
2881984
28805
28802880
287950
28794
28793
28792879
287846
2877331
287654
2874845
28742430
287328
2872524
287246
2871993
2871991
2871982
28711
287010
28672
286700
28662866
2866
28652865
286441
2864212
286412
286400
28632863
286300
286254
286215
2862006
2861989
2861987
286101
286060
286006
285963
285961
28590
285790
285555
285510
285465
285439710
2853401
2852531
28522852
2851994
2851989
2851987
2851979
2851961
2851935
285144
28512851
285030
2850202
284991
28495
28482848
284828
284800
284673
284651
28460
28456
28442844
28426td
2841995
2841989
2841985
284186
284177
284078
2840499
284027
283962
28394
283832
283828
2837739
283635431
283402
28332833
2832738chi
2832536
28321
2831995
2831987
2831985
283188
2831845
28312831
283122
283112
283106
283103
28308862
283022
283018
283015
283011
283004
283000
282989
282988
28297
282969
282963
282947
28292
282914
282913
282911
282908
282901
282891
282888
282883
282882
282877
282872
28287
282866
28286
282857
282825
282822
282807
282706
282692
282676
282631
282627
282624
282550
282516
282514
282443
282432
282430
28242824
282425
282412
282406
282386
282382
28232823
282328
282325
282323
28232
282319
282314
282310
282308
2822740504
2822539
2822535
2822533
282217
282214
282206
2821995
2821989
282123
282120
28211993
282111
282106
28208
282024
282019
282010
28200
28197
281961
281960
281928
281920
28192
281916
281912
281907
281900
28190
281878
281867
281817
281816
281813
281812
281811
281783
2817590
2817292
281726
281720
281712
281686
281674
281629
281609
281603
281567
281535
281530
281528
28152463
281524
281512
281509
28145359
281451
281432
281418
281416
281410
281401
281325
281313
281310
281309
281303
28130
281290e
281270
281266
281265
281262
281260
281256
281238
28122526
28122525
28122004
281220
28121710
281214
281211
2811991
2811990
2811985
28119215
281136
281135
28112537
28112532
28112520
28112513
281125
28112001
28111976
28111974
28111972
281119
281118
281112
281109
281074
281065
281061
281046
281045
28102526
28102002
28101973
2810139
280975
280971
280963
280957
280934
280926
28092535
28092524
28092
28091981
28091973
280917
280911
28091
280909
2808so
280869
280862
28084
280838
280835
28082537
28082526
28081998
28081976
28081964
2808124
28081
2807988
280774
280773
280766
280757
280726
28072550
28072521
280725
28072008
28072004
28072003
28071999
280718
28062536
28062528
28062524
28062523
280625
280623
280621
28062006
28061978
28061975
28061973
280609
280598
280573
280570
280557
28052536
280525
280524
28052008
28052003
28051982
28051979
28051976
28051975
280515
28051
28048
280464
280432
28042537
28042535
28042532
28042531
28042005
28042004
28042001
28041973
280416
28039
28034
280338
280336
28032525
28032523
280322
280321
28032
28031970
280313
28030
280264
280261
280256
280244
280229
280227
28022531
28022524
280223
28022007
28021978
28021972
280219
280217
280216
280210
28021
28019
280170
280169
280165
280161
280138
280137
28012529
28012526
28012522
280121
280120
28011998
28011974
28011972
280119
280094
28/05/05
28.12.1990
27yellow
27years
27savana27
27oktober
27july
27julio1990
27juli
27ianuarie
27franciskath
27bitch
27aprilie
27angel
27anette
27ag9u
279999
2799019
27989
27982798
27974
2796563
279638
27952795
279503
279411
279400
27932793
279303
279230
2791de
2791992
2791985
2791984
279188
279127
27902790
279003
27895
278919
278914
278908
278888
27887
27882788
278805
278787
278762
278687
278620
278503
278500
278487
2784
278366
27832783
2783
278287
2781996
2781994
2781988
278010
277878
277800
277452277
27732773
277315
277299
277281
27725dj
277233
2772
2771997
2771983
277134
27712771
2769
276762
276689
276434712
27632763
2763055
2761984
2761983
2761486
27614289
27607
276000
275mangere
275943
27592
27582
275745
275501
2754507
275445
275418
2753862
27532753
275300
275292
2752539
2751996
2751988
27502750
274BGD
27491
27489
27485
274787
274786
274700
27462
274528
274411
274266
2742538
274211
274171
274078
27394
27389
273849
27372737
273530
27352735
273386
273344
273323
273313
27322732
2731997
2731991
2731987
2731986
273122m
273117
273100
273048
273029
273021
273012
273010
273000
272990
272989
272981
272979
27292927
272906
2728948
27289
272879
272869
272868
272831
272822
272817
272816
272815
2728115
272811
272804
272800
2728
272799
272792
272785
272734
27272728
2727272
27272525
272718
272717
272716
272634
272540
27252725
272516
272507
27250466
272504
272500
27244
272427
272423
272422
272421
272418
272415
272411
272400
272352
27234
272321
272315
272301
272228
272224
272219
272218
272214
272213
272210
272209
2721996
2721994
2721993
2721972
2721327
272130
272119
272112
272111
27210604
272102
272029
272020
272014
272013
271970
271965
271945
271931
271929
271928
271919
271916
271912
271907
271901
271827
271817
271816
271812
271809
271807
271804
271725
271711
271704
271703
271609
271603
271602
271590
271586
27152715
271520
271511
271506
271502
2714362
271429
271420
271416
271400
271388
271386
271329
271265
271260
271245
271237
27122001
27121979
27121977
27121967
271217
271210
2711991
271171
271167
271160
271155
271153
271140
27112525
27112522
27111998
27111996
271116
271114
271067
271059
271053
271049
271048
271038
27102527
27101998
271016
270999
270972
270968
27092526
27092525
27092521
270925
270921
27092006
27092005
27092004
27092000
27091975
270918
270915
27091
270899
270898rc
270868
270863
270861
270860
270835
27082523
27081978
270801
270775
270773
270757
270755
270726
27072526
27072522
270721
27071996
27071977
27071972
270718
270714
270712
270673
270670
270660
270638
27062539
27062536
270622
27062003
27062002
27062000
27061998
27061997
27061978
27061975
270618
270611
270601
27058
270569
270566
270533
27052533
27052525
27052523
27052521
27052005
27051998
27051979
27051968
270501
27050
270475
270470
270459
270450
270437
27042528
27042521
270424
270422
27042002