5490
085465
0854600539
085444
0854406997
085432
0854171557
085412
085410
08540854
0854048425
085356
0853491647
085346
0853240275
0853215437
0853108597
085284
085283
085265
085264
085260
0852566231
085255
085245
085244
08523
085228668946
085225
085212
0851949596
085172
085168
085149
0851481485
085141
0851287155
0851286109
0851045630
085103
085085085
0850716935
0850329050
085020
085000
0849969341
08492
084892103
0848620356
084843
0847971980
0847910383
0846800068
0846560975
0846198195
0846148651
08460337
084590
0845626542
0845126225
0844996365
0844819953
0843827475
0843718533
084338
0843329332
0842285975
08420842
0841707240
0841605895
0841511708
0841447338
0841406342
0840902475
0840635280
084053
0840229991
0839973284
0839196832
0838525361
0838455177
0838440980
0838214143
0837708440
083740
0837216909
0836892927
0836254336
083583
0835172979
0834931658
0834899227
0834836562
0834677746
083417
0834036532
0833423246
0833169663
0832511898
0832215569
0832168810
08320832
0832073130
0832070272
083199
083156
0831505137
083131
083126
08312007
08311993
08311978
08311977
0831093533
083028
083026
0830215968
08302006
08302003
08301994
08301993
08301992
08301991
08301986
08301983
08301982
08301976
083017
08300830
082967
082962
082931
082930
082922
08291996
08291988
08291983
08291981
08291980
082915
082914
08291
08290829
08288
082865
082825
08282008
08281995
08281990
08281978
08281973
082818
082817
082816
082731
082721
08272007
08272006
08271993
08271989
08271983
08271982
082717
082716
08269
082671
08267
082665
082663
082662
082650
082626
082624
08262002
08261994
08261991
08261990
08260826
082602jf
082570
082567
082565
082563
082561
082558
082555
0825463348
082540
082537
08252007
08252004
08251996
08251979
082513
082512
082511
082469
082466
082465
082462
082460
082457
082426
08242004
08242002
08241991
08241984
08241983
082418
082416
082413805
082410
0824
08237123
082370
082363
08232007
08232003
08231997
08231989
08231985
08231979
082319
082315
082269
082264
082222
08221998
08221992
08221981
082217
082213
0822
08219
082168
082164
082162
082160
082126
08212005
08212004
08211993
08211989
08211987
08211986
08211979
08211978
082119
082115
082114
082112
082070
082066
082027
082026
082023
082021
08202006
08202004
08202001
082020
08201991
08201981
082019
0819989284
08192005
08191992
08191982
08191980
08189
0818866331
08188
0818735042
08181992
08181980
08181978
081815
0817992058
081771
081766
081762
081731
081728
081723
08172002
08172000
08172
08171995
08171994
08171993
08171989
08171983
08171982
08171979
081714
0816793024
081670
081667
081666
081664
081631
081626
081625
08162005
08161991
08161984
08161965
081616
081614
081613
0816013114
0815mm
08158269
081571
081569
081562
081555
0815486464
08154711
081531
081526
08152005
08151996
08151987
08151978
08151920
081516
081512
081511
0814993626
081488020388
0814831521
081459
0814530619
081453
0814519252
081429
081423
081420
08141995
08141981
08141980
081414
081375061273
081364
081359
081356
081335
081332
081328
081326
081324
08131982
0813024374
081264
081257
081255
081245
081244
081226
08122534
08122531
08122529
08122005
08122004
08122000
08121975
08121974
08121970
08121
0811757385
081165
081162
081156
0811514177
08112526
08111998
08111979
08111961
081062
0810290
08102530
08102524
08102003
08101999
081013
0809912205
08099
080971
080958
08095
0809448623
080936
08092539
08092525
08092514
08092008
08092005
08092002
08092001
08091972
080916
080915
080914
08091
0809
080867
080862
080861
080854
080851
08085
080839
08082537
08082525
08082523
08081976
08081975
08081972
08081969
08081964
08081962
080808b
080791ms
080774
080763
080761
0807440425
080735
080730
08072534
080721
08072007
08071999
08071997
08071976
08071975
08071970
080719
080669
080663
080644
080637
080626
08062531
08062526
080622
08062007
08062003
08061978
08061975
08061
08059
080566
080562
080550
080534
08052539
08052534
08052533
08052522
08052516
080524
080522
08052001
080520
08051998
08051973
080516
0804773324
080468
080462
080450
080430
08042537
08042528
08042524
08042523
080422
080421
08042004
08041999
08041971
080413
080411
0804
080338
0803300480
08032528
080324
08032001
08031972
08031971
08031962
080313
0802836483
080261
080260
080256
080244
08022537
08022534
08022528
08022527
08022007
08022003
08022
08021974
08021973
08021969
08021967
08021411
08020
080186leo
08018
080172
0801675505
0801674489
080164
080161
080126
08012530
08012529
08012528
080123456789
080123456
080123
080121
08012009
08012002
08011980
08011969
08011963
080118
080117
0801150793
08010
0800biatch
0800505191
0800209806
080018
0800123
08000800
08000
08/05/93
07yukon
07tigers
07tahoe
07soccer
07scion
07rachellk
07princess
07pink07
07pimp
07mayo
07july
07harley
07graduate
07eddieved
07class
07charger
07bitches
07BABY
0799404
079840
07958363837
07935883314
079311
079210
07915342485
07902799681
07899
0789123
078823858
078722
07799880
0777714820
07770666
07770
07768623487
07765126074
0776080980
07753135390
07738968
077369211
077177214
076076
075788
075630337
075600
075364
075307
075236
075176
075168
075161
07510751
074942490
0744143014
074212583
074123
074111
07410741
0740704
073924
0731980581
073193c
07319
073170
073123
07311991
07311977
073109
0731
073066
073060
073030
073026
07301985
07301977
07300
072972
072971
072970
072931
072929
07292006
07292004
07292
07291997
07291979
07291975
072918
072916
072898
07287
072865
072864
0728481337
072824
072821
07281996
072811
07281
0728
072771
072765
072728
072721
07272005
072720
07271995
07271993
07271991
07271988
07271986
07271985
07271979
072716
072712496
07262004
07261993
07261992
07261990
07261988
07261986
07261982
072619
07260726
072573
072565
072561
072560
072539
07252008
07252006
07251992
07251985
07251977
072516
072513
07251234
072465
072455
072429
072428
072425
072421
07241987
07241986
07241976
072417
072415
072414
072372
072369
072365
072358
072330
072327
07232005
07232004
07231998
07231993
07231979
07231977
07231975
07231973
072316
072314
072312
072270
072268
072258
072256
072246635
072231
072229
072223
07222000
07221997
07221995
07221994
07221993
07221985
07221980
07221978
072218
072214
072140
072127
07212004
07211997
07211989
07211984
072117
072068
072064
072063
0720408102
072024
07201995
07201992
07201986
07201978
07200
0720
071971
071962
071954
071948
07192008
07191989
07191987
07191985
07191978
071916
071828
071826
071825
07182007
07182004
07181984
07181980
071813
071810
07180718
071803591
071772
071770
07177
071767
071757
071747
071730
071724
07172003
07171995
07171987
07171984
07171979
07171975
071719
071710
071672
071667
071664
071640
071630
071628
07162007
07161995
07161987
071617
071612
0715PF
071567
071560
071556
071555
071529
071525
07151989
07151979
07151976
071515
071509
071475
071467103
071465
071459
07142005
07142004
07141997
07141982
071415
071414
071413
071364
071363
0713440
071338
071323
07131995
07131992
07131988
07131984
07131974
071317
071312
071259
071258
071245
071242886
071237
07123
07122537
07122536
07122524
071224
07122000
07121977
07121975
07121974
07121970
071210
071159321
0711371
07112536
07112520
07112008
07111968
071115
07109
071073
071072
071050
071042
071034
07102524
07102519
07102008
07101997
07101975
07101972
07100
07098
070962
070958
07092523
070924
07092005
07092000
07091998
07091976
07091974
07091973
07091972
070919
070918
070915
07091
070890F065
070869
070865
070836
070835
07082539
07082531
07082526
07082523
07082002
07081975
070760
070726
07072535
07072523
07072521
07072004
07072002
07071974
07071960
07071954
07070808
070672
070668
070665
070660
070646
070636
070626719
07062009
07062004
07061998
070619
070615
070544
070538
070534
070519
070514
070471
070460
070459
070454
070445264
070433
070428
07042534
07042529
07042528
07042523
07042520
070422
070421
07041997
07041979
07041975
07041973
070419
070371
070364
070358
070352
070348
070338
070335
07032522
070325
070322
070321
07032008
07031998
07031978
070319
070316
070313
070305477
070267
070266
07026
070259
070252
070250
070238
070234
070229
07022538
07022528
07022527
070224
070221
07021977
070212
07021
07020
070173
070168
070166
070165
070160
070137
07012524
07012003
07012002
07012001
07012000
07011998
07011979
070117
070116
070087
070049
07000
07/07/07
06rundis
06rkiy9on
06pdav
06kids
06kevin
06julio
06inthemix
06hottie
06harley
06fusion
06class
06champs
06carebear
06altima
06acura
069785329
069477
069232383
069211574
069103633
069021
069000
06900
0690
068888
068706
068675
068518680
06830
06812
06789
0677615560
066908549
066739730
066684927
066660
066633934
066279799
066123
066006
065979
065705
065654011
065223
065209633
065112
065100385
065064
065007
065000
064928
064859
06480
06440644
063725064
06334
063038
06302001
06301976
06301972
063017
062997
062970
062961
062960
062954
062944
06292006
062920
06291994
06291992
06291984
06291964
062919
062866
062865
062829
06282008
06282001
06281988
06281974
06281949
062810
06281
062768
062762
062753
06272122
06272003
06271993
06271986
06271985
06271984
062716
062673
062634
062631
062630
062623
06261996
06261993
06261981
06261978
06261969
062615
062578232
062574
062570
062561
062560
062557
062535
062531
06252003
06252002
06251993
06251989
06251986
06251982
062518
062515
062512
062464
062453
062425
062424
06242008
06242003
06242001
06241986
06241981
062416
062366
062364
062359
062326
062324
062323
06232004
06231996
06231994
06231980
06231977
062313
062268
062266
0622334578
06222007
06221996
06221993
06221980
06221965
062211
062130
062123
06212003
06212001
06211992
06211987
06211986
06211983
06211982
06211980
06211974
062119
062117
06210000
062075
062071
062069
062027
062025
062021
06202001
06201999
06201994
06201988
06201985
06201983
06201981
06201979
06201975
06201973
062018
061987j
061963
061960
061956
061955
06192006
06191987
06191983
06191979
06191975
061904ga
0619
061856
061853
061822
06182001
06181997
06181991
06181987
06181981
06181980
061819
061814
061811
061810
061793s
061770
061767
06172007
06171993
06171979
06171976
061718
061712
061665
06166
061633
061631
061622
06162003
06162001
06161995
06161993
06161986
06161985
06161983
06161982
061619
061613
061610
06160616
06160
0616
06158
061571
061555250
061555
061531
061523
06152002
06152001
06151990
06151983
06151981
06151979
06150611
061467
061464
061461
061450
061431
061424
06141992
06141991
06141980
06141978
061417
061416
061412
0614
061373
061369
061367
061360
061356
061321
06132003
06131998
06131995
06131994
06131993
06131991
06131987
06131986
06131985
06131979
06131978
06131977
061314
06131314
061264
061258
061254
061236
06122512
06121979
06121972
061218894
061212
06119191
06116890
061167
061163
061162
06116
061159
061155
06112536
06112001
06112000
06111999
06111975
06111974
061117
061111
061098475
061088757
061067
061038
06102539
06102534
06102524
06102521
06102008
06102005
06101997
06101972
061014
060992337
06099
060968
060966
060965
060964
060945
06092536
06092533
06092523
06091973
06091965
060917
060867
060860
06082523
06081999
06081974
06081970
060815
060764
06072531
06072529
06072526
06072522
06072009
06072004
06071999
060717967
060661
060657
060644
06062519
060625
060621
06062008
06062003
06061998
060617
060611
060610
0606060606
06058409
06058
060567
060550
060539
060533
06052533
06052522
06052519
06052008
06051964
060469
060464
060457
060437649
06042538
06042525
06042003
06041997
06041977
06041975
06041973
060412
060411
060410
06040604
0604
060363
060360
060340
060334
06032540
06032534
060324
06032004
06032003
06031998
060312
060311
060268
060267
060266
060260
060235
06022538
06022536
060221
06022009
06022000
06021998
06021977
06021971
06021962
06021
060160
060159
060154
060137
060133
060127
06012540
06012537
06012533
06012529
06012527
06012525
06012522
06012521
060123
060120
06011970
060115
060060
060012
05teddy
05taylor
05summer
05star
05nissan
05magnum
05impala
05hl0975
05harley
05fjks1
05fatboy
05cutie
05angel
059587260
059512
05951001
059499511
058912
058520
05790579
056830
05643
05630563
05600
0554722246
055445
055278
055213758
055152
05505
05500
054life
0544813645
054338295
05420542
054123456
054061
0539427173ld
053800
053786
053605298
053540
05350535
0534735
053321419
053252723
053209071
053163
053160
053128
053123
05311987
05311985
05311980
05311974
05311970
053117
053099
053082kw
053053
05301998
05301994
05301992
05301981
05301978
053019
052972
052971
052970
052967
05291999
05291995
05291993
05291986
05291985
05291984
05291974
052910
052869
052861
052830
052826
05282006
05281999
05281992
05281988
05281984
05281975
052770
052767
052766
052764
052753
052731
05271986
052718
052672
052667
052654
052631
052630
05262000
05261994
05261983
05261981
052611
05258
052552
05252
05251992
05251981
05251979
052519
05250
052471
052430
052428
052425
05242008
05241997
05241994
05241988j
05241977
052414
052412
052365
052359
052329
052321
052320
05231997
05231996
05231995
05231983
05231975
052270
052268
052250224
052229
052227
05222
05221991
05221986
05221977
052212
052167
052164
052131
052130
05213
052129
05212006
05211992
05211990
05211985
05211984
05211983
05211982
052118
052068
052067
052030
052025
05202008
05202007
052020
05201993
05201974
052017
052016
052013
052012
052011
051989a
051967
051960
051952
0519384680
051927
051924
051921
05191991
05191981
051912
051910
05187
05184
051824
05182002
05181986
051818
051815
05180
051771
051770
051726
051723
051721
05172008
05171988
05171986
05171983
051719
051713
05170
05168
051673
051669
051666
051664
051663
051632
051627
051623
051622
05162004
05161995
05161993
05161986
05161985
05161982
05161980
051619
051612
051610
051607306
0516
051566
051565
051560245
051560
051558
051528
051521
05152007
05152001
05151988
05151985
05151983
05151980
051512
051475
051462
051427
051422
05142008
05142007
05142004
05141996
05141995
05141994
05141989
051418
051417
051381798
051371
051354
051327
051324
05132007
05131989
05131985
05131982
05131980
05131977
051309
051281270
05127523
051262
051260
051255
051254
0512487278
051246
051239
05122003
05121974
05121973
05121972
051159
05112532
05112006
05111979
05111978
05111977
05111975
05111974
051067
051062
051061
051050
051037
05102538
05102522
05102521
05102518
05102000
05102
051019
051018
050964
0509534575
050938
05092534
050922
05092009
05091997
05091970
050919
050911
0509
050892a
05089
050865
050862
050861
050857
050841
05082536
05082524
05082523
05081980
05081975
05081974
050815
05081
05080508
05078
050760
050751
05072534
05072532
05072009
05072004
05072001
05072000
05071973
05071972
050717
050713
050667
05062535
05062528
05062524
05062008
05062004
05062000
050610771
05061
0506
0505mm
050559
050547
050546
050532
05052521
05052006
05051971
05051968
05051955
050515
050468
050464
050456435
050437
050434
05042535
05042528
05042525
05042524
050424
050422
05042001
05041973
05041972
050417
050414
05040
05038
050369
050361
050360
05036
050357
050338
050336
05033
05032539
05032535
05032530
05032523
05032521
05032001
05032000
05032
05031977
05031975
05031971
05031955
050260
050250
050227
05022535
05022529
05022524
050223
050221
05022002
05021978
05021974
050218
050215
05020609
0501626
050161
050153
050152
050150
050136
05013
05012808
05012538
05012531
05012529
050125
050123
05012003
05011978
05011975
050096
050071
05002
05001230500
050009
050000
04tahoe
04stang
04kiddos
04deoctubre
04baby
04altima
04a0890
049864381
049776610
0493lv
04870487
04862
0486
048483188
04812
048033326
04800480
047996527
04750475
047449986
047047
04700470
04690469
046819271
046624
046433977
04640483
045726
04545
045274
045267804
045256539
04510451
045029
04500450
04480448
0445146363
044513870
044286266
04420442
044123
043932165
043911849
0438150231
043725643
04340434
043362163
043245884
04320432
04310431
043074
043072
043070
043030
04302008
04302003
04301994
04301991
043014
042974
042967
042966
042924
04292005
04291997
04291994
04291992
04291986
04291984
04291979
042860
042858
042831
042830
042829
042825
04282007
04282002
04281983
04281981
04281980
042817
042816
042810
042771
042733189
04272001
04271999
04271993
04271989
04271977
042715
0426jo
04268
042672
042667
042665
042662
042650
042638
04262533
042620
04261998
04261996
04261987
04261983
04261981
04261979
04261976
04261972
0426
0425jpbd
042571
042557
042539
042536
04252008
04252005
04252000
04251987
04251985
042515
042485131
042461
042430
04242806
042424
042422
04242008
04241995
04241985
04241984
042416
042390a
042374
042368
042367
042365
042364
042330
042323
04231995
04231992
04231991
04231982
042317
042316
042312
042311
042272
042266
042262
042261
042249
042247501
04222000
04221984
042215
042171
042166
042165
042154
042133
042130
042128
042126
042125
042122
04212008
04211992
04211985
04211982
042118
042068
0420666
042025
042024
04201999
04201994
04201982
04201977
042019
042017
04200
04198
041967
041966
041962
041924
04191996
04191992
04191985
041919
041916
041900
041873
041856
041827
041824
041823
04182000
041820
04181997
04181984
04181979
04181977
04181975
041819
041776
041771
041766
041763
041728
04172705
04171995
04171979
04171977
041719
04166862471
041660
041654
04162009
04162008
04162007
04161993
04161990
04161979
04161975
041615
041610
041570
041566
041565
041540
041532
041529
041524
04152006
04151990
04151985
04151984
04151978
04151974
041517
041512
041511
041510
041500690
041470
041469
041468123
041468
041463
041444
04143886027
041431
041430
041428
04142003
04141999
04141995
04141983
04141977
04141976
041417
041414
04141
041375
041367
041365
041361
041324
041322
041321
04132007
04132002
04132000
04131980
041318
041316
041311
041264
041261
041244
041235
04122330934h
04121979
04121977
04120
041168
041165
041161
0411518262534
041150
041140
041137
0411302710
04111998
04111996
04111976
04111970
041113
041112
04107
041067
041065
041064
041057
041053
041033
04102531
04102527
04102522
04102009
04101999
041014
040971
040965
040964
04094994
040949
040941
040938
040937
04092526
04092525
04092522
04092002
04091980
040912
04091
040864
040863
040836
04082521
04082002
04082
04081
040771
040760
040737
040735
04072524
040721
04072000
04071976
04071972
040662
040659
040657
040645
040638
040635
04062528
04062524
04062519
04062004
04062001
04061999
040617
0406
040537
04053130
04052539
04052536
04052534
04052530
04052521
04052002
04051975
04051974
040516
04051
04050
04048
040461
040451
040436
040435
04042533
04042521
04042001
04041973
04041964
040416
040413
04041
04040712
040405952
040371
040370
040364
040360
040334
040326
04032534
04032531
04032527
040325
04032003
04032002
04032001
040320
040319
040312
04030201
040267
040260
040259
04025
040238
040234
040231
04022524
04022523
04022009
04022004
04022001
040220
04021974
04021970
040219
040217
040214
040212
040211
0402
04018916
040164
040156
040151
040139
04012539
04012535
04012521
040125
040124
04011999
04011997
04011979
04011977
04011972
04011971
040116
040110
04010
04-wideopen
03toyota
03tahoe
03sp53
03ranger
03octubre
03ninja
03march
03mach1
03jeep
03iverson
03grad
03gauncas
03enero
03dejunio
03corolla
03cks03cks
03civic
039456
039344
039113
039039
038912
038900
038803
038716595
038651269
038400978
038300
03820382
0381kosh
038182
0380519
038038
037leo
037990
03790379
037425330
037037
03700370
037000
03698521
03692
0369
036890
036540298
03620362
036200
036192
036026
035844
035731766
035689
035614222
035604
035482
035393
035367
035352
035310
035210918
035173
035144
034837305
034830291
034818936
03470347
034622092
0345643
034480
034385099
034260
034256196
03392
033757
03333
0332663
033256
033172
033164
033131
03312006
03312005
03311992
03311981
033072
033063
033058
03304
033029
033024
03302006
03301997
03301989
03301985
03301982
033015
0329love
032971
032970
032969
032964
032946
032922
03291995
03291984
03291978
032910
032867
032865
032855
032854
032831
03282003
03282001
03281986
03281982
03281981
032819
032815
03280328
032800a
032731
032722
032721
03271996
03271992
03271985
03271984
03271977
032716
032714
032667
032655
032631
032628
032625
032623
03261993
03261988
032615
032612
032606+
032600162
032570
032565
032540
032535505
032535
032534
03252006
03251995
03251993
03251978
032511458
032470
032457
032456
032454
03245041
032437
032422
032421
03242002
03241989
03241983
03241979
032416
032411
032370
032368
032363
032355
032343
032328
03232007
03231996
03231980
03231974
03231973
032318
032315
032273
032270
032267
032266
032259
032252
032230
032227
032225
032221
03222004
03221995
03221993
03221985
03221981
03221980
03221967
032173
032167
032166
032160
03216
032151549
03215
032130
032123456
03212001
03212000
03211989
03211986
03211984
03211981
03211978
03211977
032067
032066
032031
032030
0320288588
03202606
032025
032024
03202003
032020
03201999
03201994
03201965
03201
0320
031blood
03199312
031964
031963
031960
031951
031929
031927
03192004
03191997
03191991
03191985
03191984
03190
0318895247
03187
031866
031861
031858163
031828
03182007
03181998
03181997
03181995
03181983
03181982
03181980
03181978
031819
03178
031731
03172006
03172005
03172004
031720
03171995
03171985
03171979
031710
031673
031672
031670
031661
031627
03162008
03162007
03162005
03162003
03161988
03161986
03161984
03161980
03161978
03161975
031612
031611
031610
0316
031561
031525
031524
03152004
03152003
03152000
03151997
03151982
03151980
03151977
03151031j
031469
031466
031430
031421
03142008
03142005
03142003
03142002
03141997
03141986
03141985
03141978
031418
03140
031369
031368
031364
0313586
031357
031339
031328
031322
03132007
03132004
031320
03131998
03131972
031317
03130
03127
031264
031250
03125
03122535
03122520
03121998
03121979
031192c
031180ks
031157
031150
031134
031132123
03112534
03112530
03112527
03112001
03111977
03111975
03111971
031113
031110
031106js
031070
031065
031064
031063
031058
031057
031050
03102521
03102
03101968
03101963
03101960
03100
030965
030964
030962
030960
030939
030937
030931
030928
03092538
03092535
03092528
03092522
03091978
030834
03082525
03082522
03082515
03082003
03081975
03081973
03081964
030814
030813
030812
03080
030777chanelle1
030768
030764
030761
030760
030752
03072523
03072001
03071999
03071974
03071971
03071970
03071969
030713
030667
030664
030660
030653
030632
03062536
03062529
03062527
03062002
03061997
030613
030611
03059
030573
030565
030536
030535
030528
03052526
030524
030523
03051970
03051964
030492877
030468
030467
030459
030456
030455
030446
03042536
03042535
03042532
03042526
03042008
03042005
03041999
03041976
03041973
030416
030413
030410
03040
030380766
030362
030351
030338
030336
03032537
03032533
03032004
03031973
03031969
030318
030314
030310
030303a
0303031241
030291g
030271
030260
030258956
030235
030234
030231
03022537
03022534
03022526
03022008
03022005
03021974
03021966
030213
03020106
030170
030166
030164
03016
030149
030137
03012534
03012528
03012003
03012000
030120
03011977
03011968
03011965
03011
030088
02senior
02rav4
02octubre2004
02october
02neon
02michael
02love
02jam
02harley
02ghetto
02febrero
02explorer
02eclipse
02daniel
02celica
02buck
02august
02992
029905397
029862652
029660
029500384
029487494
029367581
029283565
02928
029251604
029231
02920253898
029177
029147352
029118482
02908
029015072
029008
028966763
028926946
028902
028888888
028837640
028820
028811
02880288
0288
02879
028765726
028741981
028733181
0287093908
028667008
028503276
028482987
028465
02820282
028195259
028188216
028067562
028026
028016472
028000
0280
027850
027777
027592030
027578
027535445
027530689
027449252
027371283
027228948
02718616
027026650
026901
0268514263
026759246
026756397
026441884
026441618
026429391
026300
02629
02627
02611
026104
026080
026029
02600260
025997424za
025992599
025941243
025928
02590
025896321
02589581
025888
02584560
02580147
025742790
025738
025711591
025661
025630
025589
025566
025524513
025524
025520
025418
025370
025344
025340
025331267
02531
02530
02529
025218
025180
025174
02516
02515
025120
025117
025112
02510251
025095
02509
025038308
025029
025025025
02500
024889
0248620
0247475
024687
024588
02456789
0245620
024559
024494
024474128
024466
024451404
024340999
02420242
024186
023973t
023850109
023848
02369
02362025
023571138
0235689
0235417374
023536
023474001
02345678
0234567
023290818
02321
02320
0231613256
0231564897
023156
023146132
02314
023134
023111554
023023023
023016
023011
023010
022991
022989
02292008
02291992
02291972
022917
022911
022906
022863
022861
022860
022857
022854
022827
022826
02282006
02282000
02281993
02281984
02281981
02281971
022819
0228
022790a
022769
022767
022753
02275
022731
022730
022724
02272003
02271998
02271991
02271978
022715
022712
022711
022668
022656
022631
022626
02262008
02262003
02261998
02261997
02261985
02261970
022613
022574
022571
022565
022564
0225424
022538
022536
022535
02252007
02252006
02252003
02252001
02252000
02251993
02251988
02251975
022460
022420
02241995
02241993
02241989
02241977
022417
022374
022358
022355
022325
022324
02232003
02232001
02231992
02231979
02231976
022319
022318
022311
02222002
02221989
02221981
022219244
022213
022129
022126
022120
02211993
02211989
02211985
02211984
022119
022118
022117
022114
02208
022066
022065
022063
022021
02202007
02202005
02201995
02201991
02201