
828589
828587
828525
8285082s
828504
828503
828487
82848688
828441
82842001
828405
828387
828382
828345
828330
828315
8282828
828281
82828
828271
828250
828238
828228
828214
828213
828211
8282007
828200
8281995
8281993
8281987
8281986
8281983
8281980
8281976
828100
82808280
828066
8280505
8280433
82798279
82793
827926
82791
82790
8278tin
827858
82782
8277382
827600
82758275
827528
8275086
827496
8272916
8272232
8272004
8271cvd
827171
8271123
827111
8270152
827013
826tay
8269780
826969
82693
8269292
82688414
826827
8266411
826626364
826600
826545
826461
8264582645
8264349
826383
826356
8263114
826284
82627
826264
826212
8262001
826200
8261996
8261989
8261980
826123
826066
8260328
826023
825987
82593
825910
82588258
8258619
825837
825827
825813
82581
8258030
825748
825716
825685
825621
8255ch
825549
825528
825522
825514
825510
825490
8254842
82548254
825456
8254551
8254467
825420
825396
82538965
825382
82538
8253743
825368
825363
825360
8253150
8253135
82531
82528
825212
8251998
8251993
8251983
82518251
825177
825122
825108
825099632
825033
8250236
825000
82492
824888
82488248
82486
82485
824822
8246917350
824691375
824691
824682468246
8246791350
824679
824677
82467391
824673195
82467319
824671
824657
824651379
8246467913
824625
824622
824619
824613
824612
824544
824482
8243490
824251
824248
8242447
82420
8241994
824199
8241987
8241983
824123
8241119
824111
82408240
82407
82406
824032
82402
824
823jcrbs79
82394076
82394
82393
82391207
82390699
823831
82378237
823623
8236
823544
8234302
823319
823252
823247
8232213
823210
8232006
8232001
8231998
8231994
8231988
8231987
823195
82314
823139
823112
823101
82301s
823009
822knxgq49
822998
822986
822911
82288pa
822882
82287
82286
8228411
82284
82283
82282
822807
822801
82279
822733
82268226
822655
822537
822535
822530
822525
822516
8224842
8224502
82244444
8224288
822411
8223564
822356
822327
822325
8222867
822225
822211
822210
8221997
8221992
8221984
8221978
8221976
82218099
82206
822007
822001
82199
82198andrea
821983
821979
821978
821977
821970
821962
821960
821956
82194
821931
821918
82191
82187
821818
821805
8217001
821611
821601
821564
821527
821510
821504
821500
8214352
821412
821408
8213930
8213460
821323
8213125
821311
821201016219
8211995
8211991
8211989
8211983
8211952
82116
8211326
82112512
8211224
820ei7173
820999
820966
820904
820903
820900
820888
82088208
8208654
820825
82082
820800
82078207
820725
820709
820527
8204784
820411
820400
820399
820377
8203536
820317
82030
8202906
8202336
820225
820212
82021108
820204
82020
8201995
8201994
8201990
820126
820125
820109
820063
8200400013
8200295
82001may
820017
820002
81vette
81u38raz116
81support
81shortie
81regal
81points
81lasds06
81khppa9
81ggd5
819999
819993
819988
819974
819928
81990522
819903
819902
81990
819888
81988198
81984
819803
81974
8195899
819555
81948194
819458
819420
81930830
8192914
8191me
8191993
8191992
8191990
8191987
8191982
8191980
81906
81904
81903
818chick
818SHOT
818990
81896
818919
8189
81887
81886
81884581
818838
81878187
818706
818607
818605
818600
818589
818586
818518
818515
818506
818488
81844
818410
818404
818388
818384
818361
818323
818321
818313
81828182
818281
818273
81822
8182104
818203
8182004
818200
8181995
818199
818182
818178
818124
818118
818104
8180745j
818055
81804
818
817989
8179403
81788178
8178782
817800
8177400687
817721
8176394
817632
817613
817600
817531
8175255
81748174
8174470703
817420311
8173
817251
8172459
8171996
8171991
8171986
817198
817144
817140
817125
8171130
817100
81708170
816leo
816969
81696
816926
816913
816888
81688168
816880
81688
81687
81683
81682
81679
81677
816666
816618
8165noumea
81651l
816467
816442
816438294672
816320
81632
81627369
81624
8162203
8161997
8161995
8161991
8161990
8161989
8161988
8161977
816131
816115
816111
816060
816022
816000
8159sxxddt
81596
81593
815921
81592
815913
81590
8158907
81587
815707
815670
81558155
81548bam
8154826108
81548154
81544467
815418
815413
815403
815275
815263
8151979
8151974
81514525
815135
815100JJ
8150991
815099
81507
81505
815037
8150*00
814949
814812
814746
8147411
814693123
8146277
814532
8145
814490
81448144
814467
81438143
814365
81432975
814300
814280
814214
81420a
814205
8142007
8141999
8141997
8141987
8141981
8141890
8141312
814119
814108
814100
814085
81405
813gurl
813baller
813WEST
81394
81392afo
81386
813800
813707
8135137
8134life
81348134
81332938
8132eac
813287
81328409
8132110
8132007
8131996
8131990
8131989
8131988
8131987
8131980
813191
813105
81308130
81301jay
81299
81293
81292
812891
812879
81286
812809
812805
81279
81275452
81266
812652
81265
81263338190
812568
81256657
812550
812533
812512
812510
812503
8124561
8124501
812421
81241525
812400
8123977
81238123
812357m
812350
812347
8123456
812321
812308
812273
8122530
8122529
812218
812201
8122008
8122005
8122002
8121984
8121974
8121963
81218
8121758
812161
812153
812128
812123
812102
81207
81206j
81204
812038
812006
811998
811984
811982
811976
811975
811972
811969
81196
81195
8119344
811930
81192420
81192
8118moe
811899
81186
8118518
811851
811818
81180
811723
8116751
811600
8116
8115840
81158115
811553
811515
811500
811496
8114871
81148114h
8114606
8114141
8113bmw
811385
811345
81134
811333
811319
811297
81128
811265
8112539
8112531
8112529
8112528
811238
81122879
8112118
8112003
8112002
8111yee
8111997
8111996
8111981
8111977
8111976
8111967
8111966
81119
81117
811116
811102
811095
81104
811022
811016
811015
81101
811006
81100
810987
81098109
810930
81093
810919
810908
810900
81086
810830
810827
810813
810798
81078
810717
810714
810713
810712
810702
810626
810624
810613
810605
810523
810520
81052
810513
810511
810418
810415
810414
810404
810323
810310
81031
810308
810302
8102536
8102534
8102529
81024
810228
810218
810214
810206
810202
8102002
810200
8101978
8101968
810159
810118
810110
810105
81006
810043
81004
81003
810018
80wo827
80sheets
80sfreak
80scratches
80sBaby
80rice
80love
80e0hbfm
80dj69
80d8700280
80b791
809996
8099918506
809939
809903
809874v
8098515
8098133513
8097244210
8096990448
809699
809696
8096813842
809668
8095944032
809594
809589
809586
8095658241
8095652947
8095643169
8095632589
809557
809554
8095470893
8095407708
8095303650
809528
809527
809518
8094528
8094145
8094060
809400
8093870866
8093790942
80933
8092460118
809242
8092387235
8092382439
809214
809183
80918091
809123456789
8091234
809102
809090
809020
80901600
8090159
809010
80900
808soljah
808soccer
808skate
808pride
808nalu
808monkey!
808maui
808holes
808hoes
808flip
808balla
808babe
808aloha
808916
8088ts
808888
8088689
808843
80881
8087832m
808745
808713ble
808700
808688
8085699
8085634
808555
808509
808505
808504
808502
8084343
808386
808306
8082675
808202
8082
8081729
808124
808105
80809
8080800
808015
808003
80800
80798079
8079431
807759
80774542
8075844
80758075
807460
8072095
80713
807087
807060
80705
806969
8069256
806783
80678067
8066278
806600
806525
806440
806377
806212
806102
80608
80607919
806020
805oxnard
805gurl
80575914
805611
8055boss
8055273
80550021
805419
805411m
80540
80538053
80528052
8051992
8051991
805116
805110
805060
8050301
8050135
805010
805000
804boy
80492
804804
804800
80478047
8047354
804694
804556
804529
8045048
804481
804422
804402
804287
804202
804184
804116
804110
804096
80407
804039
804030
80403
8040060k
803girl
80395
803883
803835
803810
803793
80378037
8037677
803675
8036291863
803514
80349jw
803414
803401
8033LML
80333387
803323
803312
803311
803216
8032007
8031993
80318031
80308030
802870
80286evert
802837
802830
802805
802744
802701
802661
802610
8024957563
802442
80241902
8023xiao77
8023678
8022984
802178
80209
80208020
802068
802060
802050
802033
802010
801980
801976
801974297
801900
80187
8018188
801802
80170
8016880372
801666
8016649
801643
801611
801539
801503
801416
801412
801404
80140
8013za
801399
80138013
801369
801323
801236
801217
8011995
801185
80114
801131
801129
801128
801112
801105
801102
80110
801079
801035
801029
801024
801019
801014
80101
800blk
80098
800933
800928
800927
800922
800913
800909
800903
800900313
8008bd
800888
800822
800821
8007605
800729
800714
800707
8007
800699
800630
80062108
800621
800615
800611
800606
800603
80058005
800529
800527
800525
800518
800517
800512
80048820
8004833
800467
800422
800420
800412
800384
800336
800325
800323
800322
800320
800318
800317
800315
800304088
800302
800250
800244
800222
800220
800204
800202
80017086
800129
800124
800121
800107
800104
800103
80008000
80003262
800020
8000120
800012
8000
8/10/92
8.12.1991
8-teen
8-mile
8-14-91
8-10-91
8*8*8*
8 mile
7ygvcft6
7ygv6tfc
7yeshua
7xxxxxx
7xchamp
7wonder
7winter
7willi
7white
7waters
7wagust
7virgo
7virginia
7v377mze
7uprocks
7upisgood
7upgirl
7ujmMJU&
7ujm8ik,
7twinkle
7tweety
7tujuh
7tink7
7tigger2
7tigers
7tiffany
7thw/dhardheads
7thjune
7there
7theaven
7thaugust
7thangel
7tfour
7teens
7taylor
7tanner
7susej
7sunflower
7stumbles
7strawberry
7steelers
7springs
7spring
7spirits
7softball
7silver
7siete7
7siete
7shelly/
7shadow7
7shadow
7sevenup
7seventeen
7seven77
7seconds
7scorpio
7sandy
7sammy7
7sajada
7rocks
7rings
7redroses
7reddevils
7psycho
7popcorn
7places
7pinky
7pink7
7penguins
7penguin
7peanuts
7paintball
7ossam
7oktober
7novembro
7november
7nodeal7!
7ninja
7monkies
7money
7minimouse
7mimi7
7mileboy
7matthew
7maravilhas
7manutd
7magic
7mag930
7mafia
7mada205
7mackwhorter
7m6hh4py
7loveu
7lovers
7lover7
7losttribes
7lights
7letmein
7leanne
7lbs12oz
7ladies
7kyle7
7kings
7king104
7kayla
7junio
7july2001
7juli1995
7joseph
7jonathan
7johndeere
7jlhdcte
7jesus77
7jennifer
7jayjay
7jason7
7james7
7jacob
7islucky
7iluvtimmy
7iloveyou7
7ianuarie
7hotdogs
7horcruxes
7heather
7hannah
7guyssuck
7guitars
7grcgX9q
7grace
7goofy
7gangsta
7gabriela
7frankie
7forever
7fingers
7february
7febrero
7fea8c0e
7faith7
7f050dce
7evenfold
7even
7enanos
7emily
7elway7
7dwarves
7dust
7dragon
7dolphins
7dollars
7digits
7daysleft
7dawson
7daniel
7dance
7d8dxer
7d4ever
7colors
7colombia
7cobra7
7cidades
7christian
7chick
7cherry
7cherries
7chelsea
7chance
7cantona
7candy
7butterfly7
7bobby
7blue7
7block
7blackroses
7bl@ckro$e
7bitches
7bears
7beach
7banana
7baller
7ballcrazy
7aylor
7ayaty
7argentina
7antonio
7animals
7amor7
7amoood
7amber
7amanda7
7amanda
7amada
7alissa
7abeby
7abebe
7abeba
7THHEAVEN
7THGRADE
7RTmE657
7LOVEloving
7Butterfly
7BITCH
79yester
79tbird
79scout
79oreo
79j5me
79football
79f150
79dodge
79apples
799997
799699
7996424
7996306
7996179
799579
79945540
799327
799300
799260
799197
7991834
7990BM
798nc6039
79899
798979
798977
798969
798899
79887900
798799
7987987
798789
79877
7987160
7985kelymer
7985874747
79856
79852
798500
798479
7984747
798385
7983187
798307
7982955
79827221
798256
798215
798213
798201
798185
79817981
7981524
798128
798105
7981026
798100
7980892
797999
797985
797984
7979797979
79797
797953
7979
7978399
797778
797649412
7976240
7973690
79727972
79717971
797169
79710407
797100
797000
796978
7969725
796923
79690911
796768121
7967530
79667966
7965520
796529
7964122
7962high
796215
79617961
79587958
7958246
795800
795751
795746
795727
795462
795425
795412
795239
7951701
795138246
7951379513
7951330
795123
7951029
7950020
795000
794e236
79497949
794794
7947421
7946495
794613z
7946134679461346
79461346
7946133
7946130258
794600
7943499
79427942
794249
79419560
7941777
7941523
7941156
794099
794071
7940070
793854
7938152
793813
7937793
7937210
793715
7935375
793507
7933ym
793300
79318624
793155
79314862
793145
79311397
793100
793041
793030
7929929
79297929
792888
79282205
792681
792605
7925778
792530
79252845
792525
792522
792503
79247924
792385
792347
7923221
792303
792301
7921C?Lib
792142
7921415ed
792106
792007
792005
792000
791995
791978
791971
791969
791964
7919135
791827
791809
791612
7915892
7914369
7914268425
791416
791385246
7913852456
79138462
79135ari
791353
7913524632
79134682
7913258
791265524
7912345
791216
79121225
791204
791203
79117911
7911545b
7911402
7911330
791113
791057
791024
791022
791021
791015
7910
7909540
790929
790927
790921
790915
790908
790903
790902
790828
790812
790803
790802
790722
790718
790713
790711
790704
790703
790630
790627
790625
790623
790615
790614
790608
790606
790529
790524
79051965
790512
79051177
7905
7904icon
79047904
790417
790411
790407
790404
790403
790402
790333
790331
790325
790323
790321
790318
790306
7902893
7902678
790221
790219
790211
790205
790202
79017901
790128
790127
790126
790125
790121
790119145127
790111
790107
790106
7901054JR
79003love
7900355
7900300
7900082
790000
78vette
78students
78malibu
78knight54
78iwaly90
78harley
78girl
78crew
78chevrolet
78camaro
78blue
78blazer
78a1de71b4
789zxc
789xyz
789qaz
789loca
789bab5
78999
789987456654
78998700
7899870
789963321147
7899040
789903
78990
7899
789898
789897
789888
7898581
789856
789852a
7898524560
7898308
789824
789789g
7897899
78978977
78978945
7897893
789785
7897589
789753
78974123
78969
789666
789654q
789654789654
7896542
7896541112
78965321
78963741
789635
7896325
78963215
78963123
789624
7895nat
78958246
78957895
7895612
789554
789546as
78952qwe
7895278952
7895263
7895246130
789524163
78952178952
789521475369
789521463
7895200
789514
7895123z
7895123852
789512364
78951233215987
789511
7894853
7894652
7894613d
789461
78945k
789459
789456g
789456M
789456987
7894567
7894566808
78945658
789456159
789456123v
789456123f
789456123369
789456123321
789456123000
7894561230,
7894561230+
789456000
78945600
789456+123
7894546
789454
78945+
789445
789444
789422
789415263
789400
7894
7893791
789362
789360
789357
789333
789321mx
7893210
789300
789288
78927892
789277
7892663
789235
78923
789216
789195123
789162
789153
7891414
789123q
789123e
789123a
78912350
789123465
789119
789116
789112
789111
789110
78910a
789105
789103
789102
789086m
78907
78906
789041
7890123c
7890123456
789011
789007
78900123
789-456
789+456+123
78899
78895702
788945
7888888
78887888
7888496
7888122
788744
788702
7886223
788599
78852
78847884
7884578
788415
78840
788378
7883658
788295s
7882155
78817889
78817881
788123
788101n
7880134
788000
787981
787971
787970
78796
787932
787911
787903
787901
7878914100
787889
787888
78787979
787870
7878695Td
78786869
7878662
78784545
787825
7878198
78779369
78779
7876904
787613
78758
78757353
78747874
787457
7874523
78744joseph
78741
78737873
787312
787263923450305
7871446
78707870
787025
7870203
787000
786watandar
786wasi
786teng
786lucky
786gangsta
786980
786921
78692
786904
786900
786862
7868086
7868052
7867869
78678611
786691
78667866
786666
7866514
78664
7865lee
78657865
786529
786521
786500
7864lyf
786480
7864181
78637863
786329
786311008200
7862965
7862355
7862254
7862221
7862039
786140
78612345
786121
786114
786111
786101
786082
7860786
786012
785tgh03
785969
785946
7859271
78592631
7859018
785895
7858732
785866v
785856
78585
785823
785822
785783
7856321
7856320
785562
78550711
7854963
785496
7854831
785482
7854272
7854123
7853860
7853032
785263
7852507s
785210
785209
785195
7851585
7851566
7851304
7850546a7
78497849
78495162
78487848
784818
784813
784754
784623
7846226
784600
784578
7845676
784562
784548750909
784531
784515215
784512963k
784512895623
784510
784455
7843622
784310
78427842
784243
78415
784141
784100
78407840
7840732
784050
7840293
783jkg
7839rudy
7839823
7839
7837429
783742643
783708
7836992
783654
7835897123
783569
78350482
7834620
783387
783361
783326
78332
78329
7832310
7831753
7830849
783044
78298
782929
782801
7827ad
78277s
78277827
7827153
782712
7827
78267826
7826539
782612
7825925
78257
782555
782530
782529
782528
782521
7824xa
78247824
782356
782328
78232
782299
782211
782183
782122
782015
782002
782001
781999
781975
781974
781969
781966
781964
781961
781958
7819553
781912
78189447
78187914
78187818
78181
781800
7817voll
781782
781781781
781748
781718
7816655
781606
781546
781530
781513
7814975
781466
781420
781410
781400
7813708
781314
781305
7813
781289
781278127812
78127812
7812746
781264
7812418631
7812379may-josh
781236
781234
781227xy
781221
781219
781201
781200
781189
781160
781159
7811528
781150
7811265
781107
781101
781089
7810347
7810307
781027
781022
781018
781006
7809gg
780987
780918
780916
780914
780911
780901
780828
780826
780815
780811
780809
78077807
780716
780713
780712208
780710
780705
780629
780627
780626
780617
780616
780614
780611
780606
780541
7805333
780527
780524
780518
780506
78047804
78046
780425
7804200
780402
7803628
780330
780325
780323
780322
7803201
780319
780318
780317
780305
780302
7802554
780223
780212
780207
780204
780201
7801793
780161
780129
780126
780118
780111
780110
780106
780101
780097
780078
7800112
77zoom
77winoo
77tonga
77shovel
77robert
77purple
77mile
77marie
77kidd
77jeep
77jackson7
77happy7
77dimond
77dc77
77chris
77butterfly
77blue
77bear
77amood
77991133
77991100
77991
7799
779771
77967796
779677
779603
7796
77950641
779404
77940102
779384
7793450204
779200
779183
779122
7790
77899
778944
778907
77889999
7788998855
778899789
778899778899
77889955
7788995
77889911
7788991010
77889910
7788975
778892
7788899
77888877
77885566
77885533
7788521
7788251
778814
778810
778806
7788000
7787kns
778788
77873763
778707
77867786
778605
7785796
778520
778500
7784atp
778488
778445
7784335
7784065
778406
77837783
778307
778211
778200
778102
7781
7780jett
7780420
778001
777y777
777saved
777rrr
777roni
777red
777nick
777moose
777mel
777luv
777logan
777king
777heaven
777faith
777dazzle
777cool
777chaos
777bbb
777anitalj
777977
777969
7779311a
77793111
777931
777921
777890
77788999
7778832
7777bg
77779
777786
777782xp
77778200
77777k
777777u
777777p
777777k
777777f
7777778
7777777nt
7777777b
7777777A
77777779
777777777777777777777777777777
77777777777777777
7777772
77775555
777737
777733
777728
777717
777715
777711
777710
777699
7776777
77766
7776
77757
777549
777530
7775150
777421
77741r
777400xx
777400
777393
7773777
777321
777311
777310
777303
77730
7772980
7772321
777223
77721
7771990
77717771
7771515
77714
7771212
77711777
77710000
77707770
7770749
77699754
77697769
7769164
776903
776900
776859
776767
77675542
776752
77671125
7766888
776688
77665
776602
776575
77654321
77647764
776339
7762323
7762165
776194
776176
7761480
7760078
77577
775721
775687
775642ba
775599p
775575
775566
775562
775544
77553322
77546
775438
7753614
7750911
775023
775015
77500
774977
77487748
7748228
774768
774746
77471at
774669
7746676
77462372
7746237
77462312
774623080692
774600
7746
774523
774520
774508
774488
774474
7743822x
774346
77427742
7742020250
7741smcv
774122
7741164
774100
77410
77407740
77399999
773907
77385318968542
773800
77377737
7737397
77368912
7736288
77357735
7735426
773500
773461
773455
773399
773382
773351
773344ji
773344
7733318
773300
77327732
773202luna
77317731
773132
773036
773010
77299
772938
772937
772912
772907
772882
772825
772800
772759
77267726
772577
772566
772552
772546
7725423
772539
772532
772527
77247724
772406
77237723
772368
7723570
772319
772288
772284
772244
772230
7721826
77217721
772144
772120
772111
772080
7720591
77200
771976
771969
771967
771961
771951
771950
771920
771879925
771827
771821
7718100
771795
771790
771789
7717789
771711
771700
77167716
771677
77165120
771601
771600
77157715
771555
771532
771493
771414
7713858
771278
771227
771220
771215
771209
771203
771201
771200
771189
771188
771178
77117711
771166
771155
771145
77113399
771124
77112233
771114369
771112
77111
771109
771106
77110
77107329
771070
7709956
770984
77097709
7709428001
770929
770928
770923
770889
770829
770825
770824
770822
770812
770810
770787
77077707
770777
77076007
770731
770723
770720
770719
770712
770711
770710
770667
770628
770620
770617
770609
770607
770606
770602
7705937
770528
770527
770525
770522
770511
770506
770501
770477
770428
770427
770424
770423
770418
770404
770401
7703895272
77037703
770330
770324
770321
770318
770311
770307
770306
770303
770301
7702je
77026
770223
7702219
770219
770216
770215
770214
770212
770202
7702
77018547608393
7701531
770122
770117
770116
770115
770106
770101
770099
770066
770019
770011
76uJyXe
76stingray
76jg2h
76ersnba
76ersiverson
76ersai
76ers03
76dodge
76Yblehs
76QQ309
7699brad
769967
7699619
7699
769800
7697877
76977697
769728
769708
7696val
76969
7696210
76951
769485
769394
769362
769300
769258
769200
769015
7690
76877687
768776
768378
768351
768311
768303
768302
7682565
7682
768185
768181
768107ka
767999
7679970005
76798620
767955015
7678878
767878
767876
7678050
767800
767798
767676k
767654
767622
76757675
767574
767529
767499
76747674
767426
7673rose
7672889
767276
76711
767088
766967
7669
766700
766679
766677
766599
76653283
766521
76651771
766485
766484
766466
766437
766409
76637272
766325
7663106
7662536
766246
7662450
766218
7661627
765900
765830
7658161
7657839
7657648
765678
765677
765676
76567
765656
765588
765555
7655464
765477
765476547
7654321t
7654321q
7654321m
765431
7654272
765421j
76542
7654197
765401
76537653
7651376770
765125
7650994
7650918
765042
764958
764927
764925
76487648
7647739
764770
76467711
764676
76466926
764612b
76457645
764539
764501
7645
7644755
7644547
7643524
7643439
764321
7642978
76427642
764122
7641176
76407640
7640119
763742
763639
7636333
7635640
763431
763412
763369
763333
763319
763267
7632630
763220
763211
7631990
763121
763100
7629107
762827
7628149
76267626
7625968
762584
762567655
762552
762538
762533
762527
762511
7624513
762451
7623610
7623356
76223989
762237
762199
762123
7621119
762109
7621
762075
762060
762001
761999
761973
761952
761885
7617763
761681
761664
761616
76150
761411
76137jw
7613600
761349852
76127612
761266
7612323
761230
761220
761218
7612119
76121134
761211
761210
761201
761200
761176
761128
761126
761117
761110
76110joen
761105
761103
761100
761031
761029
761024
761017
761012
761010
761007
761006
76100
76097609
760927
760926
760923
760921
760920
760916
760908
760902
760828
760808
760805014
760805
760760
760724
760721
760716
760715
760710
760707
760701
76067606
76065
760621
760615135369
760614
760613
760611
760610
760604
76057605
760512
760505
760502
76047604
760428
760413
7604119
760407
760406
760402
76037603
760336
760329
760322
760320
760313
760310
760304
7602346
760224
760211
760206
760204
760203
760201
760129
760128
760112
760109
760102
7600889
7600055
75winterst
75sp312
75republic98
75paris
75londonroad
75goupillot75
75ford
75damian
75cool
75cents
75baby
75amron
759933
759889
759859
759852
759759759
75972sa
759718
75967596
7596555
759623
759575
759551
75951535
75951
759500
7594831
7594
759393
759321
7592583
7591534682
75915346
759149
759135
75912
7590329
7590
75896342
758963
758955
7588859
7588222
75881988
758796
75868447
75867586
758628
758595a
7585914
7585912
758588
758575
758566
7585491
758540
7585002200
758475
75845415
7584256
7584194
7583817
7583712
758322
758319
7583
75825758
7582564
758100
7581
7580663
758044
758025
758013
757girl
757badnews
757898087
7578864
757700
757678
757666
757664
757599
757590
757575l
7575757575
757500
75747574
757475
7574242
7574208
757411
7573898
757375
757211
7571747
7571519
7570883
756900
75687568
75687319
756811
75677567
756757
756579
7565769
756533
7565144
756491
756489
756470
756361
7563224
756230
7562233
756175m
7561609
756156
756123
7560600
7559903
755915
7559122
7558732
7558289
7558260
755700
755649
7556394
755634
7556143
755579
75555
75531559
755311
755291
755281
7552085
755200
755152
75497549
754958764958
7549018
754861
75484215
7548175
75477547
754762
7547425
7547129
754669
75464120
754563
7545540
7545152535
754499
754434
7544257
754319
754311
754084
754008
75397539
753954
753951l
753951h
7539518525
7539518462
7539518264
753951825
753951753
75395166
753951555
75395146
753934
753900
753869421
753860
753822
753819
7538186
753789
75369852
753695
753691
753689
753666
75362
75357535
753573
7535639
753555
7535422
7535148
753456951
753428691
7534210
75342
75337533
75335789
753333
7533305
7533
7532993
7532684
7532228
753219
753216
75321598
7532043
75319
753169
7531598246
7531597535
753159555
753159456852
753159123
75315900
753157
7531234
753111
753110
7530110
753011
75301
75300357
75297529
75296h
752937
752929
75291988
752859
75282
752800
7527tapperave
7526685
7526679
752613
752610
752604
752573
752535
752533
752527
7525042
752369
752344
75233
7522989
7521592
752118
752113
752109
7520561
752020
752007
752005
752003
752000
751cain
751976
751974
751973
751969
7519119416
7518jon
751871
751852
751826
751800
7517727
751759
751750
751700
751644
751607
75157515
7515586
75151875
7515157
751488
751456
75142
7514186
7513478
75131663598742
7512891
751288
751284
75127512
751274
751240
751223
751219
751213
751212
751208
751204
7512021
751129
751105
751103
751030
751029
751026
751024
7510175
751017
751015
751012
751007
7509458
7509405
750910
750903
750826
750819
750818
750815
750811
750810
750807
7507228
750720
750719
7507030
750666
750627
750614
7505698
750569005
750550
750531
750526
750519
750511
750505
75046859
750424
750421
750420
750417
750411
750410
750408
750401
750327
750326
7503221
750310
750301
7502damon
750224
750222
750220
75022
750212
75017501
750130
750123
750112
75010
75007500
7500642
750016131
750010491
74scott
74love
74gd74
74folks
74duster
74camaro
74bera61
749962
7495932
749577
749514
749400
7493230
7493145
749175
749152
749100
74907490
74897489
7489189
74891