5
4315172
431503
431500
43150
431450
4313767
43135
431336
431327a
431319
4313149
431298
4312868
431276
431243
43122460094
43122
4312166
43121074
431210
4312043120
431194
4311681
4311590
4311517
431129
43112526
431123
431106
431105
4311
4310limo
431074
4310367
431024
431023
431022
4310124
4310099
431001
430cdt
430960
4309444
43094309
4309
430888
43088
430877
430802
430779544
4307221985
430671
4306582
4306547
430627
430626
430600
430583
430523
430442
430427
430341
430310
430298
430265
430255
43024
430230
430219
4302105699
4301998
4301987
4301984
430198
4301968
43019
43014502
43014301
430139
430123
4301154
430100
43006602
430043
43004
430037
430035
430011
42years
42tool42
42thefloor
42mher
42many
42bashore
42995
42992
42987
42986
429855
429812
429800
429729
42971
42964296
429595
429539
429515
429500
429495402jason
42944294
429400
42934293
429336
4293190
429242
4291989
4291985
4291804
42914291
4290ab
429025
4290077562
4289492
428912
4288949
42889
42884288
428781
428733
428700
428696
428695
428688
4286467
428633
4286
428502
428500
4284537
428444
428433
4284073
428331
428317
4283168
4283126
4283
42828025
428272
428262
428255
42824282
428221
4282001
4281994
4281990
4281981
428172
428071
42807
42794
4279340
42792
4279112
427904
427900
427893
4278854
427856
42784
42783david
427839
4278284
42780
4278
427799
42772
427710
427691367
42760234
4276
427373
427301
42724420
4271996
4271994
4271986
4271517
4271251321
42704270
427014
4270044
426Hemi
42698my1x
4269893
426914
426911
426901
42688
426879
426854
426853
426849
4268422
42681
426803
4267828
426744
426632
4266233
426622
4265915448
426584
426580
42656
4265501
426542
42651
426478
426470
426433
426352
426322
4262gaby
4262701
4262604
426256
4262434
426214
4262007
4262004
4261995
4261993
4261990
4261792
426166
426133
426131
42613
426122
4260dc
42608
4260696
42606
426038
42603
426010
425love
42596
42594
42593
42591
425900
4258902
425890
425887
42588
42587
425869
42584
42583
42581825
42580
425719009
42569963
425675239413
425659
425632
42561235
425610
425600
425566
425562
42555339
4255529
425531
4255
4254856964
425459
42544254
4254
425384
425363
425357
425296
42528829
425252
425212
425211
425203
425201
42520
4251985
4251984
4251983k
425188
42515362
425125a
42512100
42510
42508
425067
42504250
42504
4250164
42500
424991
424959
42494249
42493
424900
424851310061
42485
424842
424841
42484
424832
424831625d
424810
424756
42474247
4247123
424701
4246phx
42466
424619
4245gail
42459
424551
424548
424525
424470
424446
424442
424431
4244265
424425
4243551
42434491joana
424313012
4243085
424300
424290
424288
4242505
42425
424245
424242a
4242424242
424240
424223
424221
424211
424205
4242005
4241994
424199
424164
424157
424121
4241196
424105
424052
42405
42404240
423994
42396
42395
42394239
4239366
42393
42392555
423921
423911
42391
4239
423880
42384238
42381
423789
4237437241
423735
423633
42363248
423626
423622
423611
423542
423532
423516
423511
423504
423500
423456
423413
423412
423391
423345
423324
42327
423269
423250
423241
423234
423225
423214993
423212
42321195b
4232008
4232004
4232003
4231997
4231990
4231982
4231977
423189
423161
423127
423033
4230221
42299200
4229
422899
422897
422891
4228875
42287
422863
4228585
422844
422840634
42284
42282
42281
422808
422800
422792
422788
422748
42272510
4227
422693
422650
422643
422632
422613
4225633255
422544
422537
422536
4225263
422520
422514
42250441
42250039
422433
4224008
42240
422379
42236460
42235
42234223
422323
422319
422316
422312
4223047
4222899
422270
422241
422212
422200
4221989
4221986
4221979b
4221978
4221970
4221956
4221954
4221915
422159
42215890
42214669
422123
422121
4221199
4221195
422114
422112
4221111
422110
42210799
422100
4221
42207
422060
42205
422022
422018028658
422014
422012
422009
422008
422005
422003
42200
421966
421962
42196
421951
42195
421900
4218787
42184218
421810
42181
421809
42180621
42178
421750
4217442
42174217
42171
421677
4216689
421650
421620
42162
421618
42159125
4215855
421581
4215530m
4215433
421542
421521
4215177
421504
421500
421479
421454
421437
42143
421428
421427
421422
421400
4214
421379954
421363
421356
4213529
42133669
421327
421325
4213226
4213006
4212645
4212639
42125220
42125
4212423
421236
421221
42121814
421212
421210
421208
4212
4211991
4211990
4211988
421188
421181
4211654
42115punks
42115744
4211325
42112056
421120
4211136
4211
4210877
421081047
421069
421036
42103
42102706
42101k
421019
421015
4210143114
42100415
420yes
420x420
420william
420weedman
420toker
420times
420slut
420shit
420sexy
420rulez
420red
420oscars
420ninja
420mom
420may
420kmk
420kiss
420herb
420hemp
420haha
420gurl
420frog
420fire
420buzz
420burn
420bunny
420boys
420bob
420blue
420always
420alex
420STACK
420ALLDAY
420AKK
420985
4209754
420971
42097
420906
420900
420888
420863
420861
42086
42084
42083
420826
4208174
420817
4208138
420813
420789
4207764
420759
42075176
420743
4207337
420730
420727
42071
42070707
42069r
420698
420695
4206921
420681
420677
4206678
4206669
42062
420610
420606
420568
4205357
420518
420505
4205
4204LIFE
420492
4204859
420420p
4204201
4204158
420412
4204103
42041
420387
420371
420357
420351
42033
42032
420313963
42031169
420310
4203
4202day
420242
420225
420220
420213
4202050
420202
4202007
4201996
4201995
4201992
4201985
4201984
4201983
4201982
4201981
420189
4201610
420147
420136988
42013
42012
4201122
420111
420110
4201029
420102017
4200kk
4200906
42008a
4200545
420053
42005
4200484
420035
420015
42001
420007
42000000
41dirk14
41dallas
41captain
41allday
41G1100
419922
419908
419900
41987
41985752
41984
41982
41979love
41978
419700
419684
41968
4195823123
41954195
41953441
41953053
419524
41950
4194bis
4194891
419488
41940453
41934193
419310698
4193033?
4192sexy
419286
4192532
41923
4191995
4191993
4191990
419123
41907
419051
419011
418957
418921
418915
41891
4188921123
41889
4188700
41884188
418814
41881
418804
418799
4187429
4186984
41868320
4185983
41854865
4185057
418500
4184801
418469
418318
418300
418248
418234
41823
4182002
4181991
4181990kicel
4181840
418176
418167
418123
4181229
4180793
418035
4180230
41801139
418000
41794179
41792
41791
417900
417830
417820
41782
41781763
417815
4178050
417688
41768
4176714
417557
41752596
4174784
41747
4174535
41744174
4174177
417262
41720963
417201225
4172006
4171995
4171991
4171989
4171967
4171714
417154
4171245
417123
4170727
4170
41695
41694
416905
416903
41689165227622
416883
41688
41685
416837
416800
416697
416692
416660
4166
4165677
416555
416518
416517
416516
41644164
41642
416323
4163137
4163
4162828
416262
416225
416215
4162007
4162005
4161991
4161988
4161985
4161696
416152
416123
416109
4160681
416000
41599986
415976
415963
415953
41594159
415928
415920
4159
4158916
41589
41586
415826
415772
4157533428
415725
41572
415712964
415704
415699928
415694
415677
415672gh
415656
415650
415614
415600
4155616
415560
41555
4155166
4154901
415486
415472
4154326
415431
415417
4153610
4153527
4153515
41534153
415296
4152838
415275
415263j
4152637
415263123
41526
4152464
4152370
4152366
4152317
41523
415224
4152180
415215
4152006
4152003
4152
4151995
4151994
4151984
4151983
4151981
415198
4151972
415158
41514151
41514017
415128
415125
415123
415111
41510707
4150883
415066
41504
415014
415012
415000
41500
414NYC
414980
414941
41493
414912
4148997
41488
41478
41476
414722
414684
4146769
4146761
414666
4146650
414632674k
414625
414616
4146127
4145843
414546
41453800
414529
4145224
4145124
414465
41444144
414406
414400
41440
4144
414368
4143504
414321
414313
4142712
414266
4142555
414248
414246
414244
4142434445
4142384
414228
414220
414212
414205
4142000
4141994
414199
4141366
414125
414111
414102
41409
414068
41406
4140540
414032
4140163
41395
4139441
4139374
413920
413900
413895
4138796
413860
413796
413737
413707
4136723
413658
41364136
4136342
413632
41361
413600
413554
413518
413514
413513
413503
413479
413457
413428
4134213
4133906
4133432
413341
413315
413285nek
413283
41327
413265
413252
4132439
413241
4132190
413210
4132000
4131987
4131977
4131954
413195
4131660200335
4131515
413150
41312
4130970
413052
41303
4130107
413006
41300
412990
41294129
4129166
412914
412896
412895
4128910
4128828
4128811
412860
41284310
412841
41284
41282
41281444
412784
412672
412622
412601
412600
41260
4125878
4125789
412578
4125687
412558
412555
412539
412538
412528
4125252
412524
412521
412511
412501
4124ever
412466
412459
412444
412440
4124222
412421
412415
412412412
4124110
412378
41236987
4123528
412344
412328
41232
4123163
412313
412311
41231
41230
4123
412297
4122710
4122564
4122534
4122531
4122525
4122523
412250
41223917
4122312
412212
4122008
4122007
4122002
412199312
412199
4121974
4121972
4121969
4121955
4121950
412174
412154
412140
41214
412134
4121329
412128
412122
412119
412117
412111
41211038
4120655
412055
41205422
41205
412020
412017
41200
411sexy
411cody
411999
411984
411975
41197
411967
411966
411960
411957
411880
411870
411862
411857
411833
41182512
411802
411791114
411718
4117123
411711
4117
4116932
411693
411691
411673675R
411624
411622
41160
411588
411558
411535
411519
4115084
4114rep
411493
411491967
41145256336
411425
411424
41142
411410
411408
411403
4113619
411359
411350
41134113
411335
411329
411318
411316
411300
41129
411288
411282
41128090
4112535
4112527
4112522
4112515
411227
411219
4112123
411211
411210
4112001
4111998
4111997
4111976
4111968
4111874
411178
411176
411166
411131
411114
411096
41108
41107
41105
411032
41103
411027
411000
4110
410boss
410bmore
41099
4109757
410932
41092a
410919
410890
41087
41084914
41084108
410823
410812
41074107
41074063
410715
4106818
410640
410637
410601password
4105dk
410598
41058007
410575
410513
410444
410424
410422
41041419
4104105
4103597
410350
4103434
410342
410330
410323
41031206
410311342
410311
410309
410308
410305
410303
4102l
4102bp
410291
410285
4102563
4102533
4102532
4102531
4102529
4102528
4102526
4102509
41025
410236
4102001
4101998
4101980
4101974
4101611319
410158
410147
41014101
410131982132
410122
410112
410109
4100PST
410090
410065
410056
410045
41002
410010
41000113
40watt
40water
40password
40oztofreedom
40niner
40newst
40gravel
40gbhdd
40days
40daddy
40cals
409999
409979
409911
409827
409740
409700
409409c
409401
40934
409300
409293
409210
4091991
40917
409067
409040
409010
4090
408love
408cvc
408baby
40894089
40891
408909
408707
408676
408601
4085610
4085069
408466
408400
4082941354
408160
408100
408070
408060
40802010
408015
4080
408
407boy
407bitch
407abc
40791600
4078
407700
4076moran
407693
407600
407545
4074986
407454544
407452549
407388
4071991
407024
407021
4070123
406RITA
406900
40670
406604
406574210
406519
406511
406477
406464
406433
406275
40624869
4061994
40618421
406140563
406111
4060670
406066
4060500
406050
406027
406010
40600029
406000
40590
4058828267
40574057
405734
40562526
405606
4053121
405300
4052elmo
405236711
405209
405208
405200
4050833
40506
405026m
405013
405011
405007
405000
404vac
404boi
4049miami
404935
40491
404884
40488239
404868
4048425
40474047
404700
404511
404344
4043410
404340
404302031
4043
404202
4041996
40414041
40411
404060
404058
404044
4040404
40403
404025
404017
404010
403849
40374037
403640
403613
403600
403521
403503
40344034
403439878
4034240342
403351
403312
403310
403309
4033004
40330
4032991
403200
4031996
403188
403183
40314031
403125
403094
403030
403010
402999
4029694
40294029
402900
40290
40289
40284028
402696
402609
402563
402521
402500
4024sl
402417
402379783l
402368
402356
402332
402301
40228578
40224022
402215
40220158402
4021polk
4021991
4021879m
402113
402111
402107
40209
4020747
402051980
4020405
402018
4020088
402007
402003
40195946
4019187
4018374
40164016
401639
401579
401555
401540
401525
401518
4015021
40144014
4014349n
401412
401401401
4014
40139
401303
401280
40127507
401275
401269
401242
401205756
401201
401200
401125
401111
401108
401101
40110
4011
401090
401082
40108
401077
40106
401025
40102030
40100
4010
400mdash
400hurdles
400club
4009511
400940
400939
400922
400910
4009031221
4008660
40084008
400826
400823
400821
400803
400800
400786
400781
400686
400630
400625
400620
40061117
40054005
400540
400535
400502
400457
400447
40044004
400411
4003520
4003506
40035
40034003
400312
400303
400229
4002221
400218
400205
4002
400180
400146
400120
400113
4001023
400102
4000000
40-15-hf
4/3415/5
4*amores#
4 ever
3yr1y3l
3y3lov3you
3xtr3m3
3xembryo
3xalady
3wp0uleg5ego
3world
3wheeler
3wheel
3weiners
3washington
3volleybal
3volcom
3vision
3velin
3vball
3van3sc3nc3
3v3rything
3v3lin
3utterfly
3up4down
3ul8oba44hik
3tulips
3tristestigres
3trinity3
3toluca
3tofangdar
3tnies
3tinkerbel
3tigger3
3thomas
3thehardway
3tesoros
3teddybear
3tease
3tears
3tatertots
3t8e4k92
3sweetness
3sunset
3sumspunky
3style
3stripes
3strella
3storeyshigh
3stones
3stone
3stinkies
3steven
3stayout
3st3ban
3squad
3sport
3spongebob
3spencer
3souljas
3some
3socks
3smooches
3smeralda
3smallwords
3skull
3skittles
3skelion
3sisters3
3sistaz
3sissy
3single
3september
3secretme3
3scorpion
3scomp
3salvador
3salem
3sacrowd
3rxygls
3running
3rp5tv
3rockyou3
3rocks
3reisudest
3red2001
3rdwatch
3rdtamariki
3rdstrike
3rdson
3rdsacharm
3rdrail
3rdgrader
3rdgang
3rdfloor
3rdbass
3rdave
3rajaali
3raiders
3r3r3r
3r1,kj8406,8r.36
3purple3
3promises
3princesas
3primas
3point14
3playa3
3plang
3pkr1993
3pinkroses
3petals
3perros
3perritos
3penguins
3peace
3okrab
3ofmine
3nvied
3number3
3nsba9cm
3nipples
3nightmare88
3newzsirisak
3nephi11
3nenes
3namorada
3mustang
3muskateer
3muffassa3
3mouse
3mother3
3morte
3moness
3mommy
3mobile
3mmanuel
3mm4nu3l
3missy
3miracles
3minutos
3milia
3metal
3merick
3men2
3mememe
3melissa
3mayo
3matthew
3marzo
3marvin
3martie
3marie3
3maret
3manu3l
3machines
3m3rg3nt
3m23ru9
3lwfan
3lw3lw
3lue_*ngel57
3lsalvador
3loveuu
3love5
3louise
3logan
3locas
3lloyd
3livija
3littlemen
3littlebirds
3little
3lionz
3lilmen
3lilmama
3li3z3r
3leches
3lawarn
3l3m3nts
3l3ctr1c
3kymmie3
3kinky7
3killa
3kidswow
3kidsnow
3kidsilove
3kidsihave
3kidsathome
3kids1dog
3kidos
3kidds
3kdda8
3kantos
3kaincourt
3june2000
3julio90
3julio
3jqvab
3john2
3january
3januari1989
3isenuf
3iloveu
3il33n
3hotties
3hnfdak8
3highhaven
3hchevy
3harley
3happykids
3hannah
3halo3
3green3
3grandsons
3goodgirl
3glleo
3girlsrule
3girlsmom
3girls2boys
3gforfree
3gerbils
3george
3gems13
3gbeo011tqf4
3gangsta
3funny
3fleas
3fishies
3fishes
3finger
3filhos
3f3f3f
3ew3ew3ew
3ew21q
3end1ttome
3eminem
3emara
3elephants
3elements
3edcvb
3edc8uhb
3edc3edc
3ed7u0iknfhx
3e4r5t6y
3e1693c6123
3du@rdo
3dstudiomax
3dsmax
3dracing
3doxies
3dogs4me
3dogs1cat
3dog2cat
3dna18
3dkids
3dixie
3dimension
3diciembre
3dgfan
3dfxk0
3demaio
3december
3ddrocks
3daygrace
3darren
3darkangel
3daniel
3dancers
3cutie
3cuteboys
3cuador
3crown
3coolcats
3cookie
3cocks
3clouds
3christ
3childs
3cherry333
3cheer
3charlie
3chargers
3ch00h
3cffrufina
3cats1dog
3carolina
3c2x1z
3c14b24
3bzcrbcm
3bulldogs
3bubble12
3brpond
3brandon
3brHA4
3booger
3boobs
3bmshtr
3blunts
3blue3
3blind
3bitchs
3bigkids
3bigdogs
3beautiful
3bbaby3
3banksiast.
3ballin
3balla
3b4411
3august
3atm3n0w
3ast3rn
3assholes
3ashe2ba7eb
3apple
3animal
3angelitos
3angel3
3andrew
3amigo
3alyssa
3allstar
3allison
3alison4
3alexis3
3adidas3
3adidas
3aaaaa
3a5c8b
3STOOGES
3Pyramid
3Monkeys
3LILPIGS
3L5NHOG
3KINGS
3KIDS
3K7vJ089F5
3Joshua
3GIRLZ
3GIRLS1BOY
3EE24544AB
3EDCvgy7
3DAYSGRACE
3CHICK
3CCCST
3Babies
39moosy>>
399999
399898
3998522
39984
399716
39963996
3996298
399428
39939
399316294
399297
399292
399194
399191
39917
399147
399139
39913010m
399129
39911993
3991105
399101
399100
399072
39903990
399000
398baark
3989848e
398914
398821
398814
398806237
398800
3987932
3987229
398612
3984237
3982936
398195
39813981
3980845
3980811
3980366
3979210
39790433
397881
3977cory
397788
39777
397749
3975804
39753975
39753
397158
397139
396999
3969849
396969
396860
39683968
396718
396667120
396644
396555
396495
3964156
396375212
3963006
3963002
3962858
396272
3962644
39623962
396220
396200
3961633
396098
396067
396040282
396001
395she
3959703
395890
395822
395678
3956737
39566
39564
39563956
395566
39553955
395428
395295
3952336
395170
395153
39513
395084x
395050
394960
394959
39493949
394797
39473947
3944702
3944619
394444
394394
39423942
394221
394172
3940119
394000
393999
393951
39393
393742
393639
393481
3933ma
39333933
39325435
393223
39317jei
3931308
39311m
39303930
393007
393000
392888
39283928
3928175
392817456
39277053879889
3927433
392533
392529
3925252
3925180
392514
3924949
392409
3924023ter
392394
392393
3923649
392315
392314
3922545
39223922
392222
39217322
39216738
392139
3921305
39212697
39212
392051122
392050331
39203920
392025
392020
39201.
392006
392004
391980
391978
391977
391974
391967
391961
391945c
391911
3918915
3917455
391652
39163916
39153382
391447
391413
39123912
39121786
39121030
391202
391200
3911jj
391147
391145
39113911
3911313718
39109731
391042
391026
39101826
390940711
390888
3908055
3907520
390508
3904948
3904131
39040
39039820
390328
3903011
390258mv
39025693
390233
3900450
39003@0
39-42-40-
38morales
38cargo
38SPECIAL
3899wood
389956
389900
3898318
3896537
38943894
389422
3894
389383jl
389241
389237
38921111
38920
389183
389151
38913891
389128
38912103
389110
38911
389101
389080
3890554
389007
388988
3888593
3887056
3887
3886567
38863886
388588
3885848
38853885
388500
38849340
388383
38823882
388220
3881532
3881490
38813881
388089
388056
3880525
38801771
3880019
3880
3879tovy4
3879778
3879421
3879
38783878
387807
387780
38773877
3877152
3874489
38743874
387426
387412
387387
387379157
387321
387211
387207
3870202
386888
386818
3868
386778
3866339
3865979
3865121
386471
3864705
3864057
386402
386384
386361
3862tg7
386286
38613861
3861285
386121
386100
3860915
38603973
386038
385ff277
3859847
385950
385900
385758
385656
38558338
3855252
385521
385487
3854651233
38543854
385386
3853713
385300
3852345
3851822
385181825
38514733251829
385136
3850914
3850586
38503850
385037
384977
38493849
384874
38483848
384659b
384651
384628
3846248
38460609
384555
384491
38433843
38423842
384200
38415961
383942
38393839
383922
3838rules
38389c
383870
383861
3838383
383837
3838338
383813
383800
383798
38375
38373837
3837382
3836383
3835sw
383596
383546
383426523
383421
3834009
3833104
383234
383128
38303830
383038
382980
38297
38292197
382918
382914
382881
38283828
382838
382835
382828
382818
38279473
3827649
382738
38270526
382588
382569
382530
382528
382526
3825
382438
382421
382414
3823707
382364
38233823
382265
382255
382238400
382219
38217
38213821
382122
382117
382111
38201975
382010
382008
382005
382000
381989a
381980
381968
381959
381929446
381738
3817292486
381645
381622
3815775
3814409
38143814
381411
381410
38140DIANA
381402
38133813
381338
38129raven
3812989
381281
38128
381236
381222
381217
381208
381206
381147
3811316
381100
38083808
3807419
380642
380603
380485
38047116
380462lk
380360
3802518
38023802
3801791
380140
3801348
3800drew
3800V6SFI
380043
37princess
37gammaecho
379973
379911
3798652
37973797
37945
379389
379321
3793023
379182
379170
379164825
379164
37911d
3791
379080
3790000
37895175
3789021d
37890
378898
3787865
3785475
37842592680
378352
378334
37829
37823782
378237
37815dll
378037
378021
37800
37793779
37790311
377737
377588
377563
377391893
37738
37735519
377321
3773
37723772
3771919
3771675
376811
37663766
376600
376588
376444
3763101
376269
3762214
376179
37611
376000
37593759
3759
3758583
375811
3757254
3756767
3756
375554
375531
37553
37533753
375270
375266
375260
3752535
37523752
375189
375142
3750045
37493066
3748dm
374747
37473747
374548
374535b
3745274
374513
374374
374372
374363
3743553
3743051
3742eric
374250
37425
374237
374222
3742
374128
3741161rc
373991
3739596
37393739
373821
373820
3738137
373736
373729
373533
37353
373389
37338056
373339
373300
3732
373125
3730yrd
3730462
373022
373019
373000
372aam
372857
3728217
372777
372737
372728
372724
372717
372700
37268
3726724
372537
372532
372524
372521
372517
372515
372467
3724600
37243724
372412
37241
3724006
3723858
37223722
372171
372161
37213824
3721212
372121
372110
3720700855121
372008
372007
37200474
371974
371955
371950
371928
371925
371901
3718859
37181618
371790
37171
37170ae
3717033
371649
371578
37153715
371533
3715046
37147ku
37143714
3713942
371320
371318
371295006
371253
371243
37123712
371237
371233
371230
371224
371211
37119454
371173
371155
371153
371129
371110
37110397
371056
37103710
371011
3710
370891
37082
370815
370810
3707740
370707
370588
370540
3704mami
370321
370262
37023702
370100
3700701066511
370053
36roses
36knuck
36football
36degrees
36clbk761
36china
36Mafia
369goose
36999985
3699905
36999
369987741
369958
369921
3698778963
369877
369876
36987456
36987415
369870
369852369852
369851
369845
369827
369818101
36981
3697412
36970
369693
369683
36963l
369632
369630
369624
369616
36961
3695952
369582
369518
369517
36951
369413
369408
3693lef
369369l
3693699
3693693
369369258
369365
369363
36935962
36934me2
369342
369333
369313
369310
3693
369254
369247
369243
369219
36918
36917
3691530a
36915
3691475
3691212
369108
369100
3690345
36903
3690210
369012
36901
369009
3690
3689yz
3689srh
368989
368963m
368952
36890024
368820
3688
368718
36869
3686589
368644
36863686
3686016
368600
368541
36853685
3685141
3685036
368500
368490
368443
368425
368417
368412
368400
3683848
36833683
368330
368326
3682665
36823682
368218
368211
368200
3681884
3681245
368121
368120
368036
368032
367968
36793679
367913
36789
3678850
367812
3678
3677fem
3677679
367628
3676269
36734769
3673456032145
367333
3672862
367200
3672
367121
367109
367020
366jean
366998
366978
3669757laura
366928
3669011
3668183
366812
366791
366747
36674189
36673667
3667115
3667064
3666666
366657
366629
3666036
366590
366557
366555
366541
36653665
3665241
366518
366511
3665012
366501
3664866
3664642
3664035
366344
3663366
366317
3663144122
3663
3662emma
366291
3662846
366236
36622
3662094
366176
366166
36614498
366133
3661069
3660996
366041k
365yby
365dias
3659joe
3659980
3659720
3659713
36597
365892
3658830
3658487
365774
3657681
365762
365745
3656357
365589
3655458
365500
365487
365482
36547
365464
3654500
365444
365423
365418
3654123
3654120
365411
3654
365369
365363
365354
36533653
365325
36531645691738527
36529
365273
365254
3652344
365229
365210
365200
3651501
36512
365118
3651141
3651069
365014
36500
3649631
3649370
364926834
364901
36483648
364789
364636364636
36460753
3645918
36459
364587
364515
364455
364422
364414
3644
364366
364263
3642379
3642292
364200
364194
3641770
364136
364122
364111
36411
3641
36403640
3639887
363936
363933
363932
363912
363904
363903
363900
363825
363816
363812
3637312
363725
36369
363688
363666
3636363
363635
363634
363631
363628
363625
363622
363613
363612
363569
363549
363545
363532
363512
3635029mac
363400
3633843
36336
363330
363301
363287
363239
363236
3631715
36313631
363084
363079
363036
363006
362aaron
362908
362781
362764
36273627
3627104
3626835
362675
362607
36257667
3625692
3625648k
3625623
3625500
362538
362535
362532
362531
362529
362519
362516
3625102
362504
362498
362487
362469
362461
362414
3623786
362300
362221
362202
36220
362161
362148
362147
3621232
3621070
3620733
362060
36203620
36201Al!
362018
362009
362008
361texas
361997
361971
361960
361958
361956
36183618
3618017
3617145
361704
3616katia
361633
361617
3615752
361534
3615256
361524
3615210
36151617
361512
361511
361421
361420
3613384
3613383
361333
361330
361324
361292
361259
361244
361239
361226
361217
361211
361210
36121
361161
361131
361108
361084
361045
361037
361036
361027
361026
360king
360ferrari
360elite
360911
360900
360840
360800
36080
3607606
360696
360678
3606355
360572
36051781
3604life
360472
360423
360410
3603846
360364
360333
360317
3602873
360230
360180
3601534
3601532
360120
36011
360092
3600390
36003600
360036
360012
360007
360
36-20-8
35years
35naz35
35lights
35legion
35echo
35boxing
359963
35993599
359935
359922
359900
3598686
359763
359742
3597058
359638
359606
359600
3595986
359587
35957
359540
359444
359248
359100
359029
359012
35900
35893589
358900
3589
358874
358821
358819
3588164119
3588
35874
35873587
35872990
3587284
358624
35861871
358617
3586
358532
3585315
35853
3584766
35847
3584285
358427
358420
358416
3583964
358340
3583377
358324
35832
358300
3582463
3582
358158
35813581
358127
358122
358100
358098
3580170
35800
357999
35799753
35798
357951john
3579514
357951258
3579510
357935
357921
357919
357917
357916
35791113
3579
357899
357896214
35789514
357894
357891
357888
35788753
3578522
35785
357844
357814
357812
357799
357753357
35770051
357688
357666
357556
357555
357535
3575279
35746917
357417
357401
357399
3573845
357357nu
35735712
357322
357267
357258
357237
35723572
35719
357159258
3571590
357135
3571200
3571139
35711383571138
357113822
357113800
3571128
357090
357053
35701
3569474
35689
356835
356833
356784
356736
3566DL
35663566
356600
356586
356531
356528
356523
356501
356289
356247
356240
356214
356168
35612
356079
356067321
3560409
356020
35601
355999
355876
3557826
355781
355766
35574
355569
35555
35553555
355485
355484
355468
355442
35543554
355424
355419
355405
3553991
355386
355364
355348578
3553377
355328
355301
355265
355261
355252