9
222965
222957
222945
22294475
222941
222931
222913
222903
222889
22288645
222885
222874
22286966
22283
222828
222827
222821
222813
222811
222800
2228
222799
222794
222784
2227767
222767
222747
2227373
222737
222733
222727
222725
222724
222718
222703
222692
222691
222682
222678
222677
222669
222645
222638
222617
222613
222612
222611
222604
222603
222601
222599
222595
222588
22258
222573
222560
222555999
222552
222549
222544
22254
222509
222503
222502
222477
222471
222458
222448
222444666
222433
222420
222415
222413
222411
22241
222406
222403
222396
222389
222388
222383
222382
222355
222344
2223413
222333222
2223242526
222323
222320
2223123
2222tu
2222aaaa
2222a
2222984
222280
222278
222277
222265
22225729
222256
2222555
2222535
2222531
2222527
222252
222246
2222414
222238
222234
222232
22222w
22222K
2222266666
2222244444
22222323
222222x
222222s
222222rd
222222l
222222j
2222229
222222222222222222222222222222
2222222222222222222222222
22222220
22222211
222214
22220208
222201
2222009
2222005
2222001
2221981
2221965
222191
22219
22218
222177
222160
222155
222152
222145
222141
222140
222132
222120
22211984
222113jk
222106
22210
2220990
22208
222077
222050
22205
222049
222047
222036
22203
222020
222019
222015
222002edu228394
222001
22199505
2219945
22199
22198
221956
221954
221953
221952
221929
221925
221920
221917
2219161523
221914
221905
221900
221898
221889
221885
221877
221830
221827
221825
221820
221813
22181
221803
221800
221798
221789
221770
221761
22176
221739
221725
221723
221720
22171827
221713
22171
2217
221697
221695
221688
221686
221685
221681
221678
221677
2216690
221667
221666
221660
221650
22164
221611
221601
221597
221594
221587358and
221584
221583
221576
221569
2215497
2215453
2215438
221537
221536
22153
221526
221521
221520
2215165
221510
221509
221507
221493
221490
22148828
221483
221481
221473
22145824
221449
221445
221443
2214327
2214322
221429
221426
2214249
221420
221419
2214100
221407
2213walnut
2213951
221388
221369
2213556
221346
221344
221337
22133694571
2213308004
221329
22132
2213121
221304
2212535
2212523
221242
22124
2212344
2212323
2212294
22122521
22122519
22122517
2212210
22121974
22121973
22121965
22121964
221209
2212007
2212000
2211981
2211962
2211955
2211806
2211800
22118
22117jv
221160
221158
2211544
22114519191
221145
22114488
221143
221140
2211333
22112518
22112002
22112000
22111999
22111975
22111958
221110
22110608
2210pau
2210991
2210825
221067
221057
221054
2210528
2210525
22105
22104
22102537
22102519
22102517
22101999
22101998
22101972
22101971
22101968
221018k
221014
2209_rugby
2209777r
220973
220971
220967
220960
220953
220950
220945
22094
22093348
22092538
22092521
220924
22092003
22091998
22091975
220915
220913
22090ok
2208fresh
2208arw
220890r
22087feb
22087
220862
22086
220855
220852
22085
220839
220837
22082539
22082538
22082536
22082001
22081976
22081968
22081967
220818
220811
220806a+a
22078
220762
220757
22075
220748
220747
220745
220738
220737
22072537
220724
22072210
22072000
22071998
22071976
22071974
22071972
22071963
220717
22071010808
220686yo
220653
220650
22065
220649
220648
220646
220640
22062536
22062520
22062518
220621
22062005
22062003
22062000
22061999
22061978
22061968
22061961
220615
22059
22058521
2205700
220558
22052539
22052538
22052004
22052003
22051987maria
22051979
22051977
22051975
22051973
220517
220514
220511
2204s5
220471
220467
220461
220460
220458
220456
220438
22042539
22042521
22042518
22042511
220421
22042000
22041970
22041959
220413
2204032
2204
220390CONSUELO
220371
220369
220361
220357
220352
220340
220336
22032907
22032551
22032529
22032519
22032008
22032006
22032
22031999
22031976
22031964
22031958
220318
220304tt
2202amor
22028
220270
220267
220266
220262
220259
220246
220242040
2202420252
220240
220239
220233220233
220232232227
22023
22022538
22022518
22022516
22022009
22022006
22022000
22021998
22021978
22021976
22021969
22021960
22021959
220218
22021706
220214
220210
22021
2201994
2201989
2201975
220169
220166
220155
22015204
220150
220140
220139
220138014
22012548
22012537
22012522
22012519
22012003
22011976
22011968
220115
220110
22011$jc
22008008
220059
220056
220051
220023
22001234
2200
22/7/1992
22/12/94
22/10/1991
22/06/95
22/05/1991
22.hulipe
22-11-07
21yellow
21wqsaxz
21volleyball
21to87mm
21tiki
21tigers
21teamo
21ststunna
21steven
21staugust
21stapril
21sports
21south
21snoopy
21shots
21seven
21sept88
21scott
21sboo
21sassy
21rock
21redder12
21ramos
21rafael
21qwert
21place
21pinky
21people
21peanut
21paper0
21nyjy21
21nov92
21nov83
21nov79
21nicole
21monkey
21mickey
21mgee13
21mei
21may2005
21may1994
21may1993
21may1990
21martie
21mars
21love21
21justin
21julio1993
21joel
21jennifer
21jadekarise
21inlove
21in2000
21iLmRcHm4E7
21god77
21girl
21gators
21football
21fish
21fevereiro
21feb2004
21feb1991
21erika
21eeeeee
21diamond
21dewey
21desetiembre
21denero
21deabrilde1995
21deDiciembre
21days
21dawg
21cute
21cool
21coin
21chris
21chargers
21cameron
21boutmine
21birthday
21bffencaaf
21beaches
21bball
21ball
21anik21
21angels
21andrew
21amboo76
21JUMP
21DEJUNIO
21Blessings
219oo8
2199rellim
2199jheng
219945
2199428
219912
219905
219903
219876
219852
219833
219831
219823
21982198
219812
219807344
219800
21980
2198
21979
21978
21976
219751
219716
2196996
2196821968
2196785701
219671
219615
21952j
219523
219521
219506
2194life
219413
219405
219404
219393
219356
219350
219332964
219328
21932193
219313
219311
2192530
2192528
219248
219241
21924
219235
219230
219227
219226
219203
2191996
2191995943
2191984
2191983
2191981
2191980
2191964
219191
219178
21917
219143
219120
219116
219078
219061
219025
219002
2190
218A555
218995
218922
218921
218920
218910
218891
218869
21884
218792
21876
218759
21875
2187394
218684
218665
218625
218615
2186000
218588
218587
218567
218555
218524
218509
218506lee
2184889
2184452
2184397
218400
218394
2183488
218345
218335
218323
21832
218311
21830
218294
218288
218277
21826
218239956
218235
218225
218222
21821
218204
2182007
2182005
2182000
2182
21819912
2181985
2181973
2181927
218183
21818
2181369
2181303
21813
218125
21812181
218121
218118
218111
218106
2181
218082
21806031
218057
21804601
218040
21803
218021
218016
218008
218006
218004
218001
217979
2179438a
217921
217912
217898
21786
217847
217845
21783
21782
217729
217727
217720
217712
217677
217668
21765
2176
217567
217552
2175421755
217540
217523
217515
217487
217419
21740
217386
21737
2173515l
217322
21732173
217313
217306
217299
217298
21728
217278
217252
217228
217221
21722
2172006
2172005jz
2172004
217200
2171982
2171981
2171980
217195
217188
217146
217115
217091
217084
217069
217056
217044
21703
21702470
21702170
217011
21701
217009
217006
216999
216986711
216984
21696084
216958
216941
2169382147
216926
216925222
216893
216880
21687
21686
216850
2168493
216828
216825
216810
216800
2168
216789
216756
216750
216748
21672167
216719
216700
216689
216666
21666
21662448
216623
21662
216612
216600
216591
216539
216534
21653
216508
216489
21645897
216420
216412
216410
216400
2164
2163818
21636
216355
216342
21634
216337
216322
216300
2163
216285
216281
21627
216264118
2162535
21625
2162247
216221
21622
2162
216198
2161975
216189
216181
216178
216158
216147
216122
216121
216116
216111
21610
2161
216090
216088
216086
216075
21606
2160457
216042
216010
216009
215kidz
215999
215997
215991
21596
215927
215926
21592
2159123
21590
215891
215890
215888
215877
215872
215870
215832
21582
215813
215795
215783
215778
21575
2157425
215733
21572157
215721
215720
215718
215715
215707
215698
215673
215655
2156341435
215632
215616
215614
215613
215612
215604
215599
215548
215545
215521
215517
215514
215498
215481
215471
215466
215462
215459
2154525
2154517a
215436
215426
215421
21542
2154032
2154
215397
215395
215386
21535604
215345
215335
21533
2153109
215309
215301
21530
215288
215267
2152655123
215263
215254
2152532
215253
2152523
215241
21522153
215221
215215215
215211
21521
2152006
2152004
2152002
215200
2151976
2151968
21519
21518919
215186
215184
21518
215174
215154
215147
215143
2151392
215132
215125
215121
2151135
215113
21511051
215102
215100
2150prs4
215096116
21508
215067
21506
215043
215026
215025
215012
215011
21500
214mrv
214monkey
214love
214gangsta
214eva
214dtown
21499
214972
21497
214959
2149500AR
21494caw
21494
214935dd
214921
214900102
214900
214899
21486lj
21486081
21484ad
21484
214821
214818
214811
21481
214803
214800
2148
2147852369
214785
214767
214729
214728
214727
214710
214680
214655
214650
214641
214640
214636
214625
214618
214612
214587963
214570
21456754
214562
21455667
2145566123
214534
214533
214529
214519
214516
214509
2145
2144936
214488
214484
21448
214477
21447
214466
21446012
214460
214456
214452
21444704
214446
21444
214419
214410
2143kj
214398
214397
214391
214389
214378
214377
2143680
214362
214344
21432
214301
214300
21429
214266800
214258
214257
214255
2142525
214252
214251
2142495
214247
214245151
214239
214235
21423
214228
214220
214214215
214212
2142046
214200
2141mm
2141998
21419
214171
214169
214164
214163
214156
214155
214153
214147
2141435254
214142
214124
2141216012
214115
21410
2141
2140954
21405044
21404mr
21404
214032
214028
214023
214022
21402052
2140179
2140135
214012
214004
2140
213tst
213r213
213lee
213babez
213asa
213LBC
2139770979
213961
21396
213940
213931
213927
213926
21390bitem
213902
213899
213892320
213881
21387
213864
21386
213859
213844
213833
213830tx
213823
213819
213805
213789
213777
213772
21376936
213767
213756
213725
213719
21371687
213715
21371152
21368129
213677
21366555
213650
213625625213
21362
2135norton
213577
213576
213572
213558
213557
213555
213548
213520
213515
213507
213502
213478
213475
21345770
2134567890
21345589
213455
213441
213435
213426
213423
213421
213415
2134096
213406
21340
2134
213390
21339
213387
21338567
2133625
2133602
213355
213349
213347
213345
213344
21334
213320
213319
213318
213317
213311
213304
213303
213296
213292
213269
2132539
2132529
2132521325
213252
213249
213247
21324354
213235
213231
21323
213226
213225
213218
2132121321
21321
213206
213203
2131997
2131983
2131974
213192
213191
213190
213182
213176
213168
213167
213161
213160
21315
21314413
213137
213131
213126
2131218
213120
213119
213113
21311
213108
213107
213106
213104
213088
213086
213085
213065
213062
213054083
213054
213036
213031
2130277
213023
213022
213020
213017
213011
213007
213002
212995
212994
212990
212989
212984
212983
212966
212955
212952
21294
212929
212918
212917
212906
212904
212903
212899
212898
212897
212894
212892
21288dad
212882
212874
212860
212856
212845
21283
21282821
212826
212825
21282
212817
21281318
212813
212811
212800
212799
212790
212784
212775
21275
212731
212726
21272505
212724
212722
212706
212689
212685
21267
212669
212668
212666
212661
2126594
212655
21265
212636
212619
212617
212609
21260339
21260300
2125976
212589
212584
212571
21257
212567
212562
212555
21255
212548
212546
21254
21252823
21252618
21252306
212521252125
212516ny
212501
212498
212486
212485
212484
2124757
212468
212463
212449
212448
212445
212442
212441
212432
21242529
2124252623
2124252
212422
21241980
212417
21241676
212403
21240
2123jz
21239
212387
212384
21235pw
21235
2123489
212342
212332
21232539
2123121
21230806
212308
212280
212279
212256
212255
2122538
2122537
2122536
2122535
212253
2122529
2122527
2122522
212248
212235
212232
21222496
212224428
21222423
21222325
2122224236
21221988
2122121221
212209
2122008
2122000
2121sexy
2121love
2121kk
2121ap
2121998
2121976
2121974
2121973
2121971
212196
212195
212187
212185
212183
212170
212165185
212165
212161
212155
2121540
212149
21214646366
212145
212140
212135
21213232
2121321
21213131
2121313
212130
212121s
212121c
212121b
212121abay
2121219
2121210
21211992
21211985
212118
21211283
2121123
21210404
2120sarang
212098
212090
21209
21208
2120773256
212074
212068
212066
212064
212060
212049
2120278
212027
212026
2120245
21202021
212020
212014
2120084516
2120002
212
211mafia
2119921
21198
21196766
211961823
21196
211956
211933
211931
211926
211923
211910
21189ronandme
211885
211880
211863
211856
21184
211830
211823
211820
21182
21181821
211814
211812
211806
2117mi
21179304
211789
211787
211784
21175
21174
211730
211728
211727
211726
211722
21172
211718
211701
211700
211690
2116891
211686
211681
211675
211671
211669
2116557
21165
211644
211637
211634
211628
211626
211625s
211619
211616
211607
211590
211583
21157
211564
21156
211555
211535
211532
211529
211523
211520199
211519
211515
21151245
211510
211507
211494
211475
21147
2114665
21146
211459
211448
211440
21143630
211435
211430
211426
21141421
211413
211410
211404
211393
211390
21138519
211369
211367
21136
211359
2113456
211344
21133931
211337
2113321133
211313
211307
2113032
211302
21130
2112mifflin
2112m15s6
211293stuart
2112871
21127
211267
211265
211255
2112535
2112532
2112531
2112528
2112527
211251
211250
211245
211238
211233.19324
21123240
21122517
2112211
21122012
21122000
21121683
211215
2112123
21121221
2112121
2112112
21121088
21120407
2112000
2111997
211199
2111978
2111977
2111967
2111965
21119021
211189g
211175
211166
211161
211155
211152
211151
21114
211139
21112540
21112008
21112000
21111990bebeynena
21111975
21111968
2111111
21110vb
21109699
2110911
21109
21108
211076
211067
2110577
211054
211051
21105
211046
21102532
2110222
21101976
21101970
21101967
21101964
2110100
210thug
210park
210mama
210kingz
210balla
210baby
210VAO
2109ongjr
2109josef
2109755604
2109704342
21097
210967
210956
210951
210945
2109431
21092540
21092520
21092517
21092406
21092009
21092001
21091998
21091976
21091947
210917
210916
210912
210910
2108710945
210868
210859
210840
210827ju
21082527
21082521
21082514
210825
21082002
21082000
21082
21081990d
21081981
21081976
21081962
210814
210813
210810
21080
21079354
210790jenmacjenzmackster
21077787
2107663626
210764
210762
210747
210738
210737
210736
21073
21072525
21071999
21071978
21071970
21071969
21071964
210718
210717
210716
210710
2107
2106tg
21067125
210663
210662
21066
210656
210654
210652
21065
210646
2106454112
210638
210634jt
2106279
21062539
21062535
21062523
21062519
210625
21062004
21062002
21061971
21061970
21061967
210618
210617
21061105
2106038
21060351
21060
2106
2105shar
210567
210562
21056
210558
2105573314
210556
210555
21055
210541
21053
21052550
21052539
21052538
21052523
21052518
210520
21051998
21051981
21051976
21051975
21051967
21051965
210519
210518
210511
21049
210470
210464
21046
21045
210449
21044644
210444
210437
21042539
21042534
210422
21041998
21041977
21041969
21041968
21041965
21041964
210417
210416
21041
21040910
210395bday.
210372
210360
210356
210349
210348
210346
210345
210340
21034
210336
21032539
21032537
21032524
21032522
21032521
21032520
21032003
21031971
21031969
21031964
21031956
210314
210313
21031
2103021030
210290a
21029
2102848902
21028
210273
210267
210264
210262
210260
210258
210255
2102538
2102531
2102529
2102524
2102522
210252
21025
210248
210244
210241
210239
210237
21022525
210222
21022000
21021998
21021973
21021971
21021969
21021966
210215
21021088
21020608
21020
2101982
210186nachitoh
21018607
210171
21017074
210170
210168
210161
210160
210148
2101423
210139
21012534
21012524
2101237
21012001
21011973
21011970
21011965
21011960
210115
2101120929
210112
2101021
210101995
210071
2100409
210034
210033
210023
210018
210008
210004
2100012
210001
210000203
21/12/1992
21/12/06
21/09/95
21/01/07emma
21.16.
21.11.92
21.03.1992
20valve
20times
20tigger06
20thfeb
20stewart
20softball
20sexy
20setiembre
20sep1996
20ryan05
20rules
20ruemax
20roll00
20roirbeja06
20rocks
20pounds
20people
20oktober
20october
20minutes
20mile
20miguel
20mei1993
20may2000
20may1995
20marlboro
20maret
20love06
20locs
20life03
20lee05
20juni1987
20juni
20july94
20juli
20joseph
20janeiro
20grandam
20girls
20gang
20feb94
20eyes
20eagles
20dollors
20devon
20crip
20comer
20cmwp09
20clientes
20chris
20bubbles
20bball
20ball
20aug1984
20april1989
20angel
20allen
20akv07
20Toronto
209town
209girl
209cali
209boi
20991977
209913
209902
209899
20984
2097549
2095874
209575
20956
20951
209506
20942094
209408
2094064
20940157
209394
20935
209332
209323
20930674
209271
2092537
2092532
2092531
2092525
2092522
2092450
2091990
2091982
2091980
2091978
20916079
209147
209141
20913
209104
209103
209102
2091
209090
20908
20907
209055
209051
209050
209044
20904
2090244
2090189
209010
20900
208975
2089623
20896
208950
2089434
208933
20893
208900
208899
208871
20884
2088233
208820
2088186
208810
208808
208800
2088
20876
20875ml
208720
208711
208710
208705
208701
208665
208640
208637
208628
208608
208582
2085620856
208541
208534
208523
208511
208501
208500
20849504
20849084
208450
208420
208414
208411
208406
20840
20837273
208315
208298
2082534
2082531
208234
20823
208212
2082
208191
20819
208169
208144
20810
208090
208088
208049
208047
20803472
208034
208020
20801880
208007
208003
207941
20793401
20792079
207906
20788
207872
207838
207820
2078085
2077858
207766
207645
207620
207619
207575
20757
207562
207536
207500
20749
207464
207456
207447
20744
207400
207333
207300
207279
2072536
207237
207222
207221
20722072
207206
2072009
2072005
2071996
2071987201987
2071985
2071984
207178
207171
207169
20714
20712071
207120
20712
207113
207110
20711
207100
2070et
207090
207079
20704
2070312
207021
20702
207019
207012
207009
2070013
206xsi
206rosey
206cc
206975
20697071
206969
206920
206919e
206913774
206913
206900
2069
206893j
20688
20685
20682068
206814
206788
206782
2067132
206600
20660
206570
206510
20647841
20643
206428
20642064
206420
206418
206396
20637420
206366
206355
206351
206330
206320
206309
2062869
2062623
2062528
206218
206217673
2062006
2061982
2061980
206187
206177
2061563
20614381
206123
206119
206090
206088
206080
206064
20606
206052
206033
2060269
206026
2060140
206013
206012
206010
206007
206001
205touchthesky
205962
205944
205900
205888
20587
205805
205789
20576930
2056fi
205679
205654
205647
205642
20560936
205587
20557
205569
2055658
20552
205519
20547
2054660
205441
205434
20542054
205413
20538
2053520
205337
205300
20530
205282
20525
205244
205227
205221
205212
205206
2052008
2051997
2051995
2051990
2051984
2051983
2051980
20518
205162
205116
205112
20511
205107
205084
205082
205079
205070
205067
205050
205047
205046
205040
20503895
20503027
2050277
205016m
20501
205009
2050
204winnipeg
204962
20496
20495
2049307
20493
20492049
20491
2049056
204901
20486
204851
20485
204820
204812
204810
20471318
204712
204658
204616
20461110
204611
2046
204584
204581
204556
204545
2045260
204512
20451127
204510
204502
2045010010005
2045
204499
20449447
204456
20441
204407
204403
204362
204354
204324
204321
204315
204308
204281
2042531
2042525
2042521
204237685
204235
204230
20421024
20421019
204201
2042004
2041997
2041996
2041990
2041988
2041982
2041981
2041979
20418
2041761
204144
20413809
20412m
204125
20412041
204119
204111
2041
204088
204082
20407992044427
204070
204069
204040
2040270
204026
204021
204017
204016
20401
204007
204000
20399664
203977
203951
203941
203939
20393
203901
20390
203872
203870
20384
20383raccoonrd.
20383
2038157
203812
20379
20373762
2037253
20372037
203720
2037063r
203703
203666
203642
203638
203635
203622
203613043067
203599
203587
203565
20356328
203555
203540
203533
203532
203515
203500
203480
203470
203456
20345
203410
203402
203401
2034
203396
2033838
203370
2033540
20334564
20334280
203333
203328150
203320
203310
203300
2033
20328
203263
203257
203256
2032538
2032531
20325
203237
203236
203230
203224
203218
2032085
203205
2032008
2031997
2031985
2031984
203191
203183
203169
203165
203158
203151
203146020
203141
203137
203131
203128
203121
203114
203113
203108
203105
203101
203099
203098
203094
203091
203070
20307
203069
203052
20305
203045
20303655
203029
203023
20302
203016
203014
203013
203008
203004
203003
20300
202photos
202986
202985
2029780
202928
202927
202925
202918
202917
202911
202902
2029
2028959
20288023ge
202876
202871
20287
202856
202848
202834
202825
202810
202807
2028
202798
202793
202788
202783
202724
202722
202721
20271984
202716
202715
202714
202705
202701
202699
202687
202684
202680
202679
202678
2026651
202656
2026332
202633
202631
202621
202616
202608
202604
202601
202592
202586
202580
20258
202564
2025611538
202550
202548
202540
2025123
2024jg
2024ant
202486
202485
202484
2024711
202464
20246
2024565pd
2024523
202445
20243537
202430
20243
2024199
202409
20240
2023Kuy
202386
202377
202375
2023571
202356
2023428
20233622
202332
202323
202319b
202318
202317
2023159
202315
202308
202305
202299
2022987
20229
202289
202285
202283
202254
2022538
2022526
202247
2022440
202243
2022403
202240
20223881
20222
2021love
2021984
2021983
202193
202190
20219
2021883
202184
202183
20218
202168
2021542
202152
202151
202149
202145
202138
202134
20213
202119
202114
20210728
2020eyes
2020boys
202079
202077
202069
202068
202063
202056
202045
202044
202038
202037
202036
2020337
202031ab
202031
20202525
202020j
2020205
2020201
20202006
20201234
202011202011
2020103
2020007
201tay
2019cc
20198989
20198515
20198
201968
201967
201962
201961
201955
201952
20195
20194
201939
201927
201923
20192061
201916
201915
201912
20191000
201905
201904
201902
201890
201885
201848
20183
201829
201828
201818
201817
201815
201811
201800
201799
201789
201788
201786
20176
201731
201730
201729
201728
2017210
201721
201720
201707
201705
20170286
201700
2017
201690
201687
201680
201666
201665
20165
201644
201643
201642
201634
201630
20163
201626
201623
201612
201606
201602
20160
201592
201590
201570
20156510
2015650
201563
20156
20155
20153kp
20153958
201536
201535
201531
201530
201528
201521
20152
201519
20151623
20151
20150
201499
201488
201483
201477
20147
20146
201451
201441
20143301995
201431
201423
2014214
201421
201416
201410
2014080
201407
201404
201398
201386
201385
201382
20138
201378
201357
201355
201340
20134
201336
201323
20131873
201311
20130200545920
2012rocks
2012olympics
2012grad
20129009974158
20129
2012827
20128
20127
20126918
201268
201265
201263
2012555
2012523
201252081
2012345
20122538
20122526
20122521
20122517
20122009
20122000
20121974
20121969
20121968
20121963
20121961
20121955
2012101
20121
2012096
2012034
201202203
201201201
2012003
2011hs
2011class
2011baby
2011babe
2011989
2011983
2011982
2011965
201166
201162
201158
201154
201147
201137
2011286
20112002
20112001
201114
20111
2011042
20110021b
2010rox
2010me
2010fopfbg
2010co
2010class
2010bitch
2010BUGGLE
2010996
20108797
2010778
201074
20106329
2010600
20105890
201058
2010555
2010550
201053
201049
2010432
201043
2010276
20102550
20102520
20102513
2010247
2010228
2010218
20102014
20102000
20101970
20101968
20101967
20101966
2010000
200w40pl
200sexy
200km/h
200blaster
200angels
2009rocks
2009mine
2009lol
2009kd
2009kc
2009class
2009babe
2009atiq
200976
200972
200970
20097
200965
200961
2009595
200954
200952
20094life
20093003yokmy
20092538
200920010
20091972
200916
2009123
20090943
2009089
20090060
2008tn
2008tigger
2008senior
2008rules
2008rox
2008pm
2008new
2008l
2008karim
2008js
2008isgreat
2008cutie
2008chick
2008brody
2008boy
2008aj
2008ah
200898
200877m
200870
200868
20086180
200856
200855
2008520
200852
2008400
20083843
20083
20082539
20082522
20082001
20081970
2008163
20081312
20081276
2008104
20080527
20080331
20080214
20080204
2008002
20080000
2008.
2007tc
2007soccer
2007sc
2007rox
2007me
2007m
2007luv
2007luis
2007lr
2007km
2007ismine
2007dodge
2007deep
2007boy
2007babes
2007altima
2007ad
2007a
200770
20076645
200758
200757
200756
200754
200753
2007517
200751
200750
200747
200744
200741589
200741
200739
200738
20073
20072708
20072536
20071974
20071968
2007137
20071228
20071008
20071001
20070727
20070608
20070607
2007060028
20070329
2007015
20070128
20070103
20070101
2007001893
20070
2007/2008
2007-ali
2006titan
2006sw
2006rsx
2006rn
2006ranger
2006ra
2006r6
2006pimp
2006photo
2006ok
2006mustang
2006impala
2006harley
2006gurl
2006gmc
2006forever
2006f150
2006eclipse
2006diva
2006chick
2006ca
2006boy
2006Jb
20068815mc
2006789
20067
200669
2006678
200661
200660
200659
200658
200657
200656
20065
2006456
200642
20063694
20063
20062538
20062522
200620072008
20062003
20061984r
20061977
20061969
20061967
20061964
2006143
20061385
20061228
20061208
200611723
200611351
20061123
20061113
20061020
20061017
20061013
20061003
20060901
20060810
20060807
20060604
20060603
20060405
20060314
20060307
20060152
2006-bodyslam
2005ya
2005sti
2005sebring
2005rules
2005rsx
2005mg
2005gto
2005gt
2005f150
2005cutie
2005chevy
2005champ
2005cc
2005al
20059
200573
20057262
2005718
20056288
200557
200556
2005551
2005530005JESS
20055002
200544983
200543
2005420
20052533
20052531
20052529
20052524
20052360
2005205
20052006wm
20052003
20052001
20051978
20051970
20051969
20051956
2005151290
20051225
20051128
20051125
20051011
20050909
20050901
200508447
20050622
20050424
2005036
20050227
20050212
20050207
2005011
20050105
2005/06
2005-06
2004saturn
2004rx8
2004ram
2004eva
2004crf
2004civic
2004car
2004acura
2004992
200471
200460
200452
20044383
200441
2004393
200438
200437
20043532a
20042550
20042547
20042517
20042513
20042512
2004216
20041999
20041961
20041123
20041121
20041106
20041101
2