le
1591986
1591919
1591597
159159159a
159147123
1591234
159120
159111
15911
159107
15908082
15907816371xyy
15907
15906834797
159032
159030
159024
15902
159013
1590123
159012
159009
158989
158982
158930
15893
158926
15892
1589123
158907
158903
15890
158899
158869400
1588532
158853
158851
158850
158833
15883
158815
158791
15879
158763
1587364938
158720
15871587
1587
158667862
15866
158632
158623
158620
1586101
158604
158600
158599
158587
158586
158585
158576
158555
158512
158511
158509
158503
158448
158421
158402
158383
15836751
15836711
158333
158332
158323
158300
158292
1582531
15824367
158235
15821
1581995
1581984
158188
158121
158105
158100
1580hs
15809
158050
158025
158015
158003
1580
157998
157991
1579900726506
1579900300312
157990
157981
157979
157960
157953123
157936
157932
15792
15791
1579
1578963
157893
157890
157882
15787
157843
157836
15781
1578
157785
15777
1577616236
15774
15771
157678
157676
157624
1576
15759535
157575
157486
157484
1574645899
157456
1574443578
157427
157415741574
15741
157402
157400
157395
157369
15733
157326
157320
157304
15730
157268
157253215
157238
157233
15721572
157211
15721
1572006
157199
1571984
1571983
1571980
1571969
157192
157179
157159
157145
157144
15714
157123
157121
1571200037115
157112
15710
157077
15705423ald
15705
1570400113841
15702
157010
157004
156984
156974
156973
1569520
15693
156920
156907
156891
156888
15688
156833
156816
156812
1567kylee
156798
156782
156781
15678
156741
156702
1566788627
156648
1566105596260
156597
156567636
15656
15655klm
156553
156534
156531
156525
156515
156513
156511
156478
15645
156416
15640
156340
15634
156325
156300
156288
15625
156243
1562375
15623489
15622
156218
156215
156214
156210
156203
1562007
15617
15616
156157
156152
15615
156109
156074
156066
156058
156046
156043
1560300032432
1560200078023
1560100255055
155992
15599
155964
155963
155951
155948
155935
15593
1558819
155879
15587
155866191
15586
155836
155823
15581558
155813
155811
1557761
155719
1557130
15570
15563
155624
1555me
155554
155528
1555003
15545
155446
155441
1554341
1554316132
15543
155422
15542
1554
15538
15536
155355
155351
15531553
155304
15530
1552535
1552533
1552525
155227
155222
155203
1551984
1551915
155119
155111
15511
155103
1550686
155060
155057
1550500076751
155050
155022
15502
15501098
154wood
154989
154925
154911
154896
154895
154869
154861
15486
154836
15482659
1548213k
154800
154789632
154786
1547815243
154777
15477451
15477
154756
15475
1547234
15470gml
154708
15469
154687
154622
154620
154615
15461229
15461
154567
154555
15455
154545
154535251545321
154523
15452
154515
154507
154503
154455
154451
154428
154364
154351
15435
154333
154320
154315
154307
1543
1542937
154289
15428
1542630
154258
1542535
1542513ps
154243
154237
15423
15422653
154207
154201
1542007
1542006
1542
1541998
1541996
1541987
1541975
15417408
15417
154154236
154152
15412jkvxe
154126
154122
154114
15411
15410
15407
154032299
154025
154009
154000
15400
1539900346061
1539900189
1539900
15397
15390
15389
153888
153887
153869
153850489
15384
15383
153818
153797
153786
15377417
153762453
1537595
153759456
153748
153698
153655
153644
153642
15362499
15362486957
1536240
153623
153612
153600
1536
153580
1535584625
153545
15354
153524
153523
153505
153498
15347
15346
153456325359
153456123
153450
1534424
153436
153431
153427
153403
153370
153366
153342
153321
15332
153297
153281
153270
15327
153269874
153269
153268428
153264789
1532642
153255
1532486
153246987
15324689700
153242
153240
153237
153231DDjk
153220
153216
153215
1531998
15319924
1531986
1531984
153190
15317
153165
153155
15315315
1531531
1531530
153143
15314
1531356
153128
153125
153122
153115311531
153113
153107
153105
153093
153087
153077
15306090
153048ds
15304
153037384547
153036
153033
153029
15302530
153024
153023
153013
15301034
15300841
153004
152987
15297
15296112
152944
15294
152928
152926
15292
152915291529
152914
152913
152907
1529
152892
152890
152889
152874
15284
15282815
152827
152826
152820
152808
1528
152786
152780
152764
152744
152740
152739
15273
152727
152726
152724
15272
152717
152712
152711
1527105121522511
152702
152698
152691
15269
152688
15268690
152684
152678
152668
15266
15264859
152645
152641
15263748
1526352417
152631
15262926
152624
152620
15261527
1526123
152612
15261
152607
152606
1525nuttavan
1525merfy
1525ar
152588
152587
152579
152569
152567
152555
152553
152551
152550
152542
152539
1525354565758595
1525350
1525312
152503
1524978
152492
152488
152479
152473
152468
152466
1524586957
152456
152455
152452
152438
152437
152434
1524321
152422
1524
1523col
152395pj
152391
15239
152388
152384
152377
152375
152358
15235
1523456
152343
15234222
152333
15232519
152322
1523109
152285
152264
1522627
152251
15225
152248
152242
15224
152236
152229
15222215
152221
15221532
15221
152209
152203
15220
1521em
1521984
1521983
1521977
152188
152184
152179
152178
15217
1521521
152147856
15214
152135
152125152
15211987
15210
15209
152070
15207
152066
15206
152045
152044
152042
152040
152034
152032
15203
152014
152012
152011
15200000
151963
151961
1519599
151959
151951
151941
151919
151913
151907
151905
1519
151899
151893
151877
151874
15183
1518145
151804
151801
15180
151792
15178803
151777
151760
151717
151713
15171
151709
151705
151703
15170220
151670
15167
151662
151653
151643
1516411
151634
151617181920
15161615
1515pawnee
1515ojkiyd
151596
151595
151594
151591
151590
151584
15158
151577
151569
151552
151550
151546
151543
151534
15153333
151532
151531
15153030
1515246810
15152424
1515222
1515214
15151994
15151993
15151616
151515t
1515155
15151414
15151010
151508
15150602
15145
151446
151442
151432
151431
15143
1514117
151408
151404
151403
151402
1514
15139
151350
151330
15132895
151326
15132523
151319
1513097
151305
151304
151302
151272
151266
151264
151260
1512531
15125
151249
151240
15123456
15122511
15122002
15121975
15121965
15121960
15121
1512005
1511papa
1511992
1511982
1511880
1511713
15117
151161
151160
151155
151153
151148
15114
15113012
15112001
15111j
15111999
15111979
15111974
15111972
15111959
15111
151109
1510bebe
15108
151067
151065
151050
151039
15102550
15102002
15102001
15102
15101977
15101969
15101946
15101597
15101110
1510100252552
1509cc
1509900292883
150969
150955
150950
150947
150943
15092540
15092537
150921
15092076
15092000
15091998
15091968
150917
150892pauro
15089
150868
150863
150861
150859
150855
150850
150840
150837
150836
15082536
15082533
15082527
15082010
15082008
15082002
1508198715081987
15081978
15081972
15081969
15081962
150811
150810
15081
15080
1507906
150773
150769
150763
150759
15075
150738
1507259
15072541
15072539
15072536
15072534
150720
15071998
15071979
15071969
1506ruth
1506eb
150689lsd
150670
150659
150653-7
150650
150646
150638
15062541
15062538
15062536
15062533
15062523
15062519
15062511
150625
15062000
150620
15061974
15061969
150613
150611
150610010151
15061
150592z
15058
150572
150560
15056
1505590mr
150549
150547
15052540
15052539
15052526
15052003
15052001
15051998
15051970
15050404
1504946
150467
150466
150465
150454
150449
15042537
15042522
1504244
15042009
15042001
15041976
15041974
15041970
15041969
15041961
150412
150364
15036
150358
150347
150338
15032521
15032520
15032519
150321Jj
15032009
15032008
15031974
15031971
15031892
150313
150311
1502nm
15028b
150278n
150273
150261
150260
15026
150246
150235
1502252701092535
150221
15022001
15022000
150220
15021999
15021998
15021975
15021969
150217
150214
150213
150210
150165
15016
150151
150143
150139
15012537
15012009
15012004
15012003
15012002
15012000
15011999
1501198727
15011971
15011970
15011964
150115
150113
15010211
1501
1500900113476
15009
150083
1500800
15008
15007
1500578032
1500528
150050
1500484
15004083931
150036
15003107
150025
150023
150022
150020
15002
150018
150016
15001164
150010
150007
1500000000
15/10/1990
15/09/93
15/08/95
15/06/94
15/03/1993
15/03/04
15,1,86
14yariza
14white
14unme
14umom
14tuvalu29
14tink
14tigger
14three
14the$
14sweety
14subat
14steven
14stars
14single
14shkurt
14shae
14setiembre
14sept
14sep84
14school
14sami
14sam14
14runner
14rules
14robby
14riverside
14rach
14oct88
14nov15mar
14nick
14nate
14myspace
14monkey
14michelle
14me14u
14may85
14mari
14manuel
14manny
14m11c
14louie
14logan
14locos
14kram
14kitty
14kilates
14kidsrule
14kids
14kenny
14kaye
14kate
14karen
14juni1994
14june1993
14judy
14jose
14johnny
14joel
14jenflo11
14jazz
14jasper10
14jan88
14iloveyou
14hp219
14horse
14happy
14gold
14ggca
14gerard
14gateway
14gary
14fuck
14flowers
14fimbres
14fevrier
14fevereiro
14february
14feb93
14feb
14eric
14ellie
14elizabeth
14elisha
14eastside
14dustin
14djscum
14diciembre
14desember
14dancer
14dance
14cookies
14cody
14chocolate
14cheer
14charlie
14casey
14bug2
14buddy
14bryan
14bball
14babygirl
14anthony
14amores
14always
14alicia
14alex14
14agosto86
14MYSELF
14LOVE
14999as
1499900093008
14999000
149987jj
149981
14995
149945
149941
14990120
14990
14983
149810
14981
1497880
1497672
149745
149732
149711
149654
149557
149528
149513
149512
149511
149500
149437
14941494
149414
14941
149405
149400
149315125
149312
149300
1492ee
1492cc
149286
1492835
14928
1492532
149250
149221
14920
1492
1491996
1491986
1491984
149162536496481
149151
14915
14914
149127
149122
149115
14911491
149114
14911286
149111339
149110
149105
14907
14905w
149046
149000123
1490
148girl
1489756235
14896
148956
148920
148918
148905
148901
1488white
1488hh
148891
148889
14884
148822
14882004jd
148818
1488114
148808
148800
148787
148721
148715
14871487
148705
1486wish
14868
148655
1486186
148609
14856196sf
14856
148555
148525
14852369
148511
148510
14850ny
1485
1484hernandez
14845
148407ta
148387
148350
1483214832
14832
148259
148254
148231
14822
1481996
1481995
1481986
1481985
14817331060
148149
14814
148115
148114
148113
14811
148100
14810
1480700072629
14805
1480400037852
14804
148025
148011
147sto
147snooker
147anabel
147abc
147a258s369d
14799
147988
1479745
147963456
1479630
147953
147951
14794
14793
147922
147910
147903
1479000
1478987
1478965852
147896532
1478963256
1478963255
1478963210
14789321
147893
14788
14787
147858963
14785632
1478563
147852m
147852369m
147852369l
147852369963
1478523691
147852369.
147852258741
147852147852147852
14783698
1478322
147824
147821
14782
147810
147808
1477914779
147786
147761
14770
1477
147692
14769
147666
147654
1475ll
1475963789521
14759630
1475963+-
14759
147564
147556
147543
147536982
1475369510
14753675
147526
147520
14752
147511
147416
147400
147380
14737
147368
147365
14735
147333
147320062529
147320
14731
14730
147297
147269
147263
147259
147258t
147258p
147258j
147258d
14725896
147258789
14725869
147258456
14725839
147258369963852741
147258369369
147258369321
147258369159357
14725836913
147258369*
147256
147250
147236
147235
147233
147214
147211
147201
1472007
1471988
1471984
1471977
1471965
147191
1471643823
147160
14715923
147147147147
147141
14713400
147128
14712
147102
1470jc
14708
147054
147040
147032
14703
147028
14702580369
147025
147023
1470173
147014
14700775
147006
1469922375
14694
146912
14690
146889
14688
14687188
14682
14681
146776
146746
146744
146710
146697
146665
14665
146622
14662
14661
146608
146602
1465856410
14656max
146547
146488
146466
146435
146432
146426
146420
146417
146414
146412
146395
146356
14635
146340
146321
146320
146286
146280
146260
14626
146255
14625
146244
146236
146231
146229
146221
1462124
146210
146204607
146202
146201
1461996
1461989
1461985
146191
14619
1461834260
146179
146168
146163
146161
146155
146152
146151
146142
146128
146125
146114
146112
1460aahz2061
1460901224
146086
14608
14606
146058
146038
146037
146031
146030
146022
145FOREVER
145991
145969
145967
145965
14596
14595xxxx
145959
145928
145927
145924
145911
145905m
1458964
145894
145888
145872
145869
145858
145842
145832
145821
14581gvqd
145819
145810
14581
145806
145804
145801
145796
145790
145774
145750
14575
145748
145741
145733
145728
145719
145718
145716
145706
14570
145676
145666
145652
145649
14564425
145631
145626
145624
145622
145621
145614
1456
1455dg
14559
145589
145582
145577
145570
145567
14555
145548
145546
145544
145542
145538
145525
1455131980
145512
145506
145505
145502
145500
145484
145448
145447
145444
14543635
1454353561627162
145434
145425
145419
145411
145402
145401
145387
145376
145374
145369
145367
145363
145362
145354
145339
145329
145326
145325
14531821
145292
145291
145288
145287
145283
145282
145274
145269
145267
14526589
145263w
145260
1452530
1452529
145250
14525
145239
1452369
14523678
145235
145234
145232
145231
14522541
145223
1452214522
145220
145213
1452122541213
145204
1451992
1451986
1451985
145187
145186
145184
14517
1451669
145164
145156
14514523
145144
145143
145128
145127
1450BOYS
145082
145078
145071
1450700094126
14506
145055
145052
145038
145025
145023
145006
145005
144jesse
144ever
1449900193011
144987
14494
144929
144900
14489368
144890
14489
144869
144844
14480
144799
144778
1447637
1447629
1447500659
144744
14471man
144711
144707
144696
144671
144667
144637
144623
144621
144587
144582
1445789
144563
144556
144552
14452
144519
144500
1444444
14444333
144443
144406871k
144344
144321
14431
144293
144288
14428
144277
144255
1442535
1442531
1442400265
144231
14422
144214
144210
1442008
1442004
14420
1441993
1441983
1441980
1441978
1441977
144177
14417
144164a
144155166
144141
144140
144131
14410
144083600
144077
1440600127081
1440302386
144014
143zachary
143zach
143youeden
143yankee
143yan
143wuchun
143willy
143william
143vicky
143vanessa
143van
143tytan
143tyson
143totoy
143torja
143taylor
143sweets
143snoopy
143smile
143slim
143siloam
143shs
143sherwin
143shay
143shahid
143shady
143scd
143samuel
143rylan
143roy
143ronald
143rocky
143robby
143river
143riley
143richie
143rich
143rhett
143rachel
143quan
143pualena
143prince
143pics
143pete
143peanut
143paula
143paige
143omar
143oakland
143nico
143nia
143nessa
143nay
143natalie
143mush
143mother
143mnm
143mjs
143mine143
143miguel
143michelle
143mhine
143melissa
143megan
143mase
143mas
143marvin
143marlon
143marinel
143mapa
143manuel
143mandy
143mam
143mak
143mahesh
143mae
143machi
143luvu
143luigi
143loveyou
143logan
143levi
143lauri
143lauren
143lala
143kuya
143kurt
143kuanalu
143kriz
143kristel
143kk637
143kiwi
143kitty
143kirby
143king
143kimmy
143kent
143kenneth
143kenlau
143kel
143keanu
143kean
143kay
143kat
143karla
143karl
143kanoa
143julie
143julian
143jr
143jones
143jonathan
143joem
143jjdmm
143jian
143jethro
143jesus143
143jessica
143jes
143jernon
143jeje
143jeffrey
143jean
143jbond
143jayvee
143jayr
143javon
143jang
143jacky
143jackie
143ira
143hunter
143howard
143honey93
143hilot09
143heather
143harry
143harold
143harley
143happy
143grace
143gordo
143girls
143girl
143gigi
143friends
143francis
143frances
143fishing
143fiji
143father
143errol
143erc
143eli
143edwin
143earl
143dustin
143dong
143donald
143dmc
143diego
143diana
143dexter
143dennis
143dee
143dean
143dante
143dani
143dane
143curtis
143colin
143coco
143cnc
143clyde
143clear
143cjm
143chuck
143cherry
143chelle
143chase
143charlie
143cha
143cat
143casper
143casey
143carmea
143caren
143car
143buster
143bugs
143bryce
143britt
143bran
143brad
143blake
143bitch
143beer
143beb
143beach
143bea
143bby
143baun
143bai
143babygirl
143ap143
143anto
143anne
143andrea
143amy
143amrell
143amari
143alyssa
143allah
143alk
143alan
143ailyn
143aiko
143_143
143MIPA
143JESSICA
143JD143
143JASON
143GOD
143ERIC
143DAVID
143DADDY
143987
143972
143946
14393
143926
14391679
143916
143911
14391
143887
143885
143877
143869
143860
143858
1438441012
143825
143816
143812
14381
143805
143803
143790
1437806
143780
143776a
1437637
143760
143758
143755
14375
143749
1437399
14373
143724
143722
143720
143717
143712
143711
1437105lmc
143699
143697
143689
143688
143687
143684
143682
143677
143670
14366744
1436453
143637a
143637831
143637795
143635
1436290802
143624
14362
143614
143612
143611
14361
143586
143583
143577
143576
143571
1435677
14356620
143565
143563
1435566
1435522554
143541
143540
1435256
1435254bhe12
143525486
143525429
143525424
1435225
143510
14350987
14350
1434me
143495
14349
143487
14348
143469
143467
1434637
143459
14345254
14344yui
14344rjy
14344iloveyou
14344g
14344adrian
14344777
1434467
1434466
14344567
14344563
143445566
14344553
1434453
14344526
1434452546
1434452545
14344456789
143444377
1434443
14344342
14344321
1434428
143441989
1434419
1434413
1434406
14344007
1434358
143422
14341790
143417
143414
143408
143406
143403
1434011
143372
143366
143345w
143336
14333412
143334
143329
143322
143320
14332
143319
1433143
143314
143313
1432u
1432mom
143293
143289
143284
1432723
143264
1432622
143256798
14325369758
1432534
1432532
1432530
1432528
14325254
1432525
143250
1432424
1432414324
143237
1432326
143229
143228
143222a
14321427
143203
143202
1432009
1432008
1432004
1431996
1431994
1431985
1431981
143197
143190
143177
143171427
1431622
143156
143155
143148
143146
1431456
143143j
143143b
14314369
14314343
14314310
14312487
1431223
1431214323
1431210521
1431200
143117
1431107
143106
1431000436
14310000
1430fg
14309215391661
143092
14308mench
143089
143084
1430824
143068
143066
1430514
1430504728
1430500025
143045
143044
143042
1430418
143039
143037
14303014
14302
143019
143011
1430055
143004
14300000
142990
14299
142988
142986
14298
142970
14296967
142953
142951
14293
14292914
142928
142927
142926
14291
142908
14290122
142901
1428dh
142895
142893
142892
142889
14288
142845
142842
142823
14281
14280429
14279293
142785
142775
14277
14275386
142753
142736
14272714
142726
142716
142715
142694
142693
142689
142686
142679201510125
142675
142673
142667
1426531
14265
142638
142637
14263
142623
142617
142604
142603
1425apache
142596
142594
14259
142585
142550
142542
14254
1425367890
142536748596
14253647
142536123
14253600
142536.2
14252214
142505
1424ever
142493
14249
142488
142483
142480
142474
1424514245
142447
142437
14242628
142420
14242
14241985
14241922
142419
142411
142401
142390
142385
1423804
142359
142355
1423214
142301
142296
142290
14228
142275
142266
14226
142259
142255
1422532
142251
142248
142236
142232
142231
14222
142216930
1422008
142199
142196
142189
142169
142167
142163
142155
142154695
142154
14214ever
142144
142141
142140
142132
14212
142118518181
142116
142115
142089
142086
142083020
142077
142062
142052
14205
142040
142036
14202302
1420206490
1420123
142012
1419jesus
14197
141965
141963
141961
141960
141946
141936
14191990
141915
141905
141901
141893
141892
14189114
141881
141879
141876
141872
141869
141842
1418360
141836
141834
14182
14181987
141815
14180308
141801
1417love
141797
141791
141777
141769
141756
141751
14175
141741
141732
141725283639
141713
141704
1416juicy
1416amor
141693
141688
141681
141680
14166173
14166
141652
141644
141635
141625297
141615
141605
14160120
141582
141581
141580
14158
141577
141556
1415558578236251
141555
14155139
1415512
141531
14152526
14151992
1415120
1415..
1414wf
1414th
1414jj
141496
141493
141481
14146969
1414632
141460
141458
141435
141434
141433
141431
141421356237
14142135
141414k
1414122
14141214
14140712
141406
141370
141369
14135
141343
141325
14132
141318
141313
1413121
141311
1412xx
141258
141257
14125473
141254
1412532
1412528
141248
141244
141243
141241
141240
14124
14122518
14122002
141219921828
14121977
14121976
14121973
14121972
14121969
1412081145
1412006
1412001@
1412000
1411984
1411982
1411975
14119214
14118898
141188323613
14118
141177s
141172
141171
14117
141166
141165
141162
141156
141154
141153
14115
141146
141144
141142
141140
14112538
14112523
14112522
14111973
14111972
141117
1411013
141098M
141073
141063
141059
141058
141057
141052
141051
14105
141049
14103794
14102548
14102521
14102515
1410203564
14102
14101999
14101976
14101971
14101969
14101954
141019
1410029
141000876
141000858
140des
1409900555001
1409900317381
1409900
140973
140972
14097
140964
140961
14095
140947
140945
140941
140922
14092001
140920
14091998
14091973
14091967
14091966
14091962
140919
14091
14088
140871
140862
140859
140857
140856
14082516
140824
14081976
14081971
140813
140812
14080
1407sws
14078
140764
140763
140755
140750
140748
140737
1407301989
14072523
14072520
14072518
14072002
14072
14071998
14071978
14071971
14071965
14071789
140712
1406Bosque
140699
140691nf
1406793
140672
140666
140656
140651
140638
14062540
14062539
14062538
14062524
14062520
14062506
140623
14062
14061998
14061978
140619
140617
140613
1405crm
14057601868
140567
140566
140564
140557
14052521
14052519
14052003
14052000
1405199016
14051980-
14051977
14051966
14050121
14050
14048
140471
1404595
140456
140452
14043105
14042520
140421
14042002
14041998
14041974
14041972
14041970
14041962
140418
140417
140374
14037
140361
140352
140338
14033
14032522
14032521
14032519
14032516
140321
14032009
14032004
14031982
14031973
1403123
14031
14030
1403
1402ghost
14029
14028808
14028
14027
140269
140267
140265
140261
140246
140244
140243
14022552
14022551
14022550
14022548
14022539
14022524
14022506
14021975
14021971
14021964
140213
14021226
140211
14021
14020
140173
140161
140148
140147
140145
140144
140139
140134*-++-*
14012549
14012539
14012537
14012518
140123
14012005
14012
14011972
140119
140113
14011
1400BLK
14006
140058
140055
1400400
140034
140022
1400135
1400101
140007
140001
1400000
1400
14/12/98
14.2.91
14-5-94
14-07-1990
13yellow
13wishes
13william
13whatever
13west
13waystobleed
13warrior
13volley
13virgo
13unicorns
13trans17
13toby17
13tinkerbell
13thjuly
13thfloor
13th143
13teamo
13tacos
13surena
13stfam
13sosexy
13sorte
13songs
13sjs75
13setembro
13sept2001
13sept
13sdlipz13
13samLH
13sada
13russa13
13rulez
13rules
13redroses
13rac113y
13queen
13puppies
13pretty
13porvida
13pimp
13penguins
13peanuts
13password
13oktober
13oct95
13oct1992
13nov88
13nov
13nike
13neenor
13mybaby
13ms.krazie
13monroe
13millos
13meyi
13mei1989
13mei
13me1993
13me13
13mayo38
13mayo1992
13may1991
13maria
13march1988
13maio
13mai1955
13mai07
13maart
13lynn
13lupe
13luna
13lucky13
13losangeles
13likeyou
13letterslong
13korn
13kitty
13king
13killa
13kathy
13karo
13karla
13junio1993
13june1996
13july1993
13josh
13jose
13john
13jan88
13jaar
13ja14fm
13homies
13hollister
13hockey
13haterz
13fucklove
13friendz
13friends
13forlife
13faeries
13fabulous
13emma
13ejay
13eggs
13dungis
13dragon
13dezembro
13devon
13destiny27
13desep
13denise
13demon
13dec96
13dancer
13dakota
13d52309
13cute
13cool
13cookie
13compton
13clowns
13chunky
13chris
13chola
13chocolate
13chivas13
13chino
13carlos
13candy
13califaz
13brianna
13brian
13brandy
13bitch13
13basketball
13banger
13ballin
13babe
13athoi
13apple92
13anos
13anime
13angelz
13an70
13amor13
13america
13alize
13alex13
13albert
13aguila
13abril2008
13abril2005
13a13y
13a13e
13QUINCY
13Kaito
13CARLOS
13ALEX
139locedout
139977
13996
139911
139904
1398898
13987
13981398
139800
139789
139782
139769
139759
139753
139752
13974682
1397456258
1397456
139736
139726845
13972
1397139
139712
139711
1397
13969356
139673
139655
139610
13952
1395132
139510
13951
139507
139505
13945
139407
139400
139375
1393615
139333
139332
13933
139320
13931393
139311
139307
139305
139275
1392528
139231
139200
1391997
1391988
1391984
1391982
1391981
139188
139148
139112
1391115
139100
1391
13909
139068
139050
139014
139012
139008
1390
138992
138989
138975
13897
13895623
13895090
138926
138903
138901
138893
13886
138828
138819
138766
138720
138708
138699
138610
13860
1386
138592
138540
13853211
1385321
138521
138520
138469
13846462882
138445024
13844502*4
138410
138406
13831383
13830011
138300
13830
138295
138290
138287
13825231314
13822
13821205856
1382006
1381997
1381995
138199
138187
138181
138139
138127
138124
138020
138019
13801386
138013
1380
1379as
137994
137984
1379465
13794
13793
13792846
13792486
1379246805
137924568
137905
137901
137898
13789
13788
137852
137851
137824
137817
137813
13780209
137788
13777747516
1377515
137733
137703
137682
137613
137581
13755
137546
137528
137512
1375064928
13748454
137456
137423
13738958an@$
13731
1372w13street
13725934079
1372536
1372533
1372530
13725
13723
13722913398
137227318415828
1372007
1372006
1372
137157
13713
137113
13711
137070
137024
137009
137003
1369a10B2
136996
136979
136971
13696913
13696
1369420
136925856
136895
13688
13678
136767
13674531314
136731
13673
136700
136689
136669
1366676
136667
136660
13665
136601
13657897
136482
1364798520
136450
13645
136422
136417
136391
136342
136340
136323
136315
136311
136303
136300
1363
136288
136262
136256
136231
136216
136202
136201
1361jf
1361998
1361997
1361994
1361988
1361987
1361986
136196
136161
136155
136144
136136136
136125
1361200164666
136101521
136094
136061
1360400144358
1360203
136020
136012
1360085229
13600
135abc
135999
135996
135984
135977
135972
135957
13594
135933
135931
135928
135910
135908
135900
1358me
1358bm
135888
135881
1358794625
135876
13585
135849
135844
13582
135815
135811
135801
1357stone
13579ty
13579t
13579qetuo
13579mm
13579g
13579e
13579adgjl
13579ab
13579970
13579852
13579513
135792846
1357925
13579246800
135791357
135791112
135790j
13578642
135786
135772
135766
135740
13573500
135733
135731
135724
13571732039
1357169
1357114
13569
135688
13567890
1356789
135660
135655
