7
105709
105706
105698
105684
105680
105673
10567
105656
105633
105631
105629
105620a
105610
105576
105563
10555
105542
105533
105529
105527
105526
10552
105502
105489
105487
105485
105483
105481
105475
105466
105464
105458
1054488
105442
105438
105437
105436p
105428
105427
105425
10541
105402
1054010540
105387
10538
105378
105366
105362
105348
105330
10533
105316123
1053126
105311
105293
105292
105286
105275
10527
105255
1052540
1052533
105250
105246
105245
10524335
105231
105230
105226
105221
105213
10521
105205
10520388
105203
105202
105201
1052007
1052006
1052005
1051982
1051981
1051979
1051977
105181825
105170
1051512
105150
1051443128
105141
105138
105132
10513
105128
105121
105119
105107
105094
105091
1050812
105070
10507
105062
105056
105055
10505448
105048
105044
1050402
105031
105025
105023
10501
104972
104921
104913
104903
1048576
104843
104834
104829
1047bb
1047790
104756
104749
10473
104724
104718
104711
1047034
1046896
104668
1046532
104628
104610
104600
10460
1046
104593
104560
104550
104541
104523456
104523
104519
104510
10451
10444
104438
10441044
104404
104400
104390
104386
104385
10438
10437
104369
1043536
104325
104311
10431
104283
104280
104272
104267
104254
1042536
1042511
104242
104224
104223
104220
104219
104217
1042111
104203
1042004
1042002
104187
104186
104174
104171
104163
104130
104127
10412123
104111
104105
1040st
104096
10405669100
10403
104028
10401317949
104011467
1040107
104006
103pounder
103franklin
1039772
10396
103925
103924
103921
103912
103911
103906
10389712
103850
10385
10384
10382
103816
103812
103807
10378
103769
103754
103737
103717
103715
103667
103654
103647
103614
103613
103612
103610
103600
103591
103588
103574
103564
103552
10355
1035455
10354239
103528
103514
1035
103497
103493
1034877
103469
103440
103418
103400
103390
1033710337
103366
103334
103312
103310
1032z9
103299
103292
103273
103269
103264
1032550
1032534
1032529
1032527
1032526
1032462
103242
103240
103238
103226
103223
103221
10322
103217
103211
103206
103204
103203503
103201
1032003
1031y83
1031977
1031976
10317
1031669
1031532
103152
103151
103146
1031400
103136
103134
103133
103129
103121
10312004
10312
10311998
10311995
103115
103113
103111
103103j
1031031
103102keh
10310115
1031010310
103061
10306
103058
1030507090
103039
103036
103031
103029
10302004
10302000
10301997
10301980
10301973
10301970
103017
1030109
1030023
102love
102dynesroad
102dalmatians
102dal
1029971008
102960
10292k
10292007
10291995
10291987ss
1029198600
10291986
10291979
10291978
10291970
1028abby
102892a
102887k
102872r
102864
1028619
102854
102849
102847
102846
102840
1028292007
1028282
10282002
10282001
10282
10281996
10281975
10281971
102806w
1027love
1027GS
102754
102749
102748
102745
1027323
1027322
10272002
10271996
10271978
10271977
1027089
1026love
102690nfl
10267482495a
102667
102665
102664
102657
102649
102642
102634
1026258
10262002
10262001
10262000
10261998
10261972
10261971
10261970
10261957
102615
1026129
102612
102605love
102603ffv
10260
1025rock
1025am
102590a
102589a
10257
102561
102557
1025563
10252903
102525at
10252001
10251999
10251981
10251979
102513k
10251
1024kk
1024bb
1024951
1024922
102487s
102487a
10248500
1024768
102459
102455
1024520
102452
102449
102448
1024477178
102447
102445
102444
10244010
102437
102432
10243
1024280
10242384
10242004
10242000
10241967
102415
10241124
10241103
10241025
10241016
10240412
1023don
102395k
1023872
10238
1023719
1023654
1023610663
1023610
10235
102341
102335
10233169
10233
10232saj
10232426
1023229
1023203
10232005
10231999
10231995j
10231982
10231978
10231972
1023125865
1023112125
1023067
102303d
102302j
1022create
1022chona
102292ss
10228519
10228
1022729
1022570
1022538
1022534
102249
1022411
102236
10222007
10222000
10221998
10221997
10221994
10221975
10221974
10221973
10221972
10221971
10221964
10221954
10221947
102217
1022152
10221217
10220609
102205a
1022043
102201lexy
1022009
1021rgb
1021jess
1021979
1021971
1021963
10219
10218421
10217
1021611412
102161
10216
102159
102153
102148
102147
1021410540
10214
102132
10212768
1021225
10212004
10211983
10211979
10211977
10211971
10211967
10210623
1021023
1020zx59
1020fowler
102095713
102090A
10208914
102082s
10208
1020791
1020664
102057
1020569
102056
102054
102048
102046
1020411
10204
102039
1020330
102030q
102030l
102030k
102030j
102030aa
1020305
102030405060708090100
102030405060708
1020303
10203013
102030103096
10201980lb
10201976
10201974
10201505
1020145
1020123
102010201020
102003000
101zoey
101shoes
101pageme
101ksh
101jesus
101iloveu
101girl
101diva
101dalm
101airborne
101Black
10195
10194
101939
101933
101931
10192206
10192022
10192008
10192003
10191984
10191973
101904js
10190261104
1019002
1018jeff
101895p
1018884
1018586
101852
101851
10185
101847
101845
101840
10182001
10181999
10181996
10181975
10181971
101818
1018143
1018101
1018010
1017hook
101798m
1017953
10178485
101762
1017601
101759
101747
101746
101741
10174
101739
101734
10172538
10172007
10171993
10171976
10171975
10171973
1016m
10169093
1016899
1016789
101667
101663
10166
101657
10165
101647
101644
101635
101634
1016326
1016313
1016205
10162008
10162
10161994
10161025
1016091
1016079
101587m
10158
10157
101568
101561
101559
101556
101554
101552
101549
10154868
10154
101539
101538
101537
1015278
10152535
10152007
10151999
10151978
10151974
10151970
10151969
10151963
1015161
10151416
10151
1015072333
101497jcc
1014939
101463
101462
10146
10145731mb
1014554
101454
1014520
101452
1014504
101444
1014411c
10144
1014307
1014207
1014200
10141998
10141977
10141975
10141972
10141970
101417234
1014166
1013jm
1013dittos
101392mmg
10139
10137015
1013694
1013420
101342
1013370
101334
10132002
10132
10131998
10131997
10131979
101318384
10131622
10131455
1013092
1013000
1012cb
101294a
101292a
10128915
101288a
101261
1012538
1012534
1012523
101252
101243
1012356850
10123456
10123262a
1012310
10122704
10122539
10122524
10122523
10122517
10122206
1012220
10122109
1012198
10121969
10121964
10121956
10121954
10121705
101214m
10121350
10121125
101204ls
101201301
1012010120
1012006
1011girlie
1011990
1011977
10119363
101183aa
101183a
1011829
10118
1011723
1011715
101163o
101163
10116
101159
101151
10115
10114
101139
101138
101137
1011324
1011320
1011291367
10112546
10112539
10112534
10112511
10112230
10112001
10111999
10111956
10111955
10111935
10111621
10111234
10111224
10111213141516
10111111
10111015
1011101
10110001
1010superstar
1010lu
1010em
1010am
1010@exa
1010997
1010993
101094d
101090s
101090a
1010824
1010555
1010520
101043
10104127
101039
10103120
10102hi
1010294108
1010269
10102547
10102540
10102520
10102519
10102504
10102345
10102203
1010216813
10101968
10101961
10101960
10101958
10101950
1010143
10101414
10101100
1010110
101010l
101010j
101010c
10101030
10101027
1010101010101010
101010101010101
10101003
10101001
10100808
1010030
1010011010
10100101
100white
100watts
100tmac
100thedon
100stackz
100stacks
100rocker
100pupu
100pretuyo
100pretekerre
100prebella
100preamigos
100pre=
100pre.
100pops
100pink
100p@ss
100mexicana
100meters
100lbs
100hours
100hotty
100hot
100good
100girl
100freak
100farts
100ent
100emo
100emma
100dolphins
100crazy
100cia
100cent
100buns
100boricua
100books
100book
100años
100angels
100PROOF
100CHIVAS
1009998
100993mah
1009777
100955...
100947
1009450
10094
10093
10092538
10092521
10092513
10092002
10091970
100916
1009148
100914
100911
10091
10090838
100892c
10089
10088001
100871dm
100864
100862
100861
100860
100856
1008520
100850
100846
1008443
100840
10082537
10082000
10081999
10081974
10081973
10081972
10081966
10081960
10081957
100817
100816c
100813
10080228
1007tere
1007941
10079
1007875
100764
100762
100760081
1007573
100756
100737
10072525
10072524
1007215020
10071999
100719952538
10071973
100713
10070
10069
100686rr
10067
100652
10065
100645
100640
100639a
1006304
10062539
10062523
10062521
10062002
100619900
10061978
10061972
10061970
10061966
10061023
1005sexy
1005bitch
10058d
10058589
10058481
100558
100557
100553
100552
100543
100539
10052540
10052531
10052520
10052518
10052004
10051974
10051973
10051970
10051955
100518
100517
100516
10051328
1005124
1005061417
1005025
1005002
1004990
1004946
10048
100454
100452
10043
10042538
10042521
10042002
10041970
10041969
10041965
10041963
10041961
100418
1004133
10040840
10039
100387j
10038
100357
100356
100353
100350
100341
100340
1003325
10032538
10032525
10032524
10032520
10032517
10032514
10032001
10031972
10031958
1003189
100318
100315
1003112000
10031003a
10030915
100302m
10030
1002ni
100291i
10029
10027
100263
100262
100259
100255
100243
100227
10022537
10022532
10022510
10022009
10021962
10021936
1002105
1002099
10020404
100200300400
1002003
1001whp
1001nacht
1001jay
10019
10018718
100184s
10017172
1001673
10016
100158
100157
10015617
100153
10015
100149
100144
100141
100138
10013
10012550
10012527
10012522
10011974
10011969
10011967
10011966
10011964
10011953
100116
100115
100112610
10011010
10010025
1001000
1000grants
1000dred
10008617
100077
1000697
100069
100064
100043
100038
100025
10002
10001dr
100011
1000100
10000187
1000007
100/tuga
100%yas
100%tiger
100%peruana
100%perfect
100%paki
100%negra
100%latinaam
100%hotty
100%hottie
100%gatinha
100%evil
100%cheeky
100%bebe
100%arsenal
100%actitud
100%MEXICAN
100%AMOR
100$man
10/9/97
10/25/92
10/11/93
10/10/1995
10/07/89
10/06/06
10.11.92
10-19
10-18-04
10-11-sh
10-11-rox
1/8/92
1/4/1984
1/4+2/7
1/10/1990
1.amiga
1.9.9.1
1.7checo
1.7.06.
1.5.hayden1.5.
1.3megap
1.094889652
1-aidan-1
1-9-1995xm
1-2-3-4-5-6-7-8-9-
1-2-3-4-5-6-
1-2-3-4-5-6
1-2-3-4-5-
1,2,step
1+2+3=6
1+2+3+4+5+6+7+8+9
1+2+3+4+5+
1+1=love
1*2*3*4*5
1$love
1$hadow
1#bitch
0zxcvbnm
0yomoupN
0yomiNmbrpN
0yo0bik
0ydir'KN
0wn4g3
0wn3dv3x...
0verlord
0verdose
0trust
0travis
0tori1
0tiydgmv9]vfwx
0tiyddyo9]vfwx
0tigger3
0tigger
0ti^hwxmew,
0three
0tgvksivlkf
0texas
0t1s14
0sunshine
0spongebob
0smyg0
0smile0
0sexy0
0sammy
0rtega
0ripkrex5
0rangejuice
0racle
0qww294e
0prrfkft221q
0princess
0pink0
0penup
0pensesame
0p;/9ol.
0oplok9i
0op0op
0ooooo
0okmijn
0ok9ij8uh
0ohlala
0o9i8u7z
0nlyiknow
0niner
0nigger
0nepiece
0n3love
0n0rina
0mother
0money
0miguelito
0mgshoes
0meggie
0livi@
0livejuice
0ladybug
0l1ver
0kisses
0ki6;iii
0j3t1m18
0iu;iiIgr=i
0infinity
0iloveyou
0ihateyou
0hshit
0hsh1t
0honey
0greeny
0gravity
0friends
0freedom
0forever
0fire0
0ffspring
0ew;h8og];
0ew,jwfh;jt
0emily0
0eight
0ceanwater
0canada
0bsession
0bo9okdki
0blocked
0blivion
0bl1v10n
0b9i4kI6
0b99b,k
0atmeal
0andrea
0P9O8I7U
0NLYM3
0Jleslie
0AKLEY
09zorro
09wefine
09virgo
09today
09teen
09softball
09senior
09runthis
09rules
09player
09pink
09pimps
09octubre
09nine
09memo29
09mayo
09marzo
09lucian07
09king
09jun2792
09ismine
09hottie
09girl
09fasho
09dot05
09dancer
09chivas
09chic
09beauty
09april
09999999
099979910
0999544963
099954450
0999257935
0999126
09990999
099909593
099894
09988776
0998714
099867341
099760964
099592814
099558987s
099511
099457131
099326793
099304352
099256941
099215
099199218
09916003
099131092
099131
099129324
099117
0991143
099112
0990ed
099098162
099090
099068
099051507
099041
099017
099001
09900
0990
098okm
0989kk
098994224
098987502
098948966
098890098
09888
09883900
098812300
098812
098811
098802058
098789
09876t
09876h
09876a
098765q
098765567890
0987654321q
0987654321asd
0987654321a
0987609876
0987597373
0987456123
098724
098723
098718
098700
098690
0985KC
098541916
098513
0985
098432000
098426
098425737
098424363
098356791
0983515
0983264585
09830983
0983069
098293
098253130
098246
098200
098090
09809
0979AkioX
097999
09787
097856
097842248
097840092329
097803864
097800
097789
097717165
097713152
097710
097666118
097550852
0975463
09753
097513
09748596
097475514
09740
097356480
09731558462
097307797
0972839
097277
097260
097197041
097165488
097163091
097135926
097031013
097008383
097000
096872796
09687
096836253
09680968
096785714
096781630
096703205
096701087
096690
09666462
0966603200
096560284
096552929
096521246
096496419
096451647
096410862
0963gyng
0963852
0963357
096325
096313877
0962237
096212447poo
096185152
09616
096058316
096036123
096035698
096016
095940280
095936893
095930061
09590861
095850
095842047
095782865
095740722
095716393
095706755
095697204
0956810
095657796
095657
095619542
095600
0955748606
095566
095556595
095364711
095269
095246
095245588
095222608
095218
09520952
095183127
095172
095147
095095
095090944
095056
095040812
095010
094946
094941110
0949038340
094863885
094848194
094827200
094816012
094814300
094803728
094800201
094748
094692090
094689
094599360
09456
0945123
094500
094490
094417660
094398
094335502
094335
09433
094290727
094269
094231524
094207991
094205355
094191882
094189580
094166472
094142
09410941
094104783
094060216
094057837
094056094
093880716
093725544
09370937
093551882
093525874
093403688
093390
09335454
093311752
0932450132
0932048055wa
093173
093131
093117
093110
0930la
093064
093060
093055
0930313233
093030
093029
093026
09302007
09302000
09301998
09301993
09301991
09301980
09301977
09301976
093019
093015
093014
093012
093006673
092998ew
09299765808
0929920811
09299
09298489855
09298121174
092975110
09297075669
09296840102
09296828465
092968
0929677213
09296713149
092964522
09296283
09296193701
092961
092957
0929558857
09295351946
092953
09295088710
09294974542
09294416751
09294370405
09293949
09293927839
09293920817
09293827732
09293795504
09293648773
09293421792
09293
09292890414
09292769886
09292753584
09292655712
092922
09292163006
09292001
09291996
09291981
09291980
09291978
09291972
092918
092914
0929134621
09290223
0929
09289612352
09289511357
0928931417
092879503
09287812130
0928778678
09287775379
09287640805
09287617090
09287580705
09287557609
09287529311
09287460602
09287450494
09287413686
09287410520
09287405936
09287386461
09287373997
09287322577
09287280477
09287220908
09286825473
09286325481
09286300538
09286279187
09286238544
09286137632
0928610
092861
09286086045
09286074918
09286066129
092859
09285651207
092856
09284948337
092849
092848
09284717207
09284601245
09284492008
09284414844
09284296523
09284138261
09284062862
09284060306
092840
09284
09283880644
09283710130
09283599929
09283597147
09283588340
09283539894
09283429157
092833
09283248363
09283131061
09283122383
092829
09282854068
09282614789
09282574772
09282573956
09282405320
09282403984
09282307299
092823
09282244282
09282115170
09282111862
092821
09282083103
09282057609
09282007
09282006
09281998
09281997
09281978
092819
092816
092815
092812
09280
09279890411
09279759087
09279494
09278730187
0927872953
09278
0927794723
09277336803
09277303194
09277090034
09276965865
092765
09276301172
09276248262
09276247314
09275955103
092759
09275821756
09275814339
092758
0927574588
09275645807
092755427
09275170016
09275167354
09275
0927499776
0927456325
0927373944
092736
09273541433
09273403251
092732
09273074898
09273
09272536764
09272513794
092724
09272240985
09272183763
09272118431
09272003
09271999
09271989
09271987
092719
092717
092706843
09269849899
09269008943
09268690214
09268606
092681165
09268011448
09267743365
09267285288
09266796880
092665
09266339478
09265988524
09264781587
09264553884
09264250198
092634
0926320363
09263103970
092630
09262616
0926256426
092624
092623
09262257478
09262183569
092620
09261999
09261996
09261995
09261994
09261983
09261980
09261974
092618
09261024508
092568
092566
0925623476
092560
092558
092536
092534
0925316556
09252007
09252000
09251999
09251995
09251982
09251981
09251978
09251973
092516
092515
092510
0925025881
092466
092461
092460
092456
0924512742
092431
092430
092423
09241996
09241993
09241992
09241984
09241983
09241978
092418
092417
092397k
0923932007
0923912315
09239
092386178
092365697
0923606010
092359
09235816196
09235659859
09235192542
09234999651
09234345563
09234322583
092342279
09233839904
09233741121
09233543818
092332828
09233231978
09233174129
092329443
0923286349
092326
092325
0923211873
09232007
09232002
09232000
09231994
09231987
09231982
09231981
09231978
09231005
09230
0922aq
09229672164
09229622216
09229585853
092294434
09229340990
09227
09226949108
0922688
09226737085
092267
09226647903
092266
09226314421
09226055843
09225851644
09225762124
09225657699
09225653892
092255
0922546
09225432894
09225422946
09224917348
09223828160
092237057
092237
09223632978
09223599295
09223370338
092233
09223138561
092227
092226
092224
09222004931
09222
09221991m
09221982
09221973
092218
092214
09220918
092202j
09220101
09220
09219909292
09219898675a
09219833076
09219728799
09219650426
09219628438
09219584909
09219503169
09219201904
09219153464
09219126491
092185nlb
09218189623
09218151731
09217848470
09217787356
09217589632
09217507006
09217414419
09217333067
09217269546
09217264212
09217252927
09216939534
09216777098
09216689017
09216629832
09216581152
09216445320
09216427546
092164
09216289035
092162756
09216266945
09216187056
09216186413
09216111708
09216054560
09216021
09216
09215873311
092158310
092158
09215787048
09215783910
09215729475
09215575500
09215552210
09215515020
09215451874
09215430269
0921541256
092154
09215377410
092153
092151678op
09215163691
09215138715
09215005830
092150
09214893142
09214792177
09214756666
09214632789
09214604412
09214579808
09214576925
09214533205
092145
09214483846
0921448080
09214391058
092143
092142
09214184064
09214052246
09214
09213961591
09213923683
09213782902
09213774157
09213585047
09213561803
09213536749
09213352782
09213226386
09213159503
092131
09213046653
0921303599
09213025903
09213021324
09212968147
09212918728
09212884295
09212832923
09212826972
09212733764
09212703316
09212688758
09212643128
09212579554
09212511653
09212442940
09212413203
09212395871
09212359589
09212327907
09212218696
09212184051
09212152700
0921215189
09212141935
09212140161
09212118383
09212098092
09212076628
09212049840
09212005
09212003
09211989
09211984
09211976
09211974
09211972
0921193782
092118
09209239532
09208787559
09208713361
09208679881
09208678151
09208605625
09208598159
09208571850
09208554757
09208535699
09208469202
09208420419
09208379400
09208377735
0920832706
09208320102
092083108
09208272447
09208215420
09208078480
09208051562
09208040394
09207997
09207985799
09207908387
0920773112
09207626001
09207584558
09207502025
09207489838
09207382604
0920727718
09207225272
0920720758
09207154303
09207
09206911510
09206707950
092067
09206662091
09206611391
09206446607
092064
0920627393
09206143986
09206116420
09206109171
09206041617
09206036301
09206022785
09206
09205905766
092058
09205752478
09205744765
09205677242
09205656736
0920562143
09205606617
09205532784
092055
09205434506
09205324784
092053
09205283583
0920521044
09205161180
09205148675
09204886218
09204880239
092048
0920477284
092047721
09204605350
09204554835
09204446694
09204405860
092044
09204307387
09204221539
09204214252
09204189977
09204104959
092041
09204053468
09204005301
09203851788pido
092038
09203604934
09203604704
092036
0920351
092034
09203332203
09203201759
09203117405
09203039185
092030146
09203012491
09202815457
09202744473
09202737974
09202725650
09202670975
09202626010
09202603886
09202535568
09202477163
0920244093
09202366615
09202356731
0920234827
0920234818
09202339061
09202325874
09202259603
09202143628
09202142255
09202060790
09202054975
09202009
09202008
09202000
09201997
09201994
09201981
092019
092016
092014
092013
092011
092010
092000nh
0920
091992510
091991er
091990003
09198917959
09198887062
09198848701
09198829453
09198766
0919871591
09198595354
0919832086
09198303668
0919828464
0919825843
09198161
09198153880
09198148901
09198124815
09198
09197984937
0919796099
09197879260
09197627162
0919759600
09197458542
09197355777
09197289231
09197285625
09197272620
091972469
09196863454
09196800415
09196789591
09196782424
09196780857
09196701655
09196694125
09196676
09196652068
09196591495
09196447748
0919639910
09196388570
09196381164
091963703319
09196355873
0919627404
09196232902
0919615699
09196150454
09196145189
09196081980
09196048608
091960
09196
09195887963
09195776065
0919569604
09195682520
09195656
09195628010
09195615951
09195612517
09195608852
091956
09195523037
09195348152
09195323312
09195313929
09195263439
09195246473
09195234252
09195230751
09195225151
09195195893
0919519579423
09195189566
09194959546
09194955425
0919494522
09194924
091949
09194894762
09194848463
0919482+
091947
0919469551
091946817
09194657384
0919465574
09194650704
09194621981
0919461681
09194597140
09194569441
09194565706
09194551122
0919448
09194394494
09194383793
09194368405
09194297939
09194294553
09194264840
0919426123
09194226674
09194097499
09193936103
09193919992
09193859948
09193804771
09193743125
09193727404
09193714921
09193705070
09193628502
091936
0919355022
09193432430
09193309334
09193227900
09193192017
09193157914
091930
09192894077
09192831797
09192758685
09192682248
09192669044
09192578016
09192574269
09192553969
0919253569
09192519388
09192515074
09192490334
09192450319
09192447715
091924460298
09192430659
0919242613
09192424803
09192397470
0919239463
0919236599
0919236487
0919232529
0919227226
09192218083
09192206942
09192165824
09192099874
09192056706
09192053254
0919205006122
09192006
09192001
09191998
09191994
09191979
09191964
09191823
091914689
09191418
091912522
0919123456
091912301
0919021352510
0919007
09188
09187992357
09187984175
091879187
09187742552
09187722686
091875685
09187525343
09187440798
09187291904
09187123309
09187035146
09187
09186968580
09186862976
09186787780
09186722760
09186689691
09186675919
091866185555
09186607358
09186598086
09186532078
09186466947
09186426490
09186415086
0918640799
091864
09186391859
091863
091862
091861844
09186140010
091859
09185899239
09185896198
09185848042
0918584034
0918581668
09185809380
09185780305
09185750442
09185740673
09185736052
09185726637
09185674658
09185633735
0918563319
09185624122
09185607397
09185466593
09185403237
091854
09185388809
09185305783
091853
09185259893
091852
091851
09185069589
09185059813
09185032557
09185024179
09184997997
09184995765
0918494208
09184804995
09184794693
09184779130
09184568528
0918440451
0918432
09184295970
09184294036
09184271242
09183911296
09183906207
091839
091838847
0918386422
09183824251
0918378867
09183710123
09183592371
09183511496
09183465507
09183398897
09183336672
09183329911
091833
09183278567
09183236095
09183202664
09183201785
091831
09183052139
09183006007
09183
09182958869
09182882292
0918288
09182862408
09182846570
091827791
0918273465
09182632307
09182624970
09182498621
09182483640
09182328253
09182173704
09182161725
09182141663
0918213413
09182059984
09182019
09182000
09181992
09181986
09181978
09181976
091818
091817
091810
091802523
0917lester
09179238948
09179144788
09179026723
09179009507
09178910
09177573805
09177571467
09177480172
09177409214
09176695024
09176624954
091764
091756
09174941210
09174847866
09174776379
09174464727
09174242002
091729
0917279798
09172428688
09172006
09172003
09171994
09171993
09171980
09171974
09171973
09171223
091710315
09169998178
09169518021
09169167019
09169093939
09169
09168857547
09168296215
09168245900
09167949561
09167888537
09167797
09167735139
09167669673
09167635743
09167609572
09167547775
09167117962
09166516784
09166463817
091664
09166392449
09166200266
0916590253
09165679587
091656
0916554994843125
0916549428
09165471224
0916533
09165302342
09165280196
0916504700
09164546737
09164519965
091644
09164040206
09164
09163996262
09163885249
09163708848
09163629184
09163471028
09162589816
09162313804
091621081
09162063856
09161995
091604337
091603966
09159869297
09159820
09159678581
091591a
091591761
09159095265
0915900824
09158803642
09158510490
09158354813
09158184979
09158162944
09158136013
09158
09157775045
091577545
09157463582
091572499
09156762100
09156463656
09156448317
09156269020
091558938
09155848483
09155679868
09155408122
091553
0915518155
09155043238
091546
09154469423
0915444710
09154330835
09154002483
09153997200
09153768129
09153641345
091536
09153445074
091533
091532
091527742158
09152477760
0915243659
09152424411
09152028490
09152004
09152003
09152001
09151997
09151992
09151982
09151981
09151979
09151967
091516
09151
0915
091466
09145898106
091435
091434
09142536
09142007
09142004
09142000
09141993
09141990
09141976
09141975
09141968
09141965
091416089
0914145
091413
091405m
091377334
091375425
091370
091367
091362
091358
0913520
091351534
0913425
091340913
091325
09131993
09131988
09131980
09131977
091317
091314
0913005
0912TIFF
09128587080
091280723
091278366
09127596506
09127186762
09127
091265415
091260
091257
091256043
091256
09125461272
09124162779
0912387661911
091237
0912365814
091236
09123123
09122537
09122524
091222674
09122008
09122002
09121980
09121979
09121975
09121974
09121968
091219
0912121
09121017
091210
09120704
09120101
091167
091165
091153
09115
091144
091140
091138
091137
09112549
09112537
09112522
091123654789
09112002
09111977
09111972
09111968
091111618
09110
09109856718
0910983990
0910965487
09109472135
09109342180
091093303
09109299175
09109119910
09109
09108997857
09108884892
09108812565
09108642256
09108551797
09108338692
09108323662
09108249583
09108229863
09108208112
09108116598
0