128
97746115
977456836
97741297
977412
977381
97738061
9773804
9773552
97734324
9773354
9773304
977312
9772971
977295
977288
9772712b
97726762
97723328
977217a
977213
977212328
977198
97719771
9771806
9771741
977170
97712646
97711324
97711
977096vic
977090
9770833
977080
9770732
977062
97704946
97702991
97702664
977023
977022
9770137
976yards
976rlm
9769872234
9769793
976963
9769599
97695889
976956
976947552762844
976937
976884
9768816
9768755
97686211
9768545
97685221
97683699
97681820kty
976808
97679
97678298
97677467m
9767692
97675233
9767320099883315
97673057
9767146
97670866
976700
97669d
976697
976679
97666679
97666607
97666423yo
97661966
97658
9765519
976502
97649764
97648929
97648587
97648213
9764683
976458
97645341
97644
976437993
976432
976431s
976431j
97643150
9764310258
976431+
976420
976417
97641263
97640840
976380127
97636422
9763548
9763510
97633778
9763241549
976318452
976223123
97622093
976213
976200
97616001
97615843
976134
97612ed
9761212
9761104
9761073
97610071
976088
9760845
976060
97605373
97603864
9760372
976033
976008
9760008
975love32
975jvs
975999
975971
9759616
97594896
975916969
975911
97590747
975900
97589592
9758882
97588733
9758745
9758668
975819
97581854yolatrola
9758180
975816
975806
97580582
97579757
975790
97577215
97576139
97575ila
97573278
97572955
9757219
97566
975651800
97564829761
9756434
975642
975640
97563124
9756089
9756082hassan
975579
975557157
97554771
975541
97554000
9755336
9755302jeferson
975500
9754mas
97549754
9754956
975490
97548625
975482
9754794
9754697
97546958
975444
9754417
975441
9753920
975369
975321
97531qetuo
97531a
97531745
9753126458
97531000
975300
97526823
97526191
975261
9752420s
97524022
975236
975234
975210
9752044
975153
97515227
9751485
9751391
975133
9751262
9751237
975111
9751065
975103
97508911
97508717
9750739
97507
975055
975035
9750132803
975004
975000
974runner
9749cd
974981
9749601
9749479
9749299
9749089
97489748
9748945
97489243
97487114
9748613*maju
9748547
97479858
9747768
9747638
974750
9747444198
97474160
9747140
974712
974697469746
9746953316lmsz
97469087346021
97466356
97466291
97465315
97463100
97462852
97460318
9746029
974601
9745sue
97459483
9745387
9745306353
97452768
9745250
97452041
97449744
9744926
9744659
97446584
9744569
97443731
97443535
97442269
974416
974408
97439830
97439743
97438350
97437788
9743755
974356989
97434373
974338d
974334
974333
97432561
974323
9743056
97429742
97427457
97426650
97425373
974243
974208
974197
97418911
97417049r
9741667
974158
9741540210
97414662
974109
9741080
97410690
9740780
974076
9740586
9740505
974049
97404542
9740372
9740350
974031
9740273
974025
974021
974010
974008
97400481pau
973joy
973jdlpv27
973halo973
973boy
9739ATKEMP
9739941
97399185
973977766
97396855
9739424
9739309
97392396
973911
9739022
973881
9738708191
9738519524
9738191
973794
9737720
973735
97369736
973693
973692
9736875
97368315
97366726
973662a
97364703
9736402
9736325
9736297
9736203189b
973611mssa
97357005
9735525
97354714
97354514
973542
97351565
973504
9734724
973472
97345687
973456
97344823
9734406
9734254
9734161
97339733
9733929
9733866
9733779
9733736462
9733716676
973365
9733582o
9733553484
9733414391
9733356229D
97333469
973333
97333
97331717
973315250052
9733018055
973300
97329732
9732900
973278nj
973273
97326987
9732481963G
97324410
9732385
97321642
9732040
973200
9731hh23
97319847
9731817
9731797
9731753
97316259
97316233
9731585
973158426
973156
97315+p
973144
973125a
97311379
973112
973110
97310704
97310051
97310044
97309730
97309688
973014
973013
97300335
973003
972aol
9729982181
97299729
97298388
97298033
9729718
97295574
972946007
972932
972923
97291742
972903
972897
97288309
972880343
9728595
97285442
9728526
972851
972821069
9728156430
9727990
97279727
97279603
97279438
97277457
972771
972749
9727413260
9727313
972727
97272372
9727228
972722
972711
972709
972708
97269726
972691
9726848
9726781
972666
9726634
9726536
97263737
972636
97263520
9726321
972615384
972610588
97259725
972590
9725858
9725596b
972555
972546
972535
972534
972532
972531
972530
972528
972527
972526
9725196
97250439
972502a
97248692
9724819
9724781
9724723937
9724703
97243n
972435
972405
972403
97240
972355
972347b
97233211
9723297930
972311
97229991
972291340
972290
972289
97228316
9722760073
972263
972250
9722494
972234408
9722309
9722300678
972230
97221310
9722129
9722072
972205b
9721999
972190859
97215258
972150
97213mad
972134
97213379
972130
97212701
9721247
97212380
9720944
97208265
97207682
97206310
972054
9720387
9720252AN
9720169
97201644
97201586
9720143
972010
9720077,mio
972007
972005
9720
971999
971998
9719976
971997
97199594
971976
971975
971971971
9719701
971970
97196902
9719642
9719630
97194975
97194275
9719279279
971927
971921
971919
971911
9719076080
9718884
9718806
97187537
9718741
97187160
97183507
971835
971834
971832
9718314
971820
97180455
9717973
9717683349
9717641
97175426
97174560number
9717367
9717364
971735
9717211
9717177
9717047
971701
97169716
971690
9716525
9716344
9716257
97161961
9716187
9716147
971612
9716063
971602
971601240-N-
97159715
971583
9715793
971579
971572
9715704
97156304aa
971541
97154
9715348
9715304
971525
97152082
9715199
9715198
971515
9715133
97151244
9715092
971506782596
971506161569
971503
971500
9714907
971488
971480193192548
97147512a
9714735
971467
97146284
971416
97140521
971400
971397
97139
97138p
971388
971385246
9713842650
971382645
971378c
971364
9713630
97136045
97136
97135862
971356
971350
971346
971345
97134400
971343
9713427
97133960
97133903
97132585
971324
971323
97132228
971320
9713199
9713173
971317
9713122
97130622
97129712
971297
971290306
971288
971287
97126285
9712558jp
97124937
9712465
9712323
971232
971231
9712297
971229
971227
971218
9712145
971214
97121274
971205
9712032
971203
971202
97120032
971200
9711is
97119715
971195
97119307359161
97118928
9711887282
9711884
97118
9711775
9711765
971174c
97117423
971172
971168
97116291978
9711623
9711622
971160
97115721
971155
9711533
971149
97113975
971133
97112919
971129
971127
971126
9711240
971123
9711199
971113
971111-9
971110
97111
97110926
9711051182
97110405
971102
971100
97109710
971092
9710911
9710804qinyu
971078
9710735
9710596
97105407
97105402
9710516
97104200
971040azul
97104028
9710401
971028
9710273
971025
971023
9710212
971020
97101707
9710164
971011
9710109
971010257
9710098
971007
971003
9710029k
971002
97100155
971000
970ndm
970bhambra
97099
970988
97096018cuz
970960
97096
9709475
9709440
97094158
9709238
970910
970908
97090608
970902
970888
9708846
9708595
9708344
970831
97082688
9708268
970823
97082006
970818
970814
970811
970809
97080647
970803
9708028
970801
970797049899
970781
970763
9707558
9707447
9707267
970725
970723
970719
970715
970712
9707085
970707
970703
9707
97069706
97064090
970632
970630
970628
970627
970626
970624
970623
970621
970616
970614
970611
970606
97059109
970583
970582
970569
970561
9705587
970544
97053146
970531
970529
970528
970525
970524
970523
970522
970520
970519
970515
970514
970512
9705058
9704848
970484
9704730
9704695
9704423
970437
9704321
97042st
970428
970420
970416
97041522
9704125944
970401
97040
9704
9703931
970390
97037810
970376
9703644
9703376
9703348
97032870
97032804881
9703278
970320
97031919
970316
970315
970313216
9703105106
970310
970308
970304
970303
970302363431270
97030
97029lmn
9702928
97028218
970277
970273
97026840
970268
9702671
97026380
9702613
9702511
97024848
9702265
970223
97022136
970221
970216
970215
9702147
970214
970211
97020800090
97020306
97020170
970201
97019701
9701901
970189
970188090
9701829758
97017843
97017566
970167
9701668
9701611
970160
9701526
97014166
9701362
9701292156
970126
9701192
9701157
970115
970111l
970110
97010908810
970107
9701066
9701049
970104
9701019b
970101
97009700
970097
970096
9700921
970085
97007989
970078
97007538
9700701
970062
9700557
9700555
9700550
9700537
97005149
9700403
9700395
970033
9700252
97002457
9700238264
9700219
9700212336
97001bab
9700170
970017
9700133
9700093
9700056
97000281
9700012
9700008
97000070
96yugm
96y29mariposas
96white
96tkkl
96thb7yv1
96tahoe
96sydney
96solo05yose
96singlis
96saturn
96sammy
96rose
96prelude
96ohcysp
96nena
96naruto
96mustgt
96may13
96love
96louder
96legna
96k07i31u23t11s6
96jetta
96icky
96hpvg]Hd:N
96hockey
96goldwing
96girls
96flowers
96firebird
96explorer
96dyna
96corvette
96colombo
96cn726
96clayton
96cats
96caprice
96camry
96cadi
96brown
96boyz
96bj5q
96b2180
96auckland
96ap030
96angel
96altima
96af40679
96ab14bwl541
96a2bc
96Ud9kojkiyd
96Ud9k
96Ud96Ud
96TAnnie
96LAJEVI
96KINYO69
96CA69MI
96BEAUTY
96Accord
96@7542787
9699j
969988
96997982
969976047
969976
969975649
969974715105
969969699636
969963720
969950
9699305
969922783
969906
969904
969903
96990104
96990103
969901
969900
9699
9698v55
969896p
969891
969888
96988
96987922
969877409
969869
96986880
969858
9698281
9698149
969805
969803
969802
9697kc
9697527
969732
969706
969700
9696cb
9696998
9696969
9696968
9696963
969691
969678
969675
96966747
969665443
96965212
96964e
969646
969642
969636
96963381
969631
969626959
9696261
969625
9696198
96961855
9696172
96961516
969613
9696121895
969612
969606012
9696057
969602
969600
969596597
969593078
969576634
969569788
9695640
969559
969555583porto
96954249
969540549
9695323
969513
969511028
96950894
969503760
969500
96950
969483
9694756
9694703
9694690k
969455
969437365
96942870
9694256
969423099
9694200
969414
9694133
969400
96940
969396
9693916
969391
9693859
969373
9693518n
9693339
96932989
969310
969290
969278393
96927601
9692685
9692632300
969262854
969251093
969243218
969241
96924001
9692170
969193
9691927
969186846
969143
969120
96909690
969096
969091145
969078312
969012
9690089
968a9792
968984908
968973539
968967575
968964686
96895356
968951175
9689439
96894184
9689219
9689191
968900
9688crc
96889832
968869878
968869
9688524
968845
968840
9688362
968826670
96880706
9688013
9687jn
968796151
9687791
968778642
9687631
9687561139
968753
96875243
96874962
968747881
9687395
9687267
968723785
9687123
968700
9686mmkw
968695421
96868439
96867480
968667504
968633261
968618j
96861843
96861464
9686121811
96860906
9686
9685996859123
968599
96858265m
96858
9685750
9685743
96857410
96854902
968544
9685324
968532
968525633
968512
968511
968500
9685
968498
96847863
9684746
9684720
968468231
9684635
96845578
9684535
96842637
9684087
968406
96840570
968398
9683849
96837618
968368
968357
96834552
96833636
9683243856k1n9
968312
9683071a
968292845
96829246
96829178
9682905
96826907
968242
96823738
968223
96822
968209096
968203m
96820255
9681y72
9681nj
96819SF
968185647
968183845
9681801
9681763
96817
96816354
968158592620032
96813663
96813213544
9681267
968126145
96812424
968114645
96810850
9680uga
9680948
9680894
96806992
9680696
9680606
968044594
96803742
9680374
96803692
968025094
96802232
9680211
96801347146
968011
968000
96800
967twister
967999
96799679
967989
967982
96797girl
967978
967977
967967767
967967225
967967
967958
96792k
96792gurl
96792girls
96792boi
96792blue
9679
9678cas
9678972
9678913
967886
967880
9678784
967875
96786tc
96786377
96785
967845
967832
96782378
96781641
967797956
967792370
967781871
967771
96777
967769
9677558
967750573
967748
967743303
9677429
967716232
967713728
967700
967695198
967670
967662642
967655575
967654352
967644
9676249
96762
96761935
9676102
96761
96760942
967598648
967592
967580
9675748
967572
9675661
9675583
9675487
967546076
96753
967524279
967512
9674ss
96749674
967490987
96748946
967488936
967474
967473209
96745858
96745
96744j
967443
967435
96743290
9674221
967418
967396
96734561
9673355
967331
96731237
96730841
967301185
9673005
96729275
96728q2
967282161
9672733
967265
967248raxojime
967231
967219841
967202848
967186156
967182827
9671802
967164
967162
9671581
967157K*
9671446
9671396
96713926
96713247
967124
96712306
9671221
9671158
9671111
9671066
967100384
96708
96707jen
96707906
9670470
9670364
967031233
967028752
96702867
967028338
96701220
967009
967005031
967004671
967000
966l699
966hills
9669dbr
9669969
96699333
966988t
96696996
9669686
96696658
966962
96696145
966954
9669506
96694571
966944
966942511
96693093
966930
96692295
9669197
9669125
96691234
96690959
966905692
96689802
96689668
9668875
96688154
9668742
966865
966859
966858426
9668343
966821404
96680337
966803
9667921
966789637
9667757
966765146
966751
96674109
96673436
966729770
96672446
9667042365896321
96670
96669
96668078
966664
96666
96665547
966647438
966631209
966630
96662153
96660783
96659943
96659665
96658224
9665656
9665603
9665544
966554
96655
966541
9665300
966523777
966509
9665088
966506
9665056
966505114
96649664
9664948127
9664673
96646389
966430058
966429
96641096
9664059
9664033
96640305
9664
96639663
966396
966393
96639
966388
966382
96638135
96637668
96635834
966347075
966336
966333
9663314
966330382
966325048
96631966
966313751
966290373anna
96628
966279545
96626149
9662596
96625650
966254
96625260
96625055
9662447
9662160
966216
966213
966211
966202
96620
96619410
9661811
9661721
9661646
966132
96613157
966123
966119
96606699
96605701
96604513
966045
966030152
9660234
966022
966000
965990976
9659877
96597trd
9659679efv
965925
9659112
965910
965893166
96588283
96587156
9658646
96586312
965859704
965858323
965856
96585045
965837
9658322
9658321470
965830306pqt
96581883
965810
965808576
965805445
965797s
96578592
9657754
96575553
965751941
965742
9657382
965730311mimi
965727790
965722
96571146
9656f123
9656az
965692056
965690360
965689
96562566
965609721
965608337
965600
965598
96559655
965594293
96559
96557
965569
965561941
965558104
9655472
965540813
965527
9655179_l
965516580
96551218
965509
9654yoli
965496
965494526
965494465
96549
965474569
96547454mary
965450102
965449668
9654481
9654396543
96542900anthonytlv
965424964
965421
965419405
96540532
9653usaf
96538181
96538039
965364767
965362374
96536
9653593
9653588
965356745622
965351189
96533paulo
965323059
9653184
965317
965314
965310
96529652
9652956
9652841
965283179
965270149
965269480
965264
965261
9652547
9652470
965245581
965235536
9652324
965231
965230RB
96522569
96521391
9652004
9652
965186159
96518479
965175517
96517423
965161
96516022
96514411
965134340
965132
965129
9651277
9651214DIBU
9651122
965108
965104505
965101
9650978
9650954zuzana17
9650914
9650870
965082391
965081
9650659
965050
965043626
965041
9650132
965012
96500280
965000
964pmc
9649yogy
964995
9649908
9649826
96498116
964970349
964964040
96496303
964956902
9649392
96493002
9649292
964914911
9649107
964900
9648991
96489648
964896
96486969
9648675
964849503\\
964848
96484256
964839592
9648212
96482
964814
96480757
9648073
9648053
9647drea
9647852210347654
9647832
964774487
964754064
964747
964741131
964740271
9647121
964707219
964700
964694995
964687
964672453
9646585
96465605
964655
964651297
9646489
964645
964644728
9646447
96464256
964625012
96462011
9646201
96461683
96460589
9646022
9645959
9645832517927
9645749
9645580
9645489
9645411
96452908
964528
964526282/966528566
9645164
964515808
9645121322
96450123
964500
96449081
964474
964449
9644480
964440804
964433
9644303
964424029
964400
96438382
9643648292148516
9643616
964356465
96431718
96431623
964309623
9643077
96430
964234xz
964229
964207
9641kvkv
96419641
964187
964185550
964185
96416399
9641602
9641413
9641242f
964122035
9641220
964120
964119
9641141
964105614
9641054
964100
964085
9640827klau
964078
964045664
96402301
96400104
963stars
963qwe
963pooburke
963mkg1
963cero
963cel
963998493
963996386
96399636
963989
9639862
963982190
963969827
96396682jab
963965765
9639651
963964
963963a
96395940
963954558
9639536
96394726
963946226
963943
96393537
9639349
963933
96392988
96392427
96391153
96390430
9638916
963885627
9638754r
9638754
963874
963873
963859185681803
96385539
963852q
963852p
963852c
963852741963852741
96385274159
9638527411472583
96385271
9638522
96385217
963850646
9638436
963842
96382741
9638157
96381
9637985
963796379637
96379637
9637849
9637827718
9637780
9637779
9637778
96377439
963774
963764737
963763
96376056
9637573
9637558
963752678
963752418
963751
963741a
9637418520
963741258
96374120
96373678
963715785
96371549
963707216
96369959
963696369
963696
9636891
96367280
963672716
963671474
963669056
963666
963657
96365635432
9636555
9636514
963642
96364106
963637578
9636346398
963629857
9636275
96360805
96359744
9635888
9635838luis
96357805
963578
963572
963568
9635568
963555054
9635450
96354104
96354
96353630
963530934
9635241
9635233
963522145
963522
9635214
96352
963515
9635147
963512
963511
963502223
96350056
96350
963491399
96348963
963482852
9634745
96345870
9634545
96345414
9634413
9634233
9634208
963401a
96338954
963379789
96336541
96336026
963349900
963346531
9633453
963344499
9633369
96333257
963324
963309152
963302
963301
9632Fahy
96328109
963279
9632781
963258qwerty
963258n
963258A
9632587411
9632585
96325814
9632580
9632270
96322487
96322469
963223441
96321mv
96321a
9632174123
96321596
9632147j
96321458
963213
963212
963210593
9632101
963209
9632059
96320004
9631rene
9631cccc
963196351
9631852
96318420
96317749
9631704
96316720
963167
963165144
9631650
96315963
963154
963147852
96313mm
96313284
963131
963129251
9631277
9631256
963123s
963122987
96311698
963116006
963109244
96310757
963104
9630dr
963085207410
96308520
96308502
963085
9630816
963080
963078
963061
96305070503
96304771
96304177
9630383
9630369
963030
9630284
963023
963021
963020
963011
9630063
96300404771110
963004
963001
963.85207410
963.8520
963.
9629921
96299
96297356
962969
96292468
9629146
9629100
9629003
9629
96289628
96289092
9628909
962881
9628808
962880
9628789
9628759
9628532
96283531
962833
96283101
9628251
96282004
96281547
9628135
962809
9627lili
962792642
9627803
9627801
96277520
9627700
96276295
9627493
9627490
962748
962735441_tlm
962720
962716989
9627155e
962708
962703030
962700
9626may5
9626969565
9626955w
96269441
962689
9626847
962676
9626693
96265719
96265218
962630439
9626286642
962628352teresa
9626279
962626
962611
962605
962596
96258666
9625860
96258254
962574
9625692
96255901
9625521
962547466
9625431
96254052s
962535
96253415
962533369
96252621
962526
962524
962522
9625215
962520
962506
962502
9625007
962500
962489
962483933
9624696
962465496
962439
9624365
962435
962434
9624247696
96240sx
962403529
9624032008
962400
96239879
96239495
9623741
962367
9623609parkerwilliams
9623596
962358
9623575
962354626
962351
96233560
9623356
9623238
962321596
962321
962315
9623131
96231011
962310
962306432
962303835
96230320
96230145
9622950
962288
9622786
962273
9622574
9622465
9622354
962232
962229
9622218
9622169
96220751
962201
96218618
962163530
962161829
9621518
9621470
962126
9621145
962104
96210303
962102
9620880
962074
96207020
96206618
96205051
96204633
96202037
96202023
9620196
96201223
96200978
961998034
96199619
961990231988
961989l
9619889619880
961975
961973
961971
9619706
961970
96196862
9619655
961965
961962371
961955
961946
961920
9619137
961909386
96189618
9618928
961890
9618789
961875560
961867796
961838845
961828
961825300
9618176
961815308
9618110
9617987
96179617
961791808
96178757
9617798
961779415
961770
9617569
9617517
961748
9617276
9617135
9617124
961711
961707
96170583
9617025
961702
96169616
9616816
961677
961674749
9616640
961656244
96165200
961648101
96164737
9616468
96164319
9616318
9616243
961613885
961610
96161
9616097
961589772
9615828
9615764
9615752
961572
961571
9615579
961540
96153038xd
96153038
9615296
961529
961516
9615117
9615111
9615106
9615103
961508
961503PUPI
961500
96150
96149614
961491600
9614907
961485
9614844
961475039
961472578
961470164
961465678
961459
9614584
96145809080212
961456
961449
961442
96144020
9614315
9614163
961410
9613NcM
961396
9613939a
96138551
9613702
9613621
9613570
961352
961336
9613302
9613257
961314
961310
961301352
961298
9612968
9612895123nike
96128496
961284102
961282
961272564
961261
96126012
96125cg
961259
96125001
96125
961244602
961236
961234
96123
9612207
961220
961219
96121451
961214
961212433
961209
961206
96120234
961202
96120139
961200
96120
9611ime
96118Dtk
961188
9611851
961184679
96118055
9611757
961171310
961139051
961137
961131767
961130ico
9611258789
96112002
9611177
961114
96111002
96111
96110904
9611006
961100
961099
9610984
96109085
961088502
9610804
9610795
9610746
961068977
961062
9610551
961055
96105
961044
9610381
961036
961030646
96102790
9610235
961023
9610223
961021
961020
961019
961018
961015456
96101517621
961013
96101025z
96100895
9610077
961006
96100479
9610000
961000
960999
96099378
960989
960960
96095152
96094
960929
960928
960926
960925
960924
960923
960922
960920
960918
960917
960916
960914
960913
960907
960905
96085753lh
96085454
960831
960830
960828
960822
960818
960817
96081013540
96080484
960804
960803
9608020
960802
960801
9608
96079607
9607807
96077604
960760
96074982
9607425
960727
960726
9607248
960722
960721
960716
960713
960711carol
9607077
960704
960701
960697
9606895
9606786
960666
96066
9606597
960655
9606409
9606323
9606262
960621
96061811033
960617
960616
960615
960612
960610
960608
960604
9606005
960571a
960521015362
96051911099
960518
960515
960513
960503
96049604
9604834
960478
960473
960466
960465
96046031
960450
960448
960429135951
960427
960424
960422
960420
960419
960416
960413
9604098
96040900958
960406
96040560
960404
960402syhy
96039603
9603883023336759
9603805
9603777
96037379
9603648
96036016
9603559
960328
96032413610
960324
960318105282
9603178sussan
960317
960315
960312
960311119754
960308520
96030815
9603075
96030701639
960306
9603057
960305
9603010bc
960300
9602zeak
960296
96029523
960288
9602875
9602838e
960275t
96025160
960241
960238
960234
960232
96022428
960222
960217
96021516322k
960213
9602100
960206
960204
960200
9601978
960194
960192
960184073
960183528
960178
960175
9601717
9601513
960150
9601429
960129
960127
96012534566
960125075312
960120
960119
960118
96011531
960111
96011089
960106
960104217
960102
9600mnb
960096
9600947
9600925
960090
96008816
960084
9600810
96007246
96006959
96006
96005emmie
96005577
960054
960051
960039
96003806
960029
960015
960013248
96001324
96001234
960012
960005
960003
9600000
9600
95xRl60
95vetece
95turkey
95toyota
95toy
95tbird
95stephanie95
95sport
95softball
95saturnsc2
95sachem
95rules
95rock
95rell
95purple
95princess
95pl45.
95pathfinder
95olds
95niggar
95mit13
95lp2324
95kmccraith
95jimmy
95jenny95
95jdiY
95jd2FDh
95jc028
95impala
95girl
95giblue
95gap86
95gaby
95forward
95f150
95elizabeth
95eagle
95dyna
95diva
95cutlass
95cute
95classof
95civicsi
95child78dance
95cherry
95champs
95carlos
95cadillac
95boom
95bmwm3
95bmp3
95bimba
95bigears
95bebo
95babess
95as13198
95altima
95aaron
95_osiris
95TIKAHsmksm
95Marie
95CIVIC
95BABY
95ABBIE95
959s.yates
9599997
9599735
959959
9599507
9599321
959911
959910
95990970
959905
959903
959900
9598looe
959895
95988
959879
959869
9598484
959845
9598411
959814
959801
959800
9597rpr
959798
95979597
959789
9597511
9597142lyaa
959710
9596989
9596983
959693
95966
959651
95965
95963
959629
959617
959611
959604
959601
959585
959573
959572
959557
959540
9595372297
9595334
959523
959512
9594995
959495
9594772513898
95944704
9594417
959395
9593754
9593688
959321
959310
9593
9592711
959209
9592000
9591940
959193
95919080
959189
9591858
959165
959150
959138NL
9591228
959118
9591088
9591001
959100
9591
959073
9590277
959020j
959018
959014
959008
959002
95900
9589987
958979r
958958
9589517139
9589199
9589164
95891285
9588tlz
958888
9588679418594
9588591
958859
9588410
958828
9588137
95881235
958802
95880153
958800
9587992
95879
958772
958744572299
95873521
958734
9587151
958690
958687
9586822
958677
958666
95865070
95864903
95864710132
95863456
9586235124875
958621d
95861650
95859585
958582
9585804
9585639
95854728
9585354
95852722
95851764
958516
958515
9585137
958512
958505
958502
958500
9585
9584789630
9584622
958432b
95842108
9584162
95841
9584
9583958
9583764
95835658
958345
9583321
958311
9582999
9582979
958272
95826uemvo
958231
95823
95822ad
95822
958218
9582158
958212
95820916
9582067
958179
9581750
958174
958139
9581210
9581202
958120
9581169
958096
958030
958024887
95800francia
9580
957zh2
957thebeat
957ncg
9579wd02
957971
9579570
957955
9579496
957899108
9578704
9578645
9578613r
9578602
95785266
9578525
9578521
95784613
957842
9578324615986110
95783085
957800
9578
95779577
9577798
9577434
957705
9576ed
957699
95768995
957676
95766733
957656
9576377
957634
957632
957624
9576176
9576078
95759575
9575798
95757846
9575618
95755599
95754813
95753515
9575317
95752556
9575231
957523
95752056
957517
9575143
9575131
9575
9574949
957491
9574885
9574875
957486624153
9574862220011
9574847
9574837
9574748
9574737
9574239
9574161
95737560
9573527
957341
9573326
957321
9573121c
95730329
957296
95729572
957292
95728415
9572609
957222
957219
9571luvsya4eva
9571812
957157
95713582
95711797
9571122
957111
95710jlj
957100
9571
95709100
9570832
95705273
957041
9570325
956bruno
956babycakes956
9569710
95695me934
95695769
95695345
95694837
9569472
95692546
9569194
956908
95689568
95685914
9568414
956816j
9568162a
9568142
9567mon
9567dm
956795
9567890
9567653425
9567272
956723
9567225947
956716
956702
956700
9566975
95669566
956684j
956667
9566499