325
6513226
651320
651311
651310
651305
651300
65129732
6512924
6512877
6512836
65128
6512792
6512636
651262
6512572
6512542
6512529
651252
651228
6512260
651225
651223
6512226
651216
651215
6512124
6512112
65121
6512078447
651206
65120362
6512012
6512001
6512
65119155
651190
65118166839441
6511740
6511667
6511652z
651159
6511588
651158
651134
6511313
651130
651126
651125
65112
651115
651111
651110
651107
651103622
651101
65110
6511
6510990
651088
65107991
6510740
6510706
6510651
651065
651050
6510464
6510436
6510317
651030
6510284
651027
651026
65102
651012
65101
65100lourd
6510082
651008
651000
650sav
650roxy
650hondarincon
650forever
650emz
650bayarea
650BAY
6509kona
650998
650992
650988
650965
650961
6509573
65095165
650925
650923
650904
65090322
6508856
6508754
65086508
6508629
650848
650825
6508248
650814
650812
650800
65077
65075408
6507521
6507506
650750
650748
6507450
650732
650719
650707
6507042
650702
6506sj
6506our1year
6506drs
6506866t
650680
6506771
650675
6506506
650623
6506213
650619
650616
650615
650612
650611
650607
6505dutch
650599
650585
650572
650561
65056
650553
6505406
650534
650527
650525
650524
650522
65051t
65051905
650518
650516
6505038
650501
6505
6504726livo
650452
650450
650449
65044236
650433
6504310
650416
650415
650411
6504017
650400
6503816
650372
650369
650365
650361
6503574
65035142
650351
650344
650338
650332
650327
650324956
6503168
650315
650310
650309
650307
65030362552607
65030287
650302
650301
650297
6502902907
650290
65026502
6502407
650231
650227
65022538
650219
650206
6502046
6502043
65020
650199
65017
6501558
65014760
650143
6501271
650120
6501175
6501132
650105
650102
6501017
6500sb
6500934
650089
650087
650084
6500686
650060
650053
6500447
650019867
6500160
650008
650004394
650004
65*7*164@md
64wako
64uandme
64tangle49
64stang
64sparkfan
64salcon
64rivers
64qq46
64poop
64pizza
64pineapple
64pimp.com
64pientje63
64palmer
64mafia
64lyfe
64love
64kicks
64hardy
64gold
64ea32
64dragon
64done
64cookie
64boobs
64bloccegc
64blackmustang
64baby
64arbutusgrove
64angels
64alford
64_Bigdaddy
64Gramz
64FERGUSON
64D@Apache
649knxak24
6499lms
6499893
6499800
649946
6499398
64992129861697
6499130
6499013
64990022
649900
6498998
6498947
6498899
6498743
64986493
64982454
64981979
649812
6498058
6498001
6497864
64978
649773
6497726
6497690
64975521
6497255
6497250
6497
649666
649664
6496162
649612
649607
6495skb
64959448
6495811
6495746
6495596
6495438
6495424
649541
6495406
649540
64952499
649519
649518732
649502
6495013k
649487
6494846
6494791
649475
649471
64945505
64945233
6494364
649411
649400a
649372
64936493
649331sk
6493295
649323
649314
649312
6493
6492922
649266
64926492
6492560
6492514
649251
6492472
649227
6492131
649211
6491ul
6491jimmyboyu6491
6491733***
6491432cadogan
6491375
649122
649121
649101
64910*
6491
6490409
6490387
648kdkilo
648Cnty154
64896231
64895467
648951
6489427
64892895
648927
648916
648888
648866
6488656
648855
648840
648831
6488275
648825
648822
6487932510
648783
648774
648765
648764a
64876487
648720
648709
648687
648628
648615
6486143
6486054
64859523
648593
64856910
648558
648542590
6485256
648523a
648522749
648514
6485079
6484vzw
6484fm
648499
648495
6484919
6484895
64846760
648452
6484482
648444
64844142
648432
648428
6484215f
6484130t
6484042
64839293
64836483
6483412697853
6483295
64832520
648312
6483046648
64830426753
6482wutta
648298
648297
6482902
6482834
6482641
648259
64825729
64825285
64825
6482425
64823791
648231303
648224
64821939
64821471
648210
6481946
6481931
648171
648156
64814634
648146
648143
6481416l
648135
6481091
6481055
648102
648100
64810
648088
648080k
648078
64806506
64806480
6480231
648000
647999
647995
647980
6479727
6479290sap
647929
647919
6479124
647907
64789J
6478989974
6478876685
6478810
647878
64786478
6478420
647842
6478269
647826693
647806
6477852
647777
64777
6477484
647743
6476920
647684l
64767641
6476632
6476451
6476304747572
647630
6476113
64759834
647569400
64756475
647557
6475431
64754
647537
6475124
6475086
6475077
6475067
647500
6475
6474june
6474703
64746474
647460
647447
64744
6474357
6474229
647417
647412
6473tan
6473972
64737341
647359
6473565
647352
64735
64734a
6473499
64733248
647326
647311
6473059
647297
647287
647286
6472819
647264
6472617323
6472552d
647233
6472281
647201
64720
6471970
6471908
6471900
647170
64716151
6471553
6471513
64714358
64714009
6471399
647136
647132
647126
647123
64712186
647118
64711221
6471111
6470853
64708282
647078538
647078176106
6470657
6470614
6470613
6469965
646995
64699498
646991
6469808
64696j
646964
646949
646915
6469125554
6469078
646897
646892692
64689101
646868
646843
6468278
64682283
646810
646789
646787
646764
646725
646718
6467045
6466951
6466820
646678
6466654
6466610
646629
6466139
6466123
64660
6465rdj
646588b
646587
6465822
646579
646570ss
6465671
646567
646564
6465628
646562
6465552
6465253124
6465213130
646520
646515
646511j
646504
646500
6464aaaa
6464962964
646496
6464946
646480
646479
64647830
646468
64646740
64646
646458
646452
646439989
646435
646426
646421
6464197369
646419
6464164
646410
64640604
64640593
646400001
6463864
646383
6463755
646364
646363
646362
646333
646326
646325266
646315
646300
6462pp
6462950
6462948029
6462940332
6462879
646286
6462832112
646280624
64627923
6462790
646274
646272
646266
646262
646261
646256
646252
646245
646244
646218505
6462163a
646215
6462125
646210
6462060
6461883
646181m
6461733rjb
6461633
6461618
646161073
646159720
6461520
6461469
6461227
6461222
6461219
6461171
646100
6461
6460SONIA
646092
6460521
646046
646031
6460226
645v72
645day
645bam00
64599cbf
645997
645981
6459620
6459519
6459443
64594202
645931
645922
645896
6458944palermo
645891
645858
645832
645825
6458230
64580840
645801
6457924m
6457886
6457825
6457788
645777
645772
64576457
64573125
6457155
6457146
64571
645692
645691
645681
645678
6456638
645658
645633
64562999
6456270
645615
64561212
6456007
64559898
645597b
645591
645565
64556455
645555
64555
645546
6455413
6455313
645526
645512
6455100
64550371
6455015
645499
645488
645485
6454694
645464
645454
645453
645452
645444
6454415
6454343
645428
645426
64542
645411
645407659
64540437
64540431
645400415s
6453ccw
64539424
645393
6453927
645377
6453551
6453532922
6453511
6453475yhmgf
645346
6453449
6453445
64534231
645337
645333
645332
64533
645326
64531224
6453120
645302
645301
64529523
6452859
64527035
64526845
645267
645266427
6452573
645237
645235
645226636
645226038
645222
6452187
6452172
645216
645214552
6452123
6452109
645203654
645200170
645198
645197
64519456549154
64519
645180
64518
645177
645172
6451702
645168982
645166
6451651
645165093
6451620
6451534
645142
6451405
64513162
64512936
645129
6451192t
645114
6451131
645113
645101
64510
645074
64506728
64504
6450385
6450345
6450329
645028
6450202
645018616
6450147
645014100
6450112
6450060d
645000
6449355
6449340
644916
6449
6448el
644899b
64487959
6448619
644855
644845
644841
64483683
644835m
6448345
644829
6448254
6448246
6448083
6448080
6448046
6448
6447981
644789
644787
644780
644746822
64474597
6447288
6447271
6447217664
64470w
644706s
64469home
6446931
644680
644672
64466197
644650
644646
6446450
6446309
644622
64460167
6445996.k
6445900
6445582
64455446
6445489
64454554
644545
64454
644537
6445249
6445245
644502
644478
6444681
64446611
644444
64444
644430
6444287
644421
644414
64440894
64436443
644347
6443247
6443190
6443114
6443058
64430016
644295
644294
64429244
644291
6442699
6442687
6442682
644262511
644257
6442564
6442531975446
64425
64424
6442324
644223138
64422
644186624
644179
6441472
644143
6441386
6441180
6441154
64411446
644106233
644100
6441-mgw
644095141
6440946
6440859
644052526
644048
64404629
64404328
6440311
644030330
6440255
6440110
6440080
6440
643vwfky24
6439894
6439878
6439856
6439836
643964
643962
643936
6439226
643902
64389000
643860
643859
64385683
6438490b
6438142
6438009
643795
643792
643785
6437785
6437513
6437417149
6437370
6437273
6437240
643716
643714
6437136
6437130
643688
64368177
6436555
643653
643643643
6436417l
64362636227333
643615538
6436111
6435928
643588
643587
643577
6435679
6435549
6435497
6435430
643541
6435409
643533
643522
643521
6435180
643505pd
643505
6434934
643476
643467
6434656
643464
6434520
6434502
643440
6434298
6434235
643413
64341210
643412
6434049h
6433976
643393
64338282
6433778
6433625
643354
643348
643344
6433162
643313
6433128
6433018
6432am
643286174
643274
6432595dh
643243
6432333
6432319567
643230
64321846123
643215987000b
643215
643214
643211
643197
643192
643182
643178
643175
643169
643166
6431570
643127978
643122
6431212
6431166123
643112
643101928
643100495sm
64310
643094
643068650
64306218
643061
643057
643051
6430445
643033
643028
6430147
643010
6430067
6430035
643
642mkmat
6429dv
642925
64292288
642919
6429099
642907
642900
6428969
6428959
642889
64288817
6428852
6428791350
6428655
64285544
642855
6428413
642840
64283179
642818
6428137
642813
642803
642789
642775
6427693
642768
6427622
642754
6427476
6426tc
64269N
642684
642682
6426693
642664
6426622
6426565
642655
64265310
6426527896
64264=thebest
6426428419
64264
64263
642628
642625
642618
6426137
6426074038
642604
642602
6426
6425plawrence
6425mb
642595
642589
64258707
642580
642579g
6425766
642573lbc
6425731
6425704
6425681
642568
64256
6425541
642545
642542
6425413123
642537
6425321
64253176
6425314
6425300
6425298411
642524
642523
642522
6425207V
642517
64251248
6425123123
642512
6425113
642511
642508
64250000
642495
642488
64247512
642468
642466
6424646
6424633
642445
64243553m
642431
642430
6424261
642426
6424252
642425
6424235mp
6424225
642420
642416
642402
642400h
6423773
6423661
64236423
6423618
642355
642349
64233737
642335
6423305
64233
6423287hh
6423287
6423273
642325
642324
642321
6423187
642315
642313121315
642307
642289362
6422880
6422835
642281755
64228080
642273
64226422
6422576
6422503
642249
6422336
642232
64223
64222384
642222
6422184
642213
6422097
642209
642201
6421937
6421911
642189933z
6421733
6421686
642163289
6421611
64215906430191ay
6421588500
642157
6421552
642153
642139
642124
642122sb
642121210
642121
6421185
642116
6421147
642111
6421033
6420tv6420
6420986
64209485r
642080
642079
642078954
642077
6420755
6420628
6420574
6420518
642050
6420420
6420406
6420326
6420173
6420129
64200560
642003
641jackson
641998
641997
641992lor
641988641988
641966
64196419
641964
641956353
6419483c
641948
6419389
641931
641927
64191946
6419060
6418vita
641899
6418914
641891
64189019bell
6418867
6418838
641874
6418423
641841
6418334
6418083
64180
6417898
641747
6417249
6417205
641716
641712
641711
6417013
6416821601
641664
6416522
641650
641641641
641639
6416297
641621
64161646
6416163
641613
641612
641610
6416065
641603
6415msdc
641591
6415891
6415782
64156349k
6415581
6415470
6415353
64153202
641531
6415245
641523
6415226
64152
641516
641514
64150902
641508
641506
6415055
641500
6414928.
6414919
6414905
641486
6414836
641482332
6414762
641474
6414664
6414543
641448
6414451
641445
6414244
641421
641419508
6414162
641416
6414130
641412
6414103
641404
6413kz
641394
6413824
6413819a
641379
641377
6413767
6413750
6413713
641367
641366
6413555
641355
64135
6413229
641314
641313
641300
64130
6412red
6412895
641280
641267d
6412614
6412503
6412457lb
6412426
641237
641231
641229
6412260
6412243
6412216
641218
64121574
6412150
64121054
64121026
6412064120
641206
641205
6411992
64118934789?
641188
6411854
641183
641165
6411621516
641156
64114eva
64114304
641134
6411331
641133
641130
641127
641117j
641110
641105
641104513
6411035
64110122
641100
6410shr
6410amor
641097
641090
641086
6410768
641074
641071
6410654
6410611
641058
6410460
6410415
641037
641029
641024
641023
64101993
641011
6410108
64101
641006
6410050
641.5
640water
6409shen
64099oieoj
640972sex
64097
6409598
640952
64095111
640928
640927
640921
640915
640910
6409003
640894
640891
6408858
6408800
640866
6408615
640858
6408504*
640834
6408160
640814
6408059
640800
6408
6407frogs
64076407
6407623905
640725
6407191
6407092
640706
640704100
640703
640698
640690
64068543
6406705
6406703
64066406
640657
64065
64064031
640631
6406263
640622
640621
640618
640615
640613
640610
640609
6406022magic
6405965
640590
6405888
6405820
6405677
640557
640545o
640542
6405405
640533
6405321
640524
640518
640507
640500
6404992
640490v
640490
6404880
640488
640482561
6404774
640464
640427ismynum
640419
6404130
640413
640409
6404066
640404
640397
64038lmg
640389
6403828
640371
640370
640366
6403573
6403501
6403487
640329
6403278346
640322
640321
640315
6403030011
6402946
6402920
640287757
640284
64028000
6402533
640236
6402310
640223
640215
6402141
640211
6402004
6402
6401matthew
6401black
640197
6401962
640187
6401598
64014827
640144664l
640133d
640127
640125m
640111r
640105
6401012
6401000
6400bloods
6400askim
640097163
6400888
640076
64006400
6400319j
640030
640029
64002329
6400222611
6400175
640015
640013313
6400064
640005baby
640005
63sexyboy
63nova
63n3515
63mmpr
63mintaro
63mike
63megan
63kshmjj
63impalass
63hostess93
63gman
63ford
63dodge
63courtview
63corvette
63copeland
63cider53
63beetle
63babyj819
63artist79
63NOVA
63JAN07
639challrd
639abc
6399779
6399641busra
639963
639946j
639936
6399169
639900a
639900083612lps
6398cw
639889
639888bow
6398597
6398596
6398406
6398280
639814843
639811
6397news
639791
6397768
63977433
6397382
639735
6397300
63970520
639702161
6396an
6396795
639673103
639640
6396
6395mk
63959201
6395916
639586
6395808
6395805
6395772
6395769
6395764
6395719
639555
6395435
639541
6395359
6395281
639520
6395101125
63950k
639506
639500
63950
6395
639478
63946394
63945605
639441
6394392
639433
639423422
639423
639420
639412
6394105
6394
639388
639369
63936
639357
639345
6393357
63933
639316
6393020
6392984
639289018
639278581597
63927
63926392
639246365
639242155_ca
6392176
639212464244
6392048
6392044037
639203013419
6391994
639199
639185432
639184990723
639174
639169
639167
6391616
639161
6391559jf
639155464897
63913
639126552asrr
639123414
639122
639121429
6391211
6391190
639115
639110
6391032
639103
639102596
6391018
6390abc123
639091153
6390882
6390836
639076
6390674
639058608
639049
6390439
639032546
6390270
639024
639012250k
639011
6390092
639006
638ram427
638991
6389870
6389776
638970
63896389
6389578
6389466
638910
63891
6389
6388480c
638816388
63881199
6388040
63880170
6387987934416912
638783
63877201
63877041
63873808
6387245
638710
6386jnxd
6386hk
638636o
638635
6386311285
6386237
638610
638600
6386
6385ck
63859641
63858834
63858585
6385800
638568
638558
6385563
6385485
638547
63854553
638539
63853687
63849133
638469
6384634
638463
6384471
638432
638422
638410
6384010
6383956
638391
638383
6383647
6383600
6383540
6383514
638333
6383209k
638313
638306
638295
6382930
6382845
6382795
638277
638265
638264894
6382290
638225578771
638221
6382154
638211
638209
638200
638189722
638189
638185
6381797
638164m
63814
6381230117
6381143
638101
638079
63807019
6380616
638053
6380218
6380194
638012836
638004
6380007
638-8553
637alwaysandforever
6379839940
637970
637952
6379450
6379122
637910
637902002
6378902
637867
63786378
6378453
63781905
637791
63779
637777
637745
6377251
637720
637712
637700
6376jm
637663
63765977
6376477
637644
6376414
6376317
6376165
637595
6375758
6375667
63756375
6375568786
6375567
637552
6375422
6375403
637537
6375283
637511
637500
6374library
637494
637488
6374866
6374827
63745117
6374244
637420633
637412
637395
637388
63738713
6373719
6373706
637368
63736500
6373501
6373462
6373436
637333
637328
637309288
6373049
6373
6372979
637281
63726372
6372632
6372523
637215
637209815
63720
6372
637190
637178464
63714
63712
6371124
6371123t
637102272
637101036
637069
637013
636akj
6369926
63699001
636988
636969
636963
6369620
636946
6369431
636925
6369177
636900
6368sl
636889
636883170173
6368563
63684
636834
63681125
63681
6368088
636794
63679050
63679015
636789
636758
636756
63672374
636720
636716
636712
63669646
63669626
636689
636672
636670
636669
6366565
63665637
636651
636642
636628k
63662187
6366144
636611j
636602
636601
636591
63658207
636572
636571
63656925
636556
6365226
6365143
636503
636497
636493
63648804
63648726
6364628
63646177
63645815
636458
636451913
636449
636428
636423371
636413
6364110
6363nene
6363mmm
6363mm
63639489
636393
636387
6363816
636377
6363767
636375
636366709
636366
636362
636356
63635
6363481P
636345
6363397
6363233
63632325
636322
6363205
636312
63630
636277
636269954
636266
636263
636262
6362563662635
636244
6362427
63623878
63623284
636228831
6362271
63622301
63621174
63621159
6362045
6362
636184
636180
636168182
636161
6361578
636143
6361331
63613090
6361305
636129
6361277
636120
636117
6361136
6361121
636106
636104
6361032
636101
636099068a
636071467
636065
6360638
636052
6360347
63603330
636020
636017867
6360124
6360099
636008
636006
636-666
635miles
635allday
6359918
635979
6359575m
6359494
6359488371
6359389
635889
6358867
63588167xxQQ
6358719
635862_o
635862167
635862
635861303
635849sam
635818
63581769
635816jl
635812
6358106
635803421
635802
6358000
6357ldrd
63579951
635795
6357930
63579121
635789
6357749
635763
6357402
635736
6357291
6357265
635716
635713k
6357117
635700
635663566356
635663
635650
635647878262362
635629
63561989
6356016
6355887
6355665
6355555j
6355416
635536
6355345
6355211
635521
6355136
635511
6354mike
6354992
6354987652
635486514
635482
6354793
635477
635475
63547390
635470
6354646
6354632
6354611
635454
6354436
6354393
63542735
6354261
6354243779
63542017
63542
6354107
6354062
635367
63536353
6353631
6353539
635333
6353262
635323
63532
635300
635296
635287
635285
63527603
635265
6352475
635241a
635236
635235
635233
6352311
6352287k
6352285
63522060
635218
635215304
6352125
635210
6352097
635206
63520191
63520
635194
6351932
63519261
635190
635184733
635183799l
63518
635169209
635165647
635162
635155
6351513
635151
635145
635142
63513965
6351324
635125754
635123af
635115
6351119
635111
63511
635108
6351055
635101
6350657
6350559
635037223
635035099
6350045
634crd
634986
63496349
634953
634940
634912
6348992
634893
6348770
6348711
63486348
634863
634853
634810
63480993
634801
634785
6347750
63477151
634761
634754
6347234
6347104
6347088
634700
634687
634678
6346752
63467256
63466346
634661
634644901
634639
634630
634629
6346244
6346142
634604
634602
6346013su
6345nf
634589
6345856
6345845
63458!AB
6345795
6345759
634566
634563
6345558
634551
634543
6345411
63454065
634527
634521
63452
634519
634516
634508
6344jah
634484
634470
63446344
6344566
6344489
634436
634433
634400
63438263nv
6343820
6343497
634341
634340
6343312
634328812
634309
634303
6342korn
634281400
634266
634265
634264
6342626
634256
6342310981
634220314
634217
634213
634203222
6341sportinguista
6341987
634189
63417978
63417176
634160841041696
6341600
634155
634152
6341425
634141
6341299
634125
63412123
6341044
634100
6340996
6340819
63407559
634056
634044
63404
634020
634012
634002
633xv74qx
633ujty
633dfyce67
633997
633985
633943
633933
63390332006
633900
6338404
6338366
63381
63380215
63377057
6337638
6337621
6337569
633738
6337244
633712
633700
633699
63369582
6336724
6336718
6336625
633655
633654
6336535
63365090
63364591
6336365
6336166
6336016
6335895
63358603
633579
6335765
633568
633561
633556
633555
6335526
63354797
6335422
63352006
633519
633515
633507
633486
6334786
6334777
6334604
633454
6334450
633444
6334410
63344067
6334306d
633422
633400
6333969daya
6333891
633384407
633382108
633363
63336
6333532
6333521
6333348
6333334
6333289
6333280
633315
633313
633307007
633304
6333036
633300703
6332935
633292
6332900
6332855
63327019
633269
63326632
63326332
633263
633261
633255a
6332556
6332460
6332395
6332359160
633233
633231
6332279
6332219
6332182
633215
633210
6332098
633208
6332035
633198
63318987
6331847
63318121
6331748671
633166
63316331
6331590
6331575
633144
6331421
6331315
63312672.mum
6331252
633122
633110
6331084
63310101
633087
6330532
633052347s
63303
633026
633018
6330151
6330111
63301012
633007
633-1148
632seb
632FF551A4
632985
632976
632963
6329443
6329408
632939
6329261
632926
6329128
6328ban
632899
632896
6328890k
632888
63286328
632860707
632859
6328424
632842
6328174
6328123
6328000
6327911
6327873
63277njswt
6327670
6327514
632738
6327192
632719
632709
632708
6327035
632701
6327
6326929
632685
632684
63267328
632659
6326363
6326326
6326322
632612
6325rs
6325758
632571
632569
632545
632542
632540
63254
632538
632537
632535
632527
632526
632524
6325237
6325198
632518
63251724
632517
632489
63247926
632475
6324690
6324676
632460
632454a
6324342
6324339
632427
632418
63241344
6324096
632400
63239358
632384
632381
632353
632350
6323493
632345
632342
6323375
632329
63232366
632322
6323092
6322rv
632294p
632287
6322824
6322778
6322541
6322446
6322376
632234
632233
63223
632228153C
632228
6322143
632214
6322086
6322040
632198
632197
632190
632185625
6321800
63218
632156
6321543
632148123
63214800
63214789
6321363
632132
63211698
632114477
632113
632109984a
6321072
632101
63210
6321
6320pf
632088
6320836
63207
632069
63206320
632055438
632052
632045
632044
632041
632038565
632038414
632034
632029
632022
632007
632004
6320
631x0x51
631npat
631999
6319922
631978trac
631975
631974
631967
631965
631963
631962
63193774974
6319
6318982
631895
6318801
6318771
631876
6318671
63186318
631811
631802
6318004
631800
631789
63177
6317646
63175880
6317544
631754
6317303
631730
6317249
631721
631705
631703
631700
6316891
631684
6316738
6316313
631625k
631619
6316054
6315935AL
6315921
631587
6315844
6315823
631580
631579
6315753
63156607
63156315
631563
6315574
631557
6315526
631545
631527
631526
63151822fiore
63151116
631509
631478
6314776
631473
6314645
63146314
6314570
63144912
6314468
631440
6314341
631433
631423
631421
631416
6314097
631405
631403
6314000
6313myungkoh
631376
63136313
631361
631351
6313450
631323
631321
631316
631313445
631300
631298
631294
6312883
631285
631282476kr
631276
631275
6312730
6312723
6312717
6312714
63127061
631263
631262
631261027
6312570
63124855
6312467
6312460
631234
6312336
631233
631230
63122
631217
631214
6312115
631211
63121
631208
631200
6311959
631191
631187150
6311792
631179
631177
631165025
631165
63116
6311411
631136
63112879645
6311218
6311210d
63111821
6311150
631115
6311123
631104588
631103
6310aw
6310849
631078675
6310723
631070477ray
631070
631061
631060
631054
63105178
6310504vanessa200
631043
63104
631024
63102293
6310211
6310208
6310175
63101511
631011
631009
6310
630snarf
630molina
630irin99
630dks
630blk
630MIKEY82
630994
6309934
6309901
630990
63097513
630971
63097
6309575
630957
6309486
630934
63093
630925
630920
630912
630908
630907
630906
6309040
6309032
630894l
630893
630891
63088puto
6308881
6308845
6308526
630848701
630836
630828
630822
6308213
6308200810
630818
6307566
63071
63070143
630696
6306816
6306764
630663
630652
630627
630619
630617
6306101n
630610
6306058
6306003
630600
6305940
630592
630580
630563
630562
630550
630522
6305179
6305173
630515
6305130
630513
630511
630510
630506
6305
630499
630493
630491
630484
630474c
630426
630423
630422
630419
630418
6304132
630408
630405
630402
6303780
630367
63036550
63036267
630352
6303514
630342
6303363
630328
6303222
630321
63031m
630316
6303125
630310
6303052
630301
6302950
630277
63026rebecca
63026meg
630266123
63026302
6302621
6302610
63026
630229600
6302280
630223
630222
630220
63022
630215
630212448
630207
630202
630201
6302005
6302001
63020
6301997
6301992
6301988
6301974cds
6301974
6301878
630186
63017e
630176
630167618
630160
6301548
63015
6301263d
630125
630122
630119
630118
630116
630113
63011
630104
630101
6300stunna
630092
630087
630074
6300678
630061
630047
630033
630023
63001abc
630018
63001598
6300015483
63000123456789
6300
630%hg
63-bbeebe
62vette
62somex
62rage62
62pinelawn
62nova
62north
62nbv5
62nagdfw
62n6refh
62mistie
62matsumori
62jokers
62jaguar
62intents
62homedale
62hat41
62gc4a
62free
62fender
62fairlane
62eraser93
62dejulio
62deante
62cpro
62bu5n77
62beaker62
62aw55CC
62BRIM
629nrmgh42
629nay
6299856
6299813
62997mnb
6299713
62995
62993l
6299395
62993
629911
629901
629900
629870
62986298
629852
62985
62984
629823
62981
6297mb
629789
629749
629727
6297240
629718
62971753
62969670
6296806
629677
62967473
62966926
629669
62966810
629663
62965542
629655
629646
629637971995
62963609
62963220
629629629
629622
62962
629588
629577612
6295662
629512
629511
629503
62950
6294hanur
629498
629496
62947932
629473
6294658
62946294
62946
62945566
6294526
62945
629441
629431823671
62941e
629417
6294151
62941303
629411
629402
629400
6293fa
629384
62936293
629359666
629356
629354
629352
629350moto
62934
629329666
629328632
6293096
629308b
6292862
629281
62927382
6292734d
629271
6292602
62924713
629221
629204801
6292003
6292
6291toby
6291992
6291987
6291985
6291978
6291977
6291973
629185
629180
62917485
629167
62914a
629144995
629141
629133
629127386
629124
629121273
629120
629090
629080
62906290
62904
62902
629018502
6290069
628sanya
628rufus
628kdlg
628a199
6289wim
628998
6289918
628981
628977
628972628
6289697ms
628939322
628939
62892
628916
628915
6289148
628912
6288mb
6288matt
6288luv
6288beng
628898
628887
628880488
628877
628875
628862
62886122
62886
628849
62884
628829
628827
6