0
5934860
5934610
5934417
59343673175410
593427
59342
5934159341
593413
59341032
5934079
5933shulte
593395
593386
593373
59335933
593342
5933262
593322
5932642bela@
59325402
5932337
593228
5932165
5932113
59320219
5931971
5931823
5931694
59316660
59315931
59313272
59313263
593112176
593112
593107116
5931000s
59310
5931
5930rain
5930868
59307922
593057
5930503
5930419
593035
5930240
5930011
592hoover
592HOOVER
592984980m
5929731
5929645
592958
592930
5929186
5929025
59290109
592900
5928930
5928730
592873
5928647
5928635
592838
592833
592829
592828
5928181
592816
5928124
592811
592810
592802
5927ad
592784352
5927453
592739529
592727
5927128r
592700
5926969
592694
592682
592648753
592638
5926299
59262131433922
5926211
592621
5926129
592612
592611
592607
592606435
5926031
5925morg
59259216
5925730
592561719x
592546
5925455
5925382
592537
592535
592534
592529
592524
592523
59252187
592521
592520
5924tremos
592491
592460
5924585
5924529
592444
59244
5924336
59241l
5924185
592409
5924050
592403679
592401
592400
592386
5923759
5923755
5923734
5923661
592364
5923633
59235923
592357
5923563
592355
5923389
5923278
5923178
592308
592306
592291
592287
5922844
592261
592260
592253
592248
59224123
5922349
592222
59222
5922134
5922130
592212
592211
592210
5922070
59217458
592159
5921529
592139
59212931
592127
592119
592101986
592082
592061531
5920430
592041
592022
592011
592010
59201
5920063
59200
591982164
591977
5919726
591972
591970
591968
591966o
591965
591964
591959
591954
591948
591925985
59192426
5919142
591911
591903a
5919002
59189962
59186
591832
591819
591811
59180777
591798844
591789
5917652
59175917
591750
5917470bg
5917460900
59173334
5917299
591726
5917052
5917006
5916550
591624
591622
591620
591619
591610
591601
5915bibi
591596
5915910
5915903
5915897
5915889
5915829
5915732
591573
5915655
5915618
5915579
591554
591550
5915484
5915273
591526484
591520
5915142
5914918
5914889
591480555
591476
591466
591456
5914550
5914454
591443
591419
5913795
5913791
5913789
591372
591367
59135913
591357
591348
591344
5913430
5913349
59133424296
5913283v
59132
591319
591313
591302
591298
5912796
5912676
591265
5912616
591256
5912559125
59125342
591253
59125059
5912450
5912366
591222
591219
591216
591215
591212
591210
59121
591208
591205
591203
591201
5911ro.net
5911980
591198
591188
5911865
591178
591174
59116481
5911645
591164
591150
5911382
591129
591128huan
591127
5911245
591117
591116
591105
591100
5911-x3s
591089
591087
591081835
5910816
591074
591043
5910273
591018
591011
591009
591000
5909913
5909899ba
590985821
590981n
590944146kj
59093070
590925
590917
59088655212385
590881196
59085908
59082408
590824
590820
5908161
590810
590808
590803
5908029
590801
590800
59079449
5907735
59075907
590700
5906helen
5906973
59066503
59065906
5906410
5906371
5906162
590616
590611
5906
5905939
590591
59059
5905781
590571
590569
5905581
5905228
590520632
59052
590509
590508
59050340
5904764
59045904
590447
5904417
590424
5904228
590417
5904139
590411kd
590411
590410
590407
590404
5904010
5903818
5903552
590348
5903435
5903324
590320
59031a6a
5903193
590301
5902931
5902744
5902584
590238
5902283
5902280
590211609
590210
5901671
59015901
59014623
590130
590127
590123
590119672
5901174
590115
5901072
590102
5901
5900sem
5900bad
59008818
5900839
5900836
5900729
5900588
590024279m
590022
590009
5900017902
59000000
59000
590-4116
58vh41
58v2ecckcj
58uykjt1
58sivas58
58re42
58playboy
58o86r62
58morala
58lv85
58impala
58hello37
58gabby
58fury
58forlife
58forever
58football
58chev
58cerluf
58cbp
58buick
58artso
58araled19
58apache
589999
589994
589993
5899870
5899607
5899501
5899332
5899165
5899111
589898
589889
589886939c
5898786
5898775236118
589863443
58986342
589858
589855
5898464632
5898422
58983679
58983459
589827
589821
5898204
5898106
589803
589799
5897957
589790kk
589788
58978663
5897853
5897696
589767478
589764
58975867
58975449
58974890
589746
5897456
58974136
58974
5897376
58973407
58972643
5897200
589714
58971364
589701
5896w
5896980
589690
589678
589666
5896633
589663
58966
589654
58965
58964340
5896433
5896322
5896321
589630
5896259
5896248563
589622
589621
58961080984
58961011
589603
58959900
5895972
5895920
589590
58958214
589576
589568
58956
589556
5895352
5895300
589524
5895216
589518roxanne
5895150
5895053
5895
5894833
58947823
58946392cff
5894634
589462
5894611
58945894
58945
589446
5894431
589440663
5894401
58943284
589424
589420693
5894132
5894123
5894111
58940bemo
5894077
589407
589400
589399
589387
58937556
58937228
589370
589366
5893647
58935893
5893541
589348
5893455
589345
5893424
589342
5893373
589335
58932566adad
58932556
5893255
5893237
5893226
589321
5893204
58931620859
5893066f
5892mwmqb
5892851
589280
5892783569
58925903883070
5892577
589252658925265892526
5892526
589246
589243
58924100
5892356
589234
5892281
589221
5892103
58921
5892
5891wfmj
5891tabatha209
5891knr
589189
589185
589182
5891791
589177
58917061
5891652
5891612
58916112
58916022
589158
5891479
58914687
5891444
58913446
589131
58913012
589130
589122
58912144
589120
589119
589118
58911010
58911
589106466
589106
589105
5891030
589103
589102
5890cd
589087148
58908640
58908631
58907156
5890706
58906867
5890636
5890541
5890540
58904321
58903722
5890362
58902745
589026
58902572
5890249
589023
58901994
589012
589011
5890089
5890041
5890028
588b66
5889bred
58899747ashp,.
5889815
5889722
588963
5889551
58893606
5889272
58891020
588905
58890463
5889020
5889
5888twm
5888may
588899
588894
5888881
588884
588881
5888774
5888741
588853
58885280
5888485
588844
58882864
5888171
58880662
58879829
588798
5887956
58879280
5887910
5887884
58878483
58878
588779
588777
58876462
58875393
588733
5887263
588686m9
5886861
5886710
588666
588658
5886516
5886422
588641
58863xx
588639
5886273
588621343
588616
58860812
58860
5885879
5885856
5885849
5885840
5885833
588583
58858
588577
5885759
58857416
588574
5885614
58856
5885522
588549
5885437
588543
588537
588536
588525
58852
588508
58850678
588500
5884keith
5884933
588490
5884883
588488
588486
5884838
5884798
588472
58847
588462
5884525
588445
5884418
5884300
588426
588421
58841961
5884174
588412
5884
588388
5883826
5883821
5883777
588374
588369
58836442
5883480
588347132
588347
588342
588334
5883260
5883258
58830219
588288
5882858
588278
58827595
5882715
5882554
5882525123456
588244
58823941
588234
5882250
5882143
588212
5882112
588210
5882079
5882002
58818993
5881850
588164
58815809
5881531
588152
588141
5881325
5881280
5881116
58810344
58810136
5880791
588077
588052
5880514
5880426
5880333
588033
5880066
5880013150
5880000
58800
5880
587flower
587987
5879858
58797evjrt
587979
5879787
5879633
587932
58791532
587914
5879038
587903/rj
587900
5878ob
587899
587880
587879
5878468
58782107
587816
58781060
58781
587808
58780215
5877sod
5877931
587790057
58779003
5877648
587764
587739425
5877330
58773288
587721
587714841
587710
587705
587700950k
587700
58769g
5876972
58766245
5876610
5876591
5876554
58765336
58765123
587639
587636166
587631
5876194mom
58761800
58761714
5876166
58761469
587601
587596
587592
587589
58758328
587583
587540
587530
58752754
5875261
5875260
587523
58752216
58751330
5875126
587486
587485
587476
5874690
587467
587464
5874512
587447
587433982
58742567
5874216
587421
58742
5874123
58741228
58740112
587400
5873982
58739552
587388
58736263
5873551
58735074
58734953
587326
5873197
587317
587312
58730142
587293
5872897
587277
587262
587255
587251
58724158
5872263
587221
587215
5871932157
58717785
5871758
58716007girl
5871592
587143
58713825856010
5871377
587121
5871207
5871184
5871077
58710646
5871
5870896b
58708728
58708501
587082
587081
5870693
587051l
58705074
587044
58703946
58702650
587000
587**//ilovegav
586r586r
586hey
586flags
58699081
586978p
586976
586966564m
586944509dd
5869356
586932
586912
58691
58690954
586902902a
586901411
586897
58689272
58689265
586869
5868658annie
58686527
586856
586853
58685123
586845546
5868428
5868354
586827448
586827
586820
586814950719
58680j
586807840
586805
586802058
5868
586788
586787396
586784
5867717abc
58676969
586769
586753
586750
586749
586742
586740
5867343
5867296
5867236122
586718
5866bea
5866947
586685
5866672
586666
586662789
58665866
5866545
58665277
586618
5866033
5865965
586571
586568
58656587
5865607
58655btf
586558
5865509k
5865460
58654525
586537
5865309
586530
5865267
586522
5865110
5865084
58650761
586507
586504
586489
586486
586469
5864565140W
586452
5864510`
586445e
5864273
586427
586421
586414
586412
586411
586398
5863928a
586386
586383
5863754
58636934
586361
58636035
58635863
586357
58635509
5863541
5863513
58634713
5863261
586324
586320
586313bb
586310
5863044
586300
5862s
5862ma
586297
586281
58627989
586274
586248
586247931
586242
5862416
58623
58622
58621984
58620000
5861915
5861723
586158072
586150
586140
58613909
586136pbpb
5861277
586123
58612
5861187
586103
586100
5860960
586092
586090
58608899
586085
586080114marylee
586048178
586028
5860269
58602480044
5860208
586016
586014
5860
585w5q
585roccity
585roc
585nae
585c342f16
585LOVE
585997
5859929
5859856
585985
5859819
585978
5859750ll
58597
58596263
5859611
58595652
585956
58595491
5859545
58595089
5859508555
585937058
5859311990
58592207
585917
585910
58591
585906
585900
5858loves
5858kt
5858970
585891
58589
58588087
58587980
58587946
585878B
5858770
585876
58587583
58586969
5858696
585869
585867
5858648
58586369
5858586
5858585
58585656
5858561
585856
585855
585852
5858512
5858465122A
585846
5858410
5858383
585833
585825
58582391
585823
5858168
585813
585810
585809
585808
58580515
58580
5858*
5857948
585792
58575857
58575746
585756
58575538
5857475
585742
5857047
585704
585700
585689
585683
585659514
585658
585657
585656
5856490
5856364
5856335
5856192
5856155
585610203
5856043
5856041
5856032
585602
585600
5856
5855958
5855723
58556kmosm
5855624
58556098
585559955
58555756
5855377
58553360
58552880
58552458
58551880
5855156
5855123
5855045927076764
5855
585494
5854879
585484
585474207
5854741
585474
585472
585464
585461
585455
585454
5854525
58544963
5854475
585438
585436
5854327
58543266
5854294
585427
585426j
5854269
5854261
58542265392708
585422
585420
58542
5854149
5854120
5854032
5853ryan
585397
5853623
585358589
5853581
5853525
5853460
5853389
5853347
585321
58531258
5853105
58531019
5853031
5853025
5852933
5852831
58528
585272
58527
5852677
5852676
5852662
58526545
585265
5852625389458
58525549
5852545657595153
5852503
585246
5852382
585235
5852255
5852206
58522
5852171
5852090
5852088
58520503
5852032
585201
585200911
5852
58519916
585199
585188
5851809
5851779
5851566
585153
5851505
585134
585132
585128
585123456
58512082
5851128mr
5850996
5850585
5850504
5850489
58503509
585031
5850306
5850244
5850212
5850106
585004
5850030
5850
585 Broadway St., Suite A
5849lalo
584988
584984
5849603
584956942006
58495019
584935581
584930
5849129
584893
5848751
5848748
584869
5848661
5848636
5848523
584832
584805
5847980
584791
584770
58476853
5847616
58476076
584758
58474747
584744
584738
5847374920
5847369
5847367
5847260
584717
584715657
5847143
58470721
584697
5846927
584690
58467958
584679
5846692
58466490
5846644
584658
5846535
5846524614
5846369kja
584631
5846267
584621
584592220
5845922
584591
584585
584582
58458
5845736
5845702
58455845
584551
584550298
58454577b
584533
5845328
584531
58453
58452788
584527
5845246
58452316
5845213344lele
5845202
5845201314bao
5845198
58451509
5845121314
584506
5844855689
584485123
584479
5844774-1
5844750
5844643
58446332
58445844Aw
584456
584444
5844428
584442
5844201
5843sman
5843bcad
58439646
5843904r
584371
5843698
5843622
5843563
584355
5843496
58434855
5843405
584322
5843211
584321
584319
5843165
5843099
584302
584299
58428495
584265
584263517
584263
5842585
58425842
584258
5842575
584256
5842493
584234
5842324
58423003
584226
5842223
584222
584213807911
584212
584211314
584211
5842032
58420
584195
58418779***
584182
5841814
58417533
584174g
58417163
584171
58417
58415575
584155
584152
5841494
584138
58413460
5841318
58413106
58412897
5841276
5841243
584123
5841201314
5841129
5841060
58410167
584096
584094
584080
5840760
5840756
58407281
584072
58406522
584054335533
584051
5840451016
584040
58403703
5840344
5840202
584017
5840085
584006Ym
5840016201
584-5789
58396669
583958533
5839426
58394105
58394
583919
583898
583889
5838605
58386045103
583859napa
5838390
583831
583830
58380595
583795
5837871
583785
5837847
5837842
5837778
58377513
583767
583763
583760
5837398
5837363
58373461
58373360
5837327
58372222
583718
583712
5837105837
5836954
583694
58369
583680
583674
583654
58362706
583609
5835967565867691
583587
583583
583569
58355140
5835459
583529
583520
583513
583512
583511
583501
583496
5834779
583477
5834594
58345834
5834573
58342271
583421
5834150
58341338
583411
58341
5834086
5834062
5833721159
58336521
5833640
58335833
5833581
583344
583336
583335513
583328
5833251
583313
583294
583284
5832834
5832745nicole
5832740
583269
5832622
58325
583249
58324523
583244
583242
58323908
58322425
583221
5832135
58321322
58320132741717
583201
5831971
5831855
583166
58315621
583153
5831515
5831428
583142
5831262
583121672
5831020
583100
5830hch
583059
5830542
583051
58305044
58304527
583044
58303518
583028399
583026
5830223
583021
5830204
5830197
583011
58300654
583000
58300
5830
582vjom
582998795
582993
582977228
582964
5829634
582963
5829498
582931
58292519
5829233
58292170
582920
582918
58291660
58291468
582912
5829119
58291
5829
582886
5828742
5828540
582854
58285194
5828416
582838
5828310
582823
5828118
58280941
5828052
582800
5827953
582789
582782
582779
582761
58275827
58275255
5827520
5827416
58274
5827200
5827178
5826tiff
5826juan
582693
582675
58267
5826667
582658
5826555
5826546
582654
5826512
5826491375
582649
582647
5826455
582634
582633
5826328
582632
582629
5826246
582622
5826218
582614037
582614
582611
5825luck
58259237
5825907
5825847zoila
582584
5825810
582576
5825747
5825733
5825701
5825687
582564
582555
5825516
582549
58254337
5825425
582538
582534
5825319
582529
5825257
5825232
582523
582522
582521
5825181
5825180
582517
5825119gs
582511
582501
582500
5825
5824quiero
5824house
5824em
5824924zxc
582491469
582482
582478
5824754
582473
582471693
582469
582467391
5824652
5824651
5824637
582456307
582456
58245299
582448
582439
582429
5824223
582422
58242027@panan
582420
58242
582419
582415
582411
582399
58239868
5823839
58237251
582370570
582365803
5823590
582344
58234262
5823409
582339
582338
58233022
5823276
5823227
582322
58231124
582310
5823018
582300
5822lt
5822994
5822970b
58229273
582281
5822801
582280
58227
582268
5822665
5822630
5822582
582247
582244
582239
582231
5822252
582222
5822164
582211
5822
582196
582186
582180
5821798a
582170
582167
58216114
582159
582146o
58214
5821392
5821388
5821349
58213420
58212536
5821195
582113
582111
58211
582103
58210066
582100
58209633
5820822
5820645
5820602
5820556
5820387
5820364
5820319
5820212
582018
58201314
5820118
582010980
5820051
582002
582001
581999
5819761p
581972
581967
581965
581964
581963
581962
58194635
5819370
581934435
5819275
581926
5819257
581920
58191438
581911
581908
5819047
58190114
581901
581900
581894
581845
5818374
581828
581820
5818170
581816
581814
581812384
581811
581808
581800
5818
5817jj
581799151
581792
581776
58177
58176196
5817587
5817585
58175817
58174659
581745
58172656
58171786
5817088
5816jm
581690
58167st
581679
58165816
58165310
5816351
5816301
581626
5816181
58161512
581606
5816
5815love6659331
581594
581592
5815814
581567
5815469
5815292
581522q
5815122
58150
5815
5814ok
5814dee
581495
5814828
581473
581468
581461
581423
581414
581401
5813884
581388
5813721
5813532
581352
581346
5813458
581343
5813404
581333
581328
581327
5813
581294b
5812928
581291
58128267
581281
58127lea
581272
581270
581259
581254
5812514
58124658
5812415
581239
5812360za
581236
581231
581228
581225
5812162
5812134
5812092
581201
581197
581193737
5811936
581193
5811917
581190
581172
5811718
58116i
581157
58114083
581135
581131
581126
5811249
5811230
581121
5811203
581114
58110708
581105
581103
581100
58110
5810969
581090
58109
581085
58107947
58107410
581069
581066
581058
581051
58103277
581030
58102594
581022
581021
581020
58101183
5810074436
581003
5810013520
580linden
5809bm
58099811
580985
58095809
580941
580937
580923
5809199
580911
580910
58087211
580870
5808654
5808611
580858
580856mp
580852
5808490
580833
580824
580821
5808196
5808194
580808
58080000
5808
5807lbs
5807953
5807732d
58077
5807445
58074
580732
580730
5807237
580721
580703
580702
5806928love
580689
580678
5806605
580626
580618
580608
5805920
58058022vb
580578
58055805
580555
580531
58052106002279
580511
580510
580506
580500417
580493
58047117
580465
5804430
5804425
580423
5804220
5804159
5804098
580407
5803trez
5803a4704
5803952
580395
580376
58035803
580333
5803212
580315
5803126
580310
5802jatt
580290
58028858
58028853
580287
580283
580277
5802702
580258
5802520
5802502
580232
5802258
5802218
580210
5802057
580204
580203
58020
5801ck
5801976
58015801
5801364
580131
58013
580127
580123
5801218
580120
5801139
5801080
5801050
580103
580099
5800889
5800850
580085
5800808
58007014
5800604
580046
580031
5800221
58001953
58/tanat
57wlpad
57wblock
57tucb
57timmy
57tbird
57plattkp
57pfe7
57pepper
57pachuca
57ocean
57nuttall
57ndisbytch
57lady
57k8ya3y
57joseph
57jake68
57hemi
57delia
57creative19
57colours
57cockwadd
57chevrolet
57chevey
57canal
57baracuda
57april28
57angels
57alex
57Jasonkp
57GXZL
57Cavalry!
579ildc
5799914
5799822
579963
57995799
57994141
579898
5798891
579875
5798741
5798739
57985798
5798456
5798435
5798421
579841
5798367
5798235
579811
579800
57979522
579788
57978451
579779
57977424
57976851
57975797
57975456
579743
57974216999
579730
579701
5796leanna
579696
5796806
579680
57967667
5796761
57967530
579672
57965796
579651930
5796346
5796190
579614
57961124
579600
5795yonge
579562450
579555
579534
579523
5795196
579518
5795135
579513
5795127
579493
579466
57946130
57945794
5794499
57944783
57941290
579412
5793850
5793773j
579374
57935793
57934447
57934112
57933480
579321
5793208
5793166
579314862
579310
579306
5793029
5792squirt74
579293
57929285
57928331
579280
579268
5792642
57923959
579224
57922319
5792090
579208
579200
5792
5791kh
579191
579187
57918317
57917101
579158
57914401
5791424
579139
57913
579127
579125
57911975
579113
579110
57911
579101214r
5791012
5791
57909649
579083388
579070am
5790549
57905060
579032
579022
5790193
579012
579009
578sac
578rocks
578f1602
578981
5789766
5789715
578962
57896
578954
578946123
5789433
5789407
5789285
57892037
5789180
578913
57891089
578910
5789012
578901
57890
5789
578888
5788690
578844
57882951
578822
5788215
57881616772823
578811
578800
578788
5787591
578753
578750
5787445
578731753
5787275
57871809
578717
578716123
578712
578700
5787
5786jade
5786985
578691
5786882
57865786
578641
57863810
578634
5786309
578630
5786293
5786250
5786232
578612
578611
578599464747
5785977
5785955
578591
5785903
57858829
5785854
5785831
5785612
57855785
5785566as
578555
5785538
5785530
578547
5785263
5785208
5785171
5785170
5785132
578511
57850526952
578503
5785025
5784898
578487
578485
5784815
5784814
57847626
578467
57845681
578456
5784353
5784295
578428
57841265
57840
5783als1
5783940
5783754
578371
578363
5783537077
57835342
57835278
5783500
578342
5783404
57832820a
57832648
5783166
578313
5783063
5783046
57829100
578290
578289
5782814
5782534
5782487
5782419012
57824176
5782404
5782319
57822416
5782210
578214993
578210
57820005
578200
5781976123
5781932
57819
5781786
5781647
578164107511003
578164
5781638
5781551
578150
578140
578133
5781304
57812msd
5781276
5781220
57812160
57812
5781170
57811062
5781090
57810711666
57810311
5781031
57810162
578095
5780850
578084
578083
57808013
57808
578077
578075
5780701
57806680
57806453
578064488
5780611
57805866
578052
5780517j
5780435
57803123
5780290
5780220
5780211
57801815
5780123
5780020
5780013
57800
577ilovesasuke
577990
5779875
5779641
57791932
577913
5779084
5779050
5779
57788071
5778791
577877
5778751025
5778666
577864
5778537
57785257
5778504
5778470
5778
577799
577796
5777834
57777775
577775
5777722
577772
57777
57775777
577747
57774454
5777428
57772955
57771980
5776960
577694
57767slt
57767
577667
577655
577643
5776428
57763697
577625t
577621
577614
577612
5775chaingang5775
577599
577582
5775775
57757099
577557
577541
5775248
577524
577511
577500
57750
5775
577487c
577461
5774457
57744
577429
577424
5774124
577400
5773tc
5773991
5773941
5773883
577376
57737206
5773372
577303k
57730379
577301
5772893
57728832
5772806
577263
5772629
5772388
577217193
5772134
577212sm
5772113
5772107
5771868
5771789
57715771
57715537
5771528
5771521
57714387
5771432
5771388
57712513
5771172
5771126
5771111
5770nvs
5770867a
5770812
5770742
5770626
577056
5770300042145
577026
5770017
57695769
576952
576945
5769409957462331
5769312
57693007
576917442
5769160
5769
5768ht
5768996
5768976
576880
5768540
5768529
57685113
57684361
576843
576820
576810
576801
5767922
57679134
57678893
57678096
576766
5767534
57674195
57673518
576733
57672930
57671119
576707
576704
576700
5766love
5766jm
57668754
57668692
576686
576666
576657
57665085
57664866
57664238
576639788
57662046
576613
576580
5765696
5765689
57655765
576531
57652838
5765229
576521
57651805
57651313
576510
57650885
5765050
576500
57649140
57649092
57647809
576464
5764451
5764421
5764406
5764300
576412
576411
57641002
5764068
5764
57639545929
57639242
5763898108100la
57638496
5763826
576378
5763613
576359
576352184
57635118
576333
576331
576314705
576312660
5763076
576298
5762926.
576290
576284
5762579
576218
5762101
576203201
576201
57620096fernanda
57620
576192
57615761
5761486elloco
5761438
57614239
5761313
5761271
576123
576122
576112941
576089
5760830
576081
57608053
57606408
5760545
576034
576017
575999
575995
575988
575985
57598488
57596908
575958
575956
575955
57595351
5759454
575933
5759123
575900
5759
5758vaqueros
5758910
575891
575888
5758869
5758865
575885
575883
5758740
5758669
5758595456
5758595352851
5758595
575857
575856
575855
57585
57584946
5758486
575845
5758438
5758319
57582594
57581641
575812
575805
5757jojo
57579157
5757847
57578
575775
575767
575761
575757l
575755
575751
575748
57574108
575733
5757317
5757220
5757187
575718
575708
5757015
575677j
5756718
575666
5756415
5756387
5756331
57562693
5756155
5756103
5756035014
575587
575570
575555109
5755466e
57554615
57554
575530
5755295
57552755766984
5755216
575514
5755121
5755096
5755
575499
575495014
575491
5754897
5754658
5754637
575463
5754567
5754433
57544119
575423
57541773
575417
57541532
5754111
57540301
57539520
5753917
5753624
5753564
57533078
5753213
575321
575319
575303
575300
5752963
57527590
57526550
5752575
5752501
5752322
5752201
5752167
575215
5752112
5752006
5751998
57519432
5751916
57516862
5751656
5751503l
575137
5751361
5751351
5751282
575124
57512040
57511573790
5751155
5751137
5751127
5751021
5750kk
575099
575086440
5750855
575081
575074
5750665
5750571
5750518
5750468
5750211
575021
5750082
5750059
5750019
574sex
574986
5749844
57497831
5749371484
5749356
5749342
5749341
574928
5749168
5749095
5749017
574900
57489632100
5748941
574888
5748801
5748661
57484180
574829
5748130
5748103
574807
57480602
5747lp
5747kb
5747jay
574796
5747949
574793
5747843
574783
5747719
57476109
574757
5747548
574732
5747240
574700
574693
5746741
574652
5746497
574642
57464065
5746400
57464
574627
57462578
5746220
57461583
57461285
574611
5745april
574599
5745870
57458204
574579
574574
574570
574569
574553
5745526
5745512
574547
574536
5745344
574521
574515
574514
5745135
5745124home
57451031
5745080
5744881
5744660
57445744
5744567
5744344
5744312
574425
57441260
57440216
574380
5743623
5743538
5743464527
5743426
574311
5743098
5743016
574287
574281
5742664
5742561
57423820
574236
5742301
574222
574198
574195
574189
5741798
5741764
574169
57416785
57415741
5741521
5741415
5741408
574137035
5741346
574132
574131
574126
574125
574115
5741102
574110
5741009
57410
5740liz
574089
574081
5740801
5740730
5740715
574046481
5740340
574020011
574012
574010
574000
574-6398
573v3n
573south
5739993
573998
573951
573939967
573939
5739332
573933
5739153
573914682
57391009
57391
573889
5738883
5738648
573860
57386
5738554
5738520
5738508
57384
5738246
5738221
5738012
573800
573791
5737842
57375737
573752rock
57375247
573738n
5736960
573692
573684
57368185
5736524
5736509
57365
573643
57364104
5736350
573627
57362325
5736053
573591
5735889
5735825
573581
573575
57356622
5735642
573562
5735614
57354684
573545jk
573542
5735398
5735363
573534
573528
573518
573512
5735108
57350mb12
5734777
573466
5734494
57344
573429433
57342527
573402
5733946
57339405
5733895
573378594
573357
57335452
57334506
573345
573333
57332681
573325
57331881
5733
5732pil
5732968
5732737
573272
5732640
573253
573251140
57324837
57324671
573242
573239
57323714
573210
5731fresita
573184
5731732
5731705
573156
57315296
5731470
57312822
573118
573115
5731016
5730582
5730520
573049
57303968
573022
57301633
57301412
5730106
5730060
573000
572howland
572fa6
5729943
572989
572920
572918
572911p
5729000
57290
5728ww
57289149
572884
572882
572841
5728348j
572815
572813
572794624
572