
697580
6975786
6975758
6975747934
6975739402
69757
697569
6975649559
6975545537
6975535906
6975528913
6975522686
6975222062
6975218
6975167357
697515
69751
6974as
6974AS
697490
6974859150
697482
6974802
6974693165
697469
6974626
69746149694
697457
697439
697435
6974225
697422
697420
697414056
6974082378
6974040737
6974017041
697400
6973989726
6973978
6973941
69739095
697388
6973860005
6973800636
697359
697356603
6973559135
6973506018
6973467755
6973436012
697341
6973289457
6973268559
697323
6973183176
697315
6973088
6972gg
6972965001
6972600169
6972593
6972580512
6972404
6972366
69723
6972299960
69722949541234
6972207553
6972169899
697216
6972153843
697215
69720085
6972
6971tony
6971re
697198
6971968511
697195
6971940010
697190
697185
697183836
6971809064
697177
6971735
6971696258
6971653362
6971618
697159
697154
6971441
697143
6971338
697131188
6971305
697117
697101
6970885891
6970778486
697071
697069
69706531272241
6970631721
697051
697050
6970444749
6970357676
6970322021
6970321610
6970300611
6970290123
6970266
6970260924
6970241478
697024
697023
697021
6970132865
697011
6970107028
697005
6970048817
69700
697-3815
696passion696
696luvu
6969zz
6969u812
6969tigger
6969t
6969ss
6969punk
6969pedu
6969mike
6969ma
6969m
6969link
6969kw
6969kr
6969k6
6969ju
6969jr
6969hugo
6969fuck
6969fd
6969el
6969db
6969cje
6969changeme
6969blah
6969ba
6969as
6969ana
6969ab
6969a
6969ME
6969AA
696990
69698EM!
6969887
696987654
69698633
696985
696980ar
696980
696977ab
69697777
696974
696971
696970
69696y
69696m
69696c
696969v
696969p
696969o
696969n
696969gghacb
696969T
696969B
69696977
69696969sin
69696969s
69696969r
69696969p
69696969A
6969694u
6969694
6969692
696969111
69696868
6969666
69696613
696962
69695789
69695658
696955
696954
6969517
69694u
6969420k
696939
696936
6969333
6969331729
696923
696921s
696919
6969187
69691699
696916
69691331
696913
6969123
6969112
696902
6969010
696901
6969*+
6969*
6968980
696888
6968700
696854
696831
696820p
6968012jc
69679866
696789
69676967
6967652
696762
6967611
6967599
6967119
696703
696702
696672
69666966
696666
696664
696656mo
6966347
6966105
6965aaa
6965847669
696575
6965483
6965224
696520
696511
69650831516077
6965
6964ozzy
6964753
696466
6964625
696449
696415
696413
6964073
6963963
696365
6963553529
6963545
6963447145
6963280
696321
6963134
696311
6963083
6962983
6962806
6962697
69626962
696267
6962649
696261
6962460
696225
696219
6962139
696186
6961813
69616102
696157
696153
6961378
6961355
6960638jay
6960632
696063
6960626
6960492
696003
696000
695d20
69597647
6959719
69596959
6959694
6959564
69595259
69593
69591
69589mmms
695882afs
695871
695847321
69584647
6958290
6958267
695812
695802010021
6957912
695789
695753
695750
695724
69572052
6957060
695700
6956977
695681
6956585
69564
695639
695620
695618
6955969369
6955933
6955914
695589
6955748564
6955734931
695555
6955521
695526
6955224451
695512
6955101700
6955032
69550
695487
69546954
6954688
69543821
695432
695413
695412
69537202912
695371
69536523
6953646
695313676
6953122
6953002
695288
695262
6952585
695243
695239
695230
69523
6952100
695203
6952014
695197
6951919
695184
695179
695166
695156
6951478
695147
6951441sg
69514406
695144
695143
6951393
695132
6951210
695112
69510mario
695109
6951080
695101
695082
6950356
695034
695025
6950161
695001
6950
694you
694unow
694992
6949869736
6949788
6949786
69497
6949544898
6949496058
6949476337
6949406649
6949235681
6949174287
6949137081
69491355
6949126565
6949027824
694900
6948h666
694893017dj
6948852086
6948850507
69487585
6948751524
6948745466
6948711
6948699423
6948670201
6948601048
694860
6948531159
6948522858
694848
6948327586
6948301969
6948247085
6948163235
6948162714
6948130067
6948035
6948001368
6947962020
6947795981
6947760
6947705
694769
6947684339
6947679386
694762yl
6947598721
6947570
6947516666
69475
6947436723
6947433
6947432381
6947418988
69474
6947383698
694722****
6947200159
69471990
6947167538
6947140949
69470571566
6946981749
6946921470
6946880985
6946842380
6946823957
69467928
69466946
6946671584
6946666098
6946664
6946661674
6946660520
6946655173
6946632289
6946622474
6946601364
6946588
6946587240
6946564171
694651
6946494432
694649
6946471419
694645
6946425785
6946369269
6946293784
6946274832
6946268155
69462240
6946078429
6946056789
6945999
6945992009
6945928778
69459
6945898311
6945876876
6945812534
6945810j
6945805398
6945762
6945754715
6945739366
6945711705
6945704462
6945691642
6945662042
6945648476
6945607
694556
6945559621
6945503569
69455004
6945420598
694540
6945359
6945355040
6945321712
6945290803
6945252694
6945223152
694521730
694514
6945120511
6945068491
6945039104
6945036129
6945035059
6945029178
6945026161
6944997483
6944993549
6944967651
6944862
6944807080
6944778942
6944710
6944707741
6944619619
6944619235
6944597910
6944573218
6944549411
694444
6944339617
6944308
69442
6944180111
6944092
6944004014
6944
6943675e
6943635
6943614754
6943323
69431857
694309
6943074790
694307
6943003
6942racn
6942966l
6942949
6942929000
6942876741
6942865
6942851821
6942778203
69426ibr
6942698782
6942650524
6942645106
694262
6942505413
694244
6942288246
69422469
69422
69421383
6942071819
69420666
6942042983
694203
6942019950
69420147
6942010011
69419278
6941918
6941654609
6941653032
694159
6941588
6941529860
694152
6941508j
6941493
6941327
694119
694101
6941007
694100
6940ll
6940984583
6940945100
6940886107
6940876005
6940778133
6940773
694075
6940672
6940605185
694058
6940540663
694040
69400cid
6940050267
694000a
694000
694,&2
6939cw!
6939772662
6939757237
6939621342
6939593
6939569
693947
6939467332
6939389387
6939347845
6939344182
6939304844
693929
6939248720
6939187919
6939107865
6939038824
693903
6938989360
6938863655
6938843
6938839986
693880
693878
6938767691
6938710903
6938699920
69386938
6938648580
6938254
6938178539
6938162a
693808
6938004
6937969797
6937893749
693789
6937845155H
6937755084
693772
693769
693763
6937611588
69375430
6937518
69375
6937476
6937472665
6937456654azzzapi
693740
693728
693712
693711
6936988989
6936779166
6936734893
6936716
69366936
6936690678
693660
6936349921
6936273352
6936271987
6936221755
6936072867
693600
693582
693564
69354
693533
693501a
693500
6935
693480
693476
6934755
69346934
6934650330
6934605307
6934527656
693449
6934446
6934437244
6934433920
6934338282
693428
6934228
6934218795
693415
6934084022
6934000
6934
69335828
693351
6933448
6933234
6933193
6933137
69331
6933069
6933050
693304417
693283
693281869
6932815571
693269
6932662006
6932661860
6932655
6932623708
693256
693245
6932408466
693227
69322
693216
6932114
6932101002
6932071188
693200
6932
6931992
6931973692
693197
69319168
693190
6931887151
6931872378
6931852750
6931852023
6931842988
693175
693169
6931683009
6931672190
6931634121
693160
6931529
69315
6931493
693132
693131
6931296
693126
693118
6931141192
6931133954
6931121
693111501
6931110685
6930cmb
6930963
693069
6930655268
693061
6930440934
693022
693020
6930130
693012
692sweet
692m3d83f
692985
692930
6929115
6929111
6929
6928saejin
692885
692877
6928764
692858
692840
692794
692738
692728
692718
69271505
692710
692692692
692692
69269157
6926710
69266926
69266600
692662
692646
692645
6926373
692633
69261987
692610
692605
6926040
692604
6925969
692569
69254
692538
692537
692535
692527
6925256
692525
692524
692521
69252
692518
692517
6925113
692507
692501
692500
69247
69245la
692433
6924300625029
69242267
69242186
6924115
692405
692401
6923val
692391
6923518
6923307
6923201
6922804
69226922
692266
6922476
6922462
69222518
692220
6921833
692179
6921787
692169
6921519
6921469
692146
692133
6920858
6920788901952
6920666
692057
692031j
6920270
692020
692011
692008
692006madrid
692006
69200
691pokos
691pa
691nema
691def
69199c
69199169
691987kk
691978g
691978
691974
691973
69196919
691966
691961
691954
691911
691909
691908
691900846
6918jass
691882
6918769
69187420
691872
6918535
691810
69181
691805
6917760
691769
6917669
69176211155
691725
691718
6916952
6916882r
691686
6916604
6916295
691611
691600
691598911
691588456
69156426
691547
6915463
691542
691522
691521
691501
6914920
6914847
691477247521
6914765h
6914672
69146516
691456
691455
6914514
691447
6914459
691443
6914362
691418
691410
6914
691397
691387
69136913
691342o
6913404b
691340
69131d
691317
691307087
6912997
6912923
69129
6912871
6912705
691257
691251
691246
691243
6912345
69123
691229
6912217
691217
691211
691208
691203
691202
6911state
6911nerd
6911carver
6911933
6911899
691189
691187
691186
6911486
6911450
6911418
691135
691127
691116
6911091
6911074
691106
691105366
6911053
691102
6911000
6911
6910bb
6910953
691079
691069
691062
6910614
691057
6910529
6910430
691036
691035
691028
691025
691024
691017
691013
691010
69101
6910096
691009
691006
691003
691002
691001421
690976
69096909
690969
690927
690924
690921
690920
6909191
690917
690914
690907
6909
69088380
6908706
690868
6908477
690844
690834
690829
690824
69081500
690815
690813
690803
690800
6908
690789
690788
69078
6907404
6907312
690726
69072565
690724
690723
6907174
690715
690714
690712
690703
690701066
6907
6906simon
690680193
690680
6906393
690620
690618
690616
690609
690606
6906
6905fait
690569
690525
690520
690515
690511
6905075
6905058
690501
6904kx3328
69048217
6904797
69046904
69045d
6904504
690438
690426
690425
690423
69041769
690417380
690415
690413
690407
6903as
6903658
690333
690330
6903259
690322
690319
690317
690313
69031173_zz
690310
6903*462
6902soup
6902lll
690299
6902900
6902890103
6902620
6902612
6902488
690229
690227
690220
690218
690213
690202
6902013
69020
6901991
690172
690169
6901678
6901505xxx
690145
6901431
69013078
690122
69011096
69011
69010992
690109035209
690109
690108
690102
6900rvvi
6900984
690096
6900838
690069006900
6900683291062
690062
690037305
6900323
690024
69001
6900069
6900030
69/123
69-SUPER
69**..
68w81vcxgd99
68vx6kpf
68vanny
68uome1
68tomkat
68to06
68sscamaro
68southend
68skate
68shelby
68royalroad
68rockst.
68rlopez
68ricia68
68northstreet
68nogo
68luvs66
68love
68load85
68lemans
68jagger
68iou916
68horse68
68harley
68hardtail
68guns
68fastback
68fairlane
68elanor
68desing
68cute
68cougar
68corbin
68comeback
68bluebug
68angel
68and01
68aksaray
68a142
68MUSTANG
68Invergarry
68BEAR68
689jda+-+
689986
6899655ranen
6899565
689913
6898828
6898790
68986843
6898655
689856
689848
689845
68983459
689808
6897969
68976897
6897667
689763
689753
6897481e
68974210
689736
689733
68971l
6897081
6896freak
6896489
689638
689612
68960223
689598
6895962
6895652
689562
689541
689535622451
6895287
6895138
689512
6895051
689501
689500
689496
6894837
6894368
68942948
689412
689388
6893823
6893740
689352
68934159
68933744
6893310
6893223
6893089
6892990
689295
6892825
68926892
6892601319
6892593
68925398
68925
68923505
6892333
68921945
6891adc
68918yam
689188
6891862inky
68918002
689170
6891608
689159
6891514
689143
689132
68912563
68911982
689117
689111
68910180
68910
6891
6890ed
68906890
689054
689052
6890515
689049
689021
68901
68900842
689002
68900
688990
68898086
68896889
6889601
6889496
6889249
6888901
6888886
6888470
6888437
68884
6888325
6888272
68881112
6888.osbe
688798
6887867
688777
6887549
68872brgg
6887251
688724
6886sdl
6886939
6886891
688668
6886614love
68866
6886532
68864
688611
688610
68861
6886090
6886039yes
6886024
6885940
68856885
6885584
6885525d
6885336
68852
6885138
6885127
688507
688495
688492
688488
6884542
688453
6884525
688423
688416
6884146
6884119
68840370
6884
68839163012
6883809
6883510
688328
6883092
6883
6882lene
6882959
6882951
6882918
6882749
688229
688219
6882!NcL
68817900
6881654
68815908
688159
6881536
6881475
6881369
6881268
6881210
68811490
6881045
688100
688076
6880633
6880298a
6880214
6880125
688012
687eee
687999
687998
687991
6879873
6879863
6879760
6879392
687925
687912213
6879001
6879
6878935
687890
68789
687886
6878793
687868
68784122493
6878232
6878129
6877993
6877975
68777
687751000
687745
68771977
687712609
68771140
68770580
6877015
6876amigo4life
6876989s
6876936
6876901
6876779
687671048
687668
6876615
6876363
687622
6876186
68761263
6876026
6875bd
6875765
6875671
687551slc
68754611
68752788
6875201
6875036
687500
6874945
687490
687485
68747568
687469
6874591
6874539
687450
6874353
6874321
6874123
687400
68739801
68737211
687340
687302
6873008
687289
6872856
687280
687266
687255
6872541
687249393
6872426
687240
687230
687226
6872193
68721279
687211
687200
6871891
6871807m
687164543
687159
687132473
6871323
687123
687120
6870artur
68709205
6870872
687075240895
687070
6870564
687052
687036
687035
687023
6870199
6870184
6870107
687009
687004
6870019
686asies
6869931
6869928
686992
68699
686941
68693320
6869258
686912
6869111
686907k
6869034
6868rp
6868fm
686898
6868979dsl
686890
6868826
686879
686871
686870
6868689
686866
68686
686859
6868518
686848
686845
68684
6868372
686825
686818
6868106
686808
686807
6868007
6867nadda
6867892011asw
686766
68674600
686723
6866992
686679
6866747
6866733
6866671
6866554
686638
6866248
6866088
686582
6865819
686568
686548
6865168
68651331
6865107
686510
686504
686500
68649mc
6864696
68646464
686462
68645432
68644321
6864385
686435
6864082
6863804
686380
68636863
6863426
686328957
686328167lda
686327788
686322894
686322
686267133
6862485
68623633
686231358
686223878
6862057
686204
686199
6861985
6861984
6861932r
6861337438
6861008
6860833
686072
6860584
686028
686020
6860180
6860067
68600
686.432.869
6859kulachat
68599882
6859748
685968596859
68596859
685966
685956
685900
685888
6858766260
68586858
685858
68584153
6858239
68582318
6858149
68580993
6858001
685789
68578099
68576857
685706
68565
6856221
685613
6856104
685600
685576
6855757
6855642
685558
685556
685546
685543
6855276
6854895
6854835
685481
6854757510
6854543a
685454
685432
6854288
6854059
6853959
6853918
685381
68537986
68535028
685345
685332
6853231
6853190427
685314
685290
6852831
685279
6852616
685256
6852556
685240
6852308
68523047
68520
6851937
6851896b
6851718
6851649518
6851558
685146986
6851328
6851156
685115
685111
685022
685021
6850136
684s96799
684987
6849712
684968
684947610
684942
684932
6849262
6848jmmm
684886428
68487898
6848696
684858
6848575
6848503
6848396
684816
684800
6847otis
684799
684785
684777
68476847
6847665
684744
6847432
6847431
6847244
684722
6847045
6847
684684b
6846845
6846706
68466935566ff
684669
684668
6846512
68463401
6845958520
6845794699
68456630
68455
6845397
6845207
6845104
684503
6845024
68450112
684480
6844754
6844685
684468
6844427
684435
684421
684401
68440014
684379
6843718
6843570m
684337
684306
6843040
684300
6842999
684293
68429
68426623
684266
68426153
68426
684258
68425555
684246
684225
6842229
68421986
684213
684211
684187
6841863
6841854
684176
684175
6841737
68416841
6841482
684144
684130
68412932
6841292
6841257
6841230
684123
6841
684063
684061
6840121423
684012
684000
68400
6839874
683968
6839678nm
683952
6839488
6839339
683933
683907
683872245
68385573
6838277
683771
6837641
6837572
6837523
683727
6836mkm369*
683683
6836764
683663665612
683630
683616
6836123
6836042
6835643
6835521
6835
683499
6834974
6834831mf
6834666sya
6834
6833649
6833555
683333
6833238
6833195
683318
68329
683287
6832768
683215
683200
6831955
6831692
68316831
683158
6831502
683146
6831421
68314
6831061
683100
6831
6830mere19
6830874
6830791
683070
6830688
6830509
6830429
6830235
6830080
6830037mar
6830016
6830010
683001
682wmb
682blvd
682988
6829865
68296829J
68296829
6829438
6829427
6829272
6829013
682888
6828709
68286828
6828665
6828548
6828479
682846lila
682823
682818
6828148
6828142
6828031
682803090808
6828008
682787
6827857
682771
68276827
68274600
682723
6827178
682707
68270003
6826982
682692
6826848
682682
68268137
68268
682672
6826666
6826634
682659
6826447
68260410
6825townsend
6825diamond
6825970300
68258doo
6825868
6825628
682551
68254389
682540
682537
682535
682533
6825326
6825315
682526
682525
682524
682522
682518
6825152
682514
6825076
6825046
682493175005
68248mag
682486
682485
6824610200
6824524
682451
6824349
6824342
682430
6824249
682416
682414
682413
682369
682344
682338
682336
6823357ji
682329
6823030
6822ed
6822985
6822920
6822822
68225
682243
682229
682222
6822216
682218
682200
6822
6821903
6821767
682172
682168
6821622
6821617
6821508
6821346
682130
6821294
6821224
6821211
682111
6821041
682102
682100
6820bg
682071
68206820
6820342
682021
6820086
68200174
682001
681q184
681a9665
681999
6819893
681970
6819650o78qia
6819540
6819455
681937
681934
681929
6819243456
6819106
6819060
6818f09
6818747
6818684m
681864
6818597
681822
681811
6818088
6818051
6818011
681800
6818
6817951
6817811
681773
681730
68170863c
681708581
681706
6816910
681682
68168
6816781j
6816655
681663
6816335
68161821
6816171
6816149
681600
68159700
681590
6815830
6815829
681579
6815783in143
681575
681572
68156815
6815603
681558
681541
681532
681520bombitos
681502
681492920
681488
681482
6814784
68146814
6814485917H
681437
681431
68143
681420
68141244
6814102
681407
6813897
6813859
68136813
6813583
68135272
681330
681324
6813224
681321
6813156
681315
681313
68130595
6813048
681297
681291
681288
6812831
6812664
681259
6812575
6812518
6812510
6812495
6812464188
68124559
681241
681238
6812377
681234
681224
6812168
681207
681202005
681201
6812
6811vail
6811tw
6811948
6811875
68118
6811766
681156
6811519
6811343
681133
681132
681128
6811240
681121
681120
681109
681107
6811068
681106
681105
6811032
681102
681101
681100
6810ib
681088
6810869MILLOS
6810819
6810721
6810674
6810400249
681029
6810252
681024
681023
681022
681019715169
681019
6810178
681013
681012
681011
681009
6810073
681007
6810065
681005
6810045jlb
681001
680thirdst
680ka0
68099678
6809723
68096809
680929
680921
680915
680905
680904
680900
6809
680870
68086500a
680850199
68084633
680823
680814
6808106mars
680794
6807859
680762
680729
680722
680720
6807161e
680715
680713
680702
6806nai
6806675
680666
680651
680619
680608
6805mj
6805908
680587
680578033
680570
68056805
680548
6805423
680518
680487215
68046804
6804670
680460715
6804595
6804549
6804440
68044
680428
68042619jhun
6804208
680402
6803743
680335712
6803312*
680322
68030435
680304
680301
680295
680281
6802449
680244
680229302
680225
680224
680223960
680221
680217
680214
68020
680195
68016
680149
6801424
6801420
680140
680112
680111
680110
6801072md
680104
6801
6800Wydown
6800809
6800589
680055
680020
680013jcon
6800132231348209
680003
6800000
67yuhjnm
67tyghb
67trung
67tango
67swinger
67studfall
67spl2431
67special
67softball
67shelbygt500
67qq209
67ng*dd
67mustangs
67mk82lz
67m3rl
67fire
67enda
67eirrehs
67dream
67dart
67cyh3
67custom98
67conefp
67cobra
67chris
67caprice
67buick
67brown
67bird
67angela
67alasca
67a4cf0c
67YBWOD
67Mustang
67MBCkrc
67LeMans
679mnbfn38
679girl
679d7fac
679999
6799769
6799731
679921
6799160
679904
6798943
6798937
679843
6798412
679824556234
679818
67981423
679811
679806
679800
6798
6797onyxxx
6797549
679712
6797
6796909
6796537
67964729
67962326
679613
679595
679589
679531
67951013
679510
6795096
679485
679481429
6794643
679455688
679451
679434
679422
6794117
679402214
67939698
6793929
67939135
67935704
67934629
679301
679295
679293
67926792
67922ash
6792219
679210
67920934
6792029
679178
6791693
67916468
679155
67915174
6791339
679126
679123
679119
67910481
67910174
6790purple
6790WKZS3
679097
679077
67906790
679000
678yui
678tyu
678james
678honey
678fjtn
6789lil
6789it
6789ass
6789999
67899942
678998
67899189
678990
678987
678984
6789815
678978
6789776381
678969
67896789t
6789634
67896110
678954321
67895432
678953670
678953
67895043
6789497
67894321
6789362252
67893015
678923
678920
67892
6789170ap
678913
67891286
6789101112
6789082
6789067890
6789054321
678901T
6789012345
6788msjs
67889
678867
67885
678831
6788307
67882587
6788221
6788173
678800
6787lion
6787lewis
67878456
67878
67877e
6787789594
6787788
678778
6787620MUZ
67876
6787550616
67874944
67874048
6787159243
67870
678694la
6786787
6786786
67867
6786684295
67865235
6786510741
67865014
678645
6786385
678630188
67861678
6786088607
6785rocio
67858796
67857301
678557
6785508
678548
678545
678539
678531
6785267405
678512
678503
678502fdst
6784799
678479
67846784
6784634
678456
6784555
67845164
6784422
67843
678419
6784151
678414
678412
6784
6783am
67838a
678388
67836615
6783458
678345
678341
678320
678303231
678302
67829178
678289
67827325
678273
6782708
678267
678255
67825494
678251
678248
678244
6782439
678234
67822327
67821438
6782115729
6782108
678202
6781jrsg
6781ggta
6781_weech
6781990
6781939
6781834
6781822
6781721
6781629
6781516
67814443
67814097
678140
678100
6780939
678091
67809
6780755
678071
67806780
6780447
678040
678017789
678010
6780019
677mummys
677leshika2685
677991
677988
6779878
67796779
6779400
677936
6779288
677910
677890
67789
677887
677882
677871328
677867
677846
677842829
677797
677789
677787
67777777
677776
6777723
67777
67776777jjl
677759
677734
6777212
6776garcia
6776999
67768998
6776776
6776748
677667W8word
67766776
677652
6776500
67765
6776252
67761439
6776123
67760
6775937
6775713
67756775
6775628657353
67756
677555
6775455
67749794
6774892
6774885
6774792
6774775
6774768
6774478
6774
6773850
677369
67736773
6773576
6773345
67732730
67732207
67732145
6773200
6773147
677305286
6773
6772honey
6772789
677262
677261
677256
67724604
6772452
67724379
677216
677195
6771904
6771691Z
6771479
6771423
677100
6770love
677093920
677089
677087
677076
6770588
677026
6770257
677013
6770115
6770072
676989
67691562
67690350
6768tink
6768lover
676890
676889
67687367
6768700
67686970
67685
6768393
676836
6768091
676803
6767ahmet67
676795
67678
676776
676774
676763
676755385
6767521
67675
6767494
676740
676712
67671
6767089
6767058
676704
676698
676688
6766819
67667601
6766611
67665904
67665079
6766443
676633
6766307
6766244
67660224
6765852
67657565
67656765
676554
6765412
676530
6765114
676478
67647120
6764474
6764061
6763954
676389
6763879er
67637861
6763530
67631231
6763123
6763074june
6763057
6763
676294
6762939
6762811
67624842
6762458
676236240
676222
6762062
6761841
6761691
6761663
676123
676101
676084018bea
676066
676063
676051
676049122
6760458
676035
676026
67597827
67597554
67596759
67593
6759267592
67592023
67590205
6759
6758pimp
675883h
67586758
6758516
67584930
6758428
6758378smc
6758249
675811
67580572
6757944
6757837
6757770
675777
6757755
67577
675767
6757588
6757313
67573
675728
675712
6756jeff
675691
6756886
675682
675675675
675675
67567452
675668
67565437
675612
675608
67559919
6755984
67557922
67557681007
6755765ppp
675567
6755603
67555516
675542
6755024
675498
67546960
675464
67545730
67543235
6754299
675425
67540923
67536753j
675355
675352
67535100
675328
675324
675313
675309
675304
675300
6752979
67529532
67526689
675258
675243
67523743
67523149
675202
6752009
6751kmb
6751783
67516751
6750aw
67508911
675082
67507322
675069
67506750
675058
67501486
6750115
675011
675002
674life
674cvvau68
6749979
674949
6749270
6749
6748965nb
67487
67486748
674855
6748345
674823
674822
674813
6748
6747901
674771
6747558
6747528
6747452
67474313
674719
674717
674684
67466746
674630
6746026
6745901
67458ka
674568334
67456745
674567
674558
674551
6745350488E
6745311
674521
6745208
6745202
67451676
674516
674510
6744run
6744926
674478
6744691
67446744
674462
6744569
6744529566
6744449
674442
674435
674421
6743867438
67438054
6743771
67436743
6743255
6743211234
674300
6742880
6742633
674262
6742461
674239
6742246
674222
6742110433
674211
67419301
6741907
674123
6741054
674102
6740rnrn
674091
674080
6740523
6740165
6740043
6740
6739june
67396739
673939
6739257mp
67391234
6739105
67386738
6738265
673801
673774t
67375hotchick
673747
673718
6737071
67366736
6736531
673632
6736116
6735987
6735325
673500
6735
67349217
6734783
6734699
6734690
67345431
6734381
673426s
6734136
67337712
6733764
6733731mf
673373
67336733
6733637
6733566
6733532
6733503
6733387
673333
6733285md
6733152
6732shorty
6732604
673258
6732547
67325190
6732329
673222
673217
6732160
673212
673207
673151
6731429
6731400
6731128
6731051
673089
673067
6730365760
67300467
672981
6729691
672926
672913
672889
67286728
67283e8
67282ysnn
672828
67281656
672811
6728090
672800
67280
6727love
67279jrm
6727846
6727749
672749
672739
6726727
67266
672637
6726302
67261994
672611
67260321
672579
672577
67256725
672567
6725651
672550
6725449
6725440
672535
672528
6725189
672514
672511
672500
672486
67246724
67242629
672413
672367
6723535
6723478
6723379
6723344a
6723279
672320
672317
672300
6723
6722990
672296
6722770
6722658
6722338
6722153
672215
672200
67217543r
672122
672121
672112535
672112
672092
6720907
6720568
672035
6720303
6720175
6720148
6720120
672004
671santarita
671hottie
671folife
671boy
671boi
671999
671997
6719965
6719932536
671991a
67198900
671971
671969
671968
6719621
67195074
6719485e
6719280
6719166286
6719058
671903
6719
671888
67186718
6718507
671843
671824
671808khm
671808
671801963
6717tigger
6717724
6717427
671724
6717213
6717162
671710
671706sas
6717055
671695
671668
6716679
671667
6716408
671640
6716367
671631
671617
671614
671605
67156715
67156682
6715589
671554
6715426
671524
671520
67151904115204
671519
671512
67151
6715068
671503
671501
6715000
671498
671489
6714861
671483168
671480
671473
67146301
6714581
671443
671432342
671