47074
44707381
447070
447055
447050
44704841
4470473
4470445
4470289
4470250
447013
447-6512
446walker
446fe
44699434399945
446987
446981
446970
446968l
4469661
446906
446900
44689B
4468892
446886
44688215178u
4468771
4468662
4468641
446861
4468565
446847166
446832
44682bqkfh
446825
446816
4467958
446789
4467871
446778
446771
4467467
446740
4467285
4467266
4467256
4467227
4467220
446717
446706
4466bds
4466914
446689446689
4466880
446682
44666a
4466683
44666644
4466644
44666
44665761
446655465
4466551
44664
446634
446631
446625
446621
44661996
446609
446606
44660
446596571259
446589
446588
446573
4465697
446566v
446564155
446563
4465434
4465382
446533
446523481
44652130
446521
44651701
446513
4465054
4465022
4464xx
4464am
4464898
4464806
4464561524
44644959
4464451
446444
4464260
44641519765
44641324
44640604060
4464
446387
446385
446382
44636382
44636226
44635950
446354
446353
446352sc
4463501011739
44634463
4463372
4463347
44633444834
4463343
4463204
446317
446312
4463117
446311
446306
4462love
4462gina
4462897
4462740
446270
446267gm
446267
4462637622
4462634
446262
44626
4462589
4462556
446246
44624462
44623
446223
446222
446211
446200
446187
446181
446179
446173
446165
446155
44615
4461454
44614462
44614381992
44613877
446123
44612140
446119
446118
44611210
44611080
4461108
44611070
44611020
446074
4460702
446065
44606244
4460604
446056
446035029
44603119
4460201
446005
446000
445kiss
445goldmouse149
4459963
4459875
445986
4459788
4459761
445975118
4459744118
445973
44595844
4459561
445928
4459222
4459109
44589686
44589666
445885
445874
445870cd
4458697
445866
44586214
4458565
4458523
4458350
4458325
445828
4458242
445820
445812
4458077
4458
4457mister
445789107
44578878
4457793
445776
445775
44574964
44574457
4457439
4457406
4457331
445729
445725
445720410
44571347
445707
4457056
4457013
445692
445689
445686
4456700
445666
445655
4456548
4456520
445644
4456428741236589
445638
4456376
445637
445632
4456319
445628
445625
4456210
44561123
44561
4456003
4455ss
4455ms
445589
4455876
44558581
44557788
445575
445570
4455678e
445566m
445566k
445566d
445566a
4455668
445566789
44556644
44556633
4455662
445566123
4455661122
44556600
4455618
445560
4455476
4455456
4455445
4455402
4455342
44553322
4455296
4455260
445523
44552211
44552200
44551993
445517
4455125
4455101
445505
445501125
4454k9
44549
4454892
4454857
445484
44548
4454797
4454644546
445464
4454637
4454593
4454560291
4454560
445456
4454495
445445r
445444550
445433
445432
4454305
4454171
4454098
445409
445406
445404
4454
4453830
445381551
4453778
4453756
445374675
445369
4453652
4453621
4453607
44535614
4453529
4453476
4453388
4453331
4453248
445315
445313
44531
44530919c
445306
4453028
445299
445294
4452831
445273
445264b
445264
445263
445258
445254
4452497
445248
4452441
44523406
4452301
4452232
445219
4452183
445218
4452103
4452100
4452096
445201
44520000
4451clark
4451837
445163
445162
4451589
445151
445150
445149
445128
44512533
4451243
445122
445121
4451130
445110009
44511
445103
445100
445091
445090
44509
4450860
4450627
4450626
445058
44505410a
4450520f
445044
4450386
4450385
4450278
445025
4450230
4450209
44501992
4450172
4450130
445012
4450112
44501
4450045
4450034
445000
445-66
444turkle
444tearsofpearls
444sss
444rockstar
444mmm
444mirek
444mag
444harry
444fsu
444ddd
444candy
444backdoor!
444applepi
444and
44499460
444994
44499
444986927
444982
44495969
4449270
44491
4448bud
44489
4448882
444876650
444875
4448611
4448566
444849
44484448
444844070
4448350
4448324
444828
444826
444813
444808452
444801
4448
4447tv
444785
4447804
4447721
444756
444750
444741
444734
444724
444710
4447
444692
44468700
444687
444683
444659
4446541
444652
4446493
444648
444644
444640wr
4446363
4446356
444622
4446119
444610
4445jam
4445917
444585
444582
4445709
444570
4445678
4445669
4445665
444558
4445579
4445566
4445556
444555111
44455326
444552
444547
44454445
444544
4445419
44453623
444535
44453412
444533
4445266
4445163
4445104
444505
444504
4444vh
4444tres
4444ssss
4444oo
4444llll
4444iamnotanemo
4444hottie
4444hank
4444cs
4444cm
4444catalina
4444bbbb
4444auto
4444aniluap
4444999
444498
444487
444484
444482
4444810
444480
444477
444474
444471
444453
444452
4444515
444451
44444r
44444d
44444b
44444WWWWWW
4444483
4444474
444445555566666
444444s
444444p
444444l
444444j
444444e
444444W
4444444444444444
44444444444444
4444433333
4444410
444441
444439
444436
444431
444426
44442524
444425
444424
44442229
4444221
44442
44441990
4444198522
4444155
44441389
44441016
444410
44440730
444406
444403
4444006
4443klh
4443justin
444362
444357
4443530
444353
4443520
4443456
444331
4443150213
44431002
444301
44429
444284
4442780
444266
444263
444260
444253
444249105
44424442
444244
444242
44424
4442369
444234
444232
4442284
4442244
4442103
4442020
44420104
444183011
4441779
444171
4441626
444157
4441529
44415104
44415
444144003
444141414
4441414
4441322
444132
444131
4441297
4441277
4441273
444124
4441234
44412
444114
4441092
444109
44410142
4440889
444086
4440754
4440710
4440612y
44404440
4440444
44403432
4440319
444028
444024
4440229
444021
444014
444011
4440106591
4440074
4440070300488
4440056
443sto
4439slc
4439nati
443993
4439912
443982
4439650
443958
4439569613
443946
4439355
44392859
443926755
443924952
443921
4439156
4439109
4439090
443874
443851l
443844
443825
4438201
44380616
443805
4437740
4437655
44374437
443744
443708
443700
4436pbj
4436926
44368761
443678963
443676
443675
443667pepe
443661
4436344
44363
44362515
4436024
4436010
4435ryu
4435choc
4435948080
4435784
4435624
4435585
4435532
4435531
4435525
443549
4435459
44354435
443535
4435344
443534
443526
44351956275123
4435123
443512
443511
4435102030pa
443508
4435035
443499
4434955
443488
4434728
443457
443455
443454
443448
4434478
443444
4434425
443442
4434395
44343674
443435
44343
4434267
443426
443415
4434115
4434
4433diva
443362
4433619
443359
443356
4433486
443347
4433333
4433255
4433252
44332200
443318
4433165
4433159
4433112
44330070
44329255
443291
443274
4432705
44326362
443260
4432399
44322704
4432246s
44321966
443210
443208
44320745
443202
443200
4432
4431sa
4431s8
4431917
443189
44317104
443148
4431458
44314
4431398
4431381
4431322
4431207441
4431207159N
443118
4431140
44311158
4431105029
443106
443105
443094
4430855
4430853
4430661
443063
443059
443050
4430496
4430408614
4430351
443028969
4430286
443024
443020
443013
443012
443010
4430068
4430045
4430039
443003
443000
44300
442nlynn24
442forest
442999
442997
44298815a62b
442977
442973
442957midogmax
4429569
44294429
442943
442928369
44292514
4429239
442912
442901
4428940
442881
44288
44287862
44286805
442859
44285427
4428472
44284494
442844
442839
442838
442836
4428358
4428266
442822572
442810
4427gixxer
4427KIM
4427958
442783
442781
442777
442769
442765
44275
442749100
44274751
442733
44271468
442712a
44271179
442709
442707
4427000
44270
442692
442690
4426890
442682
4426706
442666
44266471
442663
442655
44264649
4426363
4426263
442625
44262319
4426227
442620
4426184
44261820
442614
442600
4426
4425mcmc
4425999
442588
4425874
4425801
442578
442568
44256286
4425622
442560
442558sh
4425581
442555
442553
4425510
4425441
4425344
4425282969
442527
442526442
442523
442521
442518
442516
442515
442509
44250
4425
442482
44247139
4424695
4424669
442456288
4424511077
4424485
442444
442443
442441
442426
4424239
4424166
442413
442410
4424010
4423getmoney
4423924
4423844238
4423818
4423803611
442377
4423733626
4423621
4423599
442356
442347489561
442341149
4423364417
4423359
442335
4423276537wiwi
442325
44232344
4423220687
442321
442315
442305
4423041
442302
4423
44229955
4422925
4422889
4422888
442274
442269
442265
442263
44226
44225935
442256
44225566
4422515
4422513
44225
442246
4422426
442235
44222503
44222244
442221026
442221
4422208
442220
442212
44221188
442210
44221
4422022
442202
4421pink
4421love
4421996
44219769
442195
4421929
4421886
4421872
442170
4421601291
442160
44215564
4421522
442148
44213876
44213811
442129023
44212500
44212448
442123
442122
4421210loc
4421210253
442121
44211215
442110
44211
4421050066
4421050036
4421050029
4421050023
4421050016
4421050015
442105
4421040415
4421040048
44210361
44210326
4421026
4421020035
44210178
4421010055
4421
442095
442089
4420883
4420870
442081
442079
4420788sa
4420666
44205809
4420552
4420382
4420369
44203081
442027
442024
442020
44201833
442017
4420137
44200418
4420
4419975
441991a
4419887
4419882
441972
441971
4419666
441965
4419637
441947
441945
441943
441942
441941
4419371
441929482
44192268
441917
441905
441904970
4419
441899
4418966
441880
4418746
4418613
4418514
44185119
441850
4418367
4418241
4418238
441817
4418100
4417889
441771
4417525
441752
44174594
441745
44174
441730
4417188
4417181
4417122
4417109
4417054
4417031
441700l
441700
4416finn
441687
4416754
4416713
4416705
441669
4416502
44164947
441644
44164312
441630
44162
4416189789
441611
441608
44160180
441598763210.
441597
4415953
4415929
441588
441587
441578
441577
4415750
441574
44157315
441550018
44154415
4415386
44152790002
4415210
4415184
4415151
4415112
4415105
4415070
4415
4414Soprano
441492
441473
441467
44146146
4414602
441459
4414580
441453
441444
4414344
4414325
441431109
441427
441422
4414212
4414144
4414123
4414114
441402
4414
4413apg
441395
441392
441386
441381
441380
441370
441363
44136191
441360
44135311
44135278
441344
441336
44132976
441329
441328
44132780402
4413248
44132
441314
44131243
4413005
4413003
441300214
4412gs
4412994
441288
4412869
441285
4412839
4412836
441278
441277
441268
441266
4412629
4412626
44126206
441254
4412525
4412521
441238
4412357
4412346
441233
44123130112
44123
441225
44122313
4412220016
4412212
441220604
44121945
441219
44121878
44121770
44121667
44121610
4412148
441214
441212
4412114
44121
4412079
441206
441204
4412025
4412010
441190
441189
441186
44118130
441171
4411692
4411654
4411584
4411533
441153
4411492
441140
44114
441138
44113537
441134
441132
441124
4411231099
44112266
44112111
441121014
4411204
44112
441117
44111590
44111454
4411132015
441112
44110358
44110178
4411008271
4410957
4410912o
4410871
441083
4410761
441076
44107494
441066
44106565
4410650
4410620113
44106
4410573
441056
441053
441051081
441048
44104099
441037
44103542
44103361
44102west
44102912365opened5
44102887
441028
441024
44102358
441021133
44102
4410199
44101905
441017
4410130
441013
4410123041
441012
4410110206
4410105
4410076
441005
4410044
4410018958
4410006
441000
440snopro
440mopar
440cuda
440burland
440big
4409ily
440993t
440990
4409777
440961237
44094409
4409258
440921
44091597
4409156
440902[potter]
440901637w
44090017
44088982
4408866d
4408865
4408693
4408652
44085557
440844
4408352
4408256qw
44082097
440805
440789
440783
44077710
4407689
44076701
440764
440759
440744
440740
4407346
440729
440712
44070730
4406pk
4406pack
4406ch
440687
440684
44067175
4406612020
440661
44066
4406508137
440648chance
44064431
440640
4406328
4406311
4406283
4406233967
440621024
44061968
4406187171
4406133290
4406108359
4406100
440609
44060796
440607
4406058273
4406056657
4406024739
4406009144j
440588
440580
4405492
440530
44053
440521
4405152
4405102
4405081
4405076
440505
4405041262
4405034259
440500198
4405
4404bethany
4404bb
4404al
440497
4404914
440484
440483
4404804110
440480
4404735
4404610166
440447
44044404
440440095
44043
440428
4404275
440421
44042
440418
4404145
440412
44040926
440407
440406144
44040403
4404016
440400
440398
4403963
440393
440391
440389
440385
4403705
440351
440349
440347
440342
4403409
440335
4403323
4403288
4403212
4403142179
44031326
440313
440306
440303
4403028
440301
4403
4402980
440297
4402903
440287
440286j
440279
4402711
4402612511
4402594
44025419
4402520193
440240
44023326
440230
440226
440224
4402208
4402196
4402176
440217
440212
440211
4402092870
4402086
440206
4402056438
440205
440202
4402012
4402
4401987
4401974
44018526
4401851
440185
4401847
4401810
44017938
4401775
4401741174
4401519188
440148
4401463015
44014556
4401452017
44014462
44014402
44014248
440142
4401411
44013903
440127
440126
4401254
440125
440120491
4401181999
4401153863
44011420
440114
4401121
4401110749
4401096
4401095
44010924
4401068970
44010509
440102
440101
4401002516
4401
4400act
440089
4400788
4400613
44006002
440055
440052
44005196
44005174
440050
44004925
4400442
4400431
44003322
440031
440027
440022
440021727
440018
440008
4400046
43vm1a32
43v3rm0r3
43tankbat
43sva5z6
43south
43sherdale
43sbabe
43rory
43rmbj
43rdzoo
43rdstreet
43rdst
43nv36
43nicu
43newnavy
43love
43kase
43john
43is the best
43honeyb
43hig21
43gangsta
43galabank
43futures
43ever
43ec658
43diseal
43dbest
43crown
43cmb89
43chick
43busn
43bitch
43birkendene
43birds
43athrun
43a6lx
43a4343
43MATTIE
43?ss00
439tsb
439_warn
439998
4399893
439957681
43994399
439925
439908
4398888
439874
439860
4398461
439812366
4398006
4397a2z
439765
439755927
43970117
4396anniv
4396802
439678
4396502
43963511
4396345
43962536
4396007
439600
4395lpr
439589
439583
43957287
439522
4395113
439500
439489
4394610
4394439
4394190
439408
4394041
439400
4393974433D
439389
4393781
4393715
4393713
4393422
43931111
439309
439300
4392sexc
43929475
4392914
4392846
439280
43926797
439261758
4392551v
4392497
439241
439224
43921940
43921201
439212
4392019
4391998
4391908
439162
439150
439139
439137
4391280
4391243912
4391140
4391061
4390mf
43907271
439070316
439066
439057
43904391
439011
4390046
43900
438BROCK
4389686198
43894243
4389416
438941
4389165
438913ana
438912
438900
4389
43888
4388539
438851
4388405
438839634j
43880488
4388032
4387843
4387762
438774898
438770
43876627
438754157
4387460
4387416
4387369
43873075
4387254
43872523
4387244
438715331
43870755
4386964
43869299
4386904
438668
438667
43863022
438626945
438626
4386184
438616
4386111
4386101
438585
43858329116315
438581
4385790
438570514cmt
438567
438566
438563
4385365
438532
4385196
438517
438501
438500
4384695
438469
4384664
4384495
43844
438439
4384313
4384187
438410
438400
4384
4383bday
4383942
438387
4383720
4383650
438323
438314
43831
4383014
4382895
438278
438272
4382664
438261597
4382589
4382588
438256
438245
43824382
438243
4382321
4382302046
4382288
438226
4382225377
438222
4382170
4381rja
4381927
438190
4381740
43816114
4381610
438161
4381515
438144
4381421
438141
4381382
43813250
438132
4381297
438125
438119
4381062
4381
438099
438045
438042
4380408
438037
4380346
4380338
4380229
4380171
4380170
438017
43800914
438008
437wood
437porchester
437999
4379556
4379275
43791304
4379128
437888
43784378
43784097
437838
4378229
437815356
437815
437814
437812243
4378115
437810107
437804
4377travis
437777o
437773348
4377626
437757789
437754
43775
437740cie
4377372
437734
437727
437726
43771115
4377
4376814
4376578
4376510
43765
437643
4376393
437637
437631
437623
437621
4376153
437612
437605
4376042
437597
437596693
43759
437588
4375877
4375858
437557
437555
4375509
4375480
437544
43754375
437542815
4375143
437507
437498
437496323
4374926
43748
437468
4374668
437428
4374252
4374025
4374008
437400
437391
437376
4373677
437337
4373350
437333
437281
4372763
437271823
4372700m
4372664
43724372
43723797
437237
437220
437212
437209
4371775
437175
4371499
43714371
4371384
4371381
4371214
4371210
43711
437100
4370bm
437078
437074
4370684
43704370
43702cwgcr
4370135
437011
4370055
436u25dx
436fnjxj22
43699232
436969
436968
436958
436943
43694221
436932
436924
436922
4369168
436903
43690
436886
436879281
436875104
436874133
4368741
4368728
4368526
4368421279A
4368383
4368263
436825
43681free
436812
4368052
436802
436799
436795
43678mrl
436789
43678520
4367728
436765
43675990
436750696
436749
4367411
4367387
436725
436724
436722
436717
436715
4366944
436674
4366650010
436655
4366485
4366480
436643
436632
4366307
436628
436623
436622
436618064
4366031
4365me
436597
43659694alexis
436579
436575
436570
43657
436564
436551
436543
436541
436530
4365228
436522
436519934
4365166
43651189
436511482
436501
436500
43649419
436490
436478
436460
436448
4364457
4364436
436437
436427
4364171
436415
436409,
436398324
436393
436392
436388
436376982
436376
436374
436372543
4363699
4363625
436355
4363144
4362eca
4362969
436292
436278
4362681854
436266828
436259
436255
436244120
4362302
4362252
436223
4362217
436217
436211
436195023
43617806
4361646
4361622
436157
436152
4361333
436132
4361313
436127
4361217
43612081
43611622
436111
4361084
4360987
436064
436060
436057
4360541
4360513100
4360493a
436047
43602140
43602
436019
4360180
43600700370
435drb
435c86z
435998
435932609
435917
4359079
435903
4358pdk
4358876
4358764
43587460
435870
435864nte
435860
435858
435844
43584358
435819297b
435814
435813
43581258
4358119
4358
4357me
435798
435797
435791608
4357869
43578132
43577274
43577
435769
435764
435763
435743
4357398
4357230
43571850
4357
435693562
4356893k
435675029
435667
4356658
435664
4356561
435656
435655437
435654682
4356542
4356463
4356438
43564176
435638
43563054
43563038
435630339
4356285l
435627
435623
4356226
435621
435619
43561243
435609
435594
435593
4355878
4355638
4355626
43556
43555p
4355595
435557
4355500D
4355361808
435534
435527
435516
435515
435513
435511
435509
435490562t
435487
435480
435474
435472
4354684
43546824
435468
435458
4354541
4354511
435425
43541417
4354133
43540454
43540208
43540203
435399
435393
4353872
435382
4353813
4353777
4353714
435370
435368
43536033
43536
435357
435353
4353492801
435347
4353465t
435345
4353438
435342
43534
435330
4353286
435321
435313
435311
4353073
4353067pi.
4353040
4353009
435297
435290
43528
4352751
435263
43526
435258
43525263
435251941
43525010
435234
4352324
435231
4352299
435227
435223
4352172
4352165
435215
435212
435210
435206
435202
4352
4351yesi
4351pimp
435199
435198
4351964
4351918
435183
435181
435178
4351735
435164
435161
4351605
4351600
435158
4351572
435150
43515
43514351
4351400205
4351330
435130
435129
435128
435126
435123456789
4351204
4351123
435111
435104
435101
435099
435096
435094
435089
435065
435061
435060
435054
43505135
435044
435040
435022
4350203
435017
435015
4350132
435012
4350109
435006
4350000
43500
434pch
434989
434976
4349737399
4349626
4349614
434960
43495313r
4349496
43494349
434941
434937
4349364
43493494
434917
434900
4348827
4348776
4348727
4348591a
4348477
43484348
434830521
4348240
4348225
4348155
434814221
4348024
434800
434797
4347933
434793186l
434792222
4347905m
4347884
434772322
4347627
43476
4347592s
43475361
434749
4347473
43473
4347247
4347124
4347030
434702260
4346smg
434690583
43468a
434686
4346859
434682
434668
4346646
4346535078
4346532+-
43465313
4346384
4346375
434630
4346078
434603
434584
434571
4345684
4345587
434551
434548
434526
434522
434520
43451369
434498a
434489
43448534
4344841
434484
4344802123
4344723
434471
434470
434444
4344383
434433
434426
434414
434412
43440000
434400
4343moon
4343943439
4343933
43438888
4343752827
4343668
434356
434355
4343506
43435
4343481473430tar
4343434343
4343364
434335
434326
434323
4343150079
434312
434308003
434302135
4342932
4342906026
4342868
434278
43426400
4342608
43425741
434252
434245004
4342339
4342309
43422850
4342240
434221
4342198
434212
4342110
4342044
4342011
4341991
4341987
4341683
4341674
4341636
4341629
434156
4341535
43415063
43415009
4341475
43414023
43413773928034
43413192
43413044
434128
43411071
43410414
43410375
434102
4341012
4340mm
4340828
434079
434073
4340622
4340604
4340597njdttapia
434046
43404403
434041
434033
4340304
434025
4340239
434020
4340158
43401514
4340148
4340092
4340084
434006
434002
4340
434%#!!15a
433dent
433993
433991
433987
433972
433964
4339306
4339240
4339183
4339137
4339117
433879
4338618
4338613
433851216
4338344
43383
4338294
4338254
433810432
433802
4337cole
43379465
43379315
433784
433783
433779
433777
4337686
433762
4337467
43372667
433723
4337168
433713
4337
4336956
433690306
43368722
4336872
4336790
4336750
433669
4336601
43366
433657
433656167
433654347
4336438
43364336
4336404
4336394
433637597
4336355
43363521
433626
433621
4336
433599
433598
4335886
4335859
433564
4335534
43355
4335442
4335424
43354237A
433536
433535
4335252
433522
4335150
4335087
4335076
433492
4334866
433480
433477
433460
433456
4334503
43344
433430
433425
43341aer
43341125a
4334103
4334043
433396099
4333677
433364
433354341j
433350
433338
433329
433327
4333256
433323
4333225
433321
4333101727
4332818
4332717
433270
4332691
433267
4332572
433232
4332312
433228
4332258
433225
4332205
433220
43321
4332072
433201
4332000
433197
433186
43318212
433180
43317875
4331647
4331569
43314331
433143
43312669
4331245
4331215
4331141
43311021
43310751
43310630
4331057
4331055
433103
4330ov
433098
433082
433076
4330737
4330700
433048
433045
4330393
433030
4330277
4330275
433027
433025
433015
4330103
4330076
433003
432rwhp
432rig
432one
432estee
432babe
432BLUE
4329Clgc
432996
4329906
432989
4329885b
432987
432981
432978c
43297
432964
432961
432944
43293777
4329321
43292566
432895
4328911
43289
43288466
432884
432869
43286872
43286788nhs
4328657g
4328657
4328563
43285250
43284328
432838
432834
4328303
4328209
4328131
43280
4327HA
43279a
432795
432794
43278b
432789
432786
43278111
432775
4327657
432765
4327574
4327557
4327426969
432733412
432733
43273275
432727
432724
432712
4327103233
4327000
432700
4326sie
4326975
432678
43265971
4326575
4326552
4326479
43264035
432636
432626
43261939
4326100
43260546
432598195
432598093
432597168
432593
43258
4325776
4325758
4325624c
432561
432559
4325564
4325549
432550
432545
432543
4325389
4325386
432533
432530
432523
432520
4325182
43251710
432516
432515
43251210
432512
432511
43250110
43250000
43250
4325/0897620631
4324belluchi5716
4324973
432495
4324769
4324701772
4324684d
4324651
43245915
4324567
43245632
4324489
432438
4324328
43242510176
43242499
43241990
4324149
432396
43239387
43238895
432388
4323860
432370
4323666585
4323634
43235j
43235847
432351
43235064
4323454
432343
432341
432340
4323362
432334
4323327
432327
4323261
432318360a
4323139
432311
43231
432305
432303
432300
4323
4322lin/26
432295
432292
4322865
432284
4322812b
4322791635
4322731-
4322678
432262
4322563
4322526
4322512
43223646
4322342
4322324
43223
432228
43222629
4322142
4322140
432213
432210
43221
4322010218
432201
432200
4321zoie
4321tlc**
4321rv
4321king
4321jc
4321getout
4321cmia87az
4321buzz
4321auhsoj
4321_lew
4321Forever
432198765
4321881c
43218569
432182
4321769
4321705
432169
432166
432165987
4321567
4321556
4321555
43215540
432151
43214514
432145
432142
432141
43214
4321370
4321366
4321350
4321321211
4321300
432125
43212361
43212122
432117
432113
4321123
43211212
4321120987
432112
4321116
432110
432109
43210633
432106
4321050040
4321050027
4321050001
4321030
4321010068
432101
43210000
4321000
4320asuncion
4320973
4320743
432066
432065
432060
4320546
432050
4320441
4320440
432043
43204282
43204001
432039
43203034
432030
432029
4320272
43201730
43201052
432010
4320098
432009
432007
4320037
4320017
432-8696
431as28
431aab
4319ayanna
431999
431998
431994buci
4319922007
4319883ape
4319876
431967
43196500
4319601
4319599
4319592
431955
43195
431945
43194319a
431943
431936
431930
4319121
431911
431902
431900
4318ks
4318aldine
431898125
43189153mua
4318792
431877
43187403
43186003
4318588
431855
4318538
43184318
431827
4318227
43181601
4318119
431808
431804
4317948
431790
4317743177
431760
431745
4317392
431734258
431734
43173282
4317311
431731024
431730
43172911
431727
4317252
431725
431718
431717
43171163
431711325
4317032
4317008
4316ldy
4316981
4316947
4316901
4316823
4316718
431668
431661
43166
431652598405
431652
431648
4316441
431643
4316429
4316418
4316280
4316273
431621
431619
4316189
431616
431609
4316026
4316010
43160
4316
431594
4315925
43158583
4315828
4315747
43156716
431567
4315619
431559
431558
43155645250782
43154305
431543
43154135
4315406
431533
431531
431516
4315136213
43151260
4315123
431510
431509
431501
4314hottie
431496
4314862
4314842
4314814
4314785
43146
431451
431449
431444
4314301091201
431427
431426
431416762
4314165
4314153
4314136
43141129
4314100172
431408
43140477
431402
43140
4313km
431387
431386
431362
431352
43135177
431343
43134101
431341
4313358
431329
43132790157
431325
43132496
431321
431319773
431319104
4313171
4313122
4313121
43131101
431302
431301
4313
4312995
431296
431295
431293860
4312850
4312828
4312817
4312812ika
4312787*
431278
431266
4312533
43125159
43125
4312436
43123629
43123607
43123220210
431232
431221a
43122116
43122004
431219
431216
4312150
431213
431212
43121133
4312052
4312023
431201
4312008
4312
4311ya
4311996
4311939
431176
4311679
4311644
4311619
431146
43114473
4311435207
431143
43114
43113ht
4311398
4311392
4311361
431134
43112998
431127m
431126
4311258
431123yoyo
43112299
43112231
431122
4311199
431111
43110n
43110hello
43110c
4311059
4311031
431102u
43110163
431101
4310jess
4310cb
43109988
4310982
431093
431085
4310795
4310705
4310669
43105381
43105328
431052547618
4310521
431051090
4310473
4310448
4310432
4310424
43104058
431040
4310374
4310348
431031002
4310304mp
43102755
4310262
431022114
431021285
431021019
43101666
43101561
431013
431012533
431012239
431012
431011321
431011173
43101010
431010012
431007
43100684
4310067
431006
431005
431004
431002
4310008
430spider
430quincy
430ANDREW2002
43099love
430999
4309