
204247
204240
2042397
2042342
2042277
2042261
2042232
204223
204222
20422
2042187
204217
20421307
204211
20420616
204201365
2042007
2042005
2041art
204199
2041985
2041975
2041972
204193
204190
204189
2041829
204180
204178955
204178
20417373
204167
2041640
204163
2041611
204160
204159
204155
20415231
204149
2041458
204142dog
204142
20413999
204138
20413746
2041365
204133
204131002
20413
20412638an
204126
2041259T
204123
20412126
20412017
204118
2041160273
204115
20411456
204112815
2041118
20411123
20411
2041086
204107
204103
20410207
2041016775
204096
204094
20409294
2040924
2040914
204091
204090
20408882
204085
2040810
204077
2040749
204071
204066
20406
2040584
204049
2040474
204043
2040407
20404
204038
2040341
204034
2040331
20403295
2040311
2040301
20403
204029
20402706
20402405
2040240
204022
20401loca
20401939
204019
2040182
204015
2040149
20401048
204010
2040055
2040012
2040/10/5
204/0585k
203oakstreet
203niw
203baby
203993
2039887nlf
20398
203972
20397134
203968
2039628
2039583
203958
203940
20394
203930
203928
203920
203919
203918
2039173
20391228
203910
203908
203899
203884jz
203884
20387971h
203878
20387719c
203877
20387
20386702
20385496
20384736
203847
203846
203840
203839
203836
203835
20382450321
2038240
2038222
20382218
203822
203816
20381218
203810
203808
203800
20380
2037jf
2037god
2037985
203797
203792
203791
20378833jd
203781
2037765
203775
203771
203759
20375799
20375052
20374781
2037400
203740
2037385
203737
2037228
203717
20371690
2037131
203712
203711
203710
2036js
203696
203691
203687
203681
2036737
203670
20365900
203658
203655
203653
20364815
203648
20364711
203647
20364175
20364124
203641
203640
203636
203627102510929
203626
203625
20362036pp
20362036
203613
203610jrr
20360892
203606
2036051814
203601
203600c
203600
2036
2035ka
2035988
203590
20359
2035742584
2035738141516
203573
203571
203569
2035674
20356510
203564p
203561
203544
20354
203539035
2035321490
203529494
203526
203522
203520
20352
203514
2035069
203506
203505
203504
2034ca
203497
203490
203486
203484
20347681
20347564
203475
20347377
203469
203467jl
203459
203458
203455
203450
203449
203448
2034459
203444
203441
20344
203435
20343242
20342837
203428
20342526
203425
203416
203408
203407
203406
203405
203404
203399
203395
2033930
2033862
203382
203378256
203376
2033630
20336133
2033607
203360011203360011203360011
203359
2033576860
203354
203353
2033494
203345
203342
20333134
203318
203317
203316
20331272
20331
20330d
20330980
203303
2033020240
203297
203294
203290
20329
2032848
2032800
203279
20327667
203272
203271
203267m
203267
203265
20326455
2032568
203254
2032532
2032527
2032523
2032520
20325028
20324615
203246
20324517
203245
203243
203242
203233
2032259
203224964
203222
203221
20322
203219fc
2032168
203214
203212
203209388
203209
20320174
2032
20319956797
2031988
2031980
2031979
2031978
203197
203193
20319
203189
203182
203181
203180
203178
2031775
203177
2031769
203171
203169137
203167
20315987
2031546
203154
2031513
203149
2031423
20314192
20314
20313ksf
2031330
2031310
2031272
203126445
20312604
20312532
203123
203122
20311989
203119
203118
203117
203116
2031144
2031123
203112102
2031121
203112
2031102
20311
2031059
2031046
2031043
203104
20310186
203100
2030isa07
2030ce
2030ca
203093
2030921
2030906
203087
20307367
20307300
20307154
203071
20306989830
203067
203066
2030537074
2030531
2030520
203046
203044
2030417
203040a
2030408
203038
20303139
20303020
20303
2030255
20302530
20302499
20302311
2030220300
203022
2030197
203019
20301680
2030158
20301337
20301314
2030123
2030102
203009
203007
2030028
202m&m
202hot
2029fleet
202999
202994078
20299
20298647
202981
20298
202979
202974
202970
202969
202968l
202963
202959
2029526
20295
202947
202943
202942
20294003
202940
2029389
202936
20293453
202933
202931pk
202923
202921
20291nlp
20291977
20291856
202913
202908
202904
20290396
20290066
20290062c
20289k
20289940
202899
202895
20289444
202893
202889
20288712
202886
20288293982
202882
202881
20288
202877
202872
202865
202862
202853
20284971
20284903
20284497
202833
20282721
20282415g
20282119
20282
202818
202817
202816
202814
202813a
20281123tom
20281106
20281
20280927
202809
202806
202805
202804
2028008
2027baby
202795
202794
20279211
202792
202791
202787
202786
202784
20278306c
202781
20278
202775
202768
20275663
202754
2027529.
20275
202748
202745
20273311
202733
202732
2027319
20273
20272576
202725
20272360
2027234
202720272027
20271649
202713
202712
20271104
20270e
20270991
202706
202704
202702
20270112
20270105
2027/112
2027
202695
202691
202689h
202689
2026848
202683
2026788
202677
202675
2026721
20267
202669
20266
2026568
20265580
20264888
20264680162988
202646800
202646
2026425
20264
202637
202636
20263443
202634
202632992
20263
20262728
20262722
20262452
20262171
20262050
2026191330
20261825
202612k
202605
2026029697
2026008999
20260
2025mi
2025inmaculada
202597
202590
2025876
2025873
202587
202583
202581
2025789
202578
2025710
202569
202568
202565
2025622
20256
202559
2025580122689
2025561
202552
20254954
202549
202543
20253693
20252830
2025246650
2025227
2025215437
2025202
2025198504022005
20251982
20251930
2025105
2025067
202505
202500078
2024ra.nj
2024em
2024NY
202499
202496
202495
202488
202483
202482
20248
20247714
2024746
202474
2024736
202470
202468
20246794
202462
2024611
202457lal
20245575
202448
20244732
20244391
20244233
202439
202436
2024326268
202426h
20242325
202423
20241714
202414
20241011
202408350JK
202408
20240611
2024023004
202400
2023tq5
2023rb
2023dktt
2023at
2023953
202394
202389
202388
202387
202384
2023835
202380222
20238
2023799
202378
202377jey
202369
202368j
2023684096
2023673
202367
202366139
202360
202359
202357
20235412
202348
202341006
202340
2023344
2023329jm
2023300
20232811
202327248
20232528
2023247
2023242526
2023236
202322
2023178899
202310kf
202309
2023070886
2023038
202303278
202302
20229565
202294
202292
202291
2022880067
202288
2022862
202280
20228
202275
202272
20227050
2022672
2022664
202262
202257178
202257
202256
2022550
2022536
2022535
2022534
2022531
2022530
202244
202241
20224003
202237
2022360
202235
202234
202232
20223155
20223120
20223042
20222628
20222530
202224262830
20222426
20222222
20222050
20221989
20221540
202215
202212t
20221256
20220820
202207
20220534vie
2022032
2022025
20220065
2022006
2022005
2022
2021svg
2021plc
2021mr
2021bc
2021998
2021997
2021987yuki
202196455
202192
20218D
20218668
202186
202185
202178
20217722
2021751
202174
2021710011
202171
2021696
202164
2021614
20216128
202158
202156
202146
2021414
202141
20214
202139
2021369
202136
2021320213
202126bday
20212531
20212325
20212322
20212000
20212
20210990
2021055
2021030365
20210254
20210227
20210203
2021012
2021006691
20210
2020th
2020teamo2007
2020junior
2020jd
2020de
2020cricket
2020cjm
2020c
2020boyz
2020bg
2020984
202095
20209359
202090
2020893
202089
2020876
202078
20207718
202076
2020756
2020746
202074
2020735
202073
202070
20206920
202066
20206598
2020615
20206
202058
202057
2020567
2020552
202053
20205137
202051
20205050
202049
202046
20204242
202042
202041
20203614aa
202033
2020320
2020303
20202n
20202526
2020252
2020233
20202301
20202222
20202121
20202100
202020tt
202020d
202020Z
202020XD
202020M
2020209
2020206
202020303030
20202021
20202003
20201k
20201980
20201974
2020192
20201919
202016
20201515
20201513
202014
20201320
20201313
20201284
2020123
2020119
2020109
20200712
20200707
2020063
20200620
2020032
2020023480
2020023
201pogue
201kid
201jul
201heart
201east
2019white
2019sj
2019sb
2019omega1405o7
2019evil
2019963
20199582
2019912
20198805
201985e
20198198
20197
20196
201958
201956
2019534
2019515192
201948007
201946
201944025
20194104
2019370
201935
201933
201931
20192920
2019277201
201926
201924
201921
2019209147
2019198802
20191956
201919
20191817LM
201918171615
2019133
20191
201909
20190859
201908
20190533
20190500
2019029916
2018MG
201898
201897
201892495
20188743
2018861
20188006
201872
201869
201865
201855
2018536241
201852
20185021
20184d92
20184976
2018488917
20184801
2018454
2018407
20183611
201835
20183437a
2018310
2018260
201825
2018234
20181986
2018122
201811k
20180891
20180614
201804l
20180312
2017jj
20179997f
201795
201792
201783
201777
20177313
2017709175
2017679
201764
201756
201755
201754
201751Jl
20174143
20174123
20174111
201740
2017369690
2017328
201732
2017311
2017288
201727
201726
201722
2017216
20172002
20171907
201718
20171720
201715
20171325
20171293
2017124
20171
20170908
20170696
2017058454
201701
2016CASTRO
201699
201692
20167510
2016745jr
201673
20167246
20167219kk
2016721
201668
201667
201658
2016549381
2016527
2016481
2016470562
20164
201639
2016372
201637
201636
201629
20162810
201628
20162603
201625
201622
20162
2016167
201615
201610
20161
2016061413
2016011
20160106
201601
2016004
2016000910
2015baddest
201599
201598
20159
201589
201587
201584
20158
201578
20157335
20157
201568
201567
20156514
201558m
201555a
20155329
201553
201550=ipp
20155017
201545
20154187
201541123456
2015349
201534
201533
201532
20153.
2015297
201529
201524
201520607
2015168
201514
20151233
20151077
2015105
2015070
2015020150
201501sons
2015
2014tink
2014kk
2014girl
201495
2014923
201492
201490302
201490
20149
201489
201486
201482
201480
20148
20147852369
201475v
201473
201472
201469
201461
2014586666
201457
2014507
2014494
2014444
201442
20144
20143949
201435
2014316
20143
201427
201426
20142596
20142532
20142
20141996
2014152
20141012.
201409
20140454738
20140039
2013beaver
2013ag
2013980
201396
2013884
20138759406
20137891
201377
201372
2013666
201362klk
20136
201359
201358
2013568
20135601
201353
20134781
2013475
2013457
2013445
201344
201341
201339
201338
2013330207
20133094
201328l
201328
201327
20132512
20132427
201322
2013182526
2013179
201316ca
2013152
2013144
20131409
20131320
2013119
20131086
20131067
2013101155
20131
20130625
20130614
2013030008
201303
2013025
20130247
20130142
20130120
20130041smrm
2012runit
2012murkey7
2012love
2012gp
2012da
2012chick
2012bruno
2012ZRO
20129990
201296201296
20129618
201294rossi
20129418
20129410203
201293ks
2012934176967
20129011506600
20128988
20128928
20128927
201288t
2012885
20127317
20127003
201262
20126084
20126
201256
2012530
201253
20124kay
201249
2012485
201245
20124005821369
201240
20123456
2012344
20123287
2012324317
20123
20122924929
2012268
20122648
2012259m
20122519
2012238
20122224
20122112
20121999
20121998
20121997
20121972
20121970
20121966
20121965
20121964
2012181
201217254N.A
20121712
20121611
2012157th
201214a
20121403
20121334
2012110
2012109199
20120916
20120826
20120203
2012019
2012012
2012010
2012000
2011rox
2011mcf
2011ma
2011jhs
2011grads
2011girl
2011997
2011992a
20119900
2011974
20119632
2011958
201192s
201191201191
20118r
20118725
20118695
2011866
20117horseslms
2011793hm
201174517
2011745
20117
20116944
20116912
20116260
201161
2011607
20115850
2011572
20115346
20115319
20115255
201148
20114625
201145
20114489
20114412
201143865
20114
2011352
201132b
2011329840
2011321
201132021
2011315
2011299
2011260
20112521
20112517
20112515
20112511
20112506
20112468
20112406
20112231
20112003
20111998
20111995m
20111989chit
20111976
20111967
20111965
20111964
20111960
20111954
20111950
20111944
20111906
2011190
20111397
2011119
201111299
20111120
2011105
201109725
20110711
2011066
2011062
2011058
2011055
201105404
201104j
2011023
2011020042
2010showstoppa
2010rriah><
2010rg
2010real
2010rd
2010mt
2010mm
2010lover
2010km
2010king
2010kiki
2010kc
2010jmc
2010jesus
2010dyme
2010cooler
2010chick
2010chelsea92con
2010ca
2010brit
2010best
2010bby
2010ballin
2010babe
2010angel
2010ad
2010abbi
2010_mo
2010_german_1975
2010LYNN
20109516
20108922
201088m
20108520
201084a
20108400
20108330
2010831203
20108290
201080s
2010779
20107500
2010720
201071
2010680
201067
201064
20106317
20106164
20106134
20106011
2010575845
201054
2010533
201052
20104life
2010499
201048
201047
20104699
20104535
201044
2010428
2010423
20104196
201041
201040
20104
2010396
201039
20103633
20103551E
20103484612
2010336
201032201032
20103010
2010301
20102548
201025211133
2010251
20102134
2010205600
201020265
2010201
2010199
20101977
20101971
20101964
20101963
20101955
20101949
20101948
2010192
2010164
2010144
201013112002cump
2010124
2010116
20101143
2010102
20100moreira
2010075
2010066
201005201005
2010049
2010036
2010020100
2010020
2010018
20100123763
2010011
20100055
20100000
2010-2011
200years
200wrms
200wgrand
200sx2g20
200slee
200sex
200mph
200mexico
200meter
200km7h
200ilmave
200grand
200cars
200bucks
200breast
200balloons
200BLK
2009yes
2009wizard
2009vs
2009td
2009sangue
2009runit
2009rules
2009ploy
2009phs
2009penn
2009password
2009noel
2009nicole
2009myyear
2009mw
2009lutecs
2009love
2009lalamc
2009la
2009korea
2009klb
2009kelly
2009jw
2009jp
2009ismine
2009hv
2009ha
2009graduate
2009elmo
2009dia
2009cheer
2009benz
2009alabama
2009a
2009ACIST
2009987
2009951
20099462
200989victor
200985k
200984n
20098442
20098016
20097793
20096c
200968
2009601602
20096
20095855
200947
200943
2009410
20094076
20094067
200940
200939
20093669
2009314
2009307
20092551
20092550
20092541
20092539
20092519
20092509
20092410
20092013
20092011
2009200
20091985ff
20091977
20091974
20091970
20091968
20091964
20091961
2009190732
20091907
200918v
2009174
200914596874
2009143
20091307
20091116
20091016
20090911
20090909
20090841
2009056
2009045
20090318
200903137
20090214
2009009
2008xx
2008uknow
2008tm
2008tanker
2008st
2008ss
2008sm
2008shit
2008robs
2008rm
2008rebel
2008princess
2008pimp
2008party
2008obama
2008nm
2008mst
2008mike
2008mc
2008lulu
2008liverpool
2008life
2008less
2008lady
2008kianna
2008kh
2008july
2008joy
2008josh
2008jessie
2008jece23
2008jason
2008jack
2008hyundai
2008hs
2008hottie
2008gyrl
2008gy
2008gurl
2008er
2008epps
2008dr
2008diva
2008dimapatricia
2008diana
2008dc
2008danimani2008
2008damien2008
2008cs
2008cc
2008cb
2008camp
2008bmw
2008bebe
2008bb
2008b
2008ayala
2008aw
2008akm
2008aa
2008_rocks
2008_rock
2008_beijing
2008@ems.1
2008961210
20089552
200893m
200893246810
200893,kid
200892cjp
2008922
200890r
200890josias
20089002
20088908
20088888
2008888
200884pc
200884091106
2008810
2008686
200867
200864mg
2008630
200862
20086073
2008517
2008500
2008483
2008481
2008474
200846
2008422080
200841
20084
2008322
2008321
2008320255
20083112
2008300734manu
20082820
2008269
20082645
20082548
20082541
20082538
20082517
2008223994
20082101
2008202
20082012
20082009d
20081998
20081978
20081974
20081971
20081968asrai
20081967
20081962
20081959
20081950
20081938
2008193
2008192009
2008189
2008171856
2008150264
2008143
20081234
20081226
20081224
2008121212
2008121
2008120180
20081143
20081116
20081107
200810857
20081027
20081003
2008100
20080908
20080901
20080830
2008077
20080708
2008067
2008063
20080627
20080525
20080523
20080517
2008051
200804210887
20080402
2008039
20080324
20080223
20080220
2008022
20080208
20080174
20080130
20080127
20080124
20080122
2008008
2008007
2008003
2008000596
2008000
2008-9
2008-2008
2008 2009
2007zayne
2007year
2007wym
2007usa
2007tn88
2007thomas
2007ta
2007stars
2007star
2007senior
2007scion
2007rr
2007ritacosta
2007richard
2007reist
2007red
2007recovery
2007ram
2007punk
2007polo
2007pink
2007nnjj
2007nitro
2007nathan
2007nagem
2007mustang
2007muse
2007mimi
2007meme
2007mchs
2007may20
2007lumbee
2007lm
2007lili19*
2007lc
2007la
2007kt
2007kr
2007ko
2007k
2007js
2007jonzi
2007jm
2007jl
2007jheys
2007jeep
2007jb
2007james
2007j
2007hottie
2007hotmail!
2007hhr
2007hh
2007haiti
2007gr
2007gfm
2007gaara
2007fuckyou
2007franklin
2007forever
2007ford
2007faith
2007ej
2007ed
2007dm
2007dh
2007denuevo
2007de
2007daddy
2007cuti
2007costel
2007converse
2007cobra
2007cmb
2007class
2007chick
2007cheer
2007chase
2007camry
2007ca
2007bud
2007bratz
2007bitches
2007bh
2007babygirl
2007av
2007angelstar
2007angel
2007aminanasim2007
2007am
2007alejo
2007adt2007
2007accord
2007abcd
2007abc
2007_pelusa
2007_p0
2007\\'s
2007TopTen
2007TAER
2007Silver
2007LOVE
2007HHR
2007BABY
200795romero
2007911
200789cm
20078984
20078893
2007887
2007843
20078324
2007818
2007777
2007755
2007721481
2007709
200763
2007619
20076
200752
200751531
20075089
2007501
20074eva
200748
200746
200740
2007390095
2007378
2007371314
2007361126
2007360
200733
200732231032pp
2007320886
200731396
2007310274
2007300442
20073003
2007295
20072830
200725222007
20072514
2007247
20072285
20072249
20072204
2007214
2007211
200720547f
20072011
200720103
2007199
200719895020
20071969
20071967
20071965
20071951
20071947
20071810
20071806
20071590
2007150256
2007141533
2007134439
2007133523
2007130796
2007130511
20071303
2007125
20071231
20071229
2007121074
20071205
20071185017
20071121
20071077
20071028
20071027
20071012
2007100668
20071005
20071004
20070918
20070915
20070905
200708e
2007080
20070616
20070612
200706109
20070503
2007050215
20070416
20070401
20070328
20070318
20070308
20070216
20070211
20070207204476
20070201
20070193
20070131
20070129
2007011420
20070108
20070107
2007010353
20070102
2007006
200700103
2007000
2007//
2007*11*05
2007&2524
2006yay
2006xb
2006to2007
2006tm
2006tigers
2006sucks
2006star
2006stang
2006socceroos
2006snr
2006sexy
2006seth
2006scion
2006rules
2006rox
2006rodrigues
2006richard
2006reko
2006pt
2006peewee
2006password
2006papinito
2006olys
2006nurse
2006nissan
2006neleel
2006nc
2006mt
2006monster
2006milo
2006mia
2006mercedes
2006may
2006maxima
2006mag
2006life
2006lex
2006le
2006km
2006kjckjc
2006kid
2006june
2006joel
2006jetta
2006jbw
2006jagex
2006jade
2006isthebest
2006hottie
2006honda
2006hoe
2006henry
2006graduate
2006ghs
2006freedom
2006forenza
2006eylid
2006dy
2006dinis
2006di
2006dh
2006daddy
2006cobalt
2006claudia
2006chs
2006cheer
2006charger
2006champs
2006car
2006caleb
2006blac70
2006bc
2006av
2006audi
2006aq
2006april6
2006april
2006amber
2006am
2006al
2006aj
2006ahs
2006ac
2006ab
2006_2007
2006_144
2006Xmas
200693lizeth
200691194
20069101223
200690joss
2006906
200688mg
2006871
20068384
20066960
200664
200660459
2006601235
20065640
2006553971
200655
2006547
200654
2006530
2006524
2006520
2006512
200651
20064life
200646
200645
200641134
200641
2006402237
2006400
200640
20064
200639
200638
20063700
2006320569
2006310
2006291
200627773
2006264113
20062606
20062552
20062540
20062536
20062530edit
20062519
20062395
20062385
20062360
2006231
2006225
2006214
200620237
20062020
2006201220
20062007cheer
20062006a
2006200650
20062005leonie
20062004
2006200211
20062000
2006200
2006199119
2006199
20061974
20061973
20061971
20061963
2006188
20061710
20061446
20061402
20061400220676
20061400
200612549c
200612472
200612415
20061229
20061227
20061215
20061211
2006121
20061206
20061205
200612033c
200611550
200611383
200611331
20061115
20061111
2006111
200611075
200611056
200611048c
20061104
20061101
200610944
20061083
2006106
200610410885
20061023
20061018
20061015
2006101380
2006101057
20061010
2006100352
20061001
20060jsrbh
20060924
20060903
20060801
20060726
2006071245
20060701
20060614gg
2006061030
2006059
2006057
20060525
20060516
20060514
20060511
2006045
2006041334-
2006041012
2006041
20060407
20060402
200603704
20060323
2006023
20060223
20060220
20060214
20060210
200601889
2006015516
20060150
20060131
200601277
2006012659jl
20060120
20060115
20060113
2006011298
20060108AB
2006010334
200600723
200600567
2006005
2006003
20060016
2006001576
2006/2007
2006-jes
2006-e
2006!
2005yr6
2005xx
2005usmc
2005titan
2005tiger
2005sydnee
2005sunfire
2005srt4
2005sku
2005senior
2005sean
2005rulez
2005ruben
2005red
2005pride
2005pass
2005mvp
2005luv
2005lucky
2005katy
2005jul31
2005jeep
2005hjess
2005helena
2005gucci
2005gmc
2005fighter
2005ernest
2005elmejor
2005dy
2005durango
2005ds
2005dj
2005diana
2005dc
2005csm
2005corolla
2005cjhhjh
2005champs
2005cat
2005camry
2005ca
2005bamthayer
2005azerty2005
2005austin2006
2005angel
2005aa
2005Emmzy
200598birthday
20059513
2005950
2005948
2005931
20059230
2005911
20059018
2005900912
200589m
200589a
200588968
200587007
2005847
20057950
20057588
20057246
20057238
2005723
20057
2005689
20056789
20056590
20056143
200561
200560
20055B08
20055746
200553
200552
2005513
200550
2005486
200545925
2005454mom
20054471
2005444
2005425061
2005420016
200542
2005400460
20053900
200537
2005360058
200536
2005348
2005329
20053214
2005310962
20053030
20052808
20052665
20052590
20052539
20052537
20052521
2005251035
20052420
2005233
200523221
200522715
2005215
2005214
20052109
200520m
20052060
200520508
2005204
200520311
2005203
20052019
20052010
20052006a
200520062007
20052005a
2005200
20051975
20051966
20051946
20051908
20051840
200518138
200518019
20051718
200516july
20051647
20051623
2005162
2005144
2005140slm16
20051402
200513557
2005135
2005130513
2005130120
2005128
20051231
20051228
20051226
20051220
20051219
200512163
2005121125
20051211
20051210
200512099917280000
2005115
200511368
20051123
2005111354
2005111
2005110900
20051102
20051101
200511003
200510908
200510904
200510742
2005105
20051029
20051024
200510222320
200510166
20051016
20051012
2005101024
200510101
20051004
2005100152
200510014
20050Hun
200509yoja
20050986
2005098
2005093,
20050925
20050916
20050903
20050826
20050824
20050806
20050803
2005080
20050730
20050715
2005071084
2005070434
2005069
20050678
200506378
20050626
20050618
20050581
2005058
2005056
20050554ah
20050534
20050522sl
20050519
20050517
20050515
20050513
20050488
20050449
20050428
20050416
200504013
20050350
20050329
20050311
2005031
2005030977
20050308
2005030631
20050305
2005030485
200502402
2005023
2005022671
200502230
20050218
20050201
20050151
20050144337
20050128
20050117856
20050115
20050110
20050109869
20050097
2005005
20050044
2005001
2005000940
2005-2006
2004vue
2004usmc
2004sugar
2004sss
2004ss
2004sq
2004smile
2004silverado
2004scionxa
2004roxy1986rox
2004pete
2004ok
2004nissan
2004neon
2004mustang
2004mom
2004mj
2004me
2004mazda
2004may
2004maxima
2004mama
2004kr
2004koko
2004kixass
2004kd
2004jake
2004jag
2004j
2004high
2004hd
2004grandam
2004gmc35
2004f150
2004escape
2004emma
2004dube
2004dodgeram
2004dc
2004class
2004chevy
2004champ
2004black
2004bears
2004bear
2004b1u3
2004alex
2004ad
2004WBW1988
2004NANNER1118
2004Maxima
2004ESCAPE
2004Chevy
20049912
2004918
200490rh
2004824
2004820
2004816
200476a
2004711
200470
20047
20046854
2004677
200466
200464
20045932
2004583
200457
200453
2004515008
2004506
20045016
200449
2004488
200448
200447
20044343
2004420535
2004391
200439
20043588
2004350017
2004313
20043114116
200429938
2004290657
20042521
20042516
20042509
20042334ts
2004225181
2004214
200421088
20042102
200420813
20042072
2004205981987
2004203111
20042006   
20042
200419876
2004198
20041975
20041974
20041973
20041972
20041965
20041964
20041957
20041910
20041708
20041697
2004169694
2004159
2004145344
20041411
2004140313
20041366
2004135330
2004131018
2004130
20041230
20041228
20041222
20041221
20041216
200412127
20041204
200411880fARES
2004116250
20041129
20041124
2004108
2004105609
200410511
2004104416
20041030
2004102447
200410175
20041014
20041011
20041002
2004100133
20040993
2004091
20040898
20040832
20040828
20040816
20040813
20040741018
2004073
20040722
20040716
20040712
2004071
2004060195
20040507
20040444
20040437
200404357290589
20040422
20040408
20040404
20040364
20040314
200403080025
20040306
20040304xc
2004030020
2004023162
20040229
2004022217
20040206
20040205
2004017
2004015187
20040149
2004014
20040119
20040101
2004002
2004/04/09
2003yadira
2003wake
2003tyler
2003tm5dbc
2003svt
2003rulz
2003rules
2003rsx
2003rox
2003r6
2003queen
2003pt
2003promo
2003pro5
2003og
2003noom
2003nacho
2003mustang
2003may
2003lollypops
2003lili
2003ld
2003kas1
2003hope
2003hemi
2003gti
2003gt
2003gb
2003focus
2003fatboy
2003f350
2003f150
2003eugene
2003escape
2003element
2003ebhs
2003dillon
2003david
2003cqc
2003bb
2003baby
2003army
2003ar
2003ajf
2003Ne
2003May25
2003Cobra
20039nb
200392c
2003929
200387yis
200385974
2003850813
200383igm
20038398
20037928
20037902
2003764
20036945
20036777_l
20036660
2003617
200360346
2003600784
20035a136
20035804
200355
200354
20035252
200352243SAM
2003520035
200352
200351
20035062
20034ever
200349
20034568
2003436
200340
20034
2003367320
2003366166
2003361468
2003350z
20033195
200330506
20033004
20033003
20033002
20033
2003286
20032607
2003259351
20032539
20032537
200325323
200325295354
20032521
20032519
2003246230
200324
20032311
20032271
200322082911
200320699
20032002
20032000
20031973
20031971
20031961
2003194
20031900753
2003169
2003168
2003157440
2003149
200314441
20031406
200314011
2003131096
2003130
20031234
20031224
20031213
20031212
2003121029
20031210
20031200643
200312002
20031187
2003118
20031127
20031124
20031122
20031120
20031115
20031107
2003109091
2003108570
200310841
20031040
2003104
20031024
20031023
20031020
200310167
2003101197
20031010
2003100945
20031006
20030949
2003094
20030934
20030929
20030928
20030919
20030901
20030826
200308216yuyu
20030821
20030801
2003075
20030719
20030708
20030704
2003068
20030649
200306378
2003060667
20030561
200305343h
20030530
20030523
20030505
2003049
20030425
200304137
20030410
20030401
20030320
20030314
20030305
20030304
20030303
20030284
20030142019
200300p
2003007
2003006
200300265
200300100
2003.
