
2540116
254010
25401
2540093
25400456
2540002
25400
254
253bkallday
253bcu
2539nine
2539god
2539ander
25399743
25399640
253996
253992
253984
25397752
253977
25397599
2539746
253971
25397
253969
2539648
253961773
25395665
25395142
2539488
253948
253944
253943
25393371
25393351teamo.
253933
2539316
25393
253926378
253926337
2539252
25392510
253924
253923409
2539212
253921
25392009
25391995
253915368
25391230
2539123
25391113
253910
25391
2539087510133503
2539057
253905
2538mook
25389674
253896
253893
25389
2538889
2538869
25387368
2538712
253869
253861
253859809
253858119
253856547
2538556
25385255
253851781cf
253850
253849
2538481
2538462unitec
2538425
253842
2538405
253838
253835285
2538330
253833
25383
25382551
25382537
25382514
253823
253822
253821
253819
253816644
253815
253811974
2538072100
2538066
253806
253804413
25380322
2537nick
2537bbb
253799
253798
253797312
2537950
253792228
2537919
25379
253788
253781
253779
2537777
25377213
2537689
253758
253754720
253753909
253751469
253750
253749
253746
2537411
253738165
2537374
2537332
253730
25372539
2537242
25372405
253724
2537221
25372010
25372007
25372
2537173
25371253
25371110
2537111
25371
253706
253701
2537
2536fa
2536987
2536963
2536911
25369
25368931
253687
253683
253682
253680
253679
253677
253676727
2536764
253670
2536697
2536694
253668
25366628
253664477
253663
2536619
253661
253656871
25365669
2536558
253655
253652
253651
2536501
253646
25364198
253640000
2536383014
25363636
2536360
253635530
253633
253632
2536312755
2536302465
2536275l
253627
253626
25362552
2536255
25362540
25362538
25362535
25362528
25362527
25362516
25362508
253624
25362262
253618427
2536159
25361234
25361108
25360s
253609
2536088
25360714
253607
253605
2536044
253604
25360216
2536-1993
2536
25359999
25359673
253596
253592763
25359235
2535888
253588
2535860
253584
253583
25358080
253579
25357790
253576
253575003
253574
25356789
2535678
253567
25356198
253561851
2535589
25355466
2535510
2535482
25354520
253543
2535401
253540
253538452
2535378
2535366
2535365
253535483
253534
253532096
2535303
2535289
25352550
25352549
25352538
25352531
25352529
25352525
25352522
25352511
25352499
25352412
2535231
253523
253522008651868
253518
25351525
25351501
2535125351
25351234
25351184
2535101
2535085
253506
25350517
253505
253504
25350375
2535000
253499
253498
253492846
253491
25348520
253480
2534789
2534777
2534772
253474575
253474
253473
253472
253463
253460
25346
2534555
253452
253451
2534480pk
253448
253447
2534443
253438
2534376
253436
25343546
2534327
25342805
253428
25342537
25342410
2534235
253423
253420150
2534188
2534180
2534145
25341013
25340211
2534012535
25340103
2533ta
2533bako
2533991
253397
2533954
25339513
2533933
253388d
253385
25338188216
25337656
253374
25337214
253371432
253370
253367
253365
2533643321
25336
2533557
2533521
25334lil
2533487
253344
2533434
253340
253335
253334
2533339b
25333325
25333261
2533317
2533315
253327745
25332655
25332608
253326
2533255013
25332550
25332544
25332538
25332524
253323a
2533233
25332
253319598
25331818
25331605
2533155
253313799
25331234
25331119
2533111
2533105
25331010
25331001
253310*
25330711
25330709
253307
25330607
253302m
25330220
2533011
2533007
25330000
2532x{;u06duh
253299
2532959
2532952
253293
25329212
253291
253288
253285
2532829
253281
25327694yaya
253275
253271604
2532711
253271
2532702
253265
2532641
253264
253262
2532591
253257
2532554
253255
2532539
25325274
2532524
2532521
2532501
253245
253241
253240
25324
2532393
25323232
253231
25323099
253230
25323
2532299
25322938
25322550
25322535
253225322532
25322528
25322520
25322511
25322233
2532206
25322052532205
253220071
25321991
25321951
25321821
25321515
25321513
25321410
253212211FOR
2532115
25321122
25321026
25320906
253209
25320701
253203
25320210
25320103
2532008
2531_2510
2531_001
2531997
2531984
2531976
2531960
253195
2531929
25318647
2531864
2531850
2531821
2531814
25317860
253178
2531750
253167
2531645
2531640
2531628
2531587946
2531563
2531542531542
253152
2531512
25315
2531414
25314
2531363
253135
2531347
2531336
2531323
25313152
25313
25312552
25312551
25312550
25312549
25312536
25312526
25312524
2531248
25312323
25312307
25312208
2531212a
253120253023
253119880876568246
25311987
25311612
2531135
2531133
25311234
2531123
25311228
25311130
25311113
25311111
2531111
25311024
25311006
25310925
25310728
2531031234567
2531
2530ss501
2530nittaya
2530mitra
2530bird
2530OR
2530923
253091
253090
25309
253089
25308888
25308826
253088
253085
2530844
25308271
253080
25307946512268
253079
2530774
253074
253070
253069
253067
25305986
253056
253050
253049
253046
253044
253039
25303540
2530336
25303102
25302552
2530255
25302537
253025332536
25302520
25302507
2530246
25302425
25302301
25302258
2530223
25302006
25302005
2530200
2530191
2530176
25301630
2530161
25301521
2530145644
25301315
2530125
25301212
2530116
25301127
253011180
25301105
25301103
25301010
25301009
25301008
2530087
25300701
25300352
2530007
253-0063
252vxtmw24
252smm
252ogun418
252love
252ilovesurf
252girls
2529mm
2529kt
2529fffs
2529dsw7
2529clay
252996
252992
252990
252989
2529866
252984
252980
25298
252978a
252977
252974
2529737
252973
2529702
252970
252969
25296644205209
252963673
252961
252956989
252956
252955
252952
252949
252948
2529451
252945
25293ireland
252938
252936
252935
2529311
25293
2529299
25292929
25292552
25292549
25292537
25292536
252925299
25292523
25292515
25292511
25292510
25292500
25292499
2529222
25292124
25292121
25291987
25291981
25291827
25291812
25291708
25291626
2529158588
2529157
25291512
2529142
2529127
25291234
25291212
25291207
25291126
25291112
2529107
25291010
25291009
25290917
25290808
25290801
25290616
25290609
2529053
25290508
2529037
25290139
2529008
25290000
2529000
2528racing
252893
252890225
2528890
252886
252885
2528810
252878
25287776
252876
252874627
252867
252863
252859
252858
2528530
252852
2528515
252850
252849
252839
252834C
2528348s
252833mc
25283333
25283316
252832
2528314615
25283030
2528293031
2528277
2528258
25282548
25282522
25282519
25282513
2528250
252821d
2528206
25282
25281977
25281575
25281423
252812718
25281213
25281210
2528111
25281107
25281009
25280605
25280427
25280407
252803244
25280324
2528
2527qooly
2527q
2527koi*
2527chai
2527996
252797858
2527978
252797
2527950
252794
2527890
252787
252786
25278377
25278334
252780
25277ronaldinho
2527792
25277665
252772
25277177
252771
2527705s
2527610
2527609
252758cf
2527573
252753
252746
252741280
252741
252740
25274
252737
252736
252734663d
25273228
252732
2527310
2527291090
25272868
25272725
25272547
25272519
25272511
25272510
2527251
252725089
25272499
2527226
25272218
25272139
25272008
2527200
25271985
2527191
2527168
25271504
25271416
25271308
252710970
25271010
25271006
2527100
25270924
25270814053164
25270604
2527036
2527
2526mm
2526love
2526korn
2526kk
2526amber
2526999
252698741
2526939
25269
25268879
25268788
2526825
2526812
252681
25268
25267673
252676383
2526755
2526740
2526702
252667
2526644103
25266252
252657
252656
2526555
25265429
2526525
2526504
252648
2526462
252646
252645
2526444
252644
2526402
25263674
2526362700
252634
2526330
2526322
252631630
2526314715
2526305
2526300
25263
2526277
2526272
25262705
25262625
2526256
25262551
25262550
25262547
25262546
252625262526
25262521
25262518
25262501jJ
25262428
2526241
25262005
252619952
25261876
2526181930
25261811
252616961
25261693
2526156
2526149
252614183
2526140
25261315
2526123
25261224
252610170
25260804
25260429
2526032517
25260317
2526025
25260114398653
25260
2525~RjK
2525wd100
2525rudy
2525rob
2525ra
2525me
2525love
2525kit
2525kan
2525k
2525j
2525elaine
2525dow
2525doss
2525doll
2525cat
2525bitch
2525baby
2525axel
2525anna
2525GEISER
252597
25259696
252596
2525910
2525900
2525849
252583
252581
2525775
252577
2525741
252574
2525710
2525693
2525669
2525668
2525666
2525662
252564
25256256
252561
252560
25255l
25255894
252558
252557
25255654
25255613
25255525
2525542
252554
2525503
25254848
25254725
25254646
2525451
25254334
2525425
25253f
252538720
25253728194
25253698
2525369
25253543178
25253535
25253467
25253310
2525324
2525321
25253107
25253008
2525300
25252929
25252913
2525262
25252600
252525yus
252525vie
252525t
252525pt
252525e
252525d
252525as
252525D
252525Aa
25252575
2525257
252525555
25252545
25252541
25252538
25252536
25252525252525
25252519
25252514
2525251313
25252481labebe
25252468
25252466
25252323
25252278
2525227
25252255
2525222
25252000
25251984
25251975
25251925
25251818
25251678
252513250
2525125
25251234
25251222
252512132
25251212
25251204
25251125
25251111
25251107
25251025
2525101967
25251010
2525100
25250715
25250651
25250617
2525055
25250531
25250516
25250401
25250308
25250301
2525025
2525.
2524love
2524cc
25249999
2524999
252498j
252496
2524949
2524936
252493
25249119
252488
2524859
2524853
252484
2524810
252479
2524760
252476
252473c
252471489
252467
252466
2524652
2524630
2524625
252460
252459
2524553
2524540
2524525
2524497
252449
2524463
25244522.
2524426772
2524394
2524370296
252436
2524355
252434
2524337
25243
2524280
25242547
25242546
25242531
252425240
25242513
25242322
2524226
25242029
25241811
25241570
252414865
2524141
2524130811
25241308
2524121981
2524111
2524100
25240731pp
25240713
25240601
2524047
25240418
25240216
25240210
2524009
2524007
2524003
2524
2523plunkett
2523love
2523997
252395
252394
252391
252389
2523862
2523860
252386
25238515
252385
2523847
252381
252380214167
25237580
252375
25237
2523698
2523678703111995+
252367
25236639
252366
252365
252363
252352
252350
25235
25234y
2523483
252347158
2523465
25234645
2523402
2523390
252339
2523369656
252334987
2523341
2523318
25233112
25232945
25232704
25232550
25232548
25232546
25232532
25232530
2523252
25232519
2523220
25232106
25232000
2523200
25231839
25231749
25231710
2523157
2523143
2523140
2523125
25231217
25231130
25231112
25231111
2523103
25230619
25230502
25230405
252302
2522noi
2522mr
2522mb
2522=year
2522911
2522902
252290
252286
252285
2522811
2522800
252277
252275
252271
252268
2522676
252266
2522606
25225911
252259
25225833
252257
25225570
2522536
252253355225
2522533
252253
2522528
2522518
252251
2522507
2522431
252241
252240
25223908
2522386
25223141
25223106
25223019
25223
2522271123456
25222547
25222532
25222518
25222517
25222515
25222511
25222312
25222226
2522205
25221976
2522183
2522172
25221404
2522136
2522126
25221194
25221108
25221022
25221014
252206
252205
2522046
25220101
2522000
25220
2521naphat
2521crest
2521996
2521995niz
2521994katytahf
2521986
2521984
2521981
2521976
252195
2521931
2521911
2521868
252186
252181
25218
252177
2521769
252176
25217564
25217552
252175
25217416j
25217118
252171
25217093
252167
25216691
252165
25216482
2521647
2521620
2521589loveu
25215716
2521546
2521537
252153
2521524
25215172
25215
2521495
25214849
25214718
252147
2521462
252146
2521458
2521451
252145
2521421
252142
25213999
252139
252138
252136
2521346
2521333
252133
25213295
25213257
25212745
25212662
2521265
25212548
25212544
252125353100
25212529
25212526
25212518
25212509
2521233
25212320
25212285
25212250
25212192
25212
2521195
25211690
25211538
25211384
25211304
25211301
252113
25211267
25211238
25211234
2521123
25211221
2521111
25211011
25211006
252106640
25210620
25210606
2521025210
252101234
2521000
25209786
25209514
2520925
25209229
252088
252084
25208381
252082
2520817
25208
252079
25206747
25206527
2520617
2520611
25206100
252060
25205765
25205189
252050
252043
252039
2520379
252034
252033ab
25203
25202620
2520259
25202546
25202541
25202527
25202517
25202516
2520234
2520220
25202152
25201978
2520163
25201511
25201475
2520142
25201313
252013
2520125201
2520119
2520111
2520100
25200im
2520099
2520086
252007ts
2520058
25200528
2520032
25200252
2520004
2520001
2520
252
251yvonne
251lalo
251girl
251bama
251amor
2519yaiji
2519park
2519ming
2519jj15
2519aa
2519JPD
2519999
25199310
25199027
2519889
251986506338
2519864
251984jb
25198341
25198
2519792522
25197112
251970cw
251962
251960
251957
251956
251954
251953
251952
251951
251950
251948
251947a
251945
25194333
2519400
2519375
251934
251932
2519312
25193111
25192537
25192534
25192530
251925192519
25192513
25192511
25192152
251918
25191734
251915738797
2519116
25191130432
25191
251906
25190000
2518mam
2518love
2518_3134
25189631
251893278
251889
251881
25188017
251879
25187891
2518785
25187840
25187685
251874
251873
2518712
251869
251867
2518658
2518657
251861
25186
2518579
251857
251855
251847
25184699
25184432
2518412
251839
25183545
2518302
25182900
25182533
25182523
25182521
25182514
25182503ss
25182496
2518248
25182205
2518212
25182025
25182007
25182004
25181989
25181820
2518155
25181515
25181423
25181320
25181286c
251812345
2518120
251811
25181010
25180ch
251809
25180829
2518074
2518025963
2518025666
25180162
2518
2517999
251799
251793
25179266
2517925179
2517909
251790
2517890
251786
2517826
251782
251779
251778
251775
25177333
251773
2517710i
251766
2517635
2517625176
25175755
25175741
251754
251742
2517410
251737
2517356
251735359
251733
25173
25172544
25172529
25172525
25172520
25172512
2517246
2517245
25172343
25172313
25172248
25172
2517193
25171725
2517161
25171234
25171221
251712
2517036
2517000
2517
2516mail
2516as
2516964
251695
251693
251691
251684
25168
251677
25167537lm
25167347
25167
251669
2516679
251656
251655
2516438
2516434
2516425
2516381
251638
2516371
251635
251634
25163130
251631
25163017
2516272
25162541
25162531
25162521
251625162516
25162151
251619
25161419
2516119
25160860
25160778
25160709
25160662
25160410322799
25160317
2516031
251601
25160
2515bwb
251592
251591
2515885
251587
2515863
2515826
251580
251571
25156840
25156787
2515649
251564
25156
251557a
251555
251552
251550500
251550
251549
25154247
2515411
25154
2515358
25153364
251532
251529
251528612
25152639
251525s
25152548
25152526
2515229
25152260tifani,
2515210
2515139
2515124
2515119630
2515111
2515/oegtnteervoilyek
2514pick
2514nenita
2514jamalazri
2514ars
251498525
2514938
251493
251489
251487
251486
2514840
2514828
2514814
251480
25148
2514789
251476
2514751
251475
251473
2514676
25146680
251466
2514658
2514640
25145l
251459
25145849
25145577
251454
2514528
251452
25145098
2514502
251446
251436789
2514312
251427
251426141986
2514251630
2514235
251423
25142204
2514210
25141994
25141969
251419
25141402
25141305
2514123
25141106
2514080991
2514077
25140513
251405
251404931
2514025140
251402
2513bln
25139879
251397
251396
2513945
2513917
251391
25138775joe
251387
251384
251381
251378
251376
251374020883
251373
2513711
251368
251365
251363
2513600
2513589
2513573325336
2513478
251346
251345
2513449
251344
2513425134
251338
251337
251336
2513357
251335
251334
25132s
25132526
25132516
25132370
2513220
25132199
25131960
251316
251315
2513141
25131325
25131313
2513126
2513113
25131112
251308g
251304
251302
2513001
25130
2513//
2512noel
2512manea
251299430
251296g
2512963
25128998
251286atlas
2512811
2512810tay
25128
25127911
2512775
2512771
2512734
25127301
25126j25126
251269987
251269
2512624
251259
25125664
25125627
251256
2512533
2512532
2512531
251252929715
2512528
25125221512
2512513
251245487
2512453
251244
25124212512421
2512420
251241
251236251236
251235ju.
25123456
251233035
2512324
2512307
2512306
2512305
25122811
2512273
25122575
25122540
25122539
25122521
25122520
25122518
25122515
25122514
25122513
25122505
2512215
251219922721990
25121973
25121964
25121959
25121956
25121955
25121805
251218
251212141591
25121110fv
251210
25121
25120716
251206juniorteamo
251204323
25120387
2512018
2512008
2512007
2512006
2512001
2512000
2511cam
2511996
25119910
2511985
25119709
2511959
2511901
251188nena
251186nov
25118624
25118614
2511849
251184407296
25117730
2511758
25116502
251162
25116105
2511577
251156
251155
251154321
251154
251153
251150
2511488
2511486
251148
2511465
251144
251143
25114214
2511371994
25113477
2511345
2511317
25113083
251129cj
2511297
25112547
25112542
25112539
25112516
25112512
25112505
25112503
2511237
2511235
251122g
25112058
25112002
25112
25111984lfrp21
25111976
25111973
25111972
25111969
25111965
25111963
25111962
25111912
25111788
25111602
25111150
25111125
25111113
25110lela
25110806
25110407
2511024
25110162
25110108
2510moal
2510ida
25109999
251095kate
2510949
251093jddG
25109182
25109061
25109057036830
2510886977
25108413x
25108402
25108332
2510828
25107400
251073
2510694
25106852
2510681
2510652544
2510619
2510601
25106
251059
251052
2510515
251050
2510496no
251049
251048
251047
251044
2510435
2510418
2510406
25103c
25102611
25102538
2510236
25102322
25102024robbo
25101966
25101964
25101960
25101959
25101520
25101
25100757
2510060
25100419
251002max
2510017
25100152
2510006
250sxx
250shankill
250potterman@
250ninja
250lbs
250ktm
250bigred
2509pau
2509kk80
2509jack2532
25099603
250993les
25099048
25099031
250989eu
25098988
250988patrick
25097
25096106
250961
250956
250952
2509504
250946
25094337
250940
25094
250938
25093165
25092541
25092523
25092521
25092520
25092517
25092511
250922
25092124
25092002
25091999
250919850
25091971
2509181721
25091727
250912
250904d
2508EJ
2508990
25089419
250894123456
250892eveliz
250891maro
25089184
25089017
2508865
250884vc
250884s
25088200
2508702
25087
250867
250866
25086066
25086
250858
25085730
25085514
25085430
25085021
250849
250844
250843
2508414
250840
250839
250838
25083797
250837
25083053
2508287
25082539
25082538
25082525
25082524
25082520
25082514
25082333
25082009
25082
25081999
25081975
25081972
25081970
25081966
25081964
25081961
25081825
250816
250812
25081022
25080708
2508050
25080413
250803m
2508039s
25080000
25080
2508/219
2507gs4e
2507ch
250799s
25079821
250792_
25078020
250773
250772
250771
25077
250768
250767
250765
250764
2507636293
250763
25076102
25076039j
250754
250752
250750
2507406
250739
250738
25072563
25072541
25072538
25072537
25072520
25072009
25072000
250720
25072
25071999
25071998
2507199494
2507198126
25071966
25071953
2507190
25071518
25071308
250710
25070844
25070567
25070499
2507022
2506992
2506985054
2506978kj
2506978996nj
250691c
250690190105
25068847
2506825
25068205
25068048
2506786
25066582
250663
250657
250656
250654
250651
250650
250641
25064
25063713
25063341
25063
25062649
25062547
25062540
25062539
25062538
25062509
25062411
250622cra
2506212917
25062000
25062
25061984ja
25061972
25061970
25061923
2506169
25061574
25061220
250610
250605m
25060204
2506006
2505yaya
2505itayi
2505cds
2505Kanchit
2505943
25059372
2505937
2505917
25059025
250588585010
250587p
25058517
25058325
25058
250569
2505602s
250559
2505585
250554mh
250551
250550
250549
2505430
250541
250540
250537
250526
25052539
25052537
25052523
25052522
25052518
25052516
25052508
25052507
25052410DJ
25052157
25052
25051999
25051998
25051968
25051964
25051961
25051960
2505194
25051811
25051625
25051502
25051007
25050728
25050276
2505022
2505020
2504ej
2504993
2504988
250495cj
25049336
25049227
250485wera
250482k
2504806
250475a
2504708
25047
25046269
25046238
250462
2504501
250450
250449
2504426
250440
250438163r
250436916
250433231131
25042825
25042705
25042607
25042539
25042521
25042506
25042009
25042004
25042001
25041982151981
25041972
25041969
25041968
25041959
25041954
2504153
250414
25041111
25041108
25041036
2504088
25040687
25040597
25040508
2504038
25040127
25040089
2504
2503ya
2503js
2503alv
2503992
2503977
250391ccr
2503918235
25038800
25038
250379p
250373
250371
25037
250367
25036640
250363
25036138
250360
25036
250357
250350
250349
250348
25034271
2503400
2503391
2503381
2503338
25032983
250326
25032552
25032510
25032479
250324
2503202
25031986g@ns
25031972
25031961
25031696
2503160aq
250313
25031115
25031111
250310
25030575
25030412
2503039192
25030211
2502holton
2502emf
2502HSP
2502991
25029657
250295mdf
25027913579FG
250271
2502692
250264
250262
250261
2502607
25025944
250257p
2502563
25024795
250243
250240
2502355
25023244
250230315739
25022906
25022539
25022517
25022516
25022513
25022503
250224
250221
2502200
250220
25021971
25021962
2502190
250219
25021108
250207piss
25020711
250203EDNA
2502
2501tam
2501cyg
2501chochi
2501995
2501994
25019822
2501891
25018788
250187702
25017662
250172
25016599
25016360
250158
250154
2501530
250152
250149
2501443
250143
250138
250134911
2501297
2501289a
25012539
25012536
25012522
25012517
25012513
25012501a
25012499
250124753
2501245
250124
25012318
25012002
25012000
25011978
25011974
25011973
2501190
25011809
250118
250113
25011206
25011103
25010506
25010209
2501014
2500ec
250095
250089
250085
2500822
250081
250080
250079
2500725
2500534
2500474c
25004686
2500460
25004300
2500422
25003816
250038
250036
2500300023521
250030
25002989
250027
2500260
25002524
25002354
25002100
25001957
250018
250016
250015
250009
250003
2500000000
25/2/1991
25/12/93
25/11/87
25/11/33
25/11/1994
25/11/1992
25/102008
25/10/1995
25/09/98
25/08/91
25/07/92
25/04/90
25/03/91
25/02/93
25/01/91
25/01/1965
25.january
25.11.1995
25.10.90
25.03.1997
25.02.1993
25-june
25-fer-15
25-8-7
25-11-1993
25-10-89
25-07-92
25-05-1994
25*03*90
25%Boricua
25 10 88
25
24zero
24zelda8
24yohirimar
24yams
24x3948
24wood
24womanizer24
24wlbg
24vinziel
24victoria
24valera
24union
24uleo
24trouble
24troop
24topnazi
24toes
24titty3
24tita
24tink
24tiger
24thompson24
24thmarch
24thjan
24thapril
24th10
24tgo24
24tessa
24terry
24sweet
24sunshine
24sunday
24stuby
24star95
24stacyandkaty68
24spot
24south
24softball
24smith
24smarties
24skittles
24single
24silver
24serena
24septembrie1995
24sept92
24sept86
24sep85a
24sep1985mb
24sep05
24sara
24santacomes
24sandy
24sa/nu
24ryan32
24rxp3
24roxs
24rose
24rootz
24ronqui
24rockyou24
24rock
24ride
24retards
24redstop
24redroses
24realestbitch
24razz
24rage
24racing
24race
24quan
24pussy
24poop
24poohbear
24pletac
24pitney
24pinkbg
24pictures
24pev2422
24peaches
24panthers
24outubro
24oreos
24ohyess
24ohda
24ofmay
24octu
24octobre
24oct89
24oct1995
24oct1991
24o597542
24number
24nov89
24nov87
24nov1990
24nov04
24norma
24nigga
24nicole
24nemo
24ncaa8
24nascar48
24nasaf
24nani
24n48fan
24mylife
24mustang
24mshooha
24monkeyz24
24mom6
24mm20
24mllk
24miy7
24mission
24miriam
24miramontes
24minn
24millst
24milbesos
24mickey
24me724u
24mccoy
24mayo90
24mayo87
24mayo1993
24mayo1987
24may92
24may2510
24may2002
24may1996
24may1995
24may1975
24mary
24martie
24marshall
24mars1971
24mars
24marie
24marco
24march1991
24march1990
24mar40
24manny24
24mammav
24mai1992
24mahuru
24m578
24lover
24lovejuan
24louie
24lord24
24leon
24l82528
24kohia
24kiss
24kings
24kilates
24kiefer
24kenken
24k222k776
24junior
24junio05
24juni91
24juni1992
24junho
24june95
24june1992za
24june1989
24june1984
24jun89
24july72
24july1985
24julio84
24julio1995
24juli1988
24juli
24julho
24judith
24juana16
24john
24jhon
24jgfan
24jewelry
24jess
24jean
24jason1
24japon
24janeiro
24jane
24jan93
24jan89
24jan87
24jan1989
24ishot
24isgreat
24ilove
24hrsex
24hrsaday
24hrs
24houston
24hottie
24horses
24hollie
24holla
24help
24hav4b
24haters
24harrowby
24hailey
24gurl
24green
24goyams
24gone
24gold
24girl24
24ghz
24gaby02
24gabriel
24fun247
24fuck
24for25
24floder
24fevereiro
24februarie
24februari
24feb88
24feb1989
24fall68
24eyes
24estrellas
24eric
24engreidaroxi
24energy
24eesmith
24eagles
24dupont
24duke
24dtmcam
24drew
24dragons
24dolphins
24dogs
24disco
24diosa
24diego
24diciembre1971
24diamonds
24diamond29
24diamond
24dght24
24dewitt24
24devine85
24destiny
24demayoteamo
24demarzo@
24dejuliode1994
24dejulho
24deep
24decembrie
24decembre
24dec89
24dec86
24dec1992pawan
24dec1992
24dec1991
24dec1981
24deabrilde1996
24deabrilde1992
24de19992
24dd24
24dch2
24days
24dapark
24danielle
24d8v7m5
24d24d
24cr26
24cows
24chocolate
24chloe
24chellotape
24chad
24casterton
24cardinals
24canine
24budlight
24br68ia
24boobaby
24blue24
24blazer
24bitch
24besos
24benny
24becky
24beautiful
24bearst
24beans
24basketball
24bars
24balls
24balla
24babyfawad
24ax54=
24avril1961
24aug89
24asdl
24ariel
24aramado99
24april78
24april1983
24april04
24apr1979
24always
24al8j
24ahilym11
24agosto1993
24agos95
24abril82
24a47i8
24a05b1975c
24_fire
24Wblth69
24SEVEN
24Rules
24RTSRN
24OCTUBRE
24NOVEMBER
24Masters
24KETIA
24Idaho
24INCHES
24Henndogg
24GOYAM
24GORDON
24FEBRERO
24EVER
24DEJUNIO
24DEFEBRERO
24CuTiE07
249w446
249nnkqq92
249QVUDF77
2499nui
2499knp
24999924
24999422
249981650
2499798
249976
24997522
24997452
249974
24997254
24997
2499686
2499555
24995418
249949
249948
249942
24993576
24993401migue
249932
24993
24992552
24992501
24992233
249921
24992009
24992
24991989
24991988
249919
249918
249917915
249914
249910586
249906
249903
2499016
249900023393
249899
2498979
2498955
249893876
24989
249888
24988
2498754
2498722
24987195
249869
2498606
2498528
249844
2498439
2498346
24982556
24982523
24982400
2498225
24982171
249814
249812
24981
2498097
2498000
2497sr99
249798989
249793063
24979
24978597
249784
2497790gs
249767
24975983
249759818
2497584
249752661
249735
24972031
249716
249715
2497110
24971
2497037
24970000
2497
2496cell
249690
249680
249678
249677
24967347
249667
249662
2496592
249654
24964121
249632
24963161
249630
2496275
24962499
249617
2496033
2496
249595
24959492
24959384
249593200
249589
2495733
2495587rnb
24955443
2495448
2495378
24953685
2495