7
3631585
363155
363153
363148
3631281
363124
3631237
363119
363113
363112
3631073
36310
3630996
363077a
363069
3630676
363065
363064
3630379
363037
3630259
363025
36301916159
363018
363008
36300494
36300
362jh99
362boyz
362abd
362999
3629941
362991
362987
3629818
362958214
36295184
3629454
362933
362929
3629183
3629161
362910
36290468
3628asta
3628977
362895
3628942
362891122
36289013
362888
3628800
362880
362865
362861
3628604
36284961
36284700
3628386
36283628
362836
3628337
3628280
3628267
362812
362811
362807
362791
362787
362780
362778
36276
36271500
362713
362712
3627099
3627073
362693
3626657
3626614cell
36266
362653
36265
3626485
3626477
362632
362624
362623
36262
3626178
362612tiasjmk123
362611
3626037ag
362600
362589
36258711
362583r
3625801
36257890
3625743
3625644
362562
3625487
362545
362541
3625395
3625358
3625357
3625328
36253
3625298
362527
3625268
362526
362522
362517
36251478
36251400
3625140
362512
362505
362503
36250
3624973
362496
362491
3624906
3624888
362481DMW
36247957
36247
362468
3624664
3624566
362455
362452
362450
362446
3624421
362439
362436ape
362428
362418
362415
362411
362405
36240
3623870
362372688
362342
36234138
36233623
36233
362326
3623258
362320
36231812
362317
362316
3623148
362314
3623117
36231
3623093
3623059
362299
362292
362277
36227348
36226722m
362255
362242
3622252
3622240
36222
3622181
362218
3622053
3622
3621pl
3621962
362190
36219
36218j
3621895
3621818
3621807
3621719
36215984
362157
362154
3621442
3621413
36214
362136
3621324
362124
3621236
362121
362111
362105
3621039
362103
36210078
3621001
3620mack
3620951847
3620918
3620833
362064
362061
36205am
3620596
3620474
362046131
362045
362042687
362041908
362033
3620309
362027
362026
3620200370579
362014
3620092k5
362004
361t0346
361scott
361nigga
361mom
361gurl
361daytona
361977
361974
361964
36195683
361951
36195
361936
3619280
36192629
361924
3619181
36191764
361909
361907
3619051
3618lm
361898
3618600
3618507
361847633
361843
361836
361826
361823
361815934
361810
361809
361808
361804
361801
361787
361765
36174270
3617427
3617401
3617295504ld
3617240
361718
36171441
361701
361699
361687
361686
36168415
36168285
3616777
361650
361644
361640
3616309
3616164
3616122
3616089122tz
3615amor
361592942
3615800
3615746
361555
361547
3615407
36153615
36153547
361535
36153
3615268
361522
36152076
361514
36150160
361500
3614mm
36149510
361493
3614829
3614822
3614793
361475
361447
36144
361432
36142929
361428
361425
3614240
361417
361415
3614144
3614119
361409
36140702
361406
361404
361397
361395559
361394
36139
3613769
361375
3613679
3613636o
3613559
361352
3613511
361351
361347
3613461
361340
36134
361339
361338
36133613
3613230
3613145
361312
361311
36130259
361300
3613
3612love
3612ear
3612am
36128283
36127235
361266
361262
3612605
3612574
361255
361250
3612473
361242
361237
361236
36123403
361234
3612335
3612309
3612305
36123
36122745
361227
361225
36122
3612147
3612122
36121160
361207
361206
361204
36120355
3612031
3611kam
3611933
36118464
361182
361174
361172
36117051
361169
3611571
361149
361140
3611392
36113
3611271
361126
361125
361122
3611178
3611171
361116
361114
36111375
361113
361112
361106
361105
3611009
361100
3610bg
361088
361077
361068
3610653
361059
3610568
361054
3610421
3610353
361025
361022
361015
361013
361010251317
361010
3610080
361006
361004
361000
360waves
360spyder
360p3wii
360noble
360man
360hemi
360gsettia
360gold3
360exe
360degrees
360cuz
360bitches
360bars
360adr
360_skate
360993
360978
36094c
3609491
360945
36093609
360933037
360925
3609241
360923
3609228
36092
3609057
3608ad
360896
3608892ben
36087099
3608637
360848
3608447
3608419
360824
360823600
36082120
36082
36080930
360805
3608019
360782485
36077lover
360757
360746
360743
360741
3607329
360724752
3607212
360713
360712
3607114
360711
360691
36069
3606846
360677
3606625
3606592
3606578
360650
360643
36063279
360630
36063
360629
360628
3606052
360581
360579
3605666
360563
360543
360540
3605345
3605289k
3605259
3605246
3605180
360516
3605014
360501
3604purdue
360499
3604898
360469
3604520
36044905
360446
36044480
360437
36043538
36042143
360420
360409
360407m
3604052
360405
3604015j
360400
3604
3603am
360391
360381
360375
3603703
3603630
36036286
3603620
360360360360
3603600
3603588
360355
3603529
36033603
360332
360331
360325
3603236032
36032340
3603230
36032225
36032123
360318
360316
360311
3603047
360303
360294
360281112
3602740
360272
3602669
360260
3602526
36024i
360249
3602479
3602478
3602465
3602440123
3602377
360216
3602112
360211
36020450
360200
360199
360185
3601780
360170
360162
3601609
3601547
360150
360148
360147
3601436
3601418
3601410
36013475504
360125
360123456
360123
360111
360110162
3601101176
36010g
360102
3600crip
3600=cj
360099
3600931
36009115
360090046480124
3600827
360078
3600700005381
360060
3600598
360058
3600459
360037
360033
3600323
360027
360025
3600166
360013
3600100486796
3600036000
36000
3600
36-24-36
36 mafia
35v0612
35tim35
35thstreet
35stars
35spy48
35sexylady
35rock
35r4207
35peace
35parkridge
35offensive
35oakhurst
35nilma
35neat
35melvina
35mas38a4
35m3r9
35loonski
35lamees
35kadneag
35joey88
35iq9p4n6x6o
35injuly
35inchtires
35gaite
35eggs
35easton
35eagles
35dld16mertcan
35cathy
35b465*
35atir
35angels
35and5
35allison35
35aiwa
35UCBEAST
35Illinois
35@vijay
3599jfg
3599837
3599790
359966
359934
3599295
3599246
35992
359916
359908
3599043
3598rjnn
359878987
359867
3598570
359849
3598393
359838
359835
35982612
3598231
359800
3597913
359784
359762
359756
359750
35974539
3597241
359707rink
359700
3596kass
3596958
359685
3596656
359659
3596537
3596486
359648
359635
359628
3596232
359612
359611
359610
359600155
3595jrb
3595848
35958382
35957beth!
359577
3595685200
3595681
359565
3595623
359562
3595396
359539
3595268
359522
359515
3595140
35951199002
35951014hr
359505
359489
3594817
35947833
3594670
359455
359437
359425
359401
359390
35936463599946
359359359
359346
359330
35932802
359318
359314
3593
3592kel
359299
3592919
35927607
359276
3592727
359271
359261136
359254
3592450
35923592
359231
35922147
3592213
3592195
359211
359200
3592
359180
35917863
3591753
3591715
359164328
359164
359160
359142
3591351
3591326
359132
359120
3591012
3591
3590rvjb
3590nm
3590SJB
35909640
359090
3590752
359075
3590657
35906
359044
359031
35902nick
359027
359024
3590198
3590123
359010
3590031
358sexeb45
358imrealplai
3589737
358941
3589395
358930
358927
3589241
358917
35891112
358911
358889013
358888
358885
35888
358876
3588677
358864m
3588475
3588234
358799
3587984
3587713
358771
35876969a
358769
3587232
3587070
358686
3586692
35864781
358642
358641
3586152
358609
358600
3585992
358595
358564
3585619
358559
358556
358542
358536
35853585
358520
35851631
358511
358497
358487
3584853
358485
3584794
3584709
3584616
3584614354
358451
3584507
358450
35845
3584434
35843584
35842547
3584157
3584123
3584042
358404
35840098
358400
3583vossr
3583o9
35839
3583811
3583728044tjv7
3583384
35833583
3583095
358302
3582740
35826024
3582534
358241
3582230
358220
35821
3582/*
3581slh
358198
358193
358180
3581644
358160
3581523
35815
358131172
358124
3581208
358117
358104
358089
3580744
358066
358052
358048
35803580
35802k
35801210
3580
357ruger
357npstv
357mygun
357mason
357kzm
357kids
357khaos
357jody
357dhc
357MAGNUM
3579abc
35799999
3579900271629
357987
3579852
357981
3579797
357979
357963
35795869
357951m
357951852
3579515
3579514682
35795146
357951357951
35795132
3579512684
35795123
35795
3579421504
357939
357938
357933
357926
35792326
357920
357913
35791100
35791007
3578kw
3578951456
35789512
35789510
35789456
357878
35786240
357858
3578556
35782637
35781489
357813
357811
3578070202
3578012
3577kc
357789
357771594102805
3577703
357765050
3577533a
357735
35773
3577070
357696
35769176
357654
357642
35764010
3576351
3576297
357619
357614
357613
3576108
3576
3575ab
3575977
357595
357589
357588
357577
3575727
3575715959
35756g
3575621j
357546
357532
357531
3575
357478
357468
357461
35746
357459
3574544
3574538
35745126
357444
357441
357433
3574159
357411
357410
357406
357403
357400
3573940
35739
357389
35738
35736456
357361
357360
35736
357358
357357j
3573578
357357357357
357355
35735
3573354
3573217
357321
357317
3573038
3572cs
357298
35728cf
3572816
357273
3572682
3572634
357261
357260
357255
3572517
3572511
357248
357247401
3572470
357246
35721302
35720tlk
35720123
357200
3571ilse
357199
3571898
357187
357182
357173
3571725
357164
357163
357160
3571598426
3571598246
3571595
357159456asd
357159357159
357159159
357159123
3571569
357156
357155
3571525
35715
3571488
357147
3571457
3571359
3571331
357123456
3571198
35711388500
357113813704
3571137
3571135
3571132
3571122
357112
3571118ada
357111727
3571112
357111
35711
357104
3571022
3571
3570ickt88
3570ca
3570993
3570820
3570804
3570429
357040087
3570400134535
3570350
357035
357026
357012
357010
3570090
35700753
357007
35700
357/LAURA
357
356panizuz
3569959
356990
35699
356987
35698520
356980
35698
35697
356969
3569608
35695455
356952
3569456
356912
3569095
3569015
356882
356879
356869
356866045z
3568554
3568352
3568330267267oli
356824
356823
3568209
35680193kokoko
3567russel
3567max
3567990
356799
3567987
356798
35679
356785
356780
356770
356767
356747
356734
356725
356716
3567105
356710
356706
3567055
356689
356687830
3566806
35666
356635
356629
356589
3565821
35658001
35657311352
356572
35656801
356563
3565606
356555
356552
35655
356544
356535
356519
356517
356502
3565
3564950b
35649
356480
356467
356455
356447
356426
356415
356412pod
356412
3564018774
3564
356395
356368
3563650
3563635
356361
356357
356356356
3563556
35635336
356350
356347
3563358PACTO
35633
356323
356316
3563159
35631461
356307
356304
3563
356285
35627083562708
356264613
356253
356244
35624
356232
3562201
35621013
3562079
35620587
3561aqq
3561amanda2248
35619288
35619
35618348
3561667
35616218
356159
356156
3561521
356150585
3561492
356147
3561384
356130
356127
35612564
3561059
356093
3560841
35607128
356057
3560500445231
356050
356031
356027
3560212a
356006
356000
356-323
355toll
355in3d
3559ekky
3559c150
3559UV
35598
355975
355961
35596
3559476
355947
3559454
35594299
3559211
3559106
355900
35587027
355870
355867
3558669
3558385h
355832
3558270
355802
3557mapa
3557981
355795
35579
355783790
355777
3557706
355759
355758j
355755
355752
355745
355729ab
3557146
3557123
35571
35570
355696
3556945
3556708
355666
3556646
3556638
355660
355646
3556414
3556366
3556355
355633
355629
355618
355585
355584
3555684
3555667
355566
3555656
3555580
355551
3555426
355540
355535
355529
355524
3555237
355520
355514
355491
355485y2k
3554790
35547474
35547135
355466
355461
355459
355455
355444
355434
35543
3554218
3554194
355409a
3553gb
355392
355387006636783
3553841
3553799
355373
355368
355367
355366
355363
35536
355359
3553580
355358
355356
355353
3553452
355340
355336
355334
355330
35533
355314
35531234a
355304
355300
35530
3552jj
3552865
3552726
35527
355264
355257
355255
3552533
355249
355248
3552463
355242
355241
355238
3552373
3552345777
3552339as
3552305
355228
355225
35522404
355223
3552200/105
355214
355213
355199
3551988
355179
355171
3551709lrs
355166
3551632
355153162
355150
355127
355125
355118
355117
3551156
35511025
3551045
355098
3550935
3550900032847
3550857
3550821
3550777
355075
3550733
355053
3550478
3550446
3550441a
3550356ros
35501080
354zzz
354spy
354grh
354ever
354dmc
3549965
3549889
3549835498
354978
35497
3549695
3549666
3549625188
3549622
354961202209-8
354958
354955
354953
3549505064017
35495050
354945
3549410j
35493549
354934
35493
354923
354920
354912345
3549033
3549
354895
35488402
3548731
354872
354861
3548605021307
35485910
3548587
35485698741
354854
35484523b
354828367
3548266
354811
3548
3547lock
3547flip
354789562310
3547607
35476
3547420
354712
354711
354710
354709
354700
3546842
354678
354665
35466
354644
354629
35462646a
3546254
35462417
354611
354603
3546
3545cj
3545940
3545843
354568
354566
354555
354551
3545500
35454763262199
354547
354532
3545224
354522341896
3545216
354518
3545170
354510
3544hilltop
354494
3544888
35448
354469
354455
3544436
3544424
354435
354428
3544231
354422
354415
354414
354411
354406
354404
3544
3543maria
354387
354380
3543654
354363
3543625
35435Y
354355
3543457
3543229
35432
354313254
354310
354308
354300
3542co-<m<ori-!
35429
3542806
354268
35426690
354258
354257carl@
354257a
354242
354221
354216
354212
354210
35421
3542067
35420
3541992
35419503123456789
35419056d
3541801
35416960
3541630
354154
354152
3541336
354131
3541231
354118lms
35411453
35410768730
3541072
3541008
354093
354076
354074
3540564
3540452
354039
3540257
3540220
35400958
35400
354
353wolf11
353windsor
353elm
353elkhorn
3539900279956
3539900061659
353989
353985
35397321
35395
353943Lilmimi3
353916
3539067
353905
3539
35389
35387
353869
353836
35382437
353824
35382
353808
3538
3537999
353796
353778
35377400
3537693
353763
3537468l
353746
353729
3537125
3537
35366972
35366
353646
353643
353642
353633
35362elena
353624p
3536235362
353618
353610
353608
3536068
353600
3535yaris
3535ue
3535seda
353589
353585
3535704
35357
353567
35356565
353565
3535565
35354848
3535425
35354
353535a
3535353
353535123
353533
3535241
353524
353523
3535213
353521
353510
353505
353504
3534961
35348296
353481
353477
353475
353474
3534577
353438
353437
353436
35341900
353414
353412
3534117
353410
353407
3534046257
3534010
3534009
35337545
3533721
35337
353367
35336
3533590041
353359
353358
3533529698
35335
3533346
35333
3533246l
3533246
353318
353316
353312
353311
3533050sam
3533
353292
353283
3532797
353273
3532702
353262
353261
353259596
353257
3532550
35325325
3532444
3532367
35323532
353234
353233
353231
3532292
353221
353219
35321519
353212388
353211
3532050
35320328
3532001
35318701
3531809
353178
35317780
353176
353170
353124
353123
353119
3530jenny
353097
3530951
353093
353088
353080
353063
3530474
353039
353035
353033
353032
353026
35302094
3530180m
3530157
3530143
3530126
3530100673813
3530100163301
353002
353000
352shb
352redbone
352gurl
352finest
352991
352984
3529710
352971
352943mr
352936
352928
352919
352916
3529078b
3529008
352900
352899
352894123
352894
35289
352888
352883
352856
3528413
352833
352830
3528298
352829
352814
352785
352777
352736
35273527
3527334
352728
352718
352714
352712
3526986
3526958
35268m
352680
35268
352667
352647
3526451
352645
352643
352635
3526333
3526325
352625
35262
3526031
3525ed
352586
352582
3525732
352565
352564
3525482
3525443
352538
35253311
352528
3525274
352526
35252212
352522
352520
35252
352517
352515
352506
3524aaw
352492
3524912
352488
3524672
3524671
352466
35246295
352448
35244286
3524397117
3524337
3524332
3524325
352427
352424
352423
352421
352419
35241526
3524
352399
352383
352354
352344
352336
35233
352323
352315
35231426
3522al
352299
3522861
3522840
35227411
352267
35224085
3522380
352235223522
352228
352225
352223
3522228
35222
352210
352202
352200l
3522
352193
3521897
352189
352188
352187
352181
352180
352178
3521625
352146
352144
352141
3521390
3521365
352135
35213037
352130
352123
352122
352115
352114
352106
352104
352101
3520farum
352086
352081
3520745269
3520700265660
35206911
352066
3520589
352055
3520525
3520373
352035
3520232kingk
352021
3520120
352012
3520119
352011
3520101300
352009
351mpco
351ford
351cbf
351bmx
351Ford
351998
351993s
351990m
351986SMB
3519851
35198363
3519820
35198
351975
351973
351971
351967
351960
351956
3519467luv
35193519
3519304
351923
3519209
351920
351919
3519149
3519147
3519140
351889
351887
351868
3518582
351850
3518431
351840
351821
3518058
351803
351800
351792
35178
3517786
35177153
351760
351759
351758
351755
35175
3517487
3517472
351744
35173l
35173e
351739
351735
35173150
351731
3517306
351721740
351721
3517200
3517016
351701
351700
3516dksl
351698
351689
351684
351671
35167
3516604
3516516
351646
3516416a
3516404
351637
351635
3516240
351624
351620
351608
351604
3515868
351586
351582
3515733
3515621604nasasi
3515606
351556
351555
351545
35153880
351538
3515363
351535
351531
351530
35153
3515272
351527
3515264759486
35152100
3515176
3515169
351508
35150
3515
35148632
351479
35147
351460
3514578
3514568
35145
3514484
351445
3514379
351436
351435
351434
351430
35142ao
351423
351421
351413
35141
3514055
351402
351400
3513tupac
3513891989
3513801
3513798
3513771
35136418
351355
3513539
351351351
35134b
35134008
351331
3513279
35132
351312
351309
3512939
3512887
3512852
351276
351272
3512710kj
3512640
3512630
351260
3512461
35124
351238
351229k
351225
351223
351222
351221
351219
3512182
351212
351211
351202
35120
351199
351194555
35119
351182
3511799
351173
351170
351161
351160301034
351160
35115a
351151
351148
351145
351133
35112b
3511289
351127
3511250644
3511223
351119
351116
351114
351108
351105
3511044761
351104
3511020
3511
3510plat
3510love
3510990
3510973
3510915
35108209
351082
3510803casa
3510802
35106c
3510634210
351059
35105363406072
351053
351048
351047
35104280
351040p
3510377
3510346
351032
35102sri
351028
351026
351020
35102
351018
351012
3510105
35100ry
351004
35100114
350zspeed69
350zskyline
350z350z
350z2005
350z08
350yami
350warrior
350s10
350rbla
350raptor
350fairlady
350blazer
350bayst
350banshee
350Z85
35099790910
3509857
350967
3509575
350947
350941bh
35093
350925iii
3509240
350919
3509146
350914
350893
3508878
350860861
350840
35083508
350819
350808
350805
350800
350797
350792
350788788
350779305958238
350777
350774
350766a
3507624
35076114
3507571
350757
3507372psp
3507366
350713828lg
350712
35071153518316
350709954z
350707
350700
350670
35065201
350639d
350635
350620
350616
350599
350598
3505589
350555
3505528
3505502
350541
350523
350521
350510
3505019
350501
3504dawn
350485
3504835
350479
350460
350459
350453
3504396
35043695
350423
350411
350410
35041
35040000
3503986
3503820
350367392
3503642
350364
350358
35035778
3503506
3503418
350335
350332
350328
350317
350316
3503101
350300
3502aaaa
350269486q
350269
3502636...
350260
350258
350247e
3502376
35023502
350211
350210
350209
35020
350195
350194
3501900519569
350190
350187
3501814929635018
3501723
350170501
350161
3501576
3501540
350151805954606
3501460
3501454
350145
35013705
350129
350115
3501099
3501050623118
3501045
350104
350097
3500900467223
350089
350086
350074
35007360
350066
3500600127389
3500600102076
35005966
350059
350057
350053
3500521
35005188
350051
35004life
350041
350035
3500300238118
350030
350026
350022
350020
35002
350013
350012
350001
350-jg92
35/222055211
34years
34wolves
34wash
34vyper25
34tracey
34todd
34thstreet
34thnlake
34stars
34sooner
34skyline
34single
34shaq
34sethhorton
34rt2
34rp2ji
34romero24
34rlm4rc
34ridgway
34ridge
34rage
34princess
34pride
34password
34oldmill
34navy
34montana34
34mommy
34molly
34mickey
34maitland
34lakers
34lachucha
34kennedy
34kelsost
34jesus
34istanbul34
34istanbul
34humtum79
34hottie
34hotgurl
34haseley
34gy78
34gs1905
34foryou
34ford
34fire78
34fb1907
34faded8
34ever
34dragon
34deano
34de4d
34dcup
34dallas
34cookies
34com27ir
34cbt72
34cbra
34cboobs
34cars
34ca815
34brian
34breastcancer
34bestfriend
34basketball
34basketba
34action
34ab12
34ZY60
34TRb80
34TGHY
34LOVE
34D9JK
34Bochitas
3499923
3499783
34997
349963
349961
349958
349943d
349937zulema
349923
3499
34989
3498845
3498715
34987009
349861179
3498487
34984
34982joy
3498102
34979
349778
34977484
3497612846
349761258
349753
349741
349734
3497055
349700
34970
349683nk
349655
349620
34961020
34960
3495993
349598
349590
3495712
349553
349550
34953724
349518
34951300
349512
349510
3494926
34949211
3494862
349465
3494611
349459
349453
349450
3494446
34943494
3494257
349400
34940
349348
34934
34933767
34933493
349334
3493010
3492974
3492910911
34925252
3492451
349241
349240
349212
349202
349192
34916785
349167
349145
3491430
3491428
349134347
349110
349106
349101920
34908229
349061
3490250
34901990
34901432
3490135
348me34
348julie
348galty
3489lov
3489947
34899000
348989
348987422
3489835
348977jj
3489683s
348952
3489368
348934
348923
348901
348900
3489
348888
34888251
34888
34887305
348862
348847505
348843
348834
348833172
348818
3487921
3487791850
3487769
3487733
34877
348756
3487538
348742
3487414
3487316
348716
348705
348692
34869
3486894
34867
3486576
348655
348651
348640
34863486
34862602
348605
348596
34858895
348576
348575
3485715juli
34857023
3485590
34854
348534855
348534
3485286
348521
3485187
348514
348505
3485
3484eh
3484937
3484882
348487
34844193
3484317
348427
348423
348415
348405
3484
3483733
348371
348350
34835
3483453
3483357
34831k
3483173
348312
34831040
348308
348302
3482rn
3482bb
3482974
3482908348
3482897
3482891
34828366
3482826
348257
3482560
348243
34823482
348225
348216
348208
3482064
34820000
348188
348181
348165
3481621012
348156
3481527
348150
34815
348142
348141
3481404
34813464
34813316
3481246
348116
3481111045
348103
3481021
348095
3480900040034
34809
348069
348050
3480364
3480105
348005
3480034
348000
34800
348-4465
347newyork
347klkf
347colourz
3479newport
347995
3479784368
347948
3479473mb
347946
34794
347928
347915
34791411
347912
347903798
347903
3478xx
3478vot
3478mom
3478cap
347879
347864
347863
3478621
3478382604
3478218
347820
3478171
347806
347800
34780
3477829269
347775
3477631
347761936
34775
347732
34771833
347717
3477118
347701
347700
3476729m
347625
347607
347600
3476
34759662
3475812
347567
3475544
347528
347514
34751
347503
34750288
347500
3474fish
3474dish
3474977*
347476
34746
347458
3474500
3474464
3474403
347440
347436
347434
3474289
347428
3474238913
34741516
347413
347387
3473568
347350
347347347
3473359
347315
347312
347300
347276
3472705
347254
347241
347222
347210
3472089
3471me
3471mOm!&!
34719831
34719563854281
347178n
347175
347170
3471689
3471562
347155
347147
347141
3471400110042
347125
347123663308
347123
3471214
347120
34712
347101
347099
34709502
3470500416908
347047
34703470
347034
347027
3470200102495
3470101149418
3470034700
346gullar
346991
3469900082347
346988
34698
346970
346969
346967
3469652
346958
3469561
34695
346945
3469381
3469211
346920
34691c
346915
3469123
3469
346896
346893
346892
3468916126
3468908
34689
346885
346878
346872
346870
34687
346869
346868
346866
34685
346841
346831
3468141
346813
346812
346800
3467dios
346795
346793222daba
346789
346785
346779
34677
3467684
346763
346755
3467533
346734
346723
34671505
346713
346711
346700
3466dino
346689
3466784
346669
3466632459
346659
346655
3466536
346646
34663466
346634
346622
346621
3466165
346612
346601
3466
346599
346595
3465929
346570
34657
34654
3465399
346521
3465119
3465
3464kr
34649688
34649
3464853
346464
3464611
34646
3464586
3464451
3464127
346380
346369
34636803299439
346368
346357
346349
346344
346337
346328
346320
34632
3463146
3463023
346300
3462972
346297
3462951
3462879
34627
346258
346245
346232
3462223
346216
346183
346182
346169
346155
346146
34614000
34613461
346134
346133
34612566
346125
3461224
346120
3461161
3461100
34610843461084
346087
34608
3460700278096
3460700078518
3460665
3460587mukhtiar
3460511
34605
346049
34604719
346047
34604
34603983
346037
34603460
346028
346024
34602
34601546
3460140
346010
34601
346006
346005
346002
346-1580
345t5
345squeak
345smak
345rey6
345pete
345kelzacc
345dmjb
345dfgh
345cat
345amd
345999
345942
3459383
3459290
345924
3459221e
345921
345914
345910
345900
3458k11
345892
345887
345880
345872
345870
34587
345864
3458534
345851d
345846121
345837
345830
34582597242
345825
345824
345820
345810
345799
345790
34579
345788
345786
345783
34573258
34572352
3457231488
345721
345712
34571
3456aas
3456970
34569456491300
34569
3456873
345687
3456802139
345678r
345678p
3456789866
34567891
345677
34567293
345672
345671
345666
34566543
345657
345634
34563
3456190
345616
345615
345614
3456127
345606
345604
345600
3455a1710
345597712
34559
345586
345569
345561
34556
3455556
3455534
3455506
34555
345542clo
34554
345534
3455324
345515
34551240
3454alexis
3454964
345487
345478
345469
345465
3454541
345454
3454509
345434
345431
345426
345423
3454216
345421
34541918adw3454
345418
3454175
345415
345410
34541
345407
345400
3453palms
345399
345397
345391
345365
345363
345362
345345nono
3453453
34534521
34534473
3453433
3453397
345336
345333
3453171
34531210
3453115
345309
3453025
3452clm
3452993
345299
345286
345272
34526151kamillynaldinho
345260
345254sik
345241
345237
3452293
345216
345215
345211
345205
3452018
345201
34519870
3451879
34517747
345177
3451757
345169
345167
3451608
345157
345150
345145016
3451374
3451362
3451327
34512ZX
3451267
345115
3451135
3451100610007
34511
345103
345102
3450nicklogan4
345097
345087
345086
3450740
345068
3450575
345044
345033
345022
345019
34501621wenwen
3450125
345012
34501
345008
3450007
345000
34500
345-camila
344pepper
344life
344gsw599
3449myyk
344999
344996
3449900233540
344973
344960
344946
344938
344934
3449335
3449289
344926
3449250
3449242
3449052
344905
344901
3449002
344900
344898
3448975
344888
344870
34485863
34485
344831479
344820
344811
344795
344791
3447901
344788
3447593
344744
34473y2k
34473447
344719
344717
344715801
344709
3447050
344700235
344687
344685
3446682
3446563
344654
3446500
34464602
344634
344628
3446250
344603
34458899
344585
344580
344569eb1974
344567
3445667
3445627
3445584
3445566
344550a
344546
34454
