2721998
2721997
2721986
2721975
2721963
272190
272188
272186
272165
272163
27216
272145401
272144
2721407
2721386
2721341
272134
272128
272127
27212432
27212419
27211811
2721179
272117
272115
272114090115
272109
272107
272105
2721032
272103
2721021
2720vr
2720bnjhm
272086
272080
2720794
2720654
2720598
272054
2720514
272051
27205
27203bia
2720344
272028
272027
272026
272021
2720194
2720189
272018121521
272018
272017
272016
2720159
2720145
2720018
2720
271mfp
2719sbr
27199414
271993sugababes
2719936
2719933
2719918
27198608
2719821
271976d
271966
2719623a
27196
271957
271950
27194K
271946
2719416
271941
2719327
271926
271923
271922m
271921
27192
2719150405
271911
2719102
271903
27190
27189
271888
271884959
271881
271880
2718769
271871
2718691
271856
271852
271850
2718477
271845
2718319
27183
27182nnsh
271828
271823
271820
27181206
271803
2717wood
2717PINK
271796
2717956
271789
271788
271787
271780
271772
271771
27177
27176403
271761
271758
2717519
2717518
2717510
271751
271745
271730
271729
271727jc
27172717271
271726
271724
2717230
2717226
271722
27172
271716
271713
271712
271710
27170893
271706
271705
2717013
2716police2716
271697
271663
271662
271658
271656
271651
271650
27165
271649
271646
2716452
2716343
271633
271630
27162620
271623
2716224
2716211
271620
271619
2716177
271616
2716061
271601
2716005
2715hrmk
271596
271594
271592
271589
271582
2715751
27157
2715694
2715659
271564
2715607
2715452
2715421
2715298
271529
27152623
271519
271517
2715127
2715106
271509
271508
2715071
27150697
271505
271504
2714970
271495
27149402
271493
271490
271489
271484
271483
271481
271477
271476
271470
271464
271462
271461
271460
27146
271452
27144
27143409
271431
27142816ss
271418
27141490
271413
2714111
271409
2714067
271404
271402
27140
2713stacruz
27139093
271389
2713882
271387
271376
271373
2713717
271361
271360
271355
271347
2713461
271342
271340
2713242
27132115
271320
2713190
271318
271317
27131327
271312
27131006612743
27131006510053
271309
271308
271307
2712yc
2712ikpv
271298
2712929
271291mus
2712885
27128527
2712773
271266
2712609
27125783
2712500
271249
2712482vdap
2712447
271243
271241
271240
27123343
2712273
27122540
27122535
27122523
27122522
27122520
27122519
27122514
271221
27122008
27121999
27121998
27121972
27121965
27121962
27121951
271218dm
27121527
27121284de
2712127
271209
27120305
27120110
2712007
2712001
2712000
27120
2711sk8
2711po
2711996
2711980
2711970
2711966
271192me
271192kb
2711891
2711861
271182js
27118
2711759
2711706
271166
271163
271162
271159
271158
271154
2711533
2711530
271151
271148
2711479
271145
271141
271136
2711331
2711304
27113
27112512
271120299
27112002
27112000
27112
2711198000
27111977
27111972
27111966
27111940
27111927
271117
27111422
27110188
2711000024199
2710sb
2710meat
2710ca
2710988
2710966
271092z
271091m!r!
271091luis
27108sb
2710879
27108710
2710845
2710709
2710648
271058
271055
271052
271047
271043
2710401
271040
271039
2710372
271037
2710317
27102521
27102516
27102508koob
27102008
27102004
27102001
27102000
27102
2710199447JAVIER
2710199
27101971
27101966
27101959
27101952
2710152
27101
271009
2710042
2710002
270win
270gurl
270f1984
270cary2006
2709pameliux
270992twj
27098
270971
270964
270957
270954
270951
2709507
270949
27094
2709358
27093310321
2709315
27092742
27092603
270925307457
27092527
270925199
27092519
27092516
27092307
270922
27092009
27092002
27091998
27091989d
2709198296364487
27091977
27091971
27091969
27091958
27091953
27091909
27091903
27091828
27091706
270917
2709129
27090512
27090
2709
2708lp
270894mada
270894esty
270893jkt
2708936
27089329
27089
270886687
270883I
2708831
27088
270875
2708735
270872
270867585
27086204
270862
2708587
2708580
270858
270857
270851
270849
270846
270841
27084
27082552
27082550
27082528
27082522
27082521
27082516
27082515
27082010
27082007
27082004
27082
27081974
27081501rtov
270811
270810
27081
270809
270808813
2708085
270806mj
27080510
2707prettymom
2707negro
2707ghw
2707990
2707989
2707982
2707930422
270790629
270789n
270789178
27078
270779lu
270770
270768
270762
270761
270760
27076
270756
270754
270753
2707506
27074915
270747
270739527
2707387
270738
27073
27072552
27072550
27072548
27072545
27072539
27072519
27072511
270724
27072008
27072003
27072000
27071999
27071977jyd
27071974
27071970
27071963
270716
2707117
270709151
27070343
27070
2707
27069610
270694b
27069402
27069215
27068
2706749
27067435
270667
270666
270663
270662
270657
270656
270653
270652
270650
270641
2706310
27062549
27062541
27062509
2706221312
2706211
27062004
27061999
27061976
27061972
27061971
27061968
27061514l
270612
27061
270605a
27060422miguel
27060104
27060
2706
2705bb
2705aj
27059189
270582m
270574
270570
27057
270568
27056
27055300
270552
270540
270538
270537
27052550
27052540
27052538
27052522
27052520
2705252
27052519
27052514
270525
270524
270521
27052004
27052
27051997
27051976
27051975
27051971
27051956
27051710
270517
270513
27051
270507edisonta
2705045and
27050312
2704mona
2704940
2704902007
270487m
2704801977569
27048
270473
2704660
270462
270460
270457
27045532
270454
270452
270446
27043128
27042517
270421
27042000
270420
27041975
27041234
270412
2703km
2703jaxie
2703elza
2703bc62
2703ana
2703ad
2703987
2703977
2703924
2703922050
27039128
2703871
27038444
2703820
270374
270372
270366
2703627
27036058
270358
270354
27034807
2703299
27032806
27032550
27032537
27032520
27032512
27032504
27031999
27031975
27031974
27031972
27031968
27031959
27031949amba
270318
270315092529
27030605
270303rockyou
270303639
27030
2702makyuyaz
2702ijo
270295l
270290kb
270288a
27027902
270273402
270273
270271
2702704
270262
2702595
2702556
270255
270249
2702480577
270248
270244
2702436
270242
270239
2702328
27022540
27022526
270225
2702230
27022104
27022008
27022004
27022003
2702200
27021973
27021971
27021963
27021844
270218
270216
270214071984
27021103
270211
270206n
27020608
27020502
2702/rose
2701ca
2701al
2701992
27019162
270187094360717
2701823
270176
270175
27017277
270165
270163
270161
2701569
27015668
270154
270149
270143
27012904
27012539
27012537
27012524
27012523
27012521
27012520
27012516
27012513
27012025
27012009
27012004
27012003
27012002
27011974
27011973
27011945
27011906
2701187
270117
270115
27010612
27010517457768
270095
270088
270084
270076
27007222
270072
270066
270060
27006
270059156006
2700572
270052
27004
2700371
270031
27002867
270028
270026
270025
270024
270022
2700174
27001106
270011
270008
270007
270006
270005
2700
27/7/93
27/7/87
27/12/92
27/12/91
27/12
27/11/91
27/11/85hurtado
27/11/1991ye
27/10/87
27/10/37
27/10/1984
27/05/92
27/04/94
27/04/1990
27/02/95
27/02/1992
27.9.92toni
27.9.1991
27.12.93
27.12.1989
27.11.05
27.02.89.
27.01.1993
27-12-06
27-11-1993
27-07-06
27-06-94
27-06-89
27-05-1990
27*wizard*27
27*36*71*
26yamaha64
26y4you
26xp7d
26wg22by
26wayne
26vine
26uknow
26trouble26
26tigers
26thmay
26thmarch
26thfeb
26thapril
26temmuz
26tecumseh
26steve
26space
26sofita
26shungz
26setiembre
26sept-2003
26saz8lg
26s10o90l
26rye23
26runner
26rojal26
26rocker24
26rock
26ro26
26richard
26regine
26redd
26rc95
26r1091
26princess
26pink
26perocks
26peet
26patituela
26onnad
26ofmay
26nov91
26nov89
26nov71
26nov1991
26nov08
26nov.06tdc
26noiembrie
26nick
26nadia
26money
26mhofhe08
26mei1984
26mayo92
26mayo2006
26may98
26may86
26may1995
26may1993
26may1990
26may1961
26marzo2000
26mart
26marco
26march1986
26mar1995
26maio
26love25
26loki17
26lizette
26lalitha
26krjdra
26kostner
26killer
26junio1992
26juni
26june04
26july93
26july82
26july1991
26julho1991
26juin
26jsteph
26jp27
26jill26
26jandec7
26jan1984
26jackie
26ishott
26ipod06
26ines
26inches
26iloveyou
26hurst
26hillman
26helena
26happy
26hannah
26green
26gmgpkm26
26girl
26gatos
26forever
26fieldway
26fev1970
26feb07
26feb
26escalade
26enero1990
26elaine69
26dyopkpo
26diane
26defebrerO
26deenero...
26dec67
26dec1980
26deagostodel89
26deagostode89
26deabrilde1991
26deabrilde1981
26deJulio
26de10de1991?
26d04m1976a
26chris
26chintai26
26bucks
26booboo
26bills
26bebe
26beau
26banana80
26baki
26august1987
26august06
26aug2006
26aug1993
26aquarius
26aqf2u
26aprilbaby
26aout1992
26anhsln
26amre07dr79
26alma
26adonis
26abril94
26_lampard_26
26_08_MM
26_02_91
26Timothy
26SHOTS
26SEPTIEMBRE
26MANZANITA
26JuLhO89#
26Guapa
26DEABRIL
26@05@88
269thor
269sep
269rat
269mar
269chevy
269MAGDA
269ISMYCOOL
269999
26999882
269974
26997011
26997
269969
269952
269951
269948
269944503
2699445
269940
2699346
269932
269926
269916
2699152527
26991
269901
269896
26988962
2698841
269875
269874
269873
269872
269868
2698670
269867
26985560
269836
269834012
2698281
26982340
26982254
2698104
269809850104
2698042
269800
26980
2698
269799
269798
2697978
269796
2697951
2697937930
269783
269779
269777
26976982
269767
2697620
269753642
26975
269747
269739
269733
269713
26970
269698
269696
269695
269690504
26968
269664
2696607
2696367
269636638
269624
269614
26961
2696069
269606
269603
26960207
269602
269600
26960
2695prue
2695934103
269591
2695784
2695600
2695597
2695480
269545
269541
2695393
2695338
269530
26952695
269524
269512
269510
269488
26947903
2694659
2694657269
26946223
26946055
26944
2694353
269432
269430
269414
2694008
2694
269393
269390
2693890
269384
26937821
2693655
269349
269345
2693436
269338
2693341
269333
26933
2693263
2693223
2693194
269302
26930
2692xiko.fashion
269292j
269292123456789
269292
269272
269269a
2692656
269259
269258
2692538
2692535
2692520
269246
269237
2692303
26922758
2692274
26922739
269225
26921Ffgi,vo
2692193
26921907ap
269219
269215
26921173
269208
2692007
26920
2691jb
2691997
2691996
2691982
2691981
2691978
2691977
2691972
2691970
269193
269192532152
269190
269182
269159
2691520
2691515
269150
269148
269147
269145gio
26914487
269140
269128
269123
269122
26911963
269111993
2691109
269109
269108
269107
2691012
2690rc
2690922
2690628
2690548
269054
269045
269041
269037
2690307
269022
269021
269015
2690121
269010
26901
269009
269007
269003
26900
268zul82
268VV268
2689jena
2689estef
2689atwnldluv
268993
268990
268989
268988
268984
268955
268952
26895
268940
268920333
26892
2689174m
268917
268915
268914
268912
2689111
26890405ppg
268904
26890337
26890000
26889915
2688919
268890
268886
268884
2688835
26888046
268870
26887
268869
2688621551
268860
26886
2688582
268855
2688547
268853
2688526885
26885025
268847
268828angel
268822
26882
268818
268815
2688081
268807
268806
2687999j
2687883
268766d
268765200
2687643
268741986
268741
2687327
2687274
2687273
268726
268721
26871598
268715
26871456
268711
268706
268705
268703
268701
2686ny
2686jets
2686chiara
268695
268690
26869
268687104
2686764k
268674
2686688
268666
26866461
268657
268655
26864tv
268647
26863
268625
268616
268615
268611
268602
268601
268596
268592
2685842371
26857
268565
268555
26855
2685476
268541158
26853911
2685368
2685330
268531280
2685241
2685228
2685185
268512
268511
2685075
2685019
268500114
26850011
26850
2685
268496
268495
268487
268482
268479315
268470
268468
268466916
268459713143879562
2684597
268459173o
26844862
268448
268435
268426842684
2684258456
268424862
268418
2684139750
2684135
268412
2684059
268405
2683ae
268391
268382
268374
268359
2683548
268354
26835
26834
268329905
268325
268322
268317
268312783
268310
268301
268300
2682997
2682995
2682861
2682851
268280
268276
2682751
268274
2682725
2682690
2682679
268265
2682621
2682538
2682534
2682521
26825011
26825
268249385
268246
268240
268236
268230
268228
2682278
2682269
2682265
268224m
2682212
268221
268210
268208
2682037
268200
2681967
268185509517
268185
2681838
268183
2681818
26818
2681675
2681652j
26815874
268157
2681523
2681489
2681445
2681435
268143
2681423
268140
26814
268134
2681204
268120
268111
268108
2681073
268107
268105
2681020323505
268100
268061
2680523
268033
268029
26802
268012
268010
268002
2680005
267skt
2679920
267991
267989
2679875September
267981
267976
267975
267967
26796313
26796
26795217
2679513
2679510
267945
267944
26794
267931
26792david
267926
26792443
26792
2679189864
2679182
267911
267907
2679016
26790
2679
2678965
26789459
267893
2678910450
2678910
267891
2678861
26788095
26788
267879
267878
26787
2678679---
2678676
267864798a
2678585
267855
267850
267848
267835
267831
2678309
26782679
267826
26781997
267816
267808
267804
26780
267788
267784
267775
26777
26776790
2677661
2677566
2677533
267748
2677463
2677344
267733
26772765
267718j
267718
2677171
267717
2677132
267700
2676920
267685
2676769
267673
267666
26766
267658
267655954
26764
2676355
267623
267622
2676216
26760812
267607
2676062
267601
267600
26759vpqpn
2675987
26759
26758
2675767
2675765
26757230
267547
26754214
2675390
267530
26752969
267519
267510
2674uv
2674babies
267490
267489
26748850
2674866
2674852
267472
2674640
26746
267458A
26744832
2674470
267447
267438
2674330
267433
267419
2674174
267413
267404
267390
267359431
26733
267326
267321
2673051
26730
2673
2672931
267293
26727881
26727
267268878
267263
26726
2672537
2672536
2672533
2672527
2672525
2672492
2672372064
2672305
267228
26722672
267226
2672225
267212
2672039
26720276
2672007
267200
2671996
267199417300118
2671992
2671988
2671987
2671982
2671973
267197
2671969
267183
2671822
267176
267166
2671617
2671557
26714889
267145
267141
267135
267133
267129
2671245
26711967
26711401
267111
2671005
267100
2670vc
2670greve
26708
267077
267073
2670647
267063
2670549
26705340102
267048
26704768
267036
2670309
267026
267025
267019
267011
266rxzen82
266hahn
2669amoy
266999
266989
266984
266979
26694376
26694
266931
266912
266910
26690980
2669014
2669004
266900
26690
266899
2668977
266888
266884
26688
2668798
26686893
266866
266864
266857
26685
2668437
266838me
266830
26683
2668271
2668268
2668246
2668191
2668024
266800
266788
266772
2667710lan
266771
26676542
266764
266753laarni
2667469
266745
26674
2667267
266726
2667250
26672499
266724
26672151
266720
266714
266711
26670
2666wrcz
2666848
2666778
2666735
2666693
266669
26666833
2666671
2666666
2666557
2666513
26664442
2666340
2666239
2665cool
266595
266588
2665699682546
2665699
266565
266558
2665564
2665520
2665500
2665401
266535
266529
266512
2665
26648983
26648558
2664843
266484
266475
26646845
2664620
2664561
2664552
26645391
26645
266446
2664447
266442dorchester
26644
266435225
26643436
266433
266422
26642
2664193
266418
266412
266408
2664076
266405903
2663959
2663945
2663909
266370
266363
2663621
266361
2663608
266360
266357
266355
266354
266352
266351
266349a
2663429
26633782
26633648
266333
266332
26633
2663248
2663225
266320hh
266320
26631891
266316
2663126
2663107930P
26631
2662fl
2662akyno
2662a7940
2662941
2662928
266290
266286
266284
266281
26627
266269
26626632
2662604
26626
266258
2662548
26625426
266254
2662538
2662537
2662520
266246
2662452
26623998
266238
266236
266235
26623
26622a
266228
266222
2662147
2662143
266213
266211
266207
266204
2662010
2662004
26620
2661999
2661996
266198
2661979
2661978
2661977
266197646615
266187
266185
2661827
26616589
2661626616
266161
266160
26615679
2661439
266135
266133
266132
2661266
266124
266123
266122
266112352
266111
2661070
26610168
266100
2660908
2660834
266069
2660629
2660566
2660527
266051
266046
26604412101994
266043
266042tb
26604056
2660398
266039
2660264
266026
2660121
266010
2660013
2660002
2660
265soy433rum
265nnjux27
2659931
265993
265991
26598800
265987
2659868
2659795
265978
265971
2659593
2659533
26595
265948
2659390
2659387
265933
2659300
26591
26590804
265895
26589236
2658921
265891
265890
265887
265886
265874
26586480
265861
26586023
26585
265841
265838
265837449
265836
265835K
265813
265802
265800
26580
2657954gks
265789
265788752
2657834
2657734
265771933
26577
2657612
265752
265751490
2657447
26574
26572800
265728
265725
265722710
265721
26571873
2657
2656life
26569529
265683
26568
265678
265676
2656726567
2656691
2656662
265666
265664
265660
26565
265647
26564006
26563644
26563
265628
265625
265624
265611
26561
2656027
2655uqrnf
265591
265577
2655628
265550
265546
265545
2655443
26554
265530
2655212
2655206
265507
265505
265500
2654myrtle
265490
265489
265488
265486
2654852
26548462
2654785692
265476
2654708
265466
2654632735558
2654570
265455
265447
265444
2654409
2654338
265429
26542894
265427
265412
26541
265405
2654
2653bole
265395
265392
26538FV
265388
265387
26538581
265376
26537225
265371
265369
2653687
265365263
26536294
265358
265352
26534me
2653489715asa
265348
265342
2653410678
26534
2653388
265333
265332j
26532147
2653167
265314
265310
265302
265300v
2653001
2653
2652nay
265295
265294
2652923
2652922
26529*2
2652887
265273
26527
265269
265268
2652664
265266
2652536
2652535
2652534
2652533
2652532
265253
265252
265248
265247
265245
265243
265240
265239
2652324
265222
2652176
265209
265204
265201
2652008
2652007
2652006
2652
2651resR
2651999
2651996
2651984
26519813
2651976
265192
265189
265183
2651808
26518
2651711
265168
265166
265161
2651581
265156
265150
26514980
2651484
2651473
26514577
26514146
2651311
26512g
265128
265126
265122
2651212024
2651212
265121
265120
26511734
265117
2651094138
2651077309
2651067877
265105
26510
265092
265090
26508736
2650849m
2650812
265078s
2650770
265077
265076
265063
265052
26505170
26505
2650415
265040
265037gs
265032
265030
265024
26502201
265021
265020
265016
265015
2650115
26501
265000
264life
2649frin
2649995
264996
26499401
2649932
264990
2649889
264987
264982
264981
2649789
264970
26497
264966
264960
2649589
2649568
264950501047
2649505010118
26495
264945
264943
264918
264917B
264917
2649156
26491205
264912
2649103
264901
26490
2649
264899
2648978
2648957
264895
2648792
2648786
2648762
26487530
2648618
264846
264830
26482649
264826362753
264826
264825
2648222
26482124
264820
2648192
264819
2648159753
2648159
26481379
2648131234
264805
264802
26480122598399
26480
2647909
264790421
26479
264785
26478255
264781
264772
264766
264750
264748
2647431
264742
26474
2647367
264735
264730
264729
264724
264721
2647205010990
264720201048
2647176
264715
2647141
264714
264709
26470305
264700
26469536
26469500
264690
264683andreateamo
264680
26468
26467756
26467
264669
26465790
264654
264651
26464966
2646490
264649
264647
26464626
26463810
26463693
264636
2646258
26461pin
26461987
26461878
2646179
264617
26461637
2646158
264614
2646122
264610
2646086
26459767
2645959
2645926
26459089
26458562
26458399
2645660
264558
26455612
2645548
264554409
2645481
264545
264543
2645318970
2645313
2645306
26453
26452635
26452456
2645211
2645126
264512
264511
26450241
2645
264488
2644826
264480
264470
2644623
2644585
264456
2644547
2644522me
2644518
264444
264440
2644396
264435123
26443466
2644300
264427
2644244
264422
264420
264413311
264412
264411
264401
264400
2643ao
26439999
264389
264373
2643650
264364
2643618
2643590
2643587
26435700
26435534
264353
264352a
2643517
2643512
2643510
2643426
264339
2643379
2643355
2643309
2643297
2643261
2643211
26431634
264314
2643139
264311
2643100
26431
2643092
26430253
264302499
2643024
26429577
2642948
2642945
2642826428
2642708
26427041720798915
26427
2642683
2642656
264264264
2642590
264258
2642560
2642539
2642530
2642526
2642525
26423544
26423424
2642311
264231
264226
264220
264217
2642041
2642006
2642005
2641998
2641986
2641981
2641980
2641975
264197
264194
264186
2641761
2641687
26416685
2641635
264153
2641524
264146
264145
2641392
2641304916602326
264130
26412873
2641239
264117
2641169
2641136
26410906
264109
2641082
264106
26410
2640969yo
26408472
2640757
264067
264063951090
264050093
26404743
264043
264040
2640375
26403481
2640340
2640339
2640326
264026
264016
264012L
2640060
264002
26400
2639jjpacp
2639at
263994
263968
263966
263963
26396
26395664
2639520
26394641
2639422
26393776
263937
2639272
263927
263926
26392152
263914
263912
263911
26391
263890
263888
26388537
263879153480
263873
263869
2638517
263848
263845
2638381r
2638307
2638263826382638
2638258
263822
263820
2638172
26381
2637rats
2637harley
263798
263794
263792
263790
2637856
263784
263782
26378
2637687
2637684
263763
263758
2637559
2637523
2637520
2637518
2637474
263745
263743
26373959663
263736
263733
263732a
2637327
263730
263729
2637232
263723
26372
26371959
263711
2637106262580
263709
263705
263697
263696
26369257
26369002
263688
263685
263679
26367674
263676
2636674
2636639
263663
26365990
2636586
263646at
26364656
263640
263638
263632
263630
26363
263626
26362304
2636201
26361972555
263605
263603
2635keb
2635927
26359
263588Ab
263586c
263577
26357582
26357436
2635680
26354832
2635482
2635478
263547
2635463
2635433
26354248
263538151
2635353
2635327
26353195
26352962
2635245
2635223
263516
26351201
263512
263511
263505agr
263504500
26350
263490
26349
2634891
263487
26348490
263477
2634699
263456
2634459
263440
26343442
2634340
263429
2634211994369
2634124
2634120
263410
263408130
2633eri
2633dv
26339904
263391
263388
263384
263377
263374
2633650
263355
2633531314
2633530
2633450
263344
2633392
263335948
263335
263328
263326
263316
263313
263310arezes
263309
26330836
2633
263298
263294
263290
263288
26328
26326745
26326158
2632548
26325362
2632535
2632530
2632526
2632488
263236
263233
26323226
2632296+1
2632286
263224
2632239
263223
26322
2632173
2632145
263212
2632073
2632008
26320000
263200
2631997
2631983
2631981
2631978
263190
263189
263188
263187
2631840
263178
2631772
2631771
2631717
26317
2631689
263165
26316
26315503nD
263150
26314515
2631394
2631384tsmhy
263135
2631326
263129
263128
263127
263124
263116
263111
26311
263107
2631008
263099
26309728
263096
263085
26308
2630781
263078
263076
263070
2630673
263059
26305400
263044
2630416
26304
26303214al
263032
263030
26303
2630213
26302
26301990
26301600
263014231
26301
263006
263004
262vicky
262melkay
262lutrm47
2629rl
262999
262991
2629900017286
262990
26299
262988m
262984
262981wf
262979
262978
262976
262975
262969
2629626
2629616
2629574
262953
262946
262945
262944
26294359
262938
262933
26293129
26293
262927
262924
262923
26292110
262921
2629200822
26292
26291233
26291
262909
262905
2629046
26290
2628oj
2628maylon
2628AJJA
262897
2628954
262895
262894
262889
262886
262885
2628821
262881
262874
26286216
262861
26286092
26285711
26285
262847
262831
262828
2628212
262820
26282
26281985
2628198
262815
2628146
2628138
26280659
262803
26280203
262800j
2628
2627n45th
2627f68597
262798
2627958
262791
2627904
262790
262787551
2627866
262782
262780
26278
262778
262768
262749
2627465
262746
262745
262742
26274
262732
262731
26272831
2627282930
26272533
26272528
2627234
262722
26272015
26271995
26271990
262717
26271306
2627114
262702
2626taetaemoh
262699
2626982
26269653
26269560
26269
262689
262688
262684
262679
2626785
262678
2626729108
2626713
262666
2626632
262663
2626620
262656
262647154
2626444455
262642
2626396763
26262s
26262742y871117
262626a
2626266
2626262
26262580
2626237
262623251
26262303
26261982
262619
2626123
26261212
262612
2626080
26260707
26260584
262605
262604
2626031
2626010
26259919
26259215
262592
2625881
262588
262586
2625850
262585
262581
26257c
262577
2625746
26257
2625683256
2625657
262561
26256
262556
2625554
2625547
262553
262551
262545
2625410
262540
26254
26253846
2625382
26253124
2625312
2625294_afk
26252736
26251odzza
2625115
26251
26250917
2625072
262504
2625023
2625004
2625
2624devon
262498
262495
262490
262489
2624881
262488
262484
262482
2624812653
262480721
262480
262476
26247108
262471
262467
262462
262457
262456
262450
262442
2624418yj
262434
262433
262431
262429
26242702
262426
26242512
262423
26242123
262418
262414
262412
262407kidz
262405
262404
262403
2624012005
262401
2624
2623xx
2623emc
262399
26239
262389
262388
2623861
262385
2623843
262374
262372
262371
262366
262356230
262352
262351
262344
262343
262335
26233109
262331
262327
262325
2623208
262320
262319
262316
26231234
26231
2623085
2622990
262293
26228149417
26228
262279Pw
26227
2622696
262260
26226
2622547
2622540
262253
2622522
262245
262244
2622412
262240
2622375
262236
26223536
2622345
2622341
2622334
262233
26223
262229
26222622PcB
26222224
262221
26222033
262220
26222
262218
2622174
262216
262211
262209
262207
262204
262201
26220040311ck
2622004
2621lynn
2621998
2621997
2621987
2621986
2621983
2621981
262198
262194
262189
2621882
262188
262187
262181
262180
26218
2621735
26217162
26217
2621693
262166
262164
262155
26215052
262148
262146
262141
262124
2621227
2621198
2621188
262118
262114
26211005
262106
262105
262104
2621030045
2621016456
2621000
26210
2620sm08
2620994
262099
2620923
262088
2620701
2620668
2620632
26206012
2620578
262049
2620481
2620445
2620424
2620421
262033
2620329887
262029
262025
2620215
2620202
262018
262014a.
262013
2620101
2620100020675
26201
26200902
262008103131
2620071050
2620052
262/13
262-2750
261chick
2619960
26199511
26199429
2619938
2619933
261992a
26199
26198763
261986shtator
2619823
26198
2619690m00n
261968
2619600
261957
26195636
26195328449
2619487
261943
2619375
26193217
261927
261924
2619203
261913s
2619130
26191236
261911
26191
261906
2619046
2619040
2619007
2619000
2618james
261899
2618972
261891
261887
261886
261879820
261875
261874
261873
261872
261871
261866286
26186333
261857633
261841
261835317
261833
261831
261830
261828
2618216
261817
261816
261809
261808
261806
261792
261788
2617854
261780
26177905
2617676
261767.11
2617546
2617544
2617534