4
183089
183084
18308092ve
183077
183071
183066
18304501
183045
183044
183035
18303
183029
183026
183021
1830207105032
18301989j
183018
183016
1830114024480
183009
1830021719
183000719862002
1830
183-mayumi
182travis
182legion
182guy
182MA
1829wp
1829DL
182999
18299893
182998
182995
1829905
182990
182989
182987
182985
182980
1829777
18296610
1829637
182958
182952
18293690
1829345
18293
18292519
18292026
18291987
182919
182917
182916
18291
18290310
182902
18290
182899
18289
18288892
182887
182885
182881
182880
182879
18287
18286ecm
18285646
1828555
182848
182846
18283888
1828388
1828384858687888
18282528
182824l
18282417
18281928
182815
182805
18280000
1827ti
1827nats
1827a29
182793
182789hahn
182787
18277297
18277182
182771
18276894
18276416
18276
18275849
182744
18273
18272527
18272415
182724
18272008
18272001
18271907
18271696
182713
18270907
18270895
1827*dear
1826nc
18269757
1826941016
182694
182693
182692
182691
182689
18268887
182685
182682
182680
182673427
182669
18266253
18266
18265059
18265
18264
182627945
1826258
1826220205
182621
18261988
182613
1826123456
182608
18260512
1826043
182601
1826
182599
182594
182582
182579
182562
18256
182554
182544
182543
1825408
182540
1825397
1825362549
182532182532
1825281
18252595
18252518
18252006
18251309
1825114r
18251012
1824na
1824kr
182498
18249578
182492
182491
18249
18248982
182489
182481
182477
182471
182469
182468
182464
182463878689
18246319
182463
18246188
18245731
182453
182445
1824441
1824418244
182434
182432
1824319
1824292
18242418
182424
18242105252629
182421052526
182421
18242007
1824175
18241254
1824107
182409
182408
182406
18240432
182401
1823wedding
1823cute
1823BHk
182399
1823920
182389
18238707
182383
18237698
182373
182370
182367
1823546163
1823495729
182349
18234876
182346
182341
18233490
182334
182331
18232879
18232729p
18232551
18232007
18231603
182314344
18231127
1823105
18231032
18230910
18230319
18230184
1822truman
18229
182289
182287je
182286
182284
18228317
182282
18227992
18227961
182272
182271
182269206
182263
182262
182254
1822532pre50
182247
182240
18223938
182232
1822284
182227rc
18222461727
18221798
18221401
18220000
1821love
1821kp
1821kirikiri
1821forever
1821cedar
1821bug
1821TOM
1821998
1821988kuh
1821987
1821983
1821981
1821980
1821923
1821910
182191
182190
18219
182187
18218311
182178787
18217582
1821715
18217000
18216971
182169
18216841
182168
182166
182164
182158
18215779
1821552
182154
1821455
182142
182139
182133
182132
18212736
18212325
18212324
18212233
182119
1821164
1821162
18211472
18210254
1821024
1821.ellas
1821-1821
1820yolandas
182090
18209
182088148917
182084
182074
1820712420076
18207
182068
1820600051928
18205969
1820590
182046
182045
182043
182034
18202850
18202717
18202529
18202526
18202514
18202395
18201989
18201921
18201818
18201532_jairo
18201312
18201299
1820103
182007FER
182+44350
182
181sorin
181goodson
181abd
181UEG
1819998
181996996
181993sez
18199392
181991ma
181990181990
18199018
1819895338394
181983abdo
18196500
181957
181953
1819511
1819496
181934
18193
18192910
1819263791
18192627
18192532
18192526
18192522
18192024
1819202122
181912514
18191030
18190206
1818ploy
1818on24
1818j
1818993
18189333sarah
18189290
18189105
18188918
181887
18188353
18188181
18187777
181877
181875
181862
181859
181857
181856
1818520
181840
181832
18183089
18182828
18182727
18182222
18182006
18181j
18181991
18181990
181818z
181818p
181818jlr
181818bb
181818an
181818@michelle
18181881
1818181
18181457
1818143
1818118
18181167
18180406
18180101
1818**7
18179609
181785a
18177
181765712
181760
181752
181750
18173873
181730brent
181729
181728
181725
18172311
181721
181717
18171112
18171
18170816
181707
18170112
181701
1817
18169663
18169579
181691
18169
181679
18167801
181677
1816749
181672442
1816704
18166977
181666
181660
181655
181653003
181653
181636
181629866
1816252
18162215
181620
18161993
181619
181617
18161412
18161206
1816120
18161026
181610
181607
181603
181601
18159
181584
18158353
181580
18158
18157a
181576
181573
181569
181556
1815411
1815311
181531
18152702
181523914
18152229
181522
18152121
18152023
18151919
181514st
181505
1815
1814nc
1814love
181491
18149
181487
181484
181483
18146912jh
18146663
181465
181451
18145
181449
181446
18144
18143456286
1814333538
181423g
18142009
18142
181417
181410
181407
18140189
18140186
1813qte
1813Njxa
18139888
18139528
1813920
181390
181389
181378
1813613
181360
181342
18134175
181328
18132711
181322
18132
18131969Crj
1813165
181309
1812war
1812jj
181295_styy
181294OJT
18129
18128121
181270C
18126952
18126
181255
181254
1812532
1812528
181246
181243
181242
1812411
18124
181237
1812302
1812281289
18122795
18122537
18122522
18122515
18122512
18122402
181221000
181219955
18121988valentin
18121973
18121962
18121960
18121959
18121899
1812182
181217
18121306
18121101
18120270437
1812007
1811tapiru
1811eu
1811996
1811994
1811983
1811963
18119
18118917
1811888
181168
181150
18115
181148
18114560
181145
181144
181142
181141
18114
18113
18112541
18112539
181125341234
18112516
18112515
18112514
18112409
1811239
18112000
18111998
1811198700
18111971
18111970
18111968
18111956
18111950
1811195
1811190
1811180
181116110
181114
18111259
1810tete
1810ollie
1810@ferreira@
18109i
18108901
181087A
1810854ke
1810818134212
181073
1810700001957
181058
1810544
1810518105
181051
181050
181048
18104783
181047
181046
18104170600123
1810402001
18104
181037301034
18103014
18103006
18102823
18102607
18102540
18102515
1810237d
181022181022
18101975
18101974
18101972
18101971
18101970
18101968
18101965
18101960
18101.991
18101
1810
180youth
180steko
180mari
180grados
180fesac
180dtb
180darts
180change
180aez31eu
180DRIFT
1809pink
1809bu
1809ana2
180991bl
180990dlm
18099007
1809900406428
1809900317077
18099
18098820
180986gd4
1809700011926
180969
18096
180958
18095771
180957
180954
18095
180947
180942
180940
180939
1809321
18092551
18092538
1809253518
18092419
1809231
18092001
18091998
18091991K
18091972
18091971
18091968
18091961
18091936
1809181991
18091724
180910
18090737
18090522
18090
1808rb
180890_vale
18088882
1808888
18088872393
180871
180869
180867
180865
180862
18085908
180857
1808525360621
180849
180848
180847
180845
180844
18083015
18082711
18082517
18082515
1808251322
180819929
1808199000325
18081972
18081963
18081909
18081
180808m
18080619
18080
1807maria
1807caro
18079409
18079045
18078773
1807795
180776zuko
180775pat
180771
18077
180767
1807602
18075360
18074861375
180748
180747
180744
180740
1807330
18073213
1807315
18072534
180720
18072
18071965
18071954
180719
180713Kw
18071
180705j
180705713m
18070510
180702415
1806valeria
1806ms
18069clit
180699
1806989
180696THS
180694sha
180692.
180691natalia
180685ppg
180667
180666
180665
180664
180661
180658
180656
180654
18065
180648
180644
180643
180641
180636130136nt
180635_elf
18062547
180625289615831
18062522
18062520
18062516
18062514
18062008
18062001
18062000
18062
18061991password
1806198879250757
18061961
18061952
1806
1805mk
1805andrea
1805@$na
18059477
18059078
18058885
18058282
180569
180568
180566
180563
180562
180559
180552
18055
180546
180545
18053303a
18052837
18052539
18052537
18052525
18052524
18052517
180524
18052001
18052
18051998
18051967
18051962
18051957
1805193005
1805190
18051705TEAMO
180517
180516
180515
180514
180506js.
180503raton
1804zoez
1804jro
1804ct
180499twins
18049311
180492220
18048300
18047
180468
180465a
180460
1804588471
180458
18045736d
1804562
180455
180444
180441
1804401997
180437
18042701
18042549
18042538
18042521
18042520
18042519
18042004
18042002
18042000
18042
18041dobbynroad
18041999
18041998
18041973
18041970
18041961
180415
18041
18040207
1803pielb
1803europa
180391lf
180389ina
180387e
1803704186
1803690930
180367
18036603
180366
18035la
180352
18035
180345
18034268
1803285
18032524
18032523
18032520
18032207
18032024gil
18032008ayp
18032001
18031973
18031971
18031970
18031969
18031965
18031960
18031909
180318k
180311
1803044861
1803030
1803014
1802st
1802slnm
1802qoh
1802diana
18029013
1802884526
180280758
18028
180267
18026623
180264
180263
180254
18025151
180248
180246
180244
180242
1802346
18023311
18022541
18022522
18022518
18022517
18022499
1802248102
180222
18022032
180220051228
18021999
1802199324241733
18021975
18021973
18021970
18021969
18021966
18021938
18021931
180215
18021410
180213
180210
18020537
1802007
1802006
1802
1801sell*
1801hot
1801996
180194ht
18019117
18019
180166
180165
180163
180157
180154
180152
1801500050289
180150
180143
1801418014
180137_betagen
18013
18012551
18012540
18012538
18012535
1801253322672
18012523
18012521
18012496
180124
1801239
1801218
18012009
18012003
1801200089015
18011999
18011981
18011974
18011967
18011963
180117
18011614
180112
180110
18011
1801001
18010
1801+1604
1801
1800vtx
1800viel
1800sxc
1800slut
1800redbush
1800party
1800mumdad
1800meow
1800hotdog
1800getalife
1800fuckme
1800eri
1800dual
1800cm
1800boo
1800biteme
1800bingo
1800alltel1
1800aaahelp
1800DLINK
1800C00l
180098
180091149345
18009006
18009
18008520
180084
180083
1800800218
1800800090340
180077
1800700133853
18006846
180066
1800555666
18005
18004986
1800454
180041
1800334
18003236263
180031
1800307
180028
180021
18001970
180018
180017018371826
1800123123
1800117
180010russo
1800103
1800100238425
1800100234055
1800100141723
180009
1800086
180007
18/43/49/81
18/28/AJJBAG
18/2/1989
18/12/2004mum
18/11/91
18/11/851
18/11/81
18/11/1993
18/09/94
18/09/1995
18/08/1993
18/06/90
18/06/1991
18/05/94
18/03/1995
18/02/30
18.hanna
18.6.97
18.2.1991
18.12.91
18.080.672
18.07.96
18.05.94
18.03.94
18-juin-1993
18-Sep-1993
18-9-49
18-12-83
18-11-1992
18-08-1995
18-08-1992
18-07-1996
18-06-90
18+14
18*08*1989
18&legal
18 martie
17zidane
17zholid
17yfoog
17yearsold
17yana
17wwjd
17west
17wars
17ward
17valerie
17tulips
17tosiline17
17tony
17tink
17thwarrior
17thward
17thsept
17thjune
17thaugust
17tfvhdv
17tattoos
17sunyen19
17star
17stantonclose
17srh88
17sports
17spikes
17southway
17softball
17seventeen17
17seventeen
17setiembre
17sept05
17sept
17sep07
17sarah
17sadie
17rusty
17ruelas
17rp87
17rock
17rich
17renee
17reneck
17refor
17rave
17radio
17ps0761
17playboy
17pink#
17pholmes
17peanut17
17patrick
17password
17ownsme
17onhoes
17omar
17olive
17october1993
17oct87
17nuts
17novembro
17novemb
17nov96
17nov93
17nov89
17nov75
17nique
17nigga
17nelly
17nate
17mutts
17monty
17months
17mont
17monkey
17molly
17mklt
17mk19
17mituna
17mibbraul
17miamor
17mei89
17mei1975
17mayo2005
17mayo1994tauro
17may92
17may91
17may85
17matt17
17mark
17mariposa
17mario
17maret1994
17marco
17march1994
17march06
17mar95
17maob_
17manuel
17mally
17maio2007
17magazine
17lynn
17luv
17lulu
17lucky
17lovers
17lover
17loveme
17love31
17love17
17lirpa
17liane17
17lgjmcj
17lauren
17laura
17laci
17ktbj
17kokomo
17knox17
17klz4
17kisses
17kiss71
17kiss
17kills
17k05e23i
17junio1993
17junho
17june06
17july99
17july91
17julio1992
17julio06
17julho1994c
17julho
17jujubeans
17joshua
17josh
17jose
17jerry
17jerm
17jeffres
17jan92
17jan88
17jan78
17jan65
17jack
17jac17
17iulie
17islove
17inchez91
17inchdom
17hugo
17hola21
17hillview
17happy
17hamsin71
17gsg01
17gracias
17goldfish
17goddess
17gk20
17girl
17giomanach
17ge513
17gandaq
17gabi1981
17gEEnzEr
17g471
17fw03
17fuj1{M}19
17fox23nbc
17flor
17february
17februari
17feb91
17feb1995
17fatboy
17exactly
17enyer
17enero1980
17elizabeth
17elessar
17edgar
17ducks
17dici
17df75b
17desep
17denoviembredel
17denovembro
17dejunho
17deidre
17deedee
17dec87
17deagosto2001
17dclmd
17dce2523
17daniel
17crisloveyou
17corey
17cochita
17coaster
17chrisbrown
17chris
17chilliedog
17chic01
17chester
17cheer
17castle
17carlos
17candles
17calenita
17cabinhillpark
17bulldog
17bookie
17bizz
17billion
17betty
17bchris
17bambam
17azalea69
17augustus
17aug95
17ashley08
17ashley
17arddun17daniel17
17april1993
17april1972
17apples
17aon17
17anu4
17angel11
17andres
17ana17
17am72
17allis
17albert
17ala17
17aj1m
17agosto1995
17ago07
17agin
17af04
17adrian
17_11_1991_roz
17\\09\\90
17TheTribe
17Star87
17PaDdY24
17PRINCESS
17NELLY
17Mgaal17
17Mayo07
17MESES
17K30S_r
17Jun1990
17Enigma
17DEMARZODE1992
17Chris
17AgIe58
179water
179urta
179mills
179URTA
1799918
179991
179977
17997683
1799756424291
1799672
17996
179954
17995
1799456
17993555
17993331
179924
179919
179912
179910
179903
1798tede
179895
179887
17988
1798717987
179861
17986
179852
17984332
17984253615
17983795
179834
179830
17982721
179825
1798204
17981986
17980697
179803
179800
17980
1798
1797abc
179797
179788
179753r
1797441
179737
179721
17972
179711
1797058
17969728
17965842
179655320256
179654
179644
1796419
179626139
179607
17960505
1795yellow
17958702cody
179587
179566
1795534p
17955
179543
17953
179508
179484647
179465
17946334fyock
179463
17945906
17943373
1794321
17942
179417
1794145
179410
17941
17940
1793sam29
17939398
1793932027
179388
1793852
17938246
179382456
17938
179358246
179358
17935647
17935555
179351
17934826
1793468250
179346825
17934682
179346285
1793456
179345
17934
17933845911689
179336
179333
179328465
179328456
179325777
179324865a
179324568
179323
179319
179318
179315
17931456
1793144
17931397
179313
17930
1793*/br
1792kam
1792eleri6129
179297
17928
17926422
179255826
1792532
179253
1792528
179251
1792488
179240688
179238
179230860237965
179214k
179212
17921019
179205
1792006
1792005
1791998
1791997
1791995
179198610
1791980
17919782631358
179183
179171
1791701
179160
179145
179143
17914
179129882040
1791279271001
1791230
17911991
179112
179104
179101
17909288
1790814200881
179076
179069
179066
17906000
17906
17905046
179050
179025
1790224
179010
179007
17900151
17900
1790
1789yale
17899871
1789987
178994995
178992
17898266
17898
178965
1789632
17895ale
178954
17895316
17895263
1789321
178932
178931
178919
178918
178911
178908
1789071
1788xw
178896
178895
17888929
178878
17886923
17885985
178857
17885312
178852084
17884961
178845
178844
17884
17883337
178831
178830
1788258
178824
17882
178819
178815
17881225
17881
178805
1788
1787dd
17879396
1787905
17878118
17878
17877
178765
178764
17876
178757
178752
178734
178728
17872319
1787218923
178719
178714
1787110
178711
178707
1786vmrain
178685844
1786821
17867
178655
178652
178632866
178631
1786252
178625
178619
17861704
178617
178611
178608
178606
1785mw
1785ismy#
178593
178590
17858bse
178587
178581
1785789
17857300
17856625t
178560
17855799
178545119
178540
178525
178522
178520
17851712
1785162
1785112
178511
178509
178505
178504
178502
1784km
178489
17848425
17847
178467
17845225
178435
1784344
17843191
178427
1784269
178421
178420
178408
17840101
178401
178392
1783894216500042
1783848
178365
17836
178359
1783543
17834
1783301
1783
1782CL1321
1782@lc
178291
17829
17828944
178286
178273
178263
178260
1782569
178256
1782538
1782536
1782525
17825221
178250
178241m
178240
1782369
178236
17822625
17822350
178222
17821289
178211
17821
1782099200
178205
178202
1782006
17820056
1782005
178200
1781986
1781977
17819
1781732
17816422
17815023
1781443
17813hw
1781304
178128
178125
1781226
17811
178109
178107
178102
1781019
1781017810
17810
1780932
17807428631
17805854
178042
178041
178031
178017
178012
178000
177utk
177mel
177fresh
177993550
177993
1779900171022
1779900118385
177990
17799
17798923
1779862
17798069
1779800076737
17798
1779793
17797
17795
1779239
177919
177902
17790
1779
1778xn33
177891863554
1778899
177888
17788134
177877
1778631
177861503
17784128
177840
17784
17782793
17782
177817
17781429
17781218
17781215
17781210
1778121
177800
1777love
177790
17777771
177767
17775909
17773337
177709
1776xx
1776mg
1776DOBey
177692
177687
1776821
177678
177673
177669
177668
1776678
17765481
1776535
177646
17764055
177638
177630
17761976
17761812
177618
17761215
177611
177600
177586
1775813
177572
17756969j
177567
17756266
17756
17755ilovemyzen
17754879
1775436
17754273822
177535
17753
177528
17752
17751866
177515
177513
17751
17750214
177500
1774h0171
1774ac
17749321
177492
17749
17748753
17747745
177474
17747
177459
177455
177452
177446
177417
177414
177410
17740135
1773TH4
177399
177394
177377
177372
17737
17736558
17736515
177354
17735380773
177345mm
1773445
177332
17732502
17732403813
17731773qqee
17731773
177317
17731591
177313
17731
177309
17730430
1773-621-4585
1772900
17727767
177272
1772693
177262
1772535
1772530
17725
17723
177221
177213
1772107
1772076
1772048
177204
1772006
1772005
1771996
1771984
1771983
1771980
1771978
1771959
1771871
177181
177180
17717hp
177177177
177176
17717266
177165853w
177164373
177162
17715531
17715513
177145
17714351
177131450191
177123
1771178
177116
17711537
1771123
177111
17711020
177110
177108
177101
17710
1771
1770necrofilia
177089
17708445
17708
177077
177075
17706596
177065
177062
1770600159681
1770600114700
1770600095225
177054
17705363
1770422370018
1770400020434
177035
17702028
17702005
1770200080450
1770175e
1770171
17701525
17701454
177003
177000l
1770000
176ntgsm
176mainstr
176lspqueen
176idl
176cfg
1769clark
176991
1769900299983
1769900280450
1769900227699
1769900161591
17697
176969
1769671
1769666
176961
17693418
1769316
1769282
17692
176906856
176906
17690
1769
17689725
17689666
176895
176883
17688
17687
176845
1768441
17684
17682129
17681995
17681319
176811
1768
176779
17677
176766
176725
17672
17671843
176717671
176713
176700
1767
1766982
176688
176684
176671
17666285
17665
176635a
17661724
1766075900
17659334
176592
176588
17658610
17658205
17657414
176541
176524
176510
1765052
176482
176477
17646196
176461
17644395
17642513
176421
176400
1764
176391
176376
176359
17635
17633633
17633247
176321a
17632144
17631536189006
176310
1762st
176298
176288
176278
176276
176270
176260
17625786
17625760meliza
1762537
1762534
17624g0009b
176241
176234
176216341
176211
1762007
1761stud1
1761996
17619864
1761985
1761980
1761789
176176a
176175
17617
176164
17615082
1761348
176134
176117
176103
1760ljj
176084
176081
17607916192
176075
1760700032403
17607
176060
176056
1760447
17603jpm
176038
176016
176011
1760100057073
176008
176006
175nascar
175class
1759wilson
1759900189
1759900180137
1759900107529
1759900088
1759900
175990
1759831
175978
17597
175940559
175931
17592655
17591759
1759042
1759
1758ozzy
1758kat
17589771
175890
175847
175846
175843
175841
1758290
1758144
1758059
175805
1758
1757968
175781
175778
17577
17575943
175757
1757543
175746
175733
17571746
175713
17571
175709
1756991
17569629
175685
17567968
175679
175676
175670
175666
17566
175649
175648
175639
175638
175634
17563112
17562532
175622
17560767
17560
175579
17557067
17556034
17556
17555781273006
17555555
175555
17555399
175551
17554708
17553517
175523
175517
175515
1755-eri
1754stud
1754cs
175494
175489
17547050
175463
1754628379
175433
17543
1754176
175408
175406
1753mom
1753jg
17538710
175372
17537
175358
17534952
175321
17532028
175320
175312
17530464
175303
175300
175288
175280
175275
175273
17527
1752537
1752535
1752530
175249
175233
175226
175221
17522
175213
17521068.e
1752008
17520
17519055
175180
1751767
175176
175174
1751716
175170
175164
175161
17515
17514328
175138
175135
1751338
17512226
175122
175107
175104
175100
1751
175095
175047830
1750266
175026
175024
1750224
175018
17501750
1750175
1750128
17501104
17500950
175002
175
174ciera
1749959
1749900442999
1749900193913
1749900172991
1749900122888
1749900119
1749900
17498226
17498008
1749800142
1749800111133
1749800100361
1749800064071
17498
1749663
1749635
174950
17494
17492ny
174920
17492
17491749
174911
17490308
17490
174899
174872
17486.dob
174856
1748526
174852
1748517485
174850
174843
17482526
174825
174822
174821
174817
174816
17481
17480000
174783
174774
174770
17476712
174766
174765
17476286
174757
174756
174752
1747505020128
1747417
174741
1747394
174729
174725
1747210
1747189
174711
1747
174689
174687
17468121
174680
174665
17466
1746527192
174620
174617
174608
174604
1746008
174600
17458dc
174589
174569
17456365
174563
174545
1745389
174531
174526
174500
174496
174492
174488
1744876
17446175
174444
174431
17443088
17442618
174424
1744194
17441744
174416082
1743evertonfc
17438097
17438
174379
174376
174372
1743710413
174359087
17435846
17434ever
1743447
17432742
174311
174309
174305174305
174301
174296
174293
1742859160
174285
17427320
174267918
1742533
1742530
17424yo
174243
174239
17423811
17423110
17423
17422636
17422306
1742202383
174213
1742117969
17421
1742007
1742001nade
1742000
17420
1741yuka
17419926286290
1741986
1741983
174194
174185754
174178
174176
174175
174166
17416
174144
174138ferg
174135
17413
174128108
174127
1741204
174119r
174118
17411473
17411431
174112
174110
174104
174101
174100
17410
1740mm
174090
174088
17408
1740658563
17406
174049
174035
174034
174023326014
174017
174012
174011
17400827
17400184
1739schoolmuk
173999
1739900296747
1739900134836
1739900118954
173982
17396
173946
17394560
173933
17393174
1739285
173928405669
17392588
173925
17392
173918
173917
173915
173909
173902
17390
1739
17389
173881
17388
17387
17386384
17386059
173855
17382980
1738252
17382464
173824
173820
17381837
173817
173816
173812
17381
173808
17379185
17379090
173786
17377cc
17376
173718
17371737
17371247
173707
1737
173696
173684
1736788
1736701
17366961
173652
17365
17364523
17364072
1736373631
17363
173625
173623
173611
17361
173590
173568
173566
173558
173551
173547
173545
1735449thu
17352671
173522
173515
1734yfmgp
1734seventh
17348546
173483
17348
173478
173467321
1734517345
173445
173443
173420
17340933
17340830
173402
1733old
1733k3
173378
173371713
173371
173353138
173343
173342
173338
1733341
1733325
173331
17332654
173317
173316
173306
1732ceu1836
173286
173284153
173268
17325evil
173256
1732549
1732539
1732537
1732533
1732530
17325111
17325
1732391246850
173222
17322134bboy
173220
173219
17321717
1732110
17321
17320076
1731983
1731982
1731973
1731965
173195
173193
173190
173188
173187
173178
173170
17315
173148csc
173140
173137
173135
173131
173130
173125c
173122
17312
173118
17311366
173112
173111
173102hyd
173100
1730pie
173095
173079B
173071
173050
173042
173036
173029928058
173026
17302257
173022121
1730220609
1730200182252
1730200094418
173020
173015
173014
17301347
173010
173009
1730078
173004
1730036
1730002
172dat
172ben
1729srqq
1729sam
1729gorg
1729CLAROQSI
172993
1729900293551
1729900243864
1729900165821
1729900079142
172990
172988
172987
1729800004582
172972
172964
1729621
1729601
172958
172932
17293
172929
172928
172925
172918
172910
172909
172904
172901
1728w104
1728m
1728aye
172891
172882
172879
172878
172873728
172861
172859
172858
172857
172856
172845
17284
172839968574
17283945
172839134679
1728390
172834
1728339
172833
1728326
172823
17281989
172819
172818
17280929
172807
1728061728
172803
172801
17280
1727marimba5038
1727ab
172794
172793
17279
172787
172786
17278048
17278
1727775
172777
172772717
1727610
17276032
17275552
17275
17274nm
172749
1727455
172745
172741
172734
172733
1727296
172727
1727237
17272
17271990
1727159
172713
17271243/5
1727103gia
172709
172706
17270323
172701
1726ron
1726nessa
1726benjo90
1726ae
17269878
17269833
17269333
172691
1726909
172685
172681
172680
172669
172659
172658
17265
172646
17264442
172644
172641431
172640
1726364
1726354A
17263544
172635
172627m
17262750
172623
17262000
17261511
17260706
172607
1726
1725t
172599
172597
172594
172591
172590
172587
172585
172584
17258
172579
172577
1725760241984
172573
172572
172560
172550
172549
172547
17254647
172544
172541
172528171985
17252800
17252280
172519236
17251815kkk
1724ya
1724tkm
1724s45
1724missy
172499
172496
172494
172493
172489
172481
172477
172468
172463
172460
172458
172456
172443
172441
172439
17242520
1724233562
172422
17242008
17242005
172419
17241725
172415
17241
172407
1724057692
172405
1723sibel
1723ryg
1723pd
1723miss
1723hf
1723985
172391
172384
172382
17236655
17236368elisa
172363
172362
172359a
1723590
17235854m
172358
172357
172356
1723554992
1723520324
172351
172350
172349
172348
172345172345
172338
172332
17232912
17232
1723179501
17231724
17231418
17231111
17230912
17230623
172302
172301
17230
1722lara
1722js
1722je
1722ijsmith
1722broad
1722984
172287
172284
172282
17228
172278
17227
172267
1722666
1722657481648535
172265
172261994
17226
172259
1722555891
172255
1722529
1722526
172250
17225
17224829
172248
17224
1722393749
1722386644gamu
172228846-9
172226
17222283
17222217
172221
17222
1722184007
172212
172208766-3
172204
1722008
1721st
1721saniuday
1721mara
1721laura
1721984
1721978
1721977
1721975
172192
172188
172185
172184
17218337
1721819470
1721818605
172180
172179
1721781845
1721690921
172164229710
172163
172162
172159707-6
172155
1721545687
1721528550
17215177
17215
172138
1721344701
172134
1721337
17212713
17212344
1721211085
17211981
17211726
17211522
17211504
172115
1721147
172113
172112511
1721123
1721111
172107
17210590
172105
1721047833
172104444
17210317
1721029
172102
1721007662
1721000054928
1721000012842
1720vilma
1720997590
1720950
1720908381
172089
172087
17207
172069
172065
1720636149
172056
172055
1720539486
1720502101
172049
1720480
172048
1720400002967
172035
1720300050072
17202539
17202530
17202017
17201987
17201916
172019
172014
17201358
17201222
172012
17201
1720077484
17200525
172003882
1720033
1720026960
1720012
1720005
1720000
172.27.1.70
