
09208074297
09208074014
09208073673
09208061628
09208054033
09208033624
09208009218
09208007978
09207999289
09207918669
0920790433
09207883993
09207838215
09207772067
09207760917
09207753868
09207743181
09207714661
09207712032
09207704193
09207670478
09207661209
09207631167
09207628351
09207608863
09207605239
09207603579
09207579486
09207574674
09207568932
09207531332
09207521487
09207519757
09207516563
09207492005
09207479288
09207472179
09207439605
09207424436
09207402886
09207398385
09207382473
09207378697
0920733227
09207324105
09207318623
09207317400
092072719
09207269124
09207223563
0920721521
09207197792
09207188741
0920718652
09207133641
09207106528
09207097037
09207092670
09207066474
0920705803
0920705680
09207049870
09207049294
09207031641
09207024644
09207016896
09206919469
09206903055
09206787357
09206785168
09206778004
0920677556
09206774163
09206771958
09206739882
09206713492
09206692953
092066908879
0920669088
09206685988
09206685075
09206678368
09206662952
09206660189
0920662277
0920661899
0920656264
09206561635
09206560093
0920655591
09206543822
092065352
09206533919
09206523806
09206522317
09206510101
092065046
09206480865
09206474954
09206465797
09206448240
09206424135
09206423571
09206353591
09206332127
09206328517
09206326031
09206325394
0920630369721
09206296940
09206284468
09206281887
09206276101
09206272537
0920623
09206220560
09206215384
09206208487
0920620
09206198823
09206198693
09206191062
09206188403
09206180053
09206166898
09206164013
09206163970
09206161277
09206160194
09206153906
09206152293
0920613700
09206136054
09206134173
09206119400
09206111582
09206110601
09206109501
09206098760
09206092839
09206078
09206073588
09206063649
09206058060
09206051082
0920604427
09206042289
09206029185
09206027692
0920602236
09206015450
09206006513
09205958198
09205947578
09205938853
09205920657
09205914933
09205911916
09205901762
09205890165
09205870696
09205864963
09205856861
09205849792
09205833106
09205819879
09205812513
09205799613
09205791725
092057708
09205770710
09205765189
092057575308
09205749079
09205704183
09205698473
09205696887
09205695895
09205674638
09205673382
09205662302
0920565736
09205653845
09205628216
09205625640
09205623678
092056204
09205612281
09205598709
09205595016
09205577937
09205577152
09205569707
0920556665
09205524108
09205520299
09205511702
09205507759
09205450976
09205444586
09205434142
09205428001
09205427312
09205415745
09205408825
09205406740
09205401855
09205401190
092054
09205395720
0920539147
09205388935
09205377692
09205377289
09205373406
09205357182
09205353147
0920535127
09205321158
09205303733
0920529890
09205296614
09205281108
0920527260
092052396713489
09205211145
092052
09205181974
09205180964
09205177551
09205169487
09205164946
09205154906
0920513
0920512251
09205111790
09205110986
092051
09205084574
09205084463
09205083576
09205055021
092050502988
09205043012
09205042006
09205032810
09205023307
09205023183
09205022935
09205017218
0920500365
09204988685
09204981776
09204981264
09204896948
09204883625
09204873649
09204848402
09204844740
09204833636
09204828713
09204774953
09204749004
09204747127
09204745985
09204732466
09204724894
0920472415
09204723862
09204709087
0920465615
09204651924
09204650328
09204648118
09204647904
09204642774
09204641564
092046320
09204630512
0920463020
09204625604
09204618286
09204615696
0920460535
09204595734
09204582199
092045770302437018
09204574403
09204563161
0920455495
09204554436
09204551044
09204548603
09204546776
09204530599
09204526002
09204524470
09204507411
09204505847
09204465551
09204462565
09204455284
09204453201
09204431178
09204411342
0920440763
09204394
09204373638
09204365503
09204356060
09204349281
09204345641
0920433965
09204286718
09204277103
09204271497
09204266767
09204242398
09204221575
09204212459
092042
09204197220
09204187648
09204184643
09204159727
09204151479
09204150886
09204148974
09204132659
09204127874
09204125694
09204121036
09204098156
09204096792
09204084775
09204077862
09204062604
09204052021
09204043929
092040428
09204038374
0920403424
09204031661
09204022135
09204012735
092040
09204
09203994378
0920397130
09203966478
09203959122
092039565498
09203917526
09203916184
09203891434
09203868594
09203860351
09203824080
09203804037
09203792718
09203773356
09203742133
09203725087
09203723539
0920371966
09203715582
09203709267
09203709191
09203692168
0920366978
09203666843
09203652462
09203646439822
09203639721
09203631540
09203620467
09203620101
09203612157
09203605621
09203604940
09203602189
09203589755
09203562179
09203547012
09203542758
09203539626
09203539125
09203530457
09203519143
09203516658
09203508687
09203500668
09203483212
09203479077
09203470775
09203463029
09203455053
09203449947
09203436104
09203420205
09203415457
0920339354
09203358681
09203353149
09203334582
09203318293
092033054
092033
09203279172
0920327739
09203256674
092032507009
09203241684
09203237902
09203212061
09203210564
09203206173
09203205639
09203188201
09203187318
09203167389
09203136573
0920313115
09203119120
09203115745
09203100491
092031
09203095023
09203093214
09203091044
09203082435
09203077928
09203057028
09203043528
09203034549
09203030132
09203026975
0920302474407
09203016010
092030149146
09203013322
09202990781
09202988862
09202945692
09202942149
09202919751
0920291377
0920291223
092028928
09202862379
09202856915
09202849918
09202848899
09202825203
09202824019
0920280517
0920278034
09202770995
09202766072
09202760368
09202756383
09202753098
09202746271
09202745876
09202719735
09202712206
0920270143sharifah
092027
09202669470
09202655964
09202653652
09202650
09202647627
09202644746
09202635261
09202628855
09202621722
09202597618
09202593640
09202566939
09202558394
09202547703
092025467676
0920254464
0920254211
09202539331
09202530866
09202482081
09202480239
09202479338
0920246013
09202458472
09202458367
09202427667
09202426627
0920240645
09202390
0920238554
09202384650
09202381490
09202367491
09202352362
09202350252
09202347865
09202340715
09202339306
09202336046
09202320724
09202318069
092023157
092023153
09202296217
09202283581
09202281972
09202266297
0920225964
09202258550
09202243816
09202224017
09202211333
09202208613
09202204065
09202203543
09202200369
09202193411
0920219
09202184736
09202171968
0920216970
0920216787
09202166682
09202163419
09202155411
09202133864
09202124263
0920211983
09202115
09202108209
09202105129
09202057625
09202052146
09202045749
09202044514
09202041156
0920203799
09202019537
09202019169
09202016587
09202015782
0920201198
0920200512
09202004
09202003
09202001687
09202001
09202
09201993
09201976
09201973
09201970
09201968
09201967
09201966
09201964
0920170320
0920162321
09201597833
0920150309921
092014328
0920123456
092012345
09201221
09201108
09200918
092009114
092008943
092007189
09200209
09200023
0919korn
0919km
0919haru
091999838
091996cs
09199405
0919936088
09199199
091991438
09199116
091989nkm
091989ke
09198995049
09198991564
09198977332
09198976943
09198954588
09198941346
0919893991
09198939159
09198933780
091989303084377498
09198928880
09198928479
09198926825
09198925499
09198920524
09198916679
09198912
09198904924
09198899180
09198884015
0919887321
09198864939
09198836546
09198832870
09198829592
09198827712
09198826
0919881699
09198816308
09198814884
09198812806
0919881
091987im
09198796
0919879
09198787980
09198787043
091987854444
09198781747
09198751275
09198747275
09198746889
09198736854
09198727
09198715415
0919867481028
09198665440
09198651529
0919864682
091986421
09198620318
09198619776
09198604086
09198595349
09198584224
09198560709
09198558957
09198550251
09198549959
0919853362
09198533496
09198526939
0919852688
0919852456
0919852442
09198524222
09198515620
0919850
09198498001
09198494004
09198476248
09198440098
09198435787
09198415184
09198414098
09198405503
09198404209
09198390808
09198386573
09198377780
09198351742
09198339533
09198324601
09198321770
09198311839
09198308209
09198303394
091983011982
0919827724
09198275123
091982684
09198262544
09198259054
09198255678
09198249337
09198245362
09198237685
09198227795
09198224133
09198223812
09198223461
09198220771
091981847
09198181803
09198166507
09198152348
0919814281
09198112477
09198108019
09198083898
0919807141
09198067127
09198061038
0919805781
09198047773
09198029224
09198026088
09198020679
09198015135
09197998017
09197972812
09197966509
09197964838
09197954475sake
09197953
0919794927
09197948361
09197933246
09197932297
09197906630
09197906416
09197889598
09197880
09197860501
09197859886
09197846351
0919784465
09197836255
09197819292
09197814153
09197810064
09197798427
09197796209
0919776783914344
09197766577
09197753985
09197751082
09197737925
09197726034
09197722101
09197718125
0919771232
0919771077
09197709526
09197703663
09197677270
09197665072
09197662842
09197657541
09197615412
09197587034
0919758230
09197577674
09197572977
09197566888
09197556831
09197554231
09197550003
09197542186
09197532203
09197499757
09197491170
09197458856
09197436622
09197423252
0919741535
09197413561
091974058
09197382880
09197341731
09197333583
09197321486
0919731753159824655320
09197313718
09197298538
09197282626
09197281394
091972638
09197253190
09197238063
09197230571
09197206930
09197203989
09197201446
09197184645
09197170331
09197164479
09197154249
09197118062
09197114031
09197108351
09197047482
09197021942
09197003088
09197002770
09196995500
0919697051
09196934667
09196924587
09196922346
09196892416
0919685434
0919685187
09196846382
091968261974
09196817265
09196802206
09196795433
09196789721
09196780263
09196773510
09196765587
0919673754
09196712162
09196688976
0919667950
0919667110
09196666
09196662562
0919664251
091966176
09196616937
09196613265
09196612605
09196612276
09196597393
09196572617
09196570260
091965588653
09196539520
09196532878
09196512088
09196511148
09196506722
0919650459913213
09196494398
09196462568
09196460054
09196457782
0919645499
09196454036
0919645020
09196436118
09196423689
09196419095
09196417083
09196396703
09196391962
09196379189
09196372392009195838963
09196361861
09196359348
09196356725
09196352985
09196335372
09196316005
09196315360
09196304544
09196303086
09196298710
09196286143
0919626
0919625955
09196257982
09196255169
09196243423
09196232374
09196212238
09196185831
09196185790
09196185751
09196173266
09196170021
09196164919
09196131808
09196125552
09196124880
09196103474
09196102739
09196099139
09196080984
091960691
09196065835
09196061524
09196047227
09196040170
09195997280
09195992973
09195983725
09195972227
09195956131
09195949697
09195931544
09195930576
09195928898
0919592342
09195918470
09195903799
0919589986
09195869613
0919586605
09195854394
09195850825
0919585
09195846305
091958269
09195825907
091958194
09195805955
09195785797
09195782982
09195775115
0919576712239
0919576442
09195761496
09195756
09195746691
09195742013
09195722nardos
09195716302
09195713395
09195705479
09195700120
09195691166
09195686722
09195683281
09195665917
091956634043
09195657638
0919565585
09195653650
09195650987
09195643646
091956417824
09195623619
09195622602
09195603150
09195592421
09195586896
09195582143
09195580133
09195574
09195569618
09195565852
09195557302
0919554984
0919553
09195526268
0919552357
09195510127
09195502416
091953900
09195389236
09195376736
09195370245
09195357470
09195356625
09195352498
09195348650
0919532846
09195317818
09195316
09195305368
09195301376
09195300
09195279619
09195249165
09195239046
09195236338
09195210079
0919519622
09195183015
09195181206
09195176321
09195169692
09195160983
09195131486
09195128165
09195127456
0919512433
0919511011
091951
09195090639
09195077045
09195065339
09195028033
09195027435
09195025962
09195017864
09195012009
09195010116
09195002129
09195
09194997707
09194980703
0919497322
09194970731
09194946267
09194944826
0919493632
09194922348
09194915567
09194914096
09194912818
0919490508
09194898018
0919488701
09194885339
09194862
091948387
09194834047
09194829477
0919482665
09194825491
0919482120
09194806627
09194805166
091948
09194791008
09194789913
09194788425
09194786990
09194783466
09194776360
09194773680
09194769632
09194761031
09194746908
09194724561
09194709359
09194708170
09194698149
09194687502
09194683810
09194671954
09194659971
09194655742
09194647370
0919463971
09194629005
09194599008
09194592857
091945834234
0919456
09194556966
09194548004
09194547423
09194543418
09194535675
09194527485
09194519536
09194509937
09194507040
0919450425
0919450
09194494931
09194492951
09194484557
09194482408
09194472580
0919446419
09194463898
09194458596
09194451871
09194444116
09194436881
09194428639
09194424240
09194418019
09194404
09194402680
09194375
091943585010
09194357144
09194318359
09194307504
09194301251
091943
091942955
09194271422
0919426852
09194264598
09194261541
09194260939
09194246041
091942341
09194232424
09194227833
09194223918
09194205336
09194181020
09194178454
09194176976
09194163031
09194136184
09194131191
09194122423
09194110291
09194109664
091941
09194087014
09194077150
09194074847
09194050909
091940497
09194047552
09194007805
0919400555
09194002275
0919400000
09193969560
09193949899
09193944503
09193941802
09193939
09193929648
09193927117
09193900885
091938987
09193890038
0919388876
09193881386
09193879776
09193874504
09193869941
09193859779
09193856086
09193846637
0919382861
09193822074
09193822
09193818248
0919381813
091938
09193790949
09193783001
09193781800
09193774907
09193707461
09193696491
09193695431
09193655330
09193633360
09193633226
09193633074
09193615605
09193606243
09193595325
09193587475
0919358563
09193584892
09193580894
0919357978
09193547749
09193545200
09193540319
09193539373
09193533630
09193496516
09193487225
09193468174poli
091934589
09193453708436
0919344880
09193437108
09193432568
09193418208
09193407086
09193397447
09193365690
09193357067
09193355498
09193330498
0919333
09193324381
09193319948
09193308045
09193305109
0919330
091933
09193298010
09193295010
09193287614
091932840
09193282654
09193268007
09193256534
09193254167
09193243302
09193242809
09193242408
0919323162
09193229643
09193214642
09193212759
09193204288
091932
0919319772
09193189915
09193183523
09193153268
09193145854
09193136598
09193134757
0919313181
09193130209
09193122445
09193109122
0919310667
091930rg
09193095615
09193020183
0919301932
09193009317
09193006140
09192974956
09192958293
09192957193
09192949893
09192941984
091929394951
09192938896
0919293865123
09192925061
09192920497
09192868048
09192862398
091928573
09192851396
09192846565
09192822210
09192797
09192788385
09192783396
091927715131614
09192767324
09192738553
09192706410
09192703062
09192686443
09192652993
09192645141
091926445
09192640506
09192639435
09192635920
09192630790
09192626010
091926243
09192605097
09192603438
09192593731
091925840236
09192555881
09192546879
09192540671
09192538552
09192529
0919252525
09192514458
09192514202
09192500159
09192495791
09192493761
0919248679
091924862026
09192484173
09192475522rc
09192472913
09192468
091924631
09192461140
09192454269
091924468
09192436960
09192432617
09192427447
09192421398
09192418317
09192400561
09192394826
09192387715
09192382652
09192374540
09192374381
09192373369
09192373309
09192370449
09192366556
0919236351
09192348463
09192339106
0919233208
0919232949
09192320621
09192318441
09192306942
0919229842
09192289389
09192286567
09192286557
09192285854
09192281001
09192277091
09192273032
09192256093
09192252890
09192245221
0919223313
0919222444
09192224237
0919222164
09192214533
0919221272
09192196523
09192195679
09192174843
09192163449
09192147438
09192140595
09192126556
09192109751
09192095700
09192080304
09192076926
091920499
09192049630
09192046376
09192037012
0919203452
09192029201
09192027939
09192004790
09192003
09192002
09192001326
09191995
09191981
09191975
09191974
091918885
091918
091917
09191563944
0919134
0919130808
091913
09191296
0919125212
09191234567
09191231820
09191215105
09191209736
09191170037
091910320
09191009
09190927
09190911
091907jmg
09190725
091907062231
0919068541
091906108088
091905161
0918tiggy2
0918a
091899pc
091897974
091897418
09189622531
0918936289
09189335929
091892.
091891456
091891153
09189013
091887478
0918853333
0918851069
09188245
0918816046
09188100
09187986209
09187969522
09187966082
09187964752
09187954995
09187932085
09187931836
09187925422
09187921005
09187915228
09187901320
09187894985
09187887796
09187850804
09187845904
091878326
091878092235969
09187784425
09187735405
0918772937
0918769258
0918769051
09187682898
09187640276
09187610901
09187585393
09187577253
09187557630
09187551839
09187536187
09187535205
09187533224
09187523917
09187479990
0918746448
09187458784
09187442313
09187434383
09187427377
09187426229
09187425157
09187424981
09187420973
09187407068
09187402353
09187388070
09187356933
091873567
09187348606
09187336479
09187328746
0918730192
09187299007
09187297552
09187284083
09187264500
091872342
09187232912
091872308
09187223454
09187222788
0918720456
09187197614
09187193914
09187193307
09187184669
09187183890
09187181159
09187179454
09187176383
09187176021
09187159577
09187156360
09187152700
091871481
0918714235
091871299
09187101540
09187063403
091870571
09187049069
09187015031
09187001691
09186991946
09186982152
0918696305
09186937120
09186929489
09186926709
09186922688
09186921933
09186920930
09186920035
09186919430
09186890651
09186889590
09186879826
09186876826
09186867964
09186862192
09186860850
09186859595
0918685882
09186856230
09186780298
09186775320
09186765523
09186761830
09186753227
09186751849
09186721668
091866cs
091866964535
0918669
0918666824
091866547198
09186654678
09186642964
09186620804
09186614431
09186606076
09186602302
0918659808
09186590547
09186590226
09186574571
09186561781
09186559756
09186550493
09186546433
09186529183
09186526192
0918647202
09186470076
09186464637
09186439013
09186437308
09186432316
09186409608
09186386571
09186385
09186382376
09186375847
09186364406
09186363717
09186360759
09186347635
09186339077
09186331284
09186324139
09186305452
09186305318
0918630345
09186295282
09186293253
09186292679
09186277560
09186267223
0918626023
09186254925
09186222048
09186217107
09186209316
09186204615
09186189119
09186172240
09186168058
09186152713
09186150352
09186141834
09186132
09186103727
09186100165
09186085115
09186060708
09186055968
0918604478
09186039584
09186020280
09186005281
09186
091859912
09185982369
09185977601
09185958715
09185958576
09185932374
09185884495
09185872116
0918587098
09185854614
09185832046
0918582614
0918581097
09185809746
0918580578
09185757511
09185742601
0918572987
09185713575
09185659236
0918565921
09185641734
0918562569
09185615351
0918560974
09185592628
09185581245
09185579
09185567934
09185559601
09185559441
09185555487
0918555
09185530685
09185528139
09185512506
09185510749
09185508956
09185508435
09185507183
09185484904
09185476975
09185463108
09185459301
09185422609
09185416452
09185404972
09185403135
09185392014
09185376422
09185371492
09185363716
09185351005
09185336134
0918532776
09185274976
09185267009
09185255241
09185250665
0918525
09185243259
09185227372
09185225798
09185188030
09185163476
09185162265
0918515862
09185144115
09185143590
09185137267
091851341
09185128694
09185125075
0918511
0918508
09185064823
09185037687
09185021197
09185018905
09185014047
09185008838
09185
09184987429
0918498570
09184977214
09184968900
09184961438
09184913777
0918491333
0918490583
0918489949
09184871874
09184870675
09184866142
09184865503
09184864656
09184854035
09184849002
09184844068
09184843550
09184838348
09184831982
09184811705
09184805124
09184794471
09184789082
09184785461
091847755
09184761306
09184760733
09184744757
09184730787
09184727396
09184718961
09184715757
09184692694
09184676042
09184664858
09184651418
09184643145
09184639472
09184626998
09184600249
09184587823
09184585439
09184562033
09184552474
0918453985
09184538965
09184525525
091845170
09184514331
09184512224
091845
09184484127
09184480559
09184476764
09184467086
0918443
09184415149
09184412644
0918440666
09184402650
091844004
091844
09184399109
0918439
091843886
09184387805
09184376273
09184373976
09184353393
09184342603
09184340742
09184329374
09184326241
09184304115
09184291598
09184286719
091842810
09184272097
09184263633
09184257690
091842484
09184235498
0918422375
09184221982
09184202817
09184193170
09184184275
09184179315
09184171526
09184166394
09184165142
09184159933
09184156048
09184154662
0918414355
09184126221
09184124885
09184121895
09184110238
09184102161
09184100736
091841
09184086182
09184064731
09184056295
09184052312
09184051182
09184045842
09184032441
09184011011
09184002042
09183988741
09183965
0918394836
09183944811
09183938114
09183915497
09183908911
09183900549
0918388997345
09183885188
0918387554
091838722
0918381642
09183814788
09183813806
09183805004
09183797114
0918379529
09183745486
09183719920918
0918371753
0918371671
09183712521
09183688172
09183674337
09183653974
09183642914
09183631761
09183631621
09183621032
09183616883
09183613211
09183580453
09183576185
09183568669
09183564945
091835489
09183545
09183543968
09183538907
09183530825
09183530439
09183515655
09183494925
09183494759
09183490787
09183456359
09183451235
09183443667
09183442863
09183435
09183420886
09183395136
09183391130
0918337
09183352780
09183322909
09183305361
09183301019
091833001
09183279374
09183276540
09183262195
09183259254
09183249036
0918323
09183213319
09183201852
09183191060
09183190508
0918318897
09183187155
09183175578
09183155401
09183118097
09183109622
09183095116
09183080703
09183079876
09183076805
0918307332
09183067737
09183055245
09183021414
09183015634
09183006008
09183005629
09183001286
09183001110
091829947
09182974416
09182969722
09182959152
091829502721
09182944725
09182944622
09182903979
09182902560
091829
09182869103
09182861754
09182860622
09182852166
0918284836609
09182847301
09182839410
09182832309
091827choosy
09182796946
09182790231
09182783509
09182778527
09182777495
09182774746
09182771880
09182770741
09182769597
09182760693
09182758812
09182757656
09182748465
09182745273
091827424
0918273456
09182733649
09182726766
09182710951
09182709432
09182681157
0918267108
09182655758
09182655121
09182641483
09182632617
0918262867
0918262558
09182609693
0918260243
09182584326
09182579507
09182571713
09182569750
091825675
09182553120
09182553003
09182547997
09182546
0918254140
09182536120
0918253525
09182529086
09182525267
0918252135
0918251927
09182513553
09182513
09182503222
09182495807
09182478
09182469858
09182453443
09182442454
09182383059
09182371163
09182370945
09182367097
09182366611
09182360131
09182346479
09182335844
09182304621
09182302996
09182270320
09182248419
09182190285
09182186315
09182158335
09182156829
09182151810
0918214418
09182138556
0918213422
09182125243
09182118819
09182113435
09182089020
09182083810
09182083646
09182078223
09182075822
0918206609
09182064490
09182059193
09182038676
09182036624
09182025420
09182023038
0918202080
09182017778
09182011242
09182008
09182002
09182
09181995
0918198
091816918
091815860
091815360
091815
0918123456
0918123
09181130
09181112
091808927
09180814
09180715
0918062845
09180426
0918041404
091803l
091802210
091801m
0918000033
09179983834
09179971304
091799695
09179938189
09179740498
09179722558
09179708538
09179670579
09179668690
09179635773
09179595117
091794846
091794337
0917939379
091793802
0917934143emeline
0917933774
091792a
09179264179
091792317
0917920
091790618
09179043998
09179
091788reyes
091785j
091785935
09178143194
09178
0917795053
09177939706
09177892305
09177631010
091775897
09177535121
091774856
09177474660
0917737897
09177365208
09177350643
091773098
09177309182
091772779
091771728
09176967760
09176923577
0917672
091767
09176693647
09176666203
09176663639
09176661467
09176634418
0917661733
09176615546
09176614110
09176434
09176433556
09176341598
091763
09176283334
09176260704
091762
09176172523
0917616185
09176161218
09176142926
091761336
091761074
09176012924
091760
09175778233
09175770949
09175583924
091755
09175342062
09175222587
091752
091751475
091751
091749688
09174923562
09174923438
09174872707
09174862386
09174825838
091748217
091748164
09174780812
09174779935
091747
09174699352
09174679517
0917464840
09174631350
09174629195
09174612336
09174544255
09174542890
09174532998
09174512517
09174425700
09174374618
09174374259
0917437
091743682
09174345119
09174335021
09174318
091742854
091742
09174168856
09174135479
09174126097
09174119327
091741
09174060656
091740070
091740
09173994815
091739277
09173924114
0917382465
091738
09173782811
09173738968
09173737143
09173705940
091737
09173652516
09173630065
09173608839
09173557370213
09173489088
09173471419
0917345951
09173445065
09173440714
0917336854
09173319670
0917331637372572755644720
09173305017
09173170852
091731595
091728466
091728
09172739324
0917269284
09172585253
091725253
09172522249
09172509820
09172472098
09172443585
0917242731
09172405212
091724005
091721916
09172058643
09172008
091720
09171991
09171979
09171975
0917161357
09171517
091715
09171448213
0917143
0917142416
091713868
091711750
091711
091710731
09170601328
09170117
0916vm
0916pincode
0916NS
09169994057
0916999
091699728
0