171eedrib
171champ
1719qlft3kt
1719kttt
1719j82m
171999i
17199213d
1719914
1719910
1719900187751
1719900123591
1719900082984
17198817
1719861049686
17197den
17197676
171974taan
17197
171967
171964
171961
17195e582784
1719593
171955
171953adclaka
171949
171947
1719449603
1719399543
171938
171933
171932
17192700
171926yejcg
1719237
1719228
17192139
1719204826
17192029
171920029-5
17191kms
17191917
171914
1719123126
17191
171906
1719058032
171902
1718kimju
171899
171898
171885
17188336103
1718830290ALISON
17187w
1718773
1718758053
171870
171865
171863a
17186230167
171859
171856
1718511
171849
171848
171847
171846408
1718422932
171842
1718393505
171839
1718364431
1718361
171834
17183392261
17183234
17183
17182910
17182531
17182427
171819k
17181925
171819141516
17181817
17181089
17180486
1718043340
1717sofy
1717slinky
1717nina
1717madj
1717girls
1717djr
1717aletop
1717adam
1717947
171792
171791
171790
17178839
171784
17178178
171781
171776
1717734725
1717723lcr
171771
1717692
171768
1717673964
171759
171757
171754
171752
1717518
17175
1717490559
171740
1717345555
171732
17173
17172424
17172331
1717231
17172020
17172009
17172006
17172
17171a
17171982
17171920
17171818
171717s
171717k
171717e
1717177
1717172421
1717171988
17171718
17171638
171716
17171313
1717125593
17171246
17171111
17171071
17170r51
17170808
17170505
17170112
1716kll
1716carmela1716
1716992811
171696
171694
171690
171688
171684
171680123
17167637060183
171675
17167343
1716697527
171667028
171667
1716650658
171661
171655
1716549892
1716457559
171641
1716367121
17163
17162jb
171628
171624
17162
17161983
1716182694
1716159
17161514
17161511
17160973
17160581
17160445
17160403
171603
1715kathy
17159513
1715948111
171592
17159
17158809
171586
171583
1715824
1715800
17158
17157685
171576
171574
171567
171564
1715518641
171550
17154af
1715499
17154605
171543
1715366892
17153
17152519
1715242210
171524
171521h
1715213524
17151819
171516
171515
171514a
1715148
1715147
1715141320
171508
17150514
1715014820
1715
1714su
1714laf
1714kbb
17149523
17148790
171480
17148
171477
17147
171460
17145
171442
171437
17142855
17142624
17141989
17141849
171416
17141513
17141511
171410
1714044904
17140325
17140
1713mm
1713955
171394
1713930384
171392608
1713833851
171382
1713719
171356
1713521704
171347
1713464
1713426
171340215
171339
171332
1713297867
171327
171324
17132209
17131312
1713122
171312
1713111
17131
171308
171305
17130106
1712knuffel
1712dianne
171292260390
17129
171288j
17128706
171282j
1712805
1712736006
17127
171266
1712645637
171256076572
17125555
17125532
171254
1712534
1712530
1712528
1712517786
1712512
171248
171247
171244
1712400215
17124
17123j
1712387
17123325
171231992
1712317
17122550
17122522
17122519
17122511
17122499
17122490631
171223226
1712205
1712200515992
17121968
17121965
17121962
17121947
17121303
171211waal
17120819
17120607
1712009
1712008
1712000
1711sarah
171199william
1711998
1711995715101
1711995
1711992
1711990
1711979
1711976
171190x
17119
171185pp
171180t
1711665321
171165
171164
171162
17116
1711520237
17114919
171143
171141
1711350858164750
17112549
17112545
17112539
17112520
17112519
17112516
17112514
17112499
1711231
17112124
17112009
1711200281271518
17111986crisma
17111972
17111971
17111970
17111968
1711193
1711187
17111315
171111
1711071215
171106jj
171105CAREN
17110531
1711000060537
1711
1710jb
1710fine
1710culaso
1710FLORATA
1710953cha
171092171092
171090240990
1710900125634
17108807
17108362519
17108
17107
171069
171068
171057
171055
1710500221440
171047
171046
171040zheza
17104
171035ot0t
17103217
17102539
17102538
17102536
17102518
17102506
17102503
17102027
171020051
17102004
17102001
17101971
17101967
17101965
1710189489
171017101710
1710112531
1710100082523
171009
1710089051
170val
170v3y0u
170street
170kauiaday
170james
170eggs
170abk
170998
170993celeron
170992Ashtree
1709900582
1709900295201
1709900264632
1709900121602
170988carla
1709877
1709872230
1709831609880611
170980013178
1709792710
17097811
170971
1709700006524
170968
170967
170966
17096360
1709606295
170960
17096
170959
170948
170944
170939
170938
17093419
17092560
17092551
17092537
17092521
17092102
17092002
17091996srm88
17091973
17091969
17091968
17091966
17091956
1709192056
17091611
170910370889817
17090917
170901982
17090144
170901
1708dalila
1708=sheyla
170893caitie
170892flame
170892e
17089
1708817088
17086931
170865
170863
170861
170860
170852
170849
170848
170843
17083113
17083
17082546
17082539
17082535123
17082534507
17082520
17082517
17082504
17082330150
17082002
17081974
17081717
170815
17081426
17080410
170803eanna
1708017643
17080111h
17080
1708-
1707mp
1707kj
1707cxwy
1707cr
170798
170796nk
170790nene
170790c
170765
17076400
170761
170753
170749
170746
170741
170737
170735
1707317073
17073010
17072702
17072536
17072534
170725301609
17072521
17072112
17072003
17072000
17071999
1707198
17071976
17071975
17071970
17071965
1707196067
170718
170715
17071433
17071303
170713
17071105
17071019
170709957
170708592
17070712
1707041
1706df
170692a
1706899786
17068443849
170667
17066430
170663
170662319
1706619922
170660
17066
170659
170657
170653
170652
170646
170645
1706348
17062540
17062539
17062533m
17062521
17062518
17062517
17062512
17062511
17062500
17062474
17062208
170621
17062040
17062009
17062001
17061998
170619961996
17061974
17061971
17061968
17061967
17061965
17061949
170617061706
1706140
17061306
17060713
1706014
17060132
1705sabby
1705love
1705icmi
17059024
170590110990
170574
170573
170560
170555
170550
170541
17052522
17052519
170519835529
1705198325
17051977
17051969
17051968
17051964mohamed
17051712
17051646
170514ts
17051403
170514
170512
17051089
17050907
1705061
1704merced
1704mathias
1704871
170469
170464
170463
17046064
17045
17043982
170439
1704385
170437
17043110
17043108
17043
17042541
17042540
17042523
17042521
17042505
17042009
17042007t
17042002
170420
17041998
17041990n
17041975
17041974
17041973
17041966
17041959
17041820
170413
17040884
17040216
1703sr
1703danahi
17039manh
1703989
1703988
17039761
1703939
170393417138
17039107
170390dios
170371
17037
170368
1703562489
170344
170340
170337
170335605
17033
1703263027356
17032549
17032537
17032517
17032514
17032408
170321
17032002
170320
17031999
17031998
17031991Y5102006
17031974
17031973
17031970
170317031703
170313
1703072
17030422
17030
1702somo
1702db
1702bida84nano
170293m
17029
170288joslin
170286rhina
170273dd
170271
17027
170268
170267
170266
170265
170262
17026
170259
1702526
170250
170248
170240
17023992
17023346
17023100
17023
17022522
170221
17022
17021998
1702199516306
17021977
17021972
17021970
17021966
17021903
170216
170213k
17021085
17020803
1701kappeldr
1701e
1701de
1701ddd
1701d
1701991
17018
1701777
1701711
17017027
170169
1701677
170155
170152
17014827
170148
17014
170138007
17013004
17012703
17012552
17012544
17012539
17012537
17012522
17012401
17012361
170123
17012001
17011973
17011968
17011963
170118
170115
1701134011
170113400
170113
1701123
170112
170110
17010817
1701011397
1700minnie
1700block
1700be
170099
170087
1700800037270
17008
1700790002631
170079
1700709
17007032210484
17007
1700689
1700683
170045
1700400163952
170035
1700310088
170030
1700272
170024527
170015j
170015
170012
170001
170000019
17/sept
17/5/92
17/12/89
17/12/1989
17/11/2007
17/11/1993-babz
17/11/1990
17/10/1994
17/09/92
17/09/91
17/09/34
17/09/05teare
17/08/32
17/07/2007
17/07/1990
17/06
17/04/jmg
17/04/88
17/04/33
17/03/86
17/02/94
17/02/93
17/02/88
17/01/95
17.becham
17.290.550
17.2.1995
17.02.9304
17-4ph
17-04-1996a
17+221
17"amia
17
16zpwpnh
16zaceffron
16z1215xj
16yvette
16yellow
16yarf
16yadig
16xmax
16woodend
16wnobir
16windmill
16vgli
16vball
16vanja16
16urcool
16u6bo0p
16times
16tiago16
16thjune
16therion
16thavenue
16thave.
16thave
16terrell
16teen16
16teddy
16sunshine
16summer
16steel
16stbaker
16state
16socks
16snails
16sixteen16
16single16
16shadows
16sergio
16septembrie
16sept
16sep06
16selena
16sarah
16santiago
16sabb
16ryan16
16rulez
16rules
16rossi
16rose16
16rose
16richard
16rfc90
16rebelde
16rathmorestreet
16rainbows
16qoh
16qniu
16punk
16pnscjg
16player
16playa
16pickles
16peta
16perfection
16penguins
16peaches
16pcttsup
16or1991
16octubre1990
16oct93
16oct1982
16oct1981
16npetty
16nov84
16nov2002
16nina
16nick
16nevets
16nancy
16nami
16mystic
16myspace
16myie
16mrz08
16moonlight
16monkies
16monkeys
16mitch
16million
16mickey
16miami
16mei88
16mei1985
16megdaw
16may87
16marzo1995
16marshall
16marie
16maria
16maret
16march89
16march1985
16maio1990
16mai1981
16mac2007
16lyss
16lynn
16lyni
16luty
16loves7
16lovers
16lover
16lov3
16louise
16lostinut
16london
16lochranza
16lilredd
16lila
16libra
16lexi
16lehoma
16leeann
16latrice
16lacole
16l*@#
16kmarie
16kittykat
16karu
16kamala
16junio1992
16juni2007
16juni2006
16juni1993
16june94
16june88
16june76
16june1994
16june1986
16july2531
16july1993
16july06
16julio1996
16jones
16jns20
16jepong
16jean
16jasper20
16istight
16iloveyou
16hubba
16horsepower
16honeyko
16hinata
16hds1999
16happy
16haide90
16hackers
16grandma
16goria4
16gointob17
16getmoney
16george
16frogs
16flakita
16fevereiro
16febrero69
16feb86
16feb2006
16feb1990
16feb07
16feb
16f2536
16ethan
16enero89
16emrose
16emanuel25
16ellis
16eastry
16dugard
16dragon
16dolphins
16do03guy86
16dizz
16dic89
16diamond
16dezembro
16denov
16demayode1994
16dejuliode1988
16decembrie
16december91
16december1992
16dec2537
16dec1995
16dec
16david
16danron19
16danny
16cute
16cosmo
16consuelo
16cmg17
16cm23
16chips
16cherries
16cheer
16cats
16catalan1990
16carlos
16c22v06c
16bunnys
16brookie
16bratz
16brandy
16brackenlane
16blue
16blood
16blondie
16blonde
16bff7006b
16baski3
16baseball
16basballer
16barbie
16bananas
16babygirl
16babe
16años
16az89
16augustus
16ashi
16ash16
16april97
16april87
16april2007
16april1994
16april1992
16april1983
16apparatus
16anthony
16anos
16anna
16angelnesha16
16and24
16amber
16albert
16agustus
16agust
16agosto2005
16again
16adyof1
16ac14jzx
16aaliyah
16a263sa
16a04s1990
16_yesenia
16_febrero
16_11_80
16Sierra
16Scott
16SWEET16
16Oct1982
16OL0S
16MARCH
16Lizzie16
16JUNIO
16JOSE
16GUANAJUATO
16DEMAYO
16BOM16
16April
16?01?91
169lym
169iarecoo
1699ch
16997277
169951
16994892
16994461
169933
1699324!!
16993
16991699
16991
169906
1698love
169895
169893
169891655
16989
169880
169860
169847
169836
16982297
169821
169813jl
169810P
169771
16977
1697559
169755
169750
16974555
1697313495
1697303
169729
169728
169725398
169715
16971315
169712k
1697044
169701
1697
16968
16967
1696611
16965465
16965027
169643489
16964
169636
16963
169618
169602
16960
1695vi
169587
169583
169552
169540
169531
169528
1695237
16951395
169513
169512
1695094
169502
1694ev
16948206
16947
16945678
169455309
169440
1694352005
169435
169430
16943
169425
169416
169412
1694035
16940293
16940
1693_1693
16937
16936
169357
16935
169348W
169347
169342
16933943
169337
16933333
1693327252
16932937
169326286
169324
169321
16931693m
1693130
169312274
169302
1693
169296
1692886
169272
169270
169269
16926747
16925
16924bm4
169247
16924437
169241
16923655
16923189
169224
169222
1692200
169220
169213
169211
16921
169209
169208
169204
169203
169202
1692008
1692006
16920
1691solsolecito
1691998
1691982
1691979
1691977
1691973
1691960
169178
169175
16917
16916969
169169169
169169123
169149
169131
1691303
169129
169126
169124
169115
16910827
1691014s
169100608
1690yeha
1690kj
1690k
1690e
1690c314
1690angel
169095
169085
169074723
1690745
169044
169034
16903146
169031
1690297
169026
169024
169023
169020227
169017
1690132410
16900267
16900000
168fh
168duw
1689sb
1689pewp
1689bf
16899861
16899199
168990
16898988
168989
1689865
168981
168979
1689716897
168964
16894
168936
16893
16892810
168922
168918
16891
1689000
168898
16888888
1688842129
168884192
1688756
16887081
16886
168857
16885
168847
168844
1688433
16884
168834130
168833
168831
168828
16882
168816
168814
1688116754
168806
1687rc
168791
168787
168786
168783
16877893
16877696
16877
168768
168759
16875791
168756880
168755
16873951
16873842
168732
168731
16871687
16871228
16871123
168706
16869225
168691
168686
1686788
16866965
168668
168666
16865641
168654
1686504
168620
168612217
168612
168610
16860d
1685999
16859869
168590
1685845
16857656
168555
168549
168544
1685428
16854082
168526
168523
168521
168516
168510
168502
168500
1684v
1684jc
16849
168484
16848
168478
168473
168468
16845951
168458
168456
16845297
16843739
16843436
168428
168421
168411
168410
16840
168348
168343536
16833124
168324
16832233
168311
168310
168307
168302
16830127
168301
168300
1683
168284
16827
168265
168264
1682623
1682611
168261
168258
168255
1682537
1682536
1682530
1682528
168234
168231
16823
1682275
168220
168216
168215
1682088
168203
168202328
1682008
1682005
1682003
16820
1681997
168199
1681986
1681973
16819557
168194
16819
168183
168178
16817781
168168suetyau
16816888
1681688
168166
16816477
168161
16814nitigorn
168148
1681477aa
16814237
168125
168121
168115
168111220
16811
168106
168101
1680toto
1680998
168099
168096
168090
168076033545
168076012910
1680760
1680757782
168075740872
168075535009
168075082134
168061
16804858
16803895
168027
16802563
168020ok
168016
16801202537
16800299399177
167mema
167lenalan
167inf
167997
167995
1679900197375
1679900181231
1679900140055
167990
16798885
1679800135
167980000
16798
1679531195
167953
16795
16794467
16794355
167943285miri
167943000
16793589
167934234
1679300
16793
16792352
16792272
16791986
167914
167911
167909
167907
167905
167898229l
167895
167892
167888
167887
16786226
16785520
167854
167844
167843
167841
167826
167825
16781175
167811
167810
16781
16780767
16780
1677tt
1677ht
16779503
16778jwink
16777080664
16777
167757
1677569
16774
16771
167707
16768
167667
167655
167644
167626323
1676147147
167588
167584
16756092
16754822
167546
167537
16753
167516
167515
1675013763
1675001
16750
1675
1674dhx
1674brut
16749
1674873
16745425
167451
167447
167440
16743
167422
16742
167411
1674022
167400
16740
167395
167394
16739146ih
167389
167385
167379
16737890
16737305
167363
16736162
16736
16735814us
167355
167349jc
1673498522009
16734928
167349258
16734
167328
1673000
1672974
167294
1672908ju
167290
1672525
16725
167235
167232
167229
1672279
167222
167214
167206
167204
167203
1672005
1672004
1671979
1671964
16719433
167176
1671745424
167172
16715933
167154
16715
167134
16712526
16712345a
167115
167107800
16710
167091
1670837
167082
1670800123576
1670600116631
16706
1670512
1670500134211
1670500125
1670500115802
1670500017827
1670416
167040947
1670400156841
167040012955
1670400121274
1670400101770
1670400087661
167040
167037
1670351
1670300111587
16703
1670254
167023
16701670
167011
16700124
16700
166lgcak
166999
16699894
1669900145162
1669900115816
1669900093618
16699
166986
166983
166976
1669700090836
1669700064333
1669420
16694155
16694
16693
166928
166925
166916
166914
16691
166891
1668899
16686403
166852
16685
166842
16683
166816
16679845
16678
16675201
166750
16674216-1
16672790
16671331
16668914
166688
16668
166661
166656
1666480
16661666
166612
1666088
1665me
1665971
166594
16659050
16657889
166575sr
16654
166533
16653
166521399
166509
16650277
166502
16649387
16649266
1664736
166472
1664641
166443
166432
166430
16641888
166418
16641664bhagavam
166416
1664152
166415
1664121994
166400
1664
1663m
166394
1663922
166392
166363
16636244
16636
16635
166346242008
1663344
166322
166316
166309238528965
1663083
16629631
166280
166266
166254
16625357
1662530
1662515
16625
16624941421
166249
1662447
16624
1662345
16622ha
166229
1662253
16622
166218212
166213
16621230
16620621
166203
1662007
1662003
1661chi
1661ant
16619931961
1661983
1661982
1661975
166191
16619
166188
166173
166171
16617
166163
16616
166156
166149
166145
1661410
166140
16613292
1661306
16613
166120
166111
166107
166101
16610
166092
1660763
1660700061137
16606863538
166054
1660500099611
166033
1660212
166020
16601660
1660076
1660
165fighter
1659deon
165999
1659973528
165994
165992
16599006682
16599006
1659900531305
1659900437074
1659900407281
1659900387026
1659900337321
1659900325829
1659900317
1659900316111
1659900290553
1659900276992
16599001758277
1659900020866
1659844
165967m
1659606
165953
1659511109
16594381
165932
165921
165918
165913
165911991
16590956
1659090
1659026
165901
16589233
1658911
165888
165876
16587
165866
1658591a
165858
1658373
16583
165822
165803
1657mtl
165793
165786
1657628
165746
165739
165738
165735
165728
1657277
165721
165718
16571234
165703
16570
1656kp
1656696
165666
165655
165653
165651
165650b
1656432
16564311
16563
165625sb
165624
165622
165595
165584/9
16557
165555
1655530
165547
165544
165542897**
16554269
165542
165529
165523
165518
165513
165498741
165485696
16548
16547719190
1654751963
165466
165464
165460
165457
16545322
165441
16542991
16542841
165428036
165425
16542459
1654236
16542313
1654230
16541655
165411
165408
165403
1654
1653sjm
1653jtr
16539919
165391123
16537840
16537203m
16537
165354
165353
165337
1653327
16533
165324
1653149111
1653110
16531
165308
165304
1652cole
165298
165289
1652826
16528
165256
1652530
1652528somi
1652527
165247
165238
165237
16523519
16522
165219
1652142
16520sw
165204
1652017
1652004
1651roq
165199
1651982
1651979
1651972
1651965
165191
16518
165178
16517
165167
165157
165152k
165139
165136
165135
16511812
165118
165117
165116511651
165116
1651
165099
16509443
1650900091366
165090
1650760289
165073
16506zudom
165066
1650500055150
16505
1650400138886
1650343
165032
1650300007003
165026
165023
1650200025051
16501991
16501650
16501
1650044
1650
165/271
165/160
164life
1649hg24
1649990005616
164997
164996
16499025
16498756
16498
16497643
164975
164974
164973
164969
164968
164964
16496
164954
1649422champ
164942
164937
16493
164928cr.
164903
164901
16489
164879
164848
164834
164832
164825
164822
164820
164816
16481319
164799
16479814
164787
16477548
164769
1647619857
16476
164757
164748
164713
164711
164709
164708
16470555
16470168m
16470
1647
1646rr
1646norton
164699
164695
16468
16467749dorothy
16467045201
164664
164660
164658
16464rrr
16463572
164630
16462633
164626
16462336
164620
1646178600
16461141
164611
164606
164601
164594343l
164593
16459
164587
1645743450R
1645613735
1645597
164557
16453110
164531
164522
1645216452
16450123
16449732k
164490
164488
164483
16447739
164470
164463
164460
16446
164454
1644405
164438
1644306
16442555
16442430cj
164417
164416
164413
164401
164400
164380
1643786
164371
164360
16436
164355
1643520
16433737190250
16433
16432956
164329
164325465
164321
164320
16431992
164316
1643154205
1643152460
16431313r
164313
1643125
164308
164300
164299
164290
164288
164285
164280
164278
1642753
1642535
1642534
16425020
164250
1642497
164244
1642331
164221
164220
164216
164213
1642
1641997
1641987z
1641984
1641983
164183
16418
164166
164164164
164142
164140
164127
164118
164116
164106
16410
16407baby
164073
16407049
1640700082746
1640700062338
164070
1640500065571
164044
16404250
164042
164023
16402164
164016
1640135
1640100056299
164001
163suki
163998
1639900129051
1639900086522
163989
1639800107293
163980010
1639800070624
1639800063750
16397
16395143
1639424
1639400
16394
16393911
163938
163934
16392
163900a
1638914
163875
163872
16386935
16386
163848
16382687
163824alyshia
163821
163817bliss
163808
163806
163797535584999
1637903
163773716
16377
163769163769
16376190
163760
163751
163732470
163722
163721
16371715jbc
1637105
163709
16370826
16370444
163703
163666
163664
1636445
163621
16361922
163619161916
16361913
163617
163614rlw
163607
163606
163603
163600
1635ul
1635sexy
1635ray
163594
163586
16357526
1635716357
163564
163550
16354869
163548
163547
16353b
16353
163526
163516
16351
163505
163504
163502
163500
163490
163489
1634789
16347
163466
163461
163456
163455
16345246
16344889
163444
163441329
1634314652
163423
163420
163416
1634136416
16341
16340422
163401
1634
1633jenn
163389
1633875c
16338220
163375
163366
163364
16336086
163356
163350
16335
1633487
163346
16334186
163339
163324
16332
163319
1633143
163290
163288
16326931
16326171
163260682
163255
163254
1632533
1632529
1632525
1632521
16325
163247
163243
1632416324
16323566
163228
16322222
163221
163218
163214
163212
16321127
16321
163208
1632003
1631ward
16319956
1631992
1631980
163190
163188
16318388
163177
163174
163168
163163163
1631631
16315to
163153
163134
16313392
163131
16312848
163128
163127
163125
16312133
163121
16312
163117
16311631l
163112
163110
163107
163105
163103
163101
1631005263
163100
16310
163096
16309530
16309
163089
163088
163082
163078
163068
163055
16305
16304000
16304
163038
163033
163031
16303016
16302520
163021
163020
16301990
1630177
163014
16301345
16301230
1630123
163006
163004
163003
162pod13
162elr
1629syl
16299852
1629900196476
1629900178036
16299000
1629900
162990
16299
162984
162981
162979
162978
162966
16296
16295
162945
162929
162928
16292425
16291a
162918k
162915
1629126623
16291
162909
16290804
162907
16290061
162899
162893
162890
162886
162882
162881
1628761
162876
162872
16287150jacm
162870
162865
16286162
1628577
162857
162847
162843
162841
16282529
16281984
16281806
162817
162816
162815
162813
1628079
162806
1628045
1628
1627bhe
162792
162791
162783
162781510
162773283
1627520
16275
16273thug
1627344jb
162734
162731
16272716
1627232225
16272000
162720
16272
1627191
162716z
1627143
16271320
162711
16271
1627093
162707
162705554561350
162703
162702
16270
1627
1626bg
162697
162685
162683
162680199
162676
162673
162666
16266565
162664
162663
1626606
16266
162655
162650
16265
162646
162645
162643602
162641
16263656
162636465666
16263606
162632
16262886132
1626222
16261987
16261821
162617
16261441
1626140512
1626111995
16261
162602
16260
1625speed
1625skylar
1625love
1625jc1625
162591
16259
162584
162577
162575
1625600e
16256
162559
1625560
162554
162550
162549
162541
162540
162534d
16253400
16253318
16252627
16252536
1625225
16252
16251990
16251166
16251016
16250404
162503p
162501b
1624vym
1624ia
16248579
162485
1624844
16248159
162470
162464
1624633631
162462
162461
16245900
162456
16245
162448
162447
16244632
162440
16244
1624353487
162434
162432a
16242829
16242602
162426
16242529
162421
162420
16242
16241981
162418
162417
162413
16241011
16241
162406
1623ste!
162399
162395
16239000
162388
162387
162383
16237963423
16237886
162375
162374
162371
16236955
162363494
162355
162348954
162346
162341
162339
162333k
16233122501
16232
16231091
1623050
162303
16230191
1622jm
1622ck
162296
162295
1622913
162284
162281
16227love
162273
162270
162268
16226599
16226346
162262
162260
162256147
16225580
1622540
1622530
1622529
162252
162244
162240
16224
16223706
16223242
16222526
162223uss
16222324
162221
1622199200025
16221701
1622143
16221133
16220808
16220631
1622008
1622007
1622005
162200404
1622/21
1621mm
1621dude
1621dani
1621997
1621986
1621985
1621984
1621983
1621976
1621974
1621964
162194
162192
16219
162186
162185
162180
1621698a
16216922
162162162
162160
162154
16215
16214363ce
1621421
1621320
16212523
16212468
1621235
162120
16212
16211a
16211989
16211856
1621185
162118
16210d
1620teamo
1620katt
1620arm
162095
162092
16209187
16209
16208889
162087
162084
162076a
162072376
162072
1620707
16206943
1620600067648
1620600062646
162060
162058
162056
162044
162043
1620400199923
1620400139408
162032
1620308
1620300055491
1620261
16202528
16202
162018
162013b
1620100165462
1620100066634
16201
1620013
161sqnatc
161lia
1619tob
1619tkkk
1619tf
1619sex
1619jc
1619990
161992AGL
16199001417950507
1619900127911
1619900115166
1619900089530
1619892006
1619882009
16198282
16198091
16197751
161975m
1619723577
16197
161968
161957
16195317095
161945
161934
16192gt
16192adriana
16192934
16192350310
16191990
16191916
1619162020
1619152
161914
16191321
1619131
161907
1619017793
1619
1618skb
1618mal
1618dottled
161899
161897
16189632
161890
161889
161888
161883
161881
161880
16187492
16187470
16187
1618683
1618624
16186
161858
16185212
16185
161840077d
161840
161837
16183510
16183
16182504
161821love
1618210
16182015
1618198900035
161818
1618143
16181
161809
16180196
1617yi
1617coors
1617chel
161792
161791
1617817
161781
161780
16176859
161768
161761
16176
161759
16175785
1617556
16175001
16174e
16174210
161741
16174
161732
16173
16172026
16172
16171921
16171819y
16171814
16171617go
1617094
16170559
1617050323
161702
1616mp
1616loob
1616jj
1616ec
161694
161692a
161690
161689
161687
161686
161684
161682
161678
161677
16167575
161675
161671
16167
161667
1616600
1616541
16165187
161650
1616456
161645
161644540
161644
161642
16164
16163893012
161635
16163122
161627
16162525
16162424
16162222
16162210
16162121
16162020
161619aw7
1616194
161619
161616l
161616j
161616h
161616e
16161612
1616160
16161515
16161212
1616111
161601
161599
161597182052
16159
161588
161587
161572gk
16157
161561489
161557
1615504
161541
161537
16153240
161530
16153
16152762
161527
16152
1615141312
161512861
161503
161501
161491
161490
16148480
161484
161478
161475
161464
161452
161451990
16145
161438
161436
161433
1614315
161429223
161426
16142530
161422
16142124
161416
1614143
16141302
1614123
1614120
161402
161401
16139201
161390
161389
161384
161383
16138
161373ferny
161371
161370
161369znz
161369
161362
16136
161348
16134622
1613