7
08870887
0886562650
0886532333
0886449
088639772098649560
088636672
088631655
088628805
088626798
088625
088617
0886115672
08860189
0885shay
0885sf
088599
088578943
08853
088520
0885144187
0885140030
088512
088511
088508
0885053
088500
088497949
088484
088475
088467541
0884399
088432
08842938158
088423
0884193455
088414
088412938
088403826403
088397920
088391
088383628
088378
088355783
088334
088326929
088325433
08831
088287346
088281338
088281
088275668
088267as
088250
088246588
0882340120
088224588
088221
08822
088217878
0882083
088208
0881mar
0881989
088192472
088187870
088184025
08816
088152962
08812
0881
0880954
0880893707
0880878204
0880786
088070
08807
0880627
088020
08801993
088015491
0880142257
088010
088000
087p233a6129t
087bar
0879999715
0879997284
0879993578
0879993170
0879992269
0879991270
0879982832
0879981921
0879976413
0879971481
0879963878
0879961321
087996
0879956344
0879955508
0879952793
0879944547
0879943169
0879940575
0879939066
0879936509
0879931912
0879929192
0879923537
0879923133
0879921042
0879919639
0879915817
0879915592
0879908174
0879905804
0879905034
0879903868
0879900244
087990
0879897003
08798952
0879891018
0879890765
0879890602
0879888691
0879883607
0879871452
0879870067
0879868073
0879862709
0879862455
0879859897
0879858843
0879851785
0879847086
0879842481
0879841905
0879841389
0879837603
0879822446
0879821906
0879819953
0879813973
0879807461
087980451988
0879802185
0879801035
0879799495
0879792279
0879783370
0879783201
0879781797
0879780487
0879778283
0879768559
0879766901
0879762400
0879761308
0879758753
0879747853
0879743882
0879741836
0879740780
0879739768
0879737375
0879718755
0879716423
0879713161
0879704435
0879700473
0879695451
0879694769
0879690806
0879690669
0879680069
0879676526
0879674379
087967
0879669977kat
0879663420
0879660531
0879659802
0879657861
0879653665
0879648251
0879640855
0879639399
0879637549
0879636353
0879633783
0879630532
0879628163
0879627372
0879625062
0879620938
087962
0879611162
0879602287
0879600462
0879600092
0879599846
0879599158
0879592412
0879589150
0879587758
0879579310
0879573533
0879568826
0879566992
0879566499
0879561087
0879553052
0879551045
0879548018
0879547270
0879546480
0879538871
0879536008
0879535268
0879530446
0879530441
0879517873
0879515010
0879514647
0879508307
0879503475
0879500931
0879498715
0879498481
0879495865
0879495079
0879487373
0879470962
0879461936
0879457252
0879455096
0879446100
0879445172
0879441581
0879440301
0879440054
0879438100
0879437239
0879435284
0879429788
0879427478
0879427000
0879423405
0879417080
0879416631
0879411882
0879403930
08794005leche06
0879391207
0879377075
0879370416
0879368441
0879366532
0879362101
0879358707
0879353613
0879351266
0879339269
0879331199
0879330605
0879329336
0879327474
0879325991
0879320950
0879317578
0879306254
0879306103
0879295475
0879291125
0879285535
087928
0879270105
0879269289
0879266052
0879263538
0879262007
0879242321
0879241529
0879240085
0879239240
0879237912
0879233764
087923
0879228616
0879227641
0879226919
0879226605
0879220401
0879213058
0879212033
0879206505_z
0879195487
0879192249
0879184542
0879180821
0879176687
0879170407
0879164405
087916
0879155
0879144242
0879141771
0879141316
0879134456
087913
0879119028
0879117083
0879111887
0879111504
0879101013
0879099794
0879099397
0879097415
087908799
0879087610
0879081439
0879070158
0879056255
0879055560
0879055229
0879042568
0879039676
0879036459
0879026602
0879025403
0879022504
0879020064
0879010292
0879007663
0879007109
0879006457
0879004861
087900
0878991440
0878991210
0878989437
0878987360
087898
0878973371
0878970551
0878968487
0878966233
0878962110
0878961361
0878957845
0878957413
0878935737
0878933396
0878930372
087893
0878919855
0878913228
0878912312
0878905464
0878905163
0878904275
0878900848
087890
0878899694
0878899003
0878892676
0878891523
0878886220
0878880163
0878877073
0878869893
0878864411
0878853933
0878850501
0878845047
0878840377
0878836715
0878825573
0878821700
0878811422
0878809154
0878808013
0878797743
0878795936
0878793677
0878790308
08787898700
0878788784
087878456355416
0878782080
0878781010
0878779458
087877299111
0878772872
0878772345
0878772211
0878770505
0878770400
0878769894
0878769733
0878768268
0878761529
0878758712
0878747888
0878740915
0878731034
0878724431
0878718617
0878702234
0878697698
0878696465
0878689210
0878683570
0878674477
0878671727
0878671706
0878660562
0878657595
0878656747
0878652106
0878640631
0878639563
0878634300
087863
0878628779
0878622755
0878621878
0878615853
0878614363
0878608208
0878607732
0878605664
08786
0878591069
0878590982
0878585209
0878574902
087856419143
0878559655
0878558697
0878553454
0878552623
0878550724
0878550505
0878549397
0878546976
0878537286
0878528982
0878527917
0878527662
0878521558605
0878520145
0878516397
0878513843
0878500559
0878496939
0878493054
0878489905
0878487825
0878483278
0878475854
0878475161
0878471567
0878468278
0878466398
0878466041
0878462485
0878455580
0878455282
0878448672
0878444173
0878441
0878438304
0878438234
0878437566
0878437562
0878431603
0878428322
0878424307
08784241910
0878420977
0878419989
0878419402
0878419174
0878405153koy
0878405130
0878405055
0878404494
0878404435
087840
0878399634
0878374674
0878372573
0878372446
0878367833
0878366753
0878361256
0878359909
0878353648
0878346482
0878344665
0878344626
0878341339
0878334211
0878328775
0878324742
0878321979
087831
0878308938
0878307496
0878300831
0878300297
0878295607
0878294590
0878283363
0878270604
0878261777
0878259747
0878258325
0878253751
0878253473
0878249544
0878237065
0878226796
0878225309
0878221948
0878221225
0878217182
0878214559
0878211655
087821
0878206405
0878204611
08782
0878195460
0878189939
0878185387
0878174242
0878157717
0878157542
0878156840
0878152569
0878143091
0878142329
0878133776
0878126492
0878120867
0878102428
0878093409
0878090740
0878086867111333
0878077418
0878076908
0878076000
0878068938
0878068894
0878060991
0878060984
0878059539
0878058563
0878049775
0878047580
0878042093
0878042079
0878036718
0878035290
0878031673
0878027955
0878025261
0878018836
0878018566
0878012827
0878012712
0877997946
0877993347
0877992833
0877982077
0877978026
0877977921
0877976105
0877974426q
0877966523
0877965947
0877958240
0877952539
0877949862
0877943412
0877940678
0877940488
0877937675
0877936957
0877935601
0877928825
0877928106
0877925720
0877924460
0877918792
0877916366
0877907110
0877904896
0877904088
0877898525
0877897682
0877895436
0877891494
087789
0877889875
0877883340
0877882271
0877882109
0877879524
0877877808
0877876685
0877875224
0877866960
0877866305
0877865405
0877857481
0877855729
0877853900
0877851791
0877847387
087784182429
0877839734
0877839251
0877837367
0877835608
0877832690
0877822655
0877822630
0877822605
0877817605
0877809357
0877807950
0877799875
0877793598
0877792969
0877789884
0877788577
0877788306
0877782713
0877780830
0877766902
0877766591
0877765539
0877762018
0877758682
0877755559
0877755367
0877755239
0877751951
0877748603
0877745397
0877743766
0877734059
0877732824
0877729464
0877722176
0877716
0877710658
0877703940
0877703586
0877700703
0877700156
0877696025
0877695200
0877692600
0877692481
0877686541
0877685182
0877684345
0877683295
0877683010
0877677621
0877677500
0877667679
0877667433
0877658966
0877657431
0877656156
0877654599
0877654319
0877653659
0877627268
087761
0877608886
0877606917
0877600918
0877598048
0877595591
0877595139
0877588185
0877585236
0877585193
0877584899
0877584892
0877581220
0877565271
087756
0877557054
0877556553
0877550993
0877548200
0877537601
0877535391
0877525839
087752
0877517001
0877516050
0877512145
0877507205
0877493184
0877485633
0877481171
0877480545
0877478099
0877477372
0877477323
0877476899
0877476725
0877475904
0877475876
0877475302
0877474339
0877473489
0877472702
0877472218
0877472070
0877471056
0877470376
0877468681
0877461678
0877460451
0877460330
0877460255
0877456866
0877447238
0877446668
0877443789
0877438354
0877437346
0877436044
0877424886
0877424882
0877418725
0877417793
0877410834
0877402291
0877396492
0877396366
0877392611
0877388072
0877384878
0877374102
0877363436
0877363096
0877351945
087734738518355
0877341477
0877341109
0877335157
0877334275
0877320305
0877300027
087730
0877296438
0877292534
0877283381
0877270887
0877267218
0877258926
0877254473
0877254007
0877249955
0877245155
0877236839
0877232853
0877232135
0877230388
0877227797
0877224510
0877218081
0877214583
0877210425
0877207721
0877203683
0877203307
0877185119
0877182443
0877180278
0877173840
087716
0877153023
0877153004
0877152237
08771413885
0877139722
0877124135
0877118488
0877112124
0877110013
0877108233
0877107832
0877105240
0877102917
0877102505
0877100485
087710
0877093740
0877090270
0877088108
0877086957
0877085872
0877084284
0877074870
0877073736
0877070128
0877070050
0877068518
0877067122
0877064839
0877062231
0877061641
0877058543
0877055945
0877055914
0877055456
0877050644
0877048360
0877043310
0877040006
0877037843
0877035392
0877034701
0877028618
0877027062
0877018990aung
0877018168
0877016661
0877015145
0877012709
0876991269
087699
0876984701
0876979135
0876970435
0876955568
0876942195
0876940649
0876933764
0876924373
0876917355
0876916326
0876913562
0876912895
0876912734
0876910703
0876910194
0876909519
0876904437
0876900966
0876898090
0876893517
0876891989
0876891145
0876887826
0876886315
0876885196
0876883045
0876881941
0876874453
0876874424
0876873604
0876854478
0876852625
0876852300
0876841743
0876837871
0876833617
0876830351
08768257230876825723
0876817190
0876808010
0876804481
0876797435
0876789677
0876789630
0876787446
0876787118
0876786865
0876786553
0876785891
087678
0876778675
0876778101
0876778097
0876777933
0876776598
0876770731
0876764662
0876763801
0876761747
0876751529
0876750302
0876748305
0876744639
0876744099
0876741867
0876741108
0876740866
0876738372
0876738157
0876738086
0876735934
0876735219
0876732375
0876732011
0876730795
0876730618
0876730398
0876729378
0876729076
0876728449
0876728392
0876727864
0876724387
0876724353
0876723525
0876718799
0876717938
0876716495
0876714598
0876712264
0876712125
0876711553
0876711243
0876711215
0876703207
0876700343
0876698051
0876694468
0876694136
0876690052
0876689246
0876687442
0876675881
0876673814
0876673577
0876672413
0876672135
0876670511
0876670341
0876670111
0876666503
0876666480
0876663760
0876663316
0876663296
087666235
0876660638ah
0876660072
087665909
0876651208
0876638202
0876634730
0876634669
0876619299
0876617483
0876616829
0876616595
0876615272
0876614845
0876614340
0876614183
0876613090
0876611850
0876610152
0876609610
0876609248
0876609079
0876608711
0876608272
0876607811
0876607552
0876606807
0876606617518
0876605438
0876602966
0876601718
0876591099
0876588954
0876582431
0876580074
0876574180
0876572371
0876568412
0876565929
0876561624
0876558812
0876557376
0876556452
0876556174
0876554797
0876554395
0876553151
0876552373
0876552045
0876545486
0876544897
0876544575
0876543463
0876543266
0876540845
0876535420
0876534877
0876523783
0876522711
0876519987
0876516748
0876515004
0876502488
0876500727
0876483324
0876479404
0876479101
0876473770za
0876460539
0876456104
0876447406
0876446554
0876446552
0876445932
0876445717
0876445712
0876444785
0876444552
0876440462
0876437497
0876436508
0876435534
0876430380
0876427152
0876425661
0876424121
0876423995
0876421428
0876421197love
087642118399
0876421180
0876419085
0876412074
087641
0876383221
0876383017
0876373006
0876367191
0876363193
0876361767
0876356252
0876354448
0876339471
0876333389
0876332187
0876329958
0876328663
0876322406
0876319717
0876315753
0876314569
0876311694
0876311687
0876309429
0876308277
0876307445
0876300893
0876292214
0876286620
0876286344
0876285949
0876283484
0876282330
0876281568
0876280650
0876275447
0876274679
0876272978
0876271927
0876265772
0876261095
0876247032
0876245372
0876227935
0876225589
0876219808
0876219153
0876217133
0876214940
0876214243
0876213328
0876205674
08762
0876197939
0876193931
0876191963
0876186909
0876183771
0876182617
0876182569
0876173732
0876173568
0876169831
0876169387
0876161472
087616
0876159983
0876156616
0876156194
0876155862
0876149551
0876149066
0876146013
0876145204
0876143734
0876140529
0876138323
0876135227
0876131822
0876127825
0876126823
0876124848
0876117917
0876114298
08761133
0876112986
0876112111
0876109959
0876109185
0876107083
0876105270
0876104838
0876102325
0876100021
0876099887
0876099626
0876099092
0876093119
0876091961
0876091316
0876090959
0876089272
0876083323
0876076312
0876071817
0876070078
0876068853
0876068767
0876068412
0876066764
0876066369
0876065436
0876062255
0876060626
0876060526
0876060264
0876060150
0876057837
0876053773
0876052450
0876048256
0876046868
0876036089
0876036007
0876035155
0876035146
0876027610
0876025440
0876024139
0876022041
0876021588
0876019330
0876019117
0876014523
0876012433
0876011801
0876008902
0876007007
0876004284
0876004167
0876003408
0876002681
0876001134
0875998841
0875995264
0875995090
0875991805
0875980405
0875961556
0875954941
0875948605
0875948033
0875941649
0875938
0875933510
0875928708
0875927060
0875925387
0875912347
0875902390
0875900072
0875898299
0875897078
0875895448
0875891060
0875889416
0875888099
0875887535
0875885248
0875874681
0875873378
0875873242
0875872385
0875862006
0875858991
0875857615
0875857082
0875855363
08758523360000
0875850806
0875849936
0875836036
0875834522
0875829161
0875817587
0875809733
0875807192
0875806251
0875803811
0875800104
0875798041
0875795902
0875793821
0875792937
0875789308
087578
0875779813
0875778487
0875778351
0875775733
0875774177
0875773291
0875773040
0875772774
0875771214
0875757128
0875756976
0875756869
0875756140
0875753345
0875752520
0875744127
0875741210
0875740415
0875739872
0875735350
0875734494
0875734121
0875731729
0875730106
0875730097
0875712955
0875711731
0875708087
0875691148
0875690340
0875687309
0875684587
0875683954
0875682458
0875681904
0875681837
0875680873
0875679612
0875673373
0875671235
0875669690
0875669626
0875669472
0875667384
0875666578
0875666088
0875663783
0875663063
0875661652
0875657962
0875657061
0875656365
0875655879
0875654357
0875647673
0875647313
0875642954
0875642335
0875633400
0875632990
0875631285
0875630470
0875628535
0875627579
0875625820
0875625419
0875625155
0875623714
0875622970
0875622056aom
0875622056
0875621392
0875621363
0875621101
0875618703
0875618477
0875618455
0875618416
0875617965
0875617517
0875614193
0875612675
0875611453
0875610181
08756
087559892
0875587144
0875577384
0875572735
0875572116
0875568061
0875556456
0875553440
0875552435
0875539331
0875535826
0875529072
0875525091
0875522971
0875520823
0875517485
0875512613
0875501082
0875500350
0875496534
0875489575
0875483852
0875471895
0875461466
0875458045
0875457215
0875453383
0875452232
0875448754
0875448215
0875447883
0875447861
0875447685
0875447454
0875447220
0875443951
0875443561
0875441841
0875441465
0875436419
0875434570
0875432650
0875431952
0875430743
0875430341
0875429873
0875427361
0875425362
0875423191
0875422404
0875421539
0875420264
087542
0875417363
0875398038
0875396203
0875396146
0875395395
0875393855
0875393235
0875390945
0875390796
0875385478
0875384679
0875383412
0875382342
0875380041
0875376004
0875374990
0875373969
0875363436
0875358640
0875351354
0875338534
0875338511
0875334961
0875334259
0875332425
0875331316
0875326990
0875321256
0875317602
0875317015
0875311813
0875308095
0875301857
0875300367
0875275408
0875273468
0875271359
0875262169
0875258396
0875252434
0875241439
0875240409
0875231213
0875225919
0875223995
0875222979
0875222082
0875221512
0875220143
0875217845
0875216416
0875214396
0875213614
0875210396
0875204598
0875204248
0875200965
08752
0875199909
0875199255
0875197811
0875194988n
0875193608
0875190862
0875187428
0875186908
08751785
0875173567
0875173211
087517047808
0875169035
0875165708
0875165005
0875164663
0875155766
0875154372
0875150881
0875149981
0875139096
0875136624
0875126900
0875125930
0875125100
0875122444
0875121017
087512
0875115098
0875113289
0875111713
0875110152
0875102704
0875101029
0875094840
0875092788
08750875
0875085277
0875078050
0875078023
0875072696
0875071948
0875067753
0875064244
0875063282
0875051308
0875050179
0875044433
0875035065
0875033157
0875032426
0875028351
0875026871
0875025047
0875021892
0875021883
0875008007
0875003200
0875002283
0875001616
0875000140
08750
0874996640
0874992348
0874988987
0874988114
0874977620
0874977328
0874977191
0874976740
0874972903
0874972151
0874959520
0874958620
0874956700
0874952365
0874951112
0874947253
0874936208
087493028
0874928425
0874927719
0874927556
0874916919
0874914597
0874904257
0874903343
0874903144
0874901341
0874900070
0874893471
0874889662
0874889241
0874880747
0874875177
0874874994
0874869915
0874868402
0874866469
0874863597
0874856891
0874855354
0874849702
0874849437
0874841688
0874826791
0874822794
0874821462
0874818182
0874793832
0874789846
0874789241
0874786100
0874784331
0874777673
0874771879
0874771014
0874759745
0874754241
0874744344
0874736075
0874735227
0874729584
0874729391
0874722479
0874722243077253119
0874709982
0874705261
0874703408
0874695691
0874692305
0874678799
0874677811
0874668378
0874667335
0874660159
0874659617
0874646m
0874645799
0874644544
0874637915
0874637042
0874636351
0874623601
0874623376
0874621807
0874619215
0874602869
0874595673
0874589072
0874584498
0874579655
0874578777
0874576049
0874574001
0874569409
0874567939
0874567857
0874563532
0874560256
087456
0874552667
0874552144
0874548833
0874548621
0874542535
0874540343
0874538168
0874528654
0874524799
0874504622
0874498849
0874494701
0874491046
0874489316
0874467552
0874463725
0874462405
0874455116
0874454478
0874452973
0874449454
0874446858
0874446435
0874441499
0874425131
0874413350
0874410932
0874398808
0874388909
0874383527
0874382830
0874381505
0874378178
0874377068
0874370603
0874367856
0874363373
0874360566
0874359810
0874355848
0874354412
0874346939
0874344419
0874343428
0874335884
0874335702
0874333422
0874329050
0874326905
0874325262
0874323625
0874320083
0874319282
0874315781
0874306468
0874304405
0874279607
0874270445
0874269005
0874266068
0874265650
0874262433
0874257559
0874256442
0874253742
0874246700
0874244828
0874241511
0874233237
0874227201
087422
0874217362
0874207144
0874205759
0874205185
0874204286
0874203055
0874199642hnu
0874198584
0874195976
0874193800
0874190294
0874187956
0874187567
0874177682
0874173077
0874172226
0874167550
0874161256
0874160246
0874151449
0874144409
0874142915
087414
0874138319
0874136069
0874134757
0874130181
0874125110
0874115188
0874113784
0874113532
0874110908
0874110808
087411
0874106083
087410
0874098991
0874087821
0874081916
0874080622
0874077314
0874076945
0874076127
0874075440
0874074788
0874073529
0874073267
0874071264
0874067810
0874067580
0874067008
0874066756
0874066723
0874063551
0874062874
087406
0874055138
0874054272
0874054045
0874049668
0874049106
0874043862
0874041440
0874040100
0874038660
0874032052
0874028151
0874017292
0874011198
0874009106
0874009034
0874006082
0874005979
0874002028
0874001798
0874000134
087400
0873997665
0873995888
0873995785
0873994137
0873993072
0873984191
0873983058
0873979718
0873978389
0873968737
0873967530
0873963770
0873960256
0873955569
0873955246
0873953257
0873945422
0873941086
0873932900
0873929510
0873928377
0873908256
0873902080
0873899120
0873888653
0873883872
0873882089
0873880174
0873878982
0873873554
0873871253
0873861348
0873860089
0873859183
0873856587
0873852728
0873846367
0873845755
0873844862
0873842451
0873842115
087384
0873837925
0873837118
0873836231
0873835205
0873834938pp
0873834719
0873834494
0873834493
0873833834
0873832124
0873827033
0873826087
0873821772
0873814342
0873799371
0873788659
0873785379
0873783718
0873783281
0873779190
0873779071
0873778496
0873777899
0873777554
0873776523
0873775878
0873775089
0873763172
0873756359
0873752066
0873751420
0873746936
0873744744
0873737945za
0873736636
0873731292
0873727301
0873701949
0873700623
0873695950
0873690317
0873674036
0873672624
0873671187
0873652322
0873645377
0873629243
0873623026
0873619127
0873618925
0873618771
0873613592
0873607285
0873607275
0873601517
0873601276
0873601172
0873595489
0873593350
0873584794
0873583263
0873575342
0873571138
0873569515
0873568951
0873567531
0873567238
0873562035
087356
0873559297
0873535707
0873527189
0873526488
0873516066
0873476628
0873446572
0873444609
0873441805
0873441395
0873428259
0873418852
0873417168
0873404156
0873398655
0873397743
087338926
0873383607
0873377908
0873375693
0873374885
0873371589
0873371363
0873369223
0873354058
0873353784
0873341428
0873330901
0873323022
0873321887
0873319296
0873311516
0873311128
087331
0873306232
0873293406
0873276673
0873275840
0873257862
0873257504
0873256372
0873253426
0873252581
0873252041
0873248296
0873247272
0873247223
0873239061
0873235371
0873232257
0873227228
0873225433
0873223214
0873214388
0873202048
0873193463
0873187807
0873183087
0873182663
0873160877
0873158929
0873151693
0873151345
0873151026
0873150906
0873147649
0873147043
0873145907
0873145100
0873144461
0873144108
0873142015
0873140045
0873139901
0873137363
0873136212
0873136048
0873132995
0873131545
0873121431
087312
0873117053
0873116274
0873115804
0873114691
0873114452
0873112940
0873109891
0873105400
0873103659
0873103303
0873103143
0873101853
0873101436
0873101355
0873098317
0873096908
0873089200
0873088589
0873085492
0873085100
0873084815
0873073946
0873072621
0873065055
0873059070
0873055207
0873051445
0873051280
0873049708
0873049445
0873043292
0873043036
0873041634
0873041074
0873040601
0873038522
0873036638
0873036496000-
0873036331
0873035707
0873034933
0873033612
0873033163
0873030590
0873030315
0873027805
0873026510
0873022731
0873012047
0873011706
0873011546
0873011255
0873008846
0873002163
0872999373
0872995888
0872991076
0872986949
0872983917
0872981656
0872978775
0872973596
0872947010
0872943813
0872941815
0872940917
0872937456
0872934433
0872933565
0872929736
0872920016
0872919414
0872902474
0872889852
0872884313
0872884247
0872871905
087287
0872869695
0872866059
0872865397
0872863646
0872858009
0872853992
0872853878
0872848625
0872832210
0872828918
0872823482
0872809414
0872793946101
0872786510
0872776922
0872776092
0872773874
0872773309
0872764424
0872760309
0872754640
0872751120
0872749941
0872747892
0872746385
0872745744
0872744130
0872741163
0872739573
0872730568
0872729628
0872729320
0872723652
0872716649
0872707029a
0872706345
0872700445
0872696884
0872696533
0872681174
0872678732
0872672414
0872671769
0872663508.
0872660617
0872651229
0872641190
0872640495
0872634688
0872629096
0872626164
0872623276
0872620227
0872618629
0872610406
0872600574
0872600031
087260
0872599204
0872593
0872591393
0872589856
0872588585
0872570025
0872567503
0872563557
0872561094
0872550096
0872546001
0872537780
0872535948
0872532042
087252
0872518050
0872515493
0872512007
0872511404
0872504339bo
0872498149
0872488864
0872484771
0872470112
0872455530
0872453050
0872451662
0872451429
0872450916
0872444012
0872435324
0872431736
0872427462
0872421690
0872420320
0872411322amm
0872406831
08724000831
0872399036
0872390398
0872387470
0872383672
0872383516
0872379606
0872379360
0872379076
0872364844
0872363541
0872363246
0872363025
0872359140
0872355942
0872355438
0872351929
0872348702
0872346306
0872340988
0872340707
0872339752
0872339695
0872333475
087233
0872327574
0872322536
0872321876
0872320638
0872297487
0872296948
0872290920
0872289022
087228
08722747238
0872272948
0872272308
08722714
0872267114
0872264997
0872264769
0872264599
0872258275
0872253089
0872250552
0872244720
0872243490
0872241568
0872240102
0872235956
0872228912
0872225733
0872222880
0872221110
0872220450
0872219043
0872218697
0872212820
0872210055
08722050
0872204836
0872201222
0872200488
0872199031
0872198080
0872195945
0872185357
0872177988
0872170393
0872170369
087217
0872169982
0872169144
087216186
0872160997
0872157729
0872155493
0872143026
0872139338
0872138082
0872136628
0872129431
0872128964
087212877
0872126973
0872125861mmm
0872124233
0872122679
0872121932
0872111353
0872105311
0872101225
0872101112
0872100972
0872097180
0872096387
0872094063
0872089435
0872088150
08720872
0872085751
0872085356
0872083856
0872082307
0872079702
0872078305
0872078172
0872073110
0872064585
0872063347
0872061918
0872061851
0872055282
08720512q
0872047718
0872043423
0872030754
0872029732
0872028820
0872027001
0872023454
0872020904
0872020575
0872020363
0872017903
0872016108
0872009375
0872008923
0872005464
0872005240
0872000966
0871995594
0871992030
0871991968
0871988209
0871984245
0871984239
0871978415
0871976355
0871973935
0871966344
0871964506
0871959478
0871956061
0871950353
0871948529
0871946530
0871942532
0871938925
0871925741
0871923989
0871922864
0871918096
0871917190
0871915967
0871915859
0871914122
0871910409
0871909034
0871907873
0871900409
0871898955
0871897266
0871886632
0871883580
0871876749
0871873544
0871873363
0871872346
0871871225
0871871087
0871862853
0871860501
0871856034
0871852842
0871845421
0871843051
0871838598
0871833519
0871832265
0871831319
0871824091
0871823603
0871820
0871816435
0871814524
0871812758
08718102