05261998
05261997
05261982
05261980
05261976
0526197348
05261970
05261969
05261967
05261963
05261962
052617
052616
052615
052614
052607150805
0526059230
052604cs
0526003
052591k
0525888
052585sd
05258518
0525792867
05257
052565040571
052565
05256217
052561
052559
052558
052557655
052554
0525520208
052551
052549
052548
0525475887
052537349
05252575
05252254
05252003
05251990
05251977
05251976
052517596
052517
052513
05251124
052510517
05251016
052510
052508593
0525066059
05250404
05250303
05250227
0524mae
0524duarte
0524932007
052491j
05248477
0524845908
05248
0524775810
05247
052468
052464020
052463
05245943
052459088
052456
05245
052445
052441733
05244
052439
052438
052435150
05242628
052424
05242221
05242005
05242004
052420
05241979
05241972
05241971
05241970
05241961
05241837
0524163
052416
05241217
052411
05240722
0523pl
0523jemcel
0523R
052391s
052391j
052389vp
0523872004
05238
052377cgs
052374se
05237
052364
052363
052362
05236
0523592807
0523581
052358
052357
0523520368i
05235005
0523487168
052333
052332
05232526
052322
05232101
05232009
05232008
05232000
05231999
05231990999
05231977
05231974
05231972
05231971
052317
0523152711
05231211
052311569
052310
05230927
05230905
05230802
052304897
052301070703053108
0522jr
0522emy
052297d
0522972905
052292352101
0522922452
052292028
052290kim
05229
05228899
052285y
052284165
05228191
0522723261
05227
05226800
0522677451
052267214
052265amor
052265
052263
052261901
052261748
0522601807
0522597643
052259
052252
0522502
052249001
0522466422
0522441
0522432
0522431872
052240780
05224
052239
052237693
05223586
052235818
0522350629
052234689
0522328
0522300209
05223
0522294
0522285
052228
052225
05222008
05222007
052220
05221963
05221959
052218050
052218
052215702
05221104617
05221004
052207134
05220612
05220572
052205302
0522008j
0521v
0521so
0521jc
0521cyzH
0521clm
0521993
0521991
052198528
052194a
052190161
052188kmd
052186a
052180890
0521790408
052177576
052176SET
0521747
0521726609
052170tolitz
052170079
052166548
052160
05216
052159685
052157
05215655
0521550
0521534
052152533
052152
052151816
052151
05215
052147509
052146180
05214556
052138
052134768
05213241
052121932
052121215
05212004
05212002
05211999
05211998
05211981
05211980
05211976
05211972
05211971
05211969
05211962
052117
052116557
052115
052114
052111
052110lt4
05211008
052110
052105rd
0521054
05210531
052104806
05210
0520ld
052092j
05209216
052090m
052090ca
052090aw
05209
052080yfyf
0520801
052065bp
05206
052058
052057
052054
0520520410
052051
052048
052041
052038
052036
052035
052034
052029
05202894
05202003
05202001
05201998
05201985
05201984r
05201979
05201977
05201976
05201966
05201961
052015
052014
05201212
0520054
05200426
0520042
05200419
0520021
05200
0520'4mayo
051klara
0519amh
051999140
0519987320
051998494
0519956
051991bday
051991259
051991.
051985j
051984858
051980r
0519777
051976a
05197044
051968l
051965865
0519638216
051961
051958583
051956
051955
051953
051951163
051950
05194853
051948
051946
051945
051941
051938968
051932767
05193029
051930066
051930
051928046
051925863
05192350
051920722
05192007
05192006may
05192002
05192
05191996
05191994
05191977
051912823
05191228
051910869
051906t
051905lp
05190
0518tabi
0518may
051895797
05189123
0518879
051883832
051881760
051880373
051878791
051876976
0518755magb
051874552
051869370
051865
051859467
051859
051858965
05185858
051856
051855897
051851
05185
051849459
051844418
051844
051841120
051836436
051836256
051833881
0518283h
0518252402
051823462
05182009
05182008
05181994
051819833
05181982
05181977
05181974
05181966
051816632
051816
051813197
051810211
051810
05181
051809956
051808011
05180302
051801992
051800341
0517ed
0517=brent
051795so
051790226
05179
051787946
051780881
051777796
051774629
051773918
051773
05177
0517680517697839
051766864
051763
051759
051753
051747
051745
05174256
0517376
051730890
051730
051728
05172795t
051726828
05172390
051722806
05172005
05172004
05172000
051720
05171999
05171992
05171981
05171979
05171974
05171973
05171971
05171970
05171924
051715
051714
051712
051711
051710
051709903
05170715
05170407
051694562
051689336
051685842
051678940
051675832
051674549
051672spe
051671084
05166878
051667102860
051666687
051661409
051661
05166
051658
051656561
0516544
051653328
051649704
051648
051647793
051647273
0516420
051640846
051640735
0516407321
051640
05164
051636549
051634
051633559
051633
051627894
051626
051621781
05162006
05161998
05161978
05161977
051619721
05161972
051618272
051617
051616760
051616647
051614911
05161136536
051611
05161
051607054
05160617
051605122102
051603514
051600718358
0515xp
05159sol
051599517
051598122
051596c
051592n
051591099
051588932
051586k
051585k
051585676
051583m
051582a
051574677
051568
051567691
051563056
05156
051557
051556
051555pk
05155
051547146
051544626
051541
051540217
051535659
0515350
051533011
051529
051527988
051527591
051525621
05152535
05152527
051524101987
051522
05152009
05152005
0515199
05151978
05151974
05151972
051517451
051517253
0515162423
051514
051513
05151115
051510655
051505d
05150504
05150145
051501318
05150
0514may
0514gurle
0514_isourday
0514JOEL
051499825
051496227
051496010877
051495869
051493e
051491k
05149
051487022490
051486617
051486374
051479yk
051472157
051464749
051461
051457816
051453
0514520
051452
051450024
051449663
051447045
051444874
051440377
051440339
05144
051434148
051433308
05143329
051432
051431
051430962
05143
051429
051425222
051423043
051422199
05142127
05142122
051420811
05142009
05142006
051420045
05142003
05142002
05142000
05141992
05141980
05141978
05141962
051419
051415
051413832
051413
051410969
05141
051408mj
051407845
051406543
051402sc
051401370
0514006082
05140
0514
051396156
051395s
051394ws
051394523
0513939451643900
051390i
0513901313
051383ad
051379432
05137926
0513789
05137801
051377110
051374282
051373551
05137
051369rg
051366728
051366
051365227
051365
051362916
051360574
051359063
051359
051357399
051355
051354693
051352
051346
051339365
051338643
051338318
051335331060669369
051335070
051329342
051329099
051328036
051328
051325955
0513242628
051323
05132004
05131999
05131995
05131981
05131973
05131972
05131967
051317
051315
051313934
051313650
05131013
0513092295
05130810
051307977
05130602
051305359
0513052526
051303e
051303723
05130321
05130109n
05130037
05130
0512mom
0512kj
0512jt
0512bosco
0512asd
0512a
051297Bjunior
051294ab
051293890
0512932
051293051293
05129305
051292e
0512922
0512914
051289dcml
051288J
0512885471
0512865
051286375
051283b
051282839
0512816090
05128019
051277601
051274962
0512692
051264
051262880
051261837
051261822
051261743
051261
0512605126
051259968
0512554
0512547237
051253470
05125
051249
051248
051245358
051245058kuromi
051241391
05123789
0512346789
0512345
05123255
051231770
051228051228
05122802
05122550
05122541
051221215
05122009
05122001
05121998
05121992dic
05121984bebito
0512198300288
05121975n
05121973d
05121965
05121963
051219610
05121960
05121958
05121954
051218wcwc1214
051218wcwc
05121823
051216620
051215301
051214885
051213509
05121205
05121
0512091424
051208996
05120821
051207399
0512071
05120703
051205b
051204ag
05120451
051204100
051204081
051202820
0512010193
0512009
0511y
0511mp
0511987
051196jay
051195307
0511932459
051189bonita
0511888
051187isaura
051187dy
051187al
05118214
051180711
05118
05117946854
0511792
051172674
05117
0511684
051167184
051166885
051165706
051164257
051163062
0511630123
051163
051161
051160812
051160602
051157
051156rh
05115529
051155
051154460
051153022
051153
05115158n
051150586
051150342
051144576
051140
051139804
051139
051137414
051137
051134630
051134253
051134194
051132913
051130292
051126785
051126049
051125721
05112549
05112538
05112533puy
05112525nonahc
05112520
05112517
05112516
051122652
05112236
05112000
0511200
05112
05111998
0511199124
05111972
05111969
05111954
051117
051111
05111
051107450
051106mv
051106898
051104278
051103rsd
051103180
051102d
051102DESP
0510cats
0510ahn
051099At
051098997
051098240
051096469
051091692
051089807
05108806
05108693
0510822
05108200
051079350
051075170
051074160
051071803
051067749
0510666
051059360
0510552
051053141
0510482
051048
051044
051043255
05102les
051025460
05102540
05102537
05102520
05102516
05102515
05102505
0510239
0510217687
05102141
05102002
05101990..
05101986m
05101975
05101970
05101968
05101965
051015678
0510137
051012194
05101128
051010825trogocr2
051010111
0510100
051008895
05100729
0510057222
05100516
051004j
051004051004
05100187
0509pocha
0509edserol
050999j
0509976
050995estar
050995996
050994aw
050994221
050991jsp
050991038
050990b
050989p
05098955
0509888
050985l
05098516
050984345
050982371
0509823040
050971046
050966018
050963213
050961
050960
050959
050956
050953
050952878
05095
050947
050944812
050944077
050942
050941214
050939441
050939343
050931607
050931191232
0509302856
050928ple
050925487
05092540
05092539
05092538
05092521
05092520
05092519
05092514
05092004
05092000
050920
05091999
05091991m
0509199199391797
0509199
05091979j
05091974
05091972
05091968
050918109987
05091606
050915016
05091305
050912w
050910tb
050905643
050901157
050900374
05090023
0508rob
0508mgm
0508995502
050893a
050892945
05089178
0508869
050886861
050886007
050883589
0508832
050882ml
050869v
050868alina
050866038
050864717
0508633
050863
050862007
050861812
050860877
050859
050855
0508542
0508512011479
050849
050844
050841775
050840
0508387519
050837
050833954
050830815
05082540
05082538
05082537
05082516
050822631
0508215551
05082009
05082004
05082002
05081972
05081971
05081961
05081955
05081948
050818leslyxilen
05081516
0508138231
0508133
050810600
05081011
05080906004748
05080303
05080204mm
0508017806
050800652
0508005494
05080
0507ah
0507979677
050795399
050794p
050793511
050790s
05079
0507897
0507892006
05078617
0507843166
05078283
0507806756122146
050775637
05077480
050769511
050768
050766
05076212
050762
050759
050758156
050756
050755
050753646
0507517600
050751191
050750485
050749491
050748
0507474235a
0507474104
0507463854
05074182100
050738
050732465
05072607
05072539
05072538
05072527
050720986
05071999
05071998
05071984d
05071974
05071970
05071969
050719200
050718962
05071819
05071801
050718
0507170003
0507140
050710526
05070831
050708*
05070723060533
05070511
050704DgE
050701381984
0506court
050699189
0506988490017
0506987
050695_
05069500
050694246
050693s
050691kb
050689476
050687e
050686329
050685mr
050685a
050684j
0506842792
0506812
05068
050676112
0506720
05066841810
050665325
0506607
05066
0506566107lovlyb
050656
050653887
050652540
050651233
0506502556
050647
05064691226
050646232
050640774
050639947
050639
050638148
050638
05063506
050633860
050632397
05063028928337
05062887185
050628328
05062521
050622204
050622128
050622048
05062002
05062001
05061975
05061974
05061967
05061966
05061965
0506196348
05061963
050619277
050617805
05061323
0506122603
05061126
05060809
050606674
050605972
050603889
0506030803
05060261
05060259
05060088
0505kb
0505eni
0505deltak7
0505990
050597653
050595nguyen
050594319
050593639
05059280
050590012
05058_ss
0505897
050588030982
050586747
050585505
0505833
050580914
05058
0505790616
050577107
050576104
05057442
0505738
050571p
0505710
05057
0505692651
050568380
0505679
050567855
050563976
050563957
050563
050561
050559521
050557853
050557631
050556974
050556704
050555720
0505544
050554318
050553
050549623
050549335
050547200
050545
0505447833s
050543826
0505430938
050541990
050541910
05054105060
05054
050539
05053794414
050537
050536987
050536
050534
050532320
0505308777
050530014
0505283254
05052551
0505253908446195
05052539
05052538
05052537
05052522
05052500
05052403755
050522704
0505222
050521167
050521
05052002
05052
0505198
05051967
05051966
05051964
05051963
05051962
05051961
05051942
050518324
05051616
050515twf
0505156
05051519
050513
050512496
05051224
050512128484
05051207
0505117
050510142
0505093353
050506733
050505k
050505d
050505c
050505Xx
0505055
050505099
05050505050505050505
050505050505
05050500
050504l
050504jsc
0505034
05050312
050501087
0505000024
0504pink
0504james
050499981
05049932
0504991316416
050493machen_dog
050493am
050492r
050492j
050490690
050490191
050486kr
0504850
050484059
050483433
0504805048
05048
05047
050467k
050466517
050464612
050464069
050463
050458
050457916
050456936
050455
0504492
050448
050444732
050441
050434214
050432290136
05043108
050429334
0504266
05042549
05042538
05042512
05042510
05042509
0504219
05042
05041998
05041993bre
0504199314
05041984424018
05041979k
05041971
050419
050418818
050418
050416
050415
050414750
050413979
050413577
050412747
050410326
050410
050409636
05040415
050401716
05040143
050401364
0504007347
0504
0503tdtk
0503rmd
0503frodo
05039952417625
050398606
050395a
050392d
050392220291
05039155
0503898
05038125
050379973050
050379600
050377809
050373lira
0503701311
0503685866
050365
050363309288
050362935
05036247
0503600
050358313
050357319
050356192
050356
050354
050353763
050353531
0503527u
05035150
050350356
050349
050348847
050347804
0503478
050341925
050341
0503395154
05033780Jx
050337496
050337
050336345
050334724
050333676
050331615
050331101
05033065232002
050330355
050326977
05032522
05032519
05032511
050324
0503226565
05032113
050320601
05031989kusadasi
05031974
05031972
05031970
05031964
05031961
050318
050317271
050316922
05031511
0503141848
050312322
0503114019804980
050309751
050309021982
050308770
05030803
0503077384
050306jaymi
050305353
050305127
050304b
0503044377
05030135bew
05030050
0503002406
0502sade
050298755
050297s
050297453
050294l
050290178
05028yghort
05028500
050283292
05028007
05028
050277451
050275053
050269661
050263267
050263
05026263
050259516
050257591
050257
0502521051
050250615
050249662
050248
0502447
050244402
050244
050242
050239
050237
050236513
0502354985050
050235213
0502331711
05023012
050230041
05023
0502284847
050227909
050226941
050225806
05022542
05022538
05022526
05022517
050223153
050221550
05022007ks
05022004
05022
05021989lv
05021977
05021970
05021959
05021955
0502183526
0502180045
050217
05021480
050213
050212440
0502123
050210
05020811qk
050207tk
0502079
050207801
050207420
0502071277
050206382
050205p
0502044256reem
05020411
05020104
0502000323
050199356180130
050198mf
0501960723
050192cats
050192495
05018q
050188737
050185jlp
050174473
050167
0501624184
0501615
0501606414
0501601173
0501586
050157862
050157
050156683
050154
0501510421
050150411
050150207
05014747
050143
050142
050141
050140206
05014
0501379penny
050134jan
050131423
050130266
05012996
05012812
050126636
05012550
05012540
050125312
05012517
05012513
0501210
050121
0501208
0501203762
05012
05011999cnb
05011999
05011993mizi
0501198702739
0501198701666
0501197800652
05011976
05011970
05011967
05011964r
05011963
05011961
05011958
05011951
0501181
050118
050113198
05011051
05011009
05011
050109691
050107ed
05010622
0501060
050105pav
050105j
050105e
05010531
05010511
050104427
0501040068
050102ams
0501023
050101951
05010144
0501006
050100329
0501
0500dme
0500989391
050093437
050091038
050090359
05008pmvdw
050089
050086321
050084910
05008396
050080
05008
050079139
05007711
0500733
050072958
0500707g
05007001007001
050068512
0500666822
050065256
050065110
050065
050058
050056656
050056500
0500534
050051466
050051
0500495
050049
050048825
050047719
050047123
05004343
050043
050040437
050035180
050034154
050034
050033
050032
0500314
050028280
050025905
050022766
050021202
050020048
050016935
050014892
0500141
050012118
050010709
050010
050007
050005877
050005208
050005
0500040931m
0500040
050004
05/31/88
05/23/1990
05/06/94
05/05/2533
05/05/1995
05/03/1992
05/02/06
05/01/95
05.kerry.co
05.12.91
05.06.89
05.05.1992
05.01.08
05..02..91
05-jesyozi
05-cbelsey
05-26-02ic
05-10-1994
05-10-1990
05-06-88aw
05-04-1990
05-03-08
05-0156
05!na2
04zoe04
04yvette
04yamaha
04wasdayear
04waggra
04wa659
04w46863
04tulip11
04trinity
04toyota
04tiger
04thithico
04teamo
04taylorj
04t250385
04sunshine
04star
04ss2ujt
04srt4
04smurf04
04sierra
04sedgew
04se89
04s1061
04rydeh
04rules
04rubicon
04redsox
04rb3729
04raptor
04ranger
04r8nbpb
04r13440
04pooh04
04pimp
04pc08hp
04parki22
04pallantd
04packers
04owen1213
04oneluv
04noviembre
04nov00
04nissan
04nayeli
04mustanggt
04music
04montecarlo
04monte
04monkey
04moahtown58
04mirena08
04minnie
04millicent05
04maret2007
04madison
04m19m
04m09i04
04love23
04logan
04lancer
04lala
04lady
04ladide
04kw1752
04kmd12
04junio
04jprr
04jhmh04
04jen04
04jeff
04jazz
04jayv05
04jamaica01
04jae92
04jacob
04hottie
04hill
04hh111
04gsxr
04graduate
04gixxer
04g90125
04g76997
04fteen
04forever
04ford
04flstf
04fiorela
04fers89
04fender
04febrero1991
04feb89
04feb88
04favre
04f150
04eylul1991
04ewj11
04evpahs
04ethan
04escape
04ep06
04enero75
04enero1990
04eclipse
04ecfe7b
04dtmulchansing
04dl2255
04dh674
04devi23
04demarzo
04december
04dec87
04dakota
04d12r81
04colorado
04collette86
04codancer
04champs
04cavalier
04call
04c09u93te
04c06e91rc
04blue
04beast
04baller
04babygirl
04baby12
04ashley
04arose94
04ariel04beba
04apple
04ap64
04angeleyes
04amuse
04alyssa
04agosto2004
04agosto
04adamie
04acura
04accord
04_05
04S1980
04LJS04
04Kate03
04Dominiq
0499997
049974
04997
0499653564102
049946920
049945
049920862
04992
049919087
049917
049916179
049915118
049912632
049906
049903
049898
049896998
049895220
04989
049884583
049883251
049881879
049880897
049879959
049877838
0498685869
049866783
049864825
049863922
049861981
04985
049847873
049826164
04982103
049817939
049815977
049809273
049808238
049806822
049806549
0498
0497da
0497a80
049794682
049789
049761
049746832
049730614
049728a
049722532
049716475
049711745
04970qua
049708288
049655
049630622
049617716
049616577
049615472
04961212
04961
049605
049601191
0496
0495bezzies
049594
049592464
049591197
049575753
049574354
049573882
0495632835
0495627648
04956231879
049556733
049551795
049546216
049529
049525994m
0495240
049523
049512
049510
049500820
049498
049496517
049496132
049495
049489934
049489206
049486193
049486001
049481163
049479755
049469762
049454872
049441964
04943958
04942568690
049421
0494203079
0494116
04941
049404
0494
04935697
04935
049323
049320
049309
04930597
0492841541
0492534
04924231853
049223
04920105
04920
0491973
0491685
049163
049159753049
049145860
049126
04912125
049120
049119941
049119501
049117264
049114
049111
049109
049106
04910491
049097033
049095
0490923
049091356
049090172
049089647
049088372
049088019671
04908
04907425
049046
049024956
049024
049021
049015630
04901033
049009
04900808702
049005612
04900490
04900
0489sh
0489767
048954023
0489440
048902
04890
0488doll
048895245
0488888
04884016
048840
04882120701
048815789
048812
048804
0488
0487MIE
0487799
048779
048775
04877
04876
048730
048706
048700
048666
048659812
0486413966
048630
04862531970211.0
048625
048621793
048616312
048605
048603b
048598
048592653
048590856
048583
048582467
048579718
0485775
048576m
048571
048562549
04856
048550
048544793
048541868
048541
048534875
048524049
048516162
048515728
048511
04850485
0485
048496496
048492548
048459536
048456
048440989
048434780
048433
048432727
048422437
048419
048403
048402
048401104
048400263
04838888
048378307
04837
048333013
048332129
048326
04832110899
048313597
04830483
048301023
048288135
048287
048285
048283824
048280180
04828
0482745
048270261
0482664587
04824623606
048245841
048239630
048234495
0482311
04823
048224503
048224318
048213090
048210
04820482
0482002
048200
04820
0481VB
048173092
048171656
048169813
048168
048162826
048154836
048153320
048151349
048150174
048149832
048142500
048141763
048141415
048139497
048134
048132639
048121905
048120
048113952
048111
048107
048105250
048105
048098566
048097176
048083109
048081681
048071885
048059811
048035363
048031985
04802754
048019980
04801995
048016
048014
0480095629
048005
048004410
04800158562
0480
047horses
047991018
047987551
047986270j
047982982
047982
047978093
047974770
0479494689
047934762
047933889
047932427
047929
047920219140630
047912rosario
047911416
047911
047903204
0478gil
047897112
04789
047887877
047881205
047878538
047876715
04787297
047870
047859366
0478555
047846
04784405
047837008
04782501
047804
047803
047787536
047784188
047765649
047740
047725659
047720708
04771528
047712
047701859
047689
047688188jane-1
047681
047678
047643657
0476367625
047612190
047607220
047602
0475LR
047591276
047590818xp
047586303
047582822
047579160
047572447
047571049
047568
047553776
047549145
047542347
047539885
047537103
047533429
047532591
0475310452
047523
047517?
047514
047510
04750
047499545
047499
047493087911
047493
047475
047470521pup
047463238
047460
047456452
047444404
047438099
0474377953
047435903
047430738
047419605
047412831
047409524
047409214
047408329
047406961
047392651
047377838
047370717
047367753
047367605
047366485
047356785055299178
047353526
047343391
047326195
047324423
047320551
047320124
047315201
04730473
0473036
047289203
047283
04727120
04726986
047264596
0472617440
047256541
047256032
0472432
047241979
047238816
047226136
047224721
047218920
047218
047203465
047200
047199419
0471992
047194482
047190840
047189032
047181
047171847
047170406
04715657
047153127
0471481800
047145
047137432
04713
047124083
047122
04711
047108566
047107
047101851
047098486
047098026
047093802
047088685
047068593
047063399
047059943
047055656
047055200
0470480
047046117
04704
047034236
047033498
047032
047028554
047026171
0470229
047022
047019100
0470154
047014646
047010774
047000315
0470
046996893
046982421
046980427
0469766919
046973917
04696490
046947
046942864
046935187
046932
04693
046925
046915
046912463
04690819
046900
0468peach
0468897247
046884800
046879017
046866
046853173
0468520321
0468517384
0468516035
046840
046827705
04682519522
046823834
046815142
046813575
046809872
046806918
046797445
04679431
0467913820
0467913
046775932
046762
046743721
046720
046702536
0467
046699736
046698478
046692656
046680
046677406
046672377
046663997
046655841
046650051
046639
046637211
046634073
046625207
046616692
046612623
046611873
046605448
046595924
046590079
046588485
046584261
046575817
046572408
0465723607
046570552
046568237
046555
046554189
046552441
0465524
046549400
046535
046527247
046525510
046519155
046516134
0465159236
046513
046509980
046509950
0465090219
046500
046486697
046484836
0464720654
046464259
046460079
046451527
046446524
046446
046444493
046442279
046440
046439189
046431552
04643048
046426748
0464171066
046416352
046415651
046414
046398076
046387
046379715
046371892
046366645
046355
046351455
046336651
046334937
046334593
04632440
046318
046315
04631234
04630463
046300
04628c
046285169
04628
046277353
0462760727
046274346
046272776
046265id
046263288
0462604420
046259
046257182
046256
046252520
046245803
046244144
046243776
046240919
046239338
046232886
046231
046230545
0462244
046217632
046215175
0462143255
046213
046203060
0461990
0461952510
046193194
046186255
046181407
046181
046161150
046155447
046150566
046142023
046142
046134426
0461323
046131409
046131157
046128744
046124284
046122k
046115330
046105352
046100200
0460950
046093877
046075295
046067005
046063343
046056
04605547
046046046
046040963
046040856
046035769
046031618
046031168
046015620
0460130607
04600
045CHARLEE
04599531c
045978
04594er
0459400
0459147
04591426
0459120
04590459
045900
045893
045892
04589
04588996
045872375
0458712
045869
04586257913
04585976
04585
045845101
045825255z
045822300
045810
04581
0457kcn
0457951
045794081
045791
045789452
045782481
045773137
04577
0457600033
045757
045735250za
045728
045725269
045724826
045724179
045722846
045722360
0457204072
045720316
045718217
045714372
045712651
045711
04570457
045701
0457004570
04570
045692324
045691579
045691332
045683
04568
045679149
045677590
045677104
045671533
045667103
0456665462888
0456654
045662276
04566
0456456
045643
045637401
045636367
045635357
045634367
045633399
045633249
04562823
045623
045620068
045618534
04561726263
045614292
045614142
045612442
0456123
045612
045611813
045611812
045611797
045605
045601
045579
045572
045560
0455524232480
0455420112
0455228
0455218694
045511452
04551043
04550zgazk
045504
0455
045491827
045491453
045491194
045486
045484156
045484105
045482
0454818
045466318
045466219
045463137
045461360
04545566
045441645
045441359
045435
045428
0454195419
0454181995
045417
04540454
045404
045401
0454
045399161
045371403
045365
045351067
045336
045333120
0453324792
0453324322
045328
045325248
045323951
045323915
045323721
045323461
045322715
045322338
045322246
045322004
045321673
045321102
045316359
045316
0453159
045315722
045312442
045312181
045311360
045304011
045302
045300
0452991968
0452963870
045292
045288031
045286
045282749
045281az
045281344
045281195
045281053
045281
045277
045269352
045269169
045268440
045268128
045267751
045267533
045267199
045266848
045264624
045263387
045263008
045262489
045262048
045260471
045258
045257
045255525
045255265
045255
0452532
045252
045250579
045250534
045250
045249484
045245672
045245654
045244070
045243007
045241714
0452414897
045241185
045240642
045240558
045240205
045234081
045225142
0452230694
045222
045220
04521600
045211
045210
045204410
045202020
0