5
040224
0402238888
040223
040222
040221
040220640
040220006
0402199618
04021987k
04021968
04021967
04021965
04021950
040218534
040217287
040216
040215943
040213662
040210432
040210
04021
040209507
040209445
040209225
0402085
040206458
040205516
040204dj
04020429
04020410
04020403
0402036
04020074670
0402007
0401ma
040199l
040199i
0401991
040198462
040197933
0401973387
040192m
040190rmo
04019
0401863264
040184774
0401781544
040176146
040174472
040170796+
040170319
040170044
0401700331
040169295
040165634
040163
040160tla
040160
04016
0401593132
040159
040158248
040158
040157
040154873
04015418
0401533241
0401522987
040148434
040147942
040145
040144559
040144
040141901
040141072
04014
040138784
040136736
0401359014
040134165
040131013
04013
04012k8
040126960
040125462
04012538
04012522
04012520
04012516
0401234884
040121
040120550
040120264
0401201394-nk
04012008cj
04012006c
04012000
04011976
04011974
04011973
04011964
04011962
04011958
04011954
0401190
040115265
040114
040113
040112
040110081
040109793
04010916
0401082879
040106685
0401040589
04010312
0401026877
04010121
04010088
0401007
040099195
040096
040089
040088775
040088707
0400853k
040084263
040082102
040080
04007nrm
040078733
040078677
04007812
0400779
0400762
040073294
0400731101
040073
040070988
040067115
040067
040066
040063577
040060007
040059808
0400592772
0400573051
040055148
040050
040046845
0400464808
040045996
040044758
0400438338
040041
040040583
04004028
040040
04003844
040038
040034251
040034
040031
04002896
040026
04002482
040024
040023296
040023
040021004
040018789
040017456
040016177
040012827asswq
0400126
040012012
0400103218
040009152
040008737
040005688
04000400
0400038129
04000282
040002364
040002
040001924
04000
04/27/92
04/23/91m
04/16/83
04/12/1991
04/11/1996
04/10/94f
04/10/90
04/08/1992
04/07/93
04/07/87
04/06/94
04/05/95
04/03/2550
04/01/93/
04/01/89
04/01/80
04-86-pa
04-216742
04-09-1997ok
04-09-1995
04-04121994
03zlm13
03yz250
03yamaha
03yallie
03xtina
03xiaren27
03v3jv
03thea08
03tecjedge
03taurus
03tacoma
03t348b
03svtcobra
03surf08
03summer
03steff
03springer
03shrsye
03sherib
03shelby
03shadow
03sep88
03sec519
03sarah26
03safeway
03s16
03rubicon
03rr1491
03roxy03
03rmjm
03raptor
03range
03queen
03pinky
03password
03passat
03nuypw
03nugg
03np03
03nov07
03nikoula04
03nighttrain
03nicole2009
03nicdao05
03nenis
03nbla24
03nascar
03morgang
03moodswings
03mommy
03mm03
03mjnt
03mj25aa
03missbettyboop
03mini15
03michael
03mel03
03mazda6
03masket
03martin
03mart1996
03marie
03mar82
03luis
03love
03lk4778
03lilhan
03liberty
03lasha04
03larise01
03kriJULIO
03kp03
03ke8669
03kanyin
03kami42
03k4evax
03junio
03junho1991
03julio2007
03judy05
03jonah
03johnston
03johnny
03jmp07
03jm1992e12
03jeslop
03jeremy
03jacob926
03issw05
03hugillm
03houston
03holmes
03hendersonn
03he1404
03h45a0401
03grunt
03gdoel
03fwends18
03frontier
03ford
03fatty
03f150
03enero94
03enero82
03emmett
03ef448
03edzel
03eddy
03durango
03duramax
03destiny
03denoviembre
03denali
03demayo
03delfines
03dec87
03dakota
03d27342
03d0gs22
03crazy
03cr250
03clique
03chris01
03children
03cents
03celica
03caddy
03buggy
03bubs
03blue
03bijou
03beybiko
03babybob
03ayit
03august1989
03angel
03allen
03alex
03agosto92
03adrian
03acpta03
03abr79
03_1982
03VAllejos
03TAHOE
03Nathalie
03MIMI
03Jan89
03ILOVEDOGS..
03ICEOUT15
03DEC1995
039999
039966971
039966196
039961089
0399424
039928
0399125005
039909606
039908980
039906218
039903
039900296
039897
03989
039884236
039881
039873886
03987
039856404
039856
039843842
039830269
03983
039819841
039807
03980398
039800163
039796
039792259
0397911
039786728
039785
039782
039777
039703
0397
039697
0396829485026
0396115
039599461
039597
039593094
039591621
039591452
039560
039551584
039547
039546499
039543495
039543302
039543208
039542105
039540243
039537359
039537
03953635
039532935
039531533
039530693
03952819
039524277
039522522
039521319
039520546
039520531
039520450
039519638
039511607
0395115
039511447
03950395
039491667
03946590839
039457585
039457359
039457
039456270
039456089
039455987
039453026
039452141
039450560
039444085
039443023
039442754
039441522
039433140
039426143
039419080
039418
039411416
039411
03940394
039400
039395391
039389213
039388027
039381399
039380052
039380022
039378182
039368337
039366159
039365426
039364260
039362883
039362565
039361361
039357
039351011
039350125
039343737
039343651
039340237
039339808
039335789
039335360
039333493
039333224
039332581
0393312692
0393301
039330
039328503
039325133
039325
039323929
039323603
039323192
039322666
039321678
039321446
039313169
039311
03930393
039302729
039302604
039300
0393
039283854
039268
0392539
03923322
0392151
039210
039184840
03917456
039168
039117
039115693
039111
039106944817
0391020
03909965
039096781
039096326
0390764602
03907329
039043030
039041
039039039
039018
039012
039005
039001
039-362453
0389luv
0389love
038999
0389984498
0389941
038984962
038981
038978
038925
038914575
038914181
03891331
038910
0388de
038897823
038896097
038895227
038890345
038890
038888
038882844
038876641
038876476
038872091
038860898
038856659
038852088
0388493499606
038845498
038840546
038836693
038836298
0388289142
0388237
038823631
038822262
038818
038799094
038799004
038795870
038794002
038793464
038792259
038790293
038787050
038787
038783971
038783030
038779892
038779504
038776238
038775329
038774200t
038772417
038768387
038764269
038763287
038762923
038762399
038760729
038758234
038751026
038750335
038748682
038748134
038745055
038739185
038737459
038737014
038736221
038731202
038727150
038725589
038723
03872281h
038716436
038713
038704283
038701536
038700
038697
0386891
038689
038688365
038686
038677554
038677104
038672210
038671223
038671051
038666119
038664338
038659545
038659139
038655424
038655287
038651861
038651817
038647135
038643vb
038637987
038637223
038627
038619589
038616476
038616252
038615
038614237
038611383
038609055
038606009
038606
038603427
038602
038601927
038601849
038601244
0386
038579
038577865
038573393
038553016
038552937
0385527
038543595j
038543
038541726
038540063
038531386
038525082
038523317
038523248
038523191
038518645
038514173
038514017
0385129
038512460
038512155
0384mv
0384912
038490
038486
038481260
038476276
038473965
038473611
038469
038456
038455459
038451453
038451027
038449390
03843852
038436180
038435446
038434003
038431582
038430
038426500
0384204
03841221
038410
038406104
03840384
038400342
038392270
038391157
038390874
038389
0383850155
038384596
038384
038383004
038381320
038377837
038373152
038366514
038366513
038364342
038354088
038352678
038342417
038339070
038338875
038338337
038337459
038334453
038332272
038325214
038323420
038323374
038322096
038321378
038321
038317
038312416
03830383
038300421
038296
038288667
038287465
038287214
038286724
038286035
038285708
038282240
0382808
038276736
038276693
038274603
038273238
038270009
038255744
038254284
0382512948
038250
038249960
038249318
038245191
038242407
038240224
03824
038238647
038237901
038237867
038224
038222116
038221475
038219023
038209537
038209
038208785
038203464
038203415
038201841
03818
038143528
038143
038136427
038117
038113
038112001
03810381
0381
038090
038080
038056
038041
03803882
03802168
038015
03799730
037997
037996032
037980994
037967
037951770
037928
037920010
037915509
037913808
03791
037899
0378807894
03787bnebp
037870
03787
037868924
037862987
037858745
037845030
03784497
037843877
037831485
037812
037806351
037804
03780378
0378000
037771193
037767662
037724
037721
037720
037713371
03770907
037691
0376901
03767304
037599718
037590
037577
0375350
037530
037525
037517240
037515310
037515187
03750375
037497
037496621
03748
037478
037463284
0374495jt
037437
037435177
037435
037434
037431
037425108
037422
037421C
037421552
037412
037408025
037405539
037405050
03740374
037398631
037398490
037394421
037391276
037381544
037381383
037381031
037324
037323897
037315416
037314655
037313306
037313288
037311359
03730373
037300
037291851
037291121
037289011
037282808
037279377
037279309
037274141
037265
037261940
037261696
037251980
037242101
037241820
037241611
037233180
037228196
037222275
0372202608661465
037217925
037216706
037216219
037215685
037214688
037212075
037211549
037208274
037206038
037202347
0371994
03718402773
037177
03716758615
037158919
037129
037125226
037123
03711978yo
037116684
03710371
037100
037082213
037082208
037061
03706
037050
037035063
03702106
0369layla
03698574
0369852
036985
036983
036969
036952
036926
0369258
036921
036918
03691
03690258
03690
03689216
03688
036871606
036859
0368428912
0368418938
036833
03682
03680000
036759841
036751
036738
036711406
036681138
03668
036652320
036648204
036647756
036644300
036642690
036642505
036633334
036627
036626303
036623144
036622626
036621958
036620566
036620302
036618449
036617254
036615927
036615256
036614219
036612514
036612213
036610650
0366060
03660366
036599664
036595425
036591795
036585144
036582
036581563
036581224
036554242300
036549966
036544212
0365426562
036539479
036537586
036535548
036534323
036532321
036524328
036524
036523551
0365229014
036522669
0365210
036512999
036504
036503217
036495
036471489
036469100l
036462302
036456036456
03643631
03642774
036427209
036424632
036413605
036412649
0363ice
0363cn
036396107
0363803638
036380
03636648
036365419
036365417
036364135
036357273
036336817
036333401
036333101
036332564
036329532
036327244
036325602
0363223967
036322036
0363220030
036321788
036317947
036313443
036311020
036310487
036306213
036305825
036305
036303410
036303159
036302889
036302384
036302340
036300438
036291112
036285
0362800262
036275
03627
036269079
0362547887
03625389
036251047
036246262
036245571
036244860
036244646
0362358421
036230823
036223792
036222534
036222455
036221722
036220010
036210
03620237
0361994
036199367
036194
036188005
036186
036160
036152
036125734
036120
036119
03610
036087
036084986
036078
036073092
036073
036067
036065
036064833
036062758
036060
036053
036040
0360344450
0360201
036015806
036015
036011
036010
036000
035FGa91a
035990
035983
035976
035975
035972
035962
035961
035959
035932
035920
035919
035905
035892
035889
0358878
035878
03586394
035846
035842
03584
035820777
0358196
03581579
035804
0357rose
035791
035789510
035787027141
035786303
035786
035780
03578
035777053
035777
0357688951202
035757
035736
035724182
035718467
035718455
0357159
0357155
035715031
03571174
035705
035702114
035697677
035690
035676
0356720
035672
035670s
035661730
035655
035653
035648478
035647203
035641329
0356323128
0356319021
035626135
035625412
035622443
03562100
035621
035620752
035616051
035614469
035613581
035612054
035611775
0356092h
035609
035606
035602
035599780
035599576
03559124
035591
035590
035587215
035584
035581
035578523
035575
035572
035568
035567r
035565106
035565067
035565
035561
035559579
035552836
035550
03555
035547
035545567
035545354
035543922
035543430123
035543314
035543249
035542573
035542074
035535
035532888
035531817
035531276
035531236
0355300
035522876
035521243
035518261
035518253
03551028
035509701
035505658
035504273
035501
035500606
035500486105
035488887
035487943
03548750
035486582
035485124
035479405
035479
035476
035467
035459
035455
0354547095
0354392937
035432076
035430
035426
035423037
035421793
035421489
035420371
035420
035415423
035415366
035411205
035410105
035408804
035408280
035408183
035403
035400158
0353amg
0353adap
035391637
035390
0353898
035385
035382545
035372
035366989
035366933
0353569331
035353500
035353
035349
035347
035346217
035345759
035345651
035342762
035342525
035338
0353378
035336862
035336249
035335102
035324
035323478
035323
035322482
035321886
03532
035317402
035316
035312
035311
03530353
035301490
035301
03530
035296840385
035292
035289868
035289158
035287
035286046
035282
035273
035268559
035268
035263143
035259
035252868
035252849
035252071
035252
035251602
035248
035247
035246
035243953
035243577
035243418
035242
035241018
035239
035231337
035231067
035227
035225
035224802
035223096
035222
035221443
035221
035219
035218211
035216
0352151
035215
035207
03520352
035201855
035201082
035192
03519111
035188
035183
035180
035179
0351714s
035168
035160
035148
035147
0351433
035141
035140
035132
035124675
0351212696
03512
035117
035112
035111
035102
035100051
0350982
035094
035089
035084054
035080
035074
035067729
035060738
035060
035059
035054
035051
035050
035046392
035046337
035039412
035033710
035027
035020
035016
03501
03500350
03500202
034ever
034995110
034991
03499
03498511
0349681
034950275
03494
034938584
034929481
034919
03491
03490349
0348800803
034862060
034861
034857123
0348551
034853738
03485
034849842
034849325
034846365
034846149
034846
034843696
034843168
034843148
034840503
034838148
034836147
034836089
034836
034834
034833975
034826792
034826106
034820502
034820379
034820
034819114
034818738
034813234
034799769
034793843
034789
0347829541
034781
034780
034771266
034770
034768
03476580
034762142
034746350
034741852
034733182
034732626
034731181
034724
034720947
034720483
034720166
034717186gunza
034716783
034716656
034716342
034713847
034713492
034713293
034712080
034712
034711340
034711312
0347089
034701923
0347
03467261
03466731
034659171
034659160
034649714
034649402
034649154
034645251
03464344638
034643386
034642191
034641
034640113
034639173
034636492
034635824
034631517
034626858
034626823
034624492
03462414043
034623204
034622572
034620728
0346175
034613435
034613233
034611965
034611392
0345iloveu
034599412
03459385661
034592
034591203
03459097232
034571671
0345715
03456789
034566470
034566212
034561845
03455416509
03453324855
034532090
034529
03452870764
03452740133
03452174701
034521079
034519597
034518886
034518456
0345181
034515191
034514164
034513374
034512981
034512902
034512834
034512760
034512060
034512
034511779
034511645
034511
0345106
034499287
034496002
034480604
034480226
034478420
034478
034472
034470559
034468065
034468049
034467
034466
034460158
034450649
034443116
03443321174
034426327
034425268
034424171
034424076
034421
034412470
034411
034409
03440344
034402
034401180
0343tc
03439575
034391737
034389129
03437665677
034366654
034352424
034347954
034344940
034339069
034338222
034333
034332681
034332291
034331
034327022
034326546
034326086
034325343
034322500
034322452
034321878
03432061658
034320
03432
034305616
034305139
034301236
034297382
034297081
034289441
034287974
034285608
034284672
034284090
034281987
034275399
0342744
0342725611
034272313
034271038
034267903
034262097
034259281
034258208
034258135
034256450
0342544812
034253300
034252467
034252392
034252303
034251801
034251388
0342439
034243
034241044
034240598
034238106
034236188
034234514
0342334927
034230890
034229711
034227212
03422522622
034225107
034218825
034217919
034217498
034217210
034216180
034216
034215649
034215437
034215411
03420dva
034208749
034208695
034204652
034203492
034200322
0342003
034200
03420
0341usmc
0341992a
034196044
034195
034180340
034178
034170719
0341620
034161
03416
0341594745
0341570340
03415429291
034145879
0341453160
0341438887
034126122
034123
034118102
034115
0341104
034110034
03411
03408289
034073900
03405
0340428
034031184
034029
034017
034007
0340050040
033kaw
033W123
033973
033966
033933
03388931
03388
03387
0338545122
03380338
0337le
0337angel
033789
0337719
033765749
033718
033711
033705812
033700599
033696
033691
0336745
0336699
033663
033658
033629
033602
033596
033587cao.
033586
033580.
0335580
033553
0335516
03354192
0335411987
033540
03352479
03350cfspb
033492718
033491969
03348518559
03347334
0334531970
033453
0334418
03344
033439913
03342528
033423
033419505
033413
033383moni
033368
033350141
033344401
03332946
03332887602
033316
033313
03331
033306
0332pri
0332elena
033291
0332804058
03327933270102
033271
0332598441
033251871
0332507887
033246
0332420
033239
033237
033235117
0332211
033219
033213665
03321331
03321
033203941
0331juju
0331ap
033195a
0331920
0331905
03318847
033187s
033185140982
03317766144
033170
033167
033166
033165
033163
033160
033159
033158
0331567453
033151
03315
033149
033146
033141
0331343
033131373
033130436
033130
033129
033128
033127
033126
0331229811
0331228017
033122
03312162
033121
03312003
03311997
03311986
03311984
03311975
03311972
033118830
03311715
033117
033111
0331103
033110
03310810
033107rl
0330shit
033093p
033090m
033089C
0330893028
033088a
033086890581
033084b
033078717
033077378
033076p
033068
033066795
033065
033060
03306
033059
033055405
033055
0330509
033032
033031d
03303
033028
033027
03302534
033020211
03302009
03302007
03302004!
03302003
03302002
03302000
03301977
03301975
03301974
03301969
03301962
033019
033014
033010
0330038
033001r
03300125
03300
0329nm
0329kori
032993a
032967
032966
032963
032960
03296
032958
032952303
032948
03293900
032931
032926
032925
032924
03292006hnj
03292003
03292001
03291996
03291991
03291983
03291982
03291977
03291973
03291971
03291950
032917
032916
0329117
03291
03290409
03290
0328mn
0328dj
03289814
032894040795
0328900
032887l
0328862
032883888
03288
032868
032861
032857
032856
0328539
03285
03284
032839
032835
03282823
03282
03281997
03281996
03281989
03281985
03281980
03281978
03281976
03281975
03281972
03281969
03281967
03281966
032817k
032814
032812
03281127
032811
03280760
03280711
03280404
03280321
03280296
03280267
03280126
0328003bb
0327sergiombm
0327mr
0327cw
0327aj
032793v
032790joan
03278
032779t
0327788
032776jda
032767
032766
032764
0327446
032743889
032726747
032726
032723
032721068
03272009
03272004
03272002
03272000
03271978
03271971
03271889
03271612
032715
032711
032710
032705j
032704ja
03270
0327**
0326jv
032699394
032699056
032698li
032697399
032697150
032695015
032693clmp
032692jy
032692444905
032691480
032688766
032688722
032687w
032687m
03268686
032680a
03267979
032677083
032675rd
03267585
032666
03266230
032661692
032661304
032660
032647327
03263569291
0326324
032631744
032631682
03263004
03262523
032624
032622928
032621577
032621
03262003
03262002
03261999
03261997
03261978
03261977
03261975
03261974
03261972
032619
03261228
032611ntth
032611909
032611880
032611623
0326078
032605f
03260417
032603b
032602131
032601797
03260
0325nino
0325mom
0325jk
032596083
03259432
032591jenn
032585t
03258
032578119
03257603
032574240
032574235
032574172
032570020
032563
032561
03255836
0325583
032557112
032557
032554318
032554
032552
032551
032550469
032550350
032550301
032550136
032550
032548469
032546
032545898520
032542504
032542146
032539
032537
0325354143
032534606
032534390
032534342
032534224
032532491
032530688
03252930
0325270
032525496
032522258
03252008
03252005
03252004
03252003
03251999
03251997
03251994
03251983
03251975
032516157
032515015
03251450
032514183
032513527
032512104
032511689
032511675
032511416
032511035
032511021
0325106372
032510132
03251
032506237
032505a
032503m
032503056
032501071
0324jj
0324je
0324aleja
0324997
0324975511
0324954sergio
03249540748
032494s
032493369
0324924180
032492267
0324920
0324881sey
032487t
0324870516
032478136
032472243
032472239
032468720
032464
032463221
032463
032461316
0324577736
032454353
032454126
032451106
032451080
032450068
032448
0324469198
032446293
032444346
032441100
032439290
032436
0324349242
032434129
032430600
032430258
032430100
03243
032429
032427536
032426
032425786
032425328
032424554
032424549
032424141
03241978
03241977
03241976
03241972
03241969
032418136
03241629
032415097
032415
032414953
032414942
032414517
032414416
032414401
032413
032412555
032412461
032412380
032412130623
032407158
03240517
03240314
03240291
032401468
032400506
032400454
032400259
03240
0323jj
032399a
032398332
0323983
032391308
032391305
032390kim
032389224
032388sf
032387315
0323821jr
032375740
032371066
032367149
032367
032364
032361402
032360612
032360379
032359322
032358mr
032357165
032356915
032356332
032353474
032353301
032352766
0323525538
032351623
032351
032350
032349860
032347281
0323465045
032345742
032344303
032342750
032342302
032341432
032341348
032340122
032340035
032334105
032332534
032332363
032330
03233
032329
032327992
032326948
032325709
032325624
032325500
032325495
032323916
032323310
032322435
032322332
032322
032321859
03232
03231994
03231972
03231969
032319043
032319
032317
032315419
032314755
032313
032312599
03230824
032304a
032302???
0322babes
0322aka
032299aj
032297129
032293057
032292h
032290gay
03228890236
032287140
032287094
032287031484
032282032
032281725
032281193
032271k
032268581
032268245
032265
032262
03226173148talha
032261
032260
032258
032254544
032250309
03225
032248296
032245839
03224292503
032235
0322311818
032228
0322260893
032223
032222605
03222009
03222007
03222
03221998
03221973
03221968
03221957
032213
03221011
032207151
032205punks
0322055
03220525
03220511
03220322.c
032201579
032200605
032200151
0321vart
0321989
0321964
0321960
03219456
032189arw
032189a
032189727
032188283
032188223
0321812
03218
032174878
032172c
03216683426
03216642651
0321654789
032164
032161
03215987
032156172
032154
0321530
0321528
03215267037
032152
032151030
032151
032150*27
032150
032148
032147
03214520
032144
032142626
032141525
03214021810
03214
03213820560
032135059
0321321
032131
0321304
032128f
032127549
03212589
032125820
032125448
03212475
03212009
03211998
03211997
03211992
03211971
03211314
0321125461
03211214
03211202
03211028
03211016
03211
032109k
032106540987
03210321q
032103210
0321002040
03210.3
0320marissa
0320iloveu
0320girl
0320bnc
032091c
032089352
032080a
0320702004
032070122
032067492
032067007
0320660230
032065957
032058451
032058
032056493
032055250
03205436
032053345
03205
032048
032042086
032041145
032041
032040a
032039
032034053
032032032
0320320
03203002
03203
032028653
032027
032026019
0320216077
03202002
03202
03201996
03201983
03201982
03201977
03201975
03201973
03201971
03201970
03201966
032017
032014635
032012
0320103
03201018johnloveivy
03201016
03200888
032007a
031valerie
031kc1
031girls
031bam
0319ao
031991m
031990j
03198279
031971824-nury
031961
03196
03195851
031957
031956456
031955
031954
031949
031948150
031944
031943
031933
031930
031926
0319217
03192009
03192008
03191998
0319199512
03191993
03191988
03191978
03191974
03191968
031919
031918
031916
031915
031914130
031914
031913
03190919
03190915
031904B
0318ka
0318angie
0318FunkOdyssey
03189
031889973
031886214288
03188600
031865871
031865
031864
031858
031854435
0318515277
031851
03184318j
03184282340
031833
03183
0318282322
031822
03182009
03181trini
03181996
03181994
03181979
03181963
03181957
0318187
031817
031815
031813
03181198
03180701
031806will
031801501878
03180129
03180
0317jer
0317ep
03179113
031790r
031770
0317671681
031767
031763
031760
031758
031757892
031757
031754
031752
0317507792
031749023
031746079
031746
031744922
031744
0317423
031736641
0317312255
031731162
031727
03172518
031722680
03172192178
031721
03172009
03172008
03171999
03171991
03171987c
03171980
03171978
03171975
03171969
03171965
031713
031712261982
031711
031710302
03170820
03170614em
03170526
03170324
03170307
031701y
0317007
031699Jan
031692l
031692an
031691a
0316913
031690091
031681312
03168
031679809
031662166
03166111
03165939
031655
031649782
031649695
031649
0316485
03164824
031642295
031641
0316363
031635
031634415
031625
031623
03161983
03161974
03161454
0316132353
03161201
03161012
031608351
03160803
031607992
03160722
03160214
03160
0315go
0315chwe
0315baby
0315aj
031598a
031597964
03159501
031594sebastian
031591s
031591j
03159078
031585990
031583882
031583398
031567851
031566094
031564
031561ad
031560227
031558
03154l
03154904
0315480248
031542k
031540358
031537875
031537
031536
031534587
031533266
03153130
031531
031526456maw*
0315213915217
03152009
03152008
03152002
03151993
03151981
03151978
03151975
03151971
0315181987
031517E
031514
031512sw
031510
031506m
031500bc
0314Over
031498tmc
0314951230
031491660
0314871289
03148505
031483460
031477682
031468
031463
031462
031460
031459113
031458
031454
03144life
031448396
0314452g
031443
031437
031432762
031431
031430652
031423
03142208
03142
03141998
03141996
03141994
03141990
03141979
03141976
03141974
03141960
03141959
0314190179
0314172023
031413
03141053
0314102
03141
03140730
0314064ever
03140628
031404clay
031404558
0314033
03140319
031401008
031400064
0314
031399681
03139449143
031393633
031392j
0313901
03139
031385mm
03138528tata
031384san
0313806
031378469
031365
0313567
031356260
031352152
03135136227
031350
03135
031345
031343
031342
031334403
0313336
03133
03132832
031324
03132098
03132009
03132008ym
0313200300
03132002
03131997
03131996
03131983
03131976
03131958
03131909
0313171323
03131419
031313
03131201
031310k
03131011
03131
03130916
031307.
0313034
03130225
031301040
031300820
0312mf
0312da
0312993455093
031299101
0312991
031298a
03129785
031292n
0312911
03129
031288821
0312888
03128805
031288031288
031285522
031284es
03128103
031262
031259349
031258726
031256
031253
031251274
031251216
031251
031248610
031248
031247
031246858
031246
031238
031237
031236730
031235760
03123456
0312273100
03122537
03122517
03122507
0312233306
031222322
03122009
03122
03121999
03121993bee1123
0312199123
03121987CEntuA
03121985h
03121983.
0312197