52
027133609
027125543
02712312024
02712
0271155
027114826
027113571
027112536
027111944
027110654
027108962
027108775
027108519
027108115
027108
027107730
027105161
027104786
027103627
027102779
027102303
0270james
027099010
0270963
027095460
0270923
027091751
027090363
027090
02709
027089392
027086411
027085
027084653
027084003
02708220229335
027081984
027081725
027081569
027081228
027081117
027080490
027078040
027076277
027073305
02707
027066201
0270609
027058966
027056878
027054328
027051872
027050533
027048089
027046359
027044527
027044497
027038107
027037993
027037889
027037796
027037095
027034252
027031801
027029821
027029389
027028104
027027261
027025269
027022745
027021984
027021672
027021206
027018980
027018395
027017260
027016409
027014596
027012033
027011544
027011183
027010691
02700270
026asil
0269sb
0269997
02698
026977
026954
0269431082
02694
026939695
026939145
0269365
0269359
026934196
026931556
026930
026928265
026927603
026927504
026927495
026927216
026925794
026920162
026918084
026917902
026914
026910056
02691
026902122
026900
02690
026891864
026888910
026887459
026887380
026887
026886219
026886014
026885
026883840
026883792
026883317
026881699
026881237
026880321
026880314
02688
026870
026863985
0268561
026854579
026854542
02685200
026850
02685
026843
0268420
0268413579
02684
026826
0268256
026820982
0268180955
026816
026815653
026815428
026813886
026813736
026813406
026812452
026794374
02678
026775794
026762870
026761614
026761
026758870
026756758
026756424
026755423
026751892
026751728
026749803
026749577
026747804
026735
026733370
026732848
026728566
026725786
026716367
026715738
026715313
026712119
026711656
026711
026710629
026697310
026696927
026696368
026694794
0266939
026690912
026690464
02669
026686597
026686433
026684848
026684100
026662
026655
026653
026650123
026647550
026639
0266386a
026631717
0266272
026626720
0266230034
02661910829
026611
02660266
026591655
026591
026570m
0265670
026565459
026563225
0265596
026558693
026554455
026548139
026542736
026542670
026542080
026541149
026537a
026526341
026526
026514mm
0265100270
02650265
026500850
026500
026489
026487952025
02648520
026480
026475hf
026452500
026451
02645
026449717
026449612
026449
0264488940602
026446800
026445642
026445529
026445264
026444
026443387
026443
026436592
026435
026434502
026434430
026434314
026434302
026433295
02642vmzti
026429582
026424486
026424441
0264222845
026422
026416705
026416075
0264138
02641241
026412
026406146
0264049
026401285
02638297
026379
02636179
026361321
026360
026356
026354146
0263520481
026343
026342
026335
026318773
026318427
0263146433
0263145874
026314520
026312561
0263121
026309390
026304254
026298993
0262908
026290454
026289590
026287256
026280524
026263
0262583
026256407
02625
026248557
026235739
026228400
026226
026224868
026222036
026220176
026216938
026212849
0262127148
026212714
026210107
02621
0262028a
02620262
026202
0262000
026192563
0261910
0261868
026180
026169197
026159
026156878
0261552
026152088
026152
026129g
026125246
026125
026121772
026120831
026120611
02612
026119
026116lol
026116
026111904
026110529
026110356
02611002
0261049
02610262
0261014372
026090020
026074
026072
026068
02605
026042
026041
026040
02603
0260256
0260175
026010
02600960286
0260019
0260
025krito
025dddf0
025Interkey025
0259th
025992
025991552
025987
025984252
025983801
02598
025979
025978224
025973694
025971018
02596739
025967
025964
025963
025958124
025956
025951899
025951
025950130
025945091
025944802
025942853
025940141
025934158
025932
025931344
025931
025922
025919163
025915698
02591468
025914370
025913670
025913509
025913349
025913264
025912674
025912486
025912313
0259123011
025912069
025912044
025911
0259063041
02590259
025901
02589l
02589637
025894
025893210
025893
025892174
025892037
025891
025890
025885
025884941
025884
025883
025882217
0258794613258dd
025879189
0258784512
025878
02587700
0258769
0258741963
025873411
02587319
025873
025871275
025869152
025869
025866
025865549
025862
025861
025860191
025859203
025858061
025857710
02585752789
025857036
025856251
025853639
025853
025851454
025850212
025850
025847191
0258471213
025847
025845903
0258456363
02584562
025845074
025845
025844975
025844
025843394
025843
025842
025841831
025841526
025840847
025838389
025836050
025835340
025835047
025834538
025833424
0258331
025832081
0258316497
025831114
025830178
025830
025828520
0258268
02582523
025822429
025822
025820155
025820
02582
025815956
025813649
025813537
025813367
025813171
025813
025812879
025812358
025811594
025811
025807276
025805803
025805547
025805283
025803211
025803
025802909
025802019
025801903
025801682
025801130
025800367
0258/
025798733
025798
025794
025793301
025791475
025784446
025782372
025781867
025776217
025775907
025773803
025773494
025773
025760
025753
025751
025750
02574e
025748130
0257460121
025745907
025745066
025743949
025743426
025740888
025737765
025737085
025735
025734830
025734237
025724864
0257245_linz
025723
025720
025718
025717556
025713417
025713
025712
025711721
025711
025709626
025709545
025708136
025705
025701939
0256987asd
025695
025693
025689pop
025681
025680
0256798
025676484
025676
025675752
025675057
025674181
025673912
025673138
025673
025671368
025671223
025671
025665
025664658
025663784
025663418
025663401
025662613
025662336
025661499
025659
025656
025655895
025655105
025655
025654857
025654756
02565471500
025654683
025652944
025652711
025652651
025652440
025651730
025651611
025651514
025650209
0256462934
0256314789
0256314
025631
025629
0256279
025626
025623508
0256216941
025613544
025612169
025612
0256112589
025610937
025603
0256
025588
025576014
025571689
025570298
02556229150
025561
025558
025555555
025553
02555
025549
025544
025543
025538
025535
0255292025
025526673
025526287
025525526
025525
025524634
025523
025522910
025522630
025520229750
0255171i
025514398
025513389
025512
025511864
025509
025500821
025500785
0255
025495425
025495320
02548963
025484
025482491
025480820
025480
0254789
025478
025461
0254605644
025460
025458
025452
02545
025448395
0254481320
025448
025445
02544
025439139
025439
025438324
0254317
025430388
025430
025428
025423598
025422292
025421
025420428
025420
025419
025418847
025418146
025417790
025416847
025412
02541
02540772
025407
025405275
025404783
025403876
025403381
025403091
025403011
025402839
02540254
025401639
025401452
025401418
025400202
025400
025399045
025398582
025398
025397659
025397647
025397020
025396741
025395246
025392
025390
025389622
025388109
0253861427
025386069
025386
025384521
025382608
025381471
025380340
025380
025379
025378956
0253734989
025373
0253728
025367509
025367015
025366135
025365155
025364328
025364
025363562
025363
025362618
025362
0253616l
025361387
0253612
025360241
02536019930
02535617
025353
02535269
025351
02535
025348
02534680
025345
025342
025341
0253402534
025339752
025338
025336649
025336536
025335396
025334772
025334190
025333638
025333037
025331498
025330585
0253302533
025326
025323988
025323972
025323047
025323
025321
025320032
025320
025319420
025318315
025317
025316932
02531689
025316694
025316551
025316349
025315876
025314231
025314
025313225wb
025313162
025312130
025310678
025305
025302781
0252970
025295
025291450
025290876
025289
025285248
025278787
025277407
025277018
025276839
02527613
025271892
025271337
025270855
025269604
0252693
025267791
025267749
025267338
02526713
025267
025265957
025265718
025262774poo
025262434
0252624
025258
025257
025254
025252646
0252525479
0252525
02525213
025252
025246
025245235
025238314
025238
025237539
025236704
025236321
025233454
025232
025230
02523
025229
025227
025226965
02522022
02522
025216841
025213775
025213002
025212363
025212
025211
025210925
025210171
02521
02520589
025201
025199317
0251991
0251988
025198186
025194857
025192549
025191156
025189
025186
025183400
025183124
025182
025181820
025181
025180855
0251800
02518
025179211
025178326
025177891
025177343
025175200
025175165
025174525
025172634
025172
025170581
025169
0251671
025164545
025163323
025163317
025163051
025162977
025162297
025161652
025161298
025160
025159057
025159
0251589
025156758
025156
025151
025148
025146
0251459303
025141959
0251415
025138
02513744cj
025136793
025136538
025133
025131053
025130668
025130040
025129
0251289
0251283888
025122
0251195
0251187
025114
025111416
0251111
025111
025110451
025108201
025108022
025107774
025107677
025107285
025105848
025105421
025105411
025104329
02510412
025104
025103375
025103266
02510222
025102161007
025102130
025101850
025101167
025101
02510048
025100
02510
0250toe
025097960
025096695
025096421
025095942
025095892
025095758
025095254
025094076
025093973
025093886
025092642
025091705
025091568
025091079
025090271
025090
025088
025080475
025079
025072
0250689
025066
025058
025057293
025054
025052
025050
0250497
025040598
02504
025039725
025039210
025038736
025037721
025037
0250368
025035
0250345
025032995
025032000
025031
0250309
025030
02503
025028
02502774
025027
0250210
025015
025014
025013291
025005
02500250
0250025
025-62-9042
024life
024angel
02499
02498
024959
02495745689
02494954
0249351
024935
02492777
024925650
024920
02491539
024913
024908
02489aa
024888
0248857
024882122
02488
024875703
02487510
024874
02487
024862
024861793
024834
024830
024828
024827703
0248234034
024822823
0248200
0248190661
024816
024814d
024802003.15
02479
0247861064
0247825
024778843
024778008
024777
024772524
024769876
024768393
024765957
024765450
024764
024762473
024761807
024761411
0247500
024747
024743
024739
0247327
024730
0247296
024725142
024724681
024722933
024722795
024722316
024722106
024721575
024721511
02470845
024707
024691
02468renamon
02468r
02468c
02468a
0246899
02468989
0246897al3cs
024689110
02468789852
024687461
024684
024683926
0246819735
0246812
02468100
02468086420
0246802
02468*
024674779
024671592
024671323
0246700371
024670
024669241
024668463
024667168
0246669d
024666997
024666366
024665189
024664653
024663888
024663636
024661890
024661663
024661331
024661013
02466
024659981
024658899
024658608
024658555
024656719
024656523
024656316
024655978
024655805
024652656
024651417
024651328
0246451589
02464392
024643151
024643096
024642425
024641030
024640975
024640349
024639876
024639747
024638616
024638464
024637838
024637709
024637639
024635587
024632836
024632
024628
024627913
024625765
024625205
024620903
024620014
02462
024618367
024618359
024615
02461403
024611825
024610457
024600
0245daisi
024591244
02459
024589
024581429
024580149
024580086
024579431
024579053
0245774374
024576929
024576
024575867
024575524
024575154
024571763
024570172
024565
024563
024557516
024557502
024556740
024556539
02455646667
024555835
024555780
024555045
024553761
024552350
024551826
024547171
024547
024546769
024546515
024546185
024544670
024544
024543947
024543764
024543047
024542679
024542402
024541325
024540
024538114
024538036
0245356
024530210
024530008
024524764
024523509
02452001
024519637
024519150
024518871qw
024518766
024518613
024518219
024517825
024517519
024517494
024516694
024516194
0245142954
024513668
024512738
0245125623
024512194
024511526
02450245
024498
0244969270
024492113
024491
0244869596
024484345
024482300
024481958
024481513
024481
0244789166
024478
024475935
024474
024473755
024472974
024472842
024471041
024470117123
024467
024466434
02446610983
02446602
024463911
024463485
024461029
024461
024460962
024460770
024456130
024455301
024453993
024453481
024453357
0244529
024451
024444069
024443331
024442838
024442381
024442067
024441702
024440426
024432331
02443227969
024428
024425770125
024420020
024413967
024412231
02441102792
0244086578
02440539
024395432
024389983
024389105
024388563
024386784
024383741
024382068
024381
024380
024379891
024379486
024378693
024378084
024377207
0243765411love
024374983
024374864
024374068
024372518
024372
0243716032
024369
024358572
0243567155
024356478
024356038
024355535
024353889
024353487
024352634
024351
024350372
024350350
024345326
024341736
024337157
024337
02433677536148
0243364776
024333491
024332608
024332256
024329
024324
024322202
024313473
024312100
024311141
024310677
0243105453
024310243
02430
024292632
024292454
024290
024289276
024289045
024285564
024284710
024284640
024281914
024281613
024281280
024280434
024279052
024278947
024276992
024275381
024274141
024273900
024272709
024272622
024272051
0242710663
024270
02427
024267215
024266850lean
024266214
024264593
024263932
024263497
0242629311
024262895
024262604
024262596
024261811
024260983
024260735
024260603
024260395
024259512
024259152
024258268
0242531
024251006
02425
02424o
024249349
024246691
024245565
024245035
024244548
024244197
02424338
024243294
024242871
02424211
024241908
024241717
024241483
024238
02423227538
024230210
024228527
024224251
0242220666
024219851
024219763
024219564
024219294
024218623
024217118
024217100
024216911
024216592
024215171
024214785
0242145369
024213629
024213
024212934
024212540
024212
024206387
024206189
024204386
024203769
024203735
024203709
024203245
024202501
024202
024201735
02420
0241sheba
0241992
0241991
024197
024193329
024191
024184638
024183859
024182
024181926
024181399
024181269
024181244
024179356
024179330
024178
024177996
024177608
024171550
02417
024169179
024168285
024165102
024164994
024164819
024163658
024162218
024161695
024161556
024160
02416
024158928
024158113
024157961
024157651
024157034
02415639
024156269
024154851
024153447
024153215
024151254
024151050
024150769
02413598
024132877
024132714
024129918
024129818
02412902
0241282479
024127552
024126986
024126806
024126542
024126464
024126088
024126028
024125449
024125270
024125
024124419
024123
024122989
024122451
024122450
0241211
024120645
024120
024116
024114595
02411344
024113
0241120619930209
024111081
024110677
024109099
024107390
024107277
024106592
024106008
024105128
024105021
024103520
024103164,bho
024102899
024102527
024101212
024100193
024100
02410
0240hrz0
024096187
0240929438saia
024089
024088
02408031
024072
024071
024062
02406
02405
024043217
024028
024026
024023
024014
024013
02401
0240024002
02400240
023994908
023993419
023993328
02399320
023992807
023991260
023990065
023989397
023988548
023988468
023987321
023985417
023983702
023983238
023981
023964
023961601
023956118
023954158
023953659
023951963
023950913
023950216
02394800
023946525
023945558
023945011
023945006
023943151
023942379
023939042
023935288
023934861
023934316
023933856
023933022
02393
023928645
023927809
023920229
0239179
023917
023911
023910953
0239102797
023910100
02391
023903
0239024
023900739
023900
02390
023895531
023894983
023894049
023893170
023892896
023892
023891500
023891485
023882999
023882875
023882539
023882416
023882
023881784
023881006
023880348
023872208
023870
023865107
023859839
023856463
023854489
023854201
023854063
023854
023851973
023851874
023847842
023846862
023843
02384
023838129
023837971
023833848
023833040
023832064
023831708
023831382
02383125722439
023830903
023830448
023825
023822343
023821844
023820588
023819362
023819115
023816827
023816194
023816045
023812626
023810249
02380921715963884
023805234
0238026211
023800312
023800
023798910
023798862
023798661
023797585
023796588
023795031
023792849
023791723
023782324
023780104
023779955
023779309
023776861
023775675
023774879
023774475
023773974
023770751
023761948
023761
023758520
023758069
023757279
023757
023756811
023756086
023755926
023754064
023752028
023750970
023750
023749626
023749320
023748921
023748450
023746533
023746363
023745796
023743868
023743611
023737701
023737508
023737152
023736965
023732811
0237289
0237231436
023721325
023721235
023720678
023714
023712
023708002
0237049
02370237
02370
023698412
023698
023696
023689
02368487
023683682
023683070
023682858
023682298
023682022
023681320
023681
02367510
023675
02367136
0236587k
0236541j
0236541
023654
023652369
023651141
0236465
023646149
0236377645
023637
02363595936
023626107
023626
023623
023619
023618752
023617065
023616410
023616
023615896
023614927
023614
023608105
023607651
023602739
0236010
023601
023592334
0235890
023588
023587
02358
02357588
023575
023564804
023555
0235539510235539510
023551
023547821
023545ivydene
02354
023539081
023536999
02353633
023533
023532
0235316059
0235303
023530
023529
023522088
023510
02350235
023502053
023500
023497
02348918
0234879A
023487910289
0234851
02348
02347732
023475
023474452
023469
023465696
023465047
023465
023459
0234556
0234260
023425
02341801
023416
0234061
02340505
023401737
0233beb
023397985
02339
023389
023381135
023376499
023376489
023372262
02337
023365
023349
023343777
023342326
023341782
023341417
023341271
023340
023333333
02333220
023330573
023326705
023325
0233246
023321158
023319471
023317894
023317109
023316670
023315457
023315
023314679
023309008
023305069
02330233
023302
023301608
02330156609
0232demon
023299
023291782
023291646
023290827
023290289
023288990
023288255
023287297
023287177
023278
023276
023274161
023272
02327
023269813
023267142
023266
023261623
0232590
023245
0232434
023239
02323840268mine
023238
023236
0232334011
023232035
023231202
023226251
023225993
023224248
02322322389781
0232212
0232192
023218
023217402
023215469
023215069
023212
023204444
023202
023201702
0231996
0231987
023197812
023195
023194601
023189886
023189401
023187619
023182388
0231817
023181574
023180617
023178119
023173373
023173228
023169883
023168098
023167250
023166834
023166374
023164664
023162603
023162561
023161655
023160814
02316069
023157
023152597
023147200
023146248
023146
023145668
02314539A
023144936
023142340
023141937
023139
023138
023135
0231345857
023134168
023133
02313
023129
023128019
023127778
023127
023125
023124
023123231
023122643
023122020
023121319
023121
02312023
02312021
023118
023117588
023117
023115545
023114
023113
023112893
023112331
023110751
02310559
0231020
023101
0231000
0231
023099
0230959
0230901
02309
023089
023082
023068
02305962
023058
0230507
0230502337478
023045
0230421772
023040
02304
023033
023031525
023031
023024
023023b
023022
023021
0230209
023020
023019
02301831
023018
023013
023003008
023002633
02300230
023000
023..mko
022d41
02299187205
0229875
022985
022982
022971
022964
022961
022960
0229563
022956
02295
0229490
022948724
022945586
022944504
022942710
022941139
0229411
022940
022928
022924
022922516
022921427
02292000as
0229199502
022919
022915
022914
022912907
022912
022910458
022910
02290
0229
0228sf
0228ji
022896485
022894484
022894111
022892268
02289111
022890011
022878mh
022874778
022870546
02287
022868746
022862658
022862193
022862
022856
022855
022853274
022853
022852539
022850
022849
022843
022838
022835
02283413
022829
022828
022822905
02282005
02281995
02281992
02281979
02281966
02281965
02281933
02281626
022816
022814
022813
022812538
0228122406
022812
0228102512
022810210617
022810
0228079
022806a
02280624
02280518
022802J
022801058
0227mely
0227love
022797741
022797292
022796ks
022793g
022792552
022791604
02279
022779251
022775216*
022772604
022771400
0227702
02277
022766
022765275
022765
022763358
022763110
022761700
02276
022755975
022755916
022755487
022755459
022754945
022752473
022751
022748818
022747
022746413
022743875
022742491
022740
0227363
02272702
022727
022726325
02272464
022723
022721670
02272006
02272001
02271996
02271981
02271960
022718
022714810
02270726
02270101
022699d
022672911
022669845
022666
022663687
02266
02265821
022658
022657
022640
022637835
022635
022625
022623837
022622
02262005
02262002
02261999
02261983
02261976
022619
0226129898
022610
0226091t
022608577
02260811
02260801
022603562
022602RS
0226018178
02260102
02260
0225jordan
022595love
022592671
022589m
022589k
022588258
022587539
02258
0225791
0225708
022560
0225588
022558
022557
022556853
022554
022551366
022551
022550373
022548
022547062
022544874
0225434
022542
022541
022540
022536333
022534471
0225295
02252844
022527606
0225248796
0225221143
02252200
0225220
02252122
02251981
02251980
02251977
02251972
02251961
02251956
022517303
022516171
022516
022515
022513304
02251104mad
0225110
0225107
022508565
022505a
0225040
0225002
0224jo
0224jesus
02249929
0224975
022497098
022497068
022495Ariz
022494606
022494093
02249215
0224912534
022490cat
022486781
022486565
022485555
022485100
022484668
022484228
0224827
022481680
02248
022476670
022476178
022472
02247
022463565
022463279
022463
022461652
022459
022458
022457183-4
022457
022454930
022454280
0224534
022448
022446
02243639959
022436279
0224360
022433646
02243214
022431639
022431168
022430482
022427
022426
022423
02242247
02242003
02242001
02241996celineq
02241981
02241980
02241973
02241967
02241953
0224188291
022418438
022418064
022417914
022417424
022416860
0224151
022413515
022412POLO
022412459
022412439
02241209
022410694
02241022
022404036
022403183
022401947
022401568
0223jc
0223harry
0223ab
022393heru
022392von
022385jea
022384jv
022384T
022378542
022375
02237
022367
022366418
02236333
022360888
022359
022356508
0223522
022350
022349
022343
022341853
022340317
022338730
022338232469
022335
0223346
022334310
022333318
022331327
022331321
022329
02232000
02231978
02231969
02231966
0223177pr
0223158869
0223135546
022310231015
0223088
02230827
02230818
02230624
0223056
022303ms
0223010
0222love
0222hoy
0222936047405929
022285ar
02228448
022282bwh
022281hg
02228
022267
02226
022259
022258
022255
022251221
022249931
022248
022245227
022244420
022242432
02224069
022238j
022237007560
022237
022234713
022229297
022226
02222528
022223
02222222
022221424
02222008
02222007
02222006
02222004
02221997
02221994
02221991
02221982
022218344
022218316
022217304
022213840
0222127
022210450
022210012
02220323
0222008
0221rea
022199696
0221989
0221988
0221981
0221918
0221905
02219
02218907
02218202
0221812122008
022180cl
022180508ger
022168434
022168
022161253
022161
022160800
0221602482
022160
02215998
022159356
022159
022158
022153787
022150902
022148
022147
022145
022144013
022141914
022141908
022141289
02214
0221366859
022133
022132
022131734
022131696
022129308
022128686
022128175
022128001
022127277
022126918
02212533
022125233
022123564
022123306&064064469
0221233
022123084
0221223
02212008
02212004
02211992
0221198818
02211981
02211980j
02211977
022119750
02211965
022118601
022117119
022115
022110710
0221101985
022110190
02210104
0221008
02210
0220nis
0220burak
022094637070
022093kay
02209318
022091352r
022090k
022089c
022086nd
022085b
022084c
02208202
02208098
0220724
022071
022057
02204391
0220410
022038
022037526010
022035
022034
022032
022031
0220301
02203
022027000
022027
0220251
022022022
02202008
02201996
0220198516969962
02201975
02201974
02201965
02201963
02201962
02201130
02201105253334
02201
02200825
02200702
0220020
021renu
021light
021jpy
021dawson
0219jc
0219KMG
02199493364
02199228
021990ka
02199
0219899
02198526
02198511
02198317
0219779652
02197019
021955
021954
021953
0219520
021946089
021946
021941
02193606354
02192966
0219291101
02192327
0219227218
02192004
02191999
02191997
02191996
02191985
02191976
02191972
02191970
02191943
021918
021912
02191103
0219088474
021901v
02190128690057
02190006s
0218y2k6
0218love
021898b
021891del
021889j
021888me
0218781625
0218763
02187235
02186940
021865
0218614001
021858
021857
02185493
021852
02185
021837
021835
02183191
021829280
021826
0218209832
02182009
02182003
02182002
02181999
02181983nj
02181979
02181978
02181975
02181960
02181218
02180880921
02180812
0217nm
0217lvl
0217cz
0217ann
02179
02178067
021766
021762
021760
02176
021756591
021750899
021750
021744
021743
0217402174
0217381
021737715
021736
02172626
0217239353
021722
02172007
02172006
02172005
02172003
02172000
02172
02171995
02171982
02171976
02171968
021715
021713
02171218sf
021711
02170608
02170
0216mj
0216jay
0216emi
02169G
0216960688
021693j
021692t
021692j
021692c
021691s
02169113
021690a
02169
021680j
02168
02167883
021677ds
02166120
021661
0216597
021657
021655
021652
021650
021646650r
021639
021637
021634
021632
0216318566
02162949
021629
02162004
02162000
02162
02161999
021619912009
02161983
02161979
021616
0216123
02161
02160909
021607nyi
0216041989
02160020
02160
0216
0215love
0215ed74
02159488
02159357earth
021591a
02159
021587f
021587aw!
021586p
0215866844
02158600
021581kf
021578c
021575p
021566
021564058
021561
021559
021557
0215554446
0215536
0215535087
02155120
021551
02154agnew
021548
021543558
0215425
0215421202
021541
021540
0215354
0215300
021528105
021528
02152113
02152009
02152008
02152000
02151994
021519870
02151980
02151974
02151972
021513
0215104
021510
02150921
02150727
02150619ry
02150337
02150262459
021501tma
02150113
0214xo
0214rl
0214ks
0214jk
0214chris
0214amor67
021498650
0214972
0214935
0214890
021487v
0214866639
021484x
0214795863
021478963
0214789
0214758369.
021467010
021465
021462036
021461
021455
021452
0214519
02144876
021445
02144
021439
021437
021432
02143186
02142829
02142219853
021420123
02142005m
02141999
02141992vj
02141973
02141964
02141957
02141825
0214165700
02141585
0214112016
02141114
02140910
02140822
021405tr
021405k
021405f
021405drm
0214041992
021403J
02140355
021402ilove
02140
0213jk
0213gago
0213brBR.,
0213ar
021395d
02139500
