0
03121969
03121960
031219105
03121901k
03121805
03121630
03121217
03121
03120912
03120902
03120610
031205mel
031204633
03120406
0312033
031203120312
031201396
0312007
03120025
03120
0311rockyou
0311ml
0311grunt
0311em
0311994
031198322
0311980
031194M
03119285
031190a
03119
031189j
03118585
031181707
0311779518
031164
03116
031159
031158846
031158
031156
0311546
031151
03115012nn
031149
031148
031143
031142889
031141
031136582456
0311320
031131232
0311300
0311293
03112549
03112536
03112522
03112520
03112517
03112511
03112507
03112312
031122507
03112009
03112002
0311200
03111972
03111969
03111968
03111963
03111318
03111111
03110707
031106989
0311052531
031104a
0311026
0310st
0310Chris
031097star
0310975
03109411j
031094008
031092994
03109
031089a
031087j
0310845
03108229
031080b
031079P
031072174
031069nestrik
031066a
03106082084
031060
03106
03105362
03105039931
0310481
0310479
031043
03104
03103f
031039
031029205
0310274
0310273
03102550
03102539
03102538
03102537
03102535
03102522
03102519
03102516
031022timyturner
031022355
03102208
03102009
03102006weddingday
03102003
0310198
03101975
03101974
03101971
03101967
03101962
03101961
0310180jr
031016563bayhay
031013024
0310111
03101108
03100507
03100405
031003919855847
0310016
03100148
03100113
0309nl
0309mumu@kung
0309josma
0309ann2525
0309aa
0309987
03099413
030994.
030990m
03099
030987doo
03098
030977k
030966
03096488
03096452
03093
0309283
03092550
03092523
03092521
03092519
03092515
03092326
03092123
03092009
03092002
030920
03091995Sanne
03091977
03091972
03091970
03091967
03091965
03091961
03091948Apn
03091811
0309142
03091220
03091108
03091027
03091
030907kkmm
03090723
030905t
030905r
030904as
03090318
0308ma
0308jnc
0308dei
0308982314
03089347
03089210
030891nmg
030891jhonny
030891:P
030891.geo
030890j
030889jr
03088720
030884e
0308805
03087
030864
03086247
0308601951119
030855
030850161050
030846
030839
030837
030830
03082534
03082521
03082507
03082009
03081998
0308198323sjra
03081972
03081971
03081970
03081966
03081957
03081603
03081521
03081518
03081
03080920
0308070
03080617
030803tenerife
0308022192
0308008
0307shadow
0307myboys
0307959
030793mybirthday
030791kam
0307912850093
030790e
030790a
03079
030779cl
030767
0307629
03076
03075821
030757
030754
030753
0307524
03075
03074950
030744
03073naz
03073874517
03073227
03072550
03072535
03072526
03072521
03072512
03072378
030723
03072110
03072009
03071994flossy
03071968
03071796
030715
03071369
03071225
0307122
03071091
0307105
03071027
03070822
030705ak
03070509
030704mcav82
03070404
0307023
030701vini
0307009
0306ivan
030699lv
0306920606862115
030691any
03069
0306562
030654c
030652
030651
030650
030646
030625hp
03062552
03062551
03062539
03062538
03062537
03062519
03062516
03062514
03062511
03062425h
0306201
03062
03061973
03061972
03061971
03061963
03061718
03061314545
03061116
03060905k
030607c
03060284
03060102
03060
0305sims
0305love
030596kepi030596kepi
0305924
030590a
030589ant
030588zwe
03058587ae
03057
03056272
03056
030558
030557
030556
030553
030552
030548
03054722
030541
030540
030538
03053493
030532402
03052516
030520479
03051992hellen
030519888
03051979*
03051975
03051974
03051968
03051966
03051962
03051957
03051956
03051955
03051501
03051117
03051011
03050812
03050809
03050708
03050623
03050607
03050410819jfer
030503s
030503as
030501636
0305012
0304ti
0304six9
0304sex
0304pp7gr
0304love
0304lbday
0304kay
0304eli
0304997
03049611
030493mp
030493759
0304931230
0304911014
03049000
030481j
030472214
030463
03046
030457
0304557004
030453419
030450
03045
03044
030438
030437653
030435028
030429162
03042683
03042550
030425417
03042530
030422
03042084
03042009
03042001
03042
03041992k
0304198417
03041968
03041941
03041923orquidea
030416183
0304131708
03041097
03040cha
030409971
03040927
030408irg
030408253
030406650
030405js
030405j
030405d
03040508
030402j
030402241
0304020010
0304
0303danny
0303bigr
03039900
0303984
030395958
030395235
030394tin13
030394a
030394815
030392q
030392k
030392101
030391a
0303890
030384081
030382dlf
03037927
030375828
03036982147
030365207
0303633
030363174
030359
030358
030356168
030350
030349
030347250
030344
030343
030342
030340
030334527
030334485
030334110828
030333579
03032548
03032547
03032522
03032520
03032518
0303216081
0303213
030321214
030320160
03032009
030320049
03032002
03032
030319900
03031968
03031958
03031935
03031933
030318377
030315913
03031505
0303131352
0303121
030308532
030307vs081107
030307993
030307707
030306pc
0303066
03030644
030305649
03030404
03030398
030303649
03030330100011
030301095
0302ting
0302moon
030295592030
030294k
030294bb
03029209
0302916
03029113
03029
03027711242
030271335
0302678
03026745190
030265
030263
03025m
030259693
030256997
030256242
030256
03025520287
030252
03025
030248
03024609
030241
030240
030239
030233172
030232
03022536
03022530
03022527
03022525
03022522
030224
0302226
030219936
03021987s
03021979lwm
03021973
03021962
03021961
030214puck
0302096
0302071
0302055
0302031
030200l
0302001
0301rb
0301kk
0301emma
030199731
0301984
0301976574
030196jde
030196946
030193z
0301932992
03019003
030187494
030180a
0301785jenny
030175335
03017047
030163510
030162
0301589
0301581
030158
030150
030145
030136455
030133471
030126754
03012540
03012538
03012523
03012522
03012520
03012518
03012517
03012514
03011988411
03011986a
03011974
03011973
03011970
03011962
030119
03011739
030116
030112691
030111s
03011085
03010804
030105gata
030105100
030104mb
03010424
03010345
03010309
030102080
03010137
0301010
03010
030098068
03009646
03009616308
030096
03009212428
030092
030091716
03008910260
03008462268
030084
030082
030076083
03007604068
030067
030065386
03006520089
03006491
030061
03005954432
03005875800
030058
03005529442
0300542693562405
030043144
0300427
030042
030040
03003934
030039
03003811083
030037400
030034
030033146
0300323M
03003019
0300286
0300284
030027078
03002486955
03002265693
030018
0300123
03001150
03001130
030009
0300085L
0300076
030000000
03/22/05
03/21/91
03/20/91
03/154*3306
03/12/87/
03/12/1991
03/11/1948
03/10/94
03/07/55c
03/06/05
03/05/1988
03/03/03
03/01/08
03.12.1991
03.07.1991
03.07.1976
03.05.2008
03.02.1992
03-impala
03-12-89
03-02-90
03-0120
03*23sw
02yukon
02yessenia
02yang
02xtreme
02wtwqsa17
02vh54
02vh16
02twenty8
02tundra
02trdyota
02transam
02tiger12
02svtfocus
02sv650
02suttondem
02skyline
02simona
02shashi02
02sexy
02sentra
02sean
02seahawks
02sea28
02saturn
02sammy83
02samantha
02rocks
02rfmek
02regina
02pong
02pmca915
02pets
02pembjn
02patitoMBP04
02passat
02pamb24
02pain
02p12m44g
02ot3771=
02oct91
02oct90
02nov92
02nov89
02nov2006
02nov06
02nenes
02nblaze
02natalia
02na1292
02mustang!
02mustAng
02much
02ml765
02mayo87
02mayo2007
02may07
02maxima
02matt03
02marzo1992
02marzo
02marine14
02march83
02manuel
02mamsi
02malibu
02mai88
02m22t
02m1667k
02luvya
02lovers
02libra
02lexus
02l01s
02kiddos
02kevin
02kelly
02ke4897
02ke1504
02kaylee
02katherine
02juni
02junho1994
02junho
02june
02jun1994
02jun1
02jrmr
02jon39
02jetta
02jet_1265
02jcp1991
02jaylyn
02jan1994
02itscoo
02hrhr
02horses
02hemosha
02hdsp
02hc524
02grandprix
02gqb9xa
02google
02good
02godiva
02gene
02fuck
02fr1674
02fjt25
02fenix
02feb92
02extreme
02everdi
02evamar
02enhance
02enero
02elizabeth
02edgex
02ecachi
02drive
02dpittock
02dhoz
02denali
02demarzo
02dejulio
02dediciembre
02dec1990
02dec05
02deagostode1994
02deabril
02de08
02dc10
02davis
02claire01
02ching5960
02children
02cats02
02cats
02candy
02camry
02c2824
02butterfly02
02buttercups
02buick
02brooke
02briana
02bh74
02benz
02bc03
02batetr
02ba02
02aug06
02altima
02alm71
02acurarsx
02a0189
02Rivera!
02Jetta
02GrandAm
02FERGIE
02BjChub
02B1ueye$
029abcd09261996
029GrAn
029988777
029986526
029986321
029983657
029983377
029982403
029981418
029980337
029977114
029976070
029975062
029973566
029973413
029972091
029970929
029967948
029965246
029965014
0299648092
029964688
029963345
029962391
029961622
029960635
029960594
029960592
029959836
029957583
029954211
029952215
029949470
029947177
029946846
029946350
029944274
029944195
029943529
029942512
029940980
029940143
02994
029939954
0299397536
029939751
029938123
029937815
029936761
029935369
029934805
0299344
029934
029931697
02993
029929917
029929853
029929833
029929412
029929095
029928436
029926085
029923240
029922386
029919794
029919056
029916568
029911370
029911365
029910288
029910155
029908824
02990547
029904250
029904167
02990299
029902746
0299021671773
02990
0298sparky
029899566
029899013
029898568
029897192
029895736
029891538
029891
029890213
02989
029886898
029886775
029886721
029884721
029884
029883936
029882899
029881475
02988129
029881065
029878689
029877556
029877114
029877014
02987654
029874800
029874719
029874315
029870547
029870353
029870313
029867
029865003
0298626
029860892
029859806bas
029859628
029859590
029858542
029856193
029856104
029853892
029852073
029851960
029851390
029851239
029851114
029851113
029851
029846982
029846938
029846396
029838675
029837889
029833603
029830493
029830196
029830135
029830089
029830076
029829209
029826799
029825682
029825538
029821090
029820928
029812244
029810625
029810327
029804016
029803201
029801578
02980
029798062
029796604
029794148
029793369
029793139
029791093
02979
029787
02978355
029782011
029780738
029780719
029780253
029780156
029772951
029771363
029770056
0297700
029767896
029766157
029765850
029765596
02976458584265
029763
029762174
029761953
029761172
029760255
029760045
029754457
029753646
029752580
029752348
029750114
029749659
029749226
029748270
029748120
029747531
029746853
029746323
029746225
029743881555
029743821
029741637
029738283
029731214
029728796
029728
029727410
029726935
029726515
029726313
029725237
029724933
029724
029723987
029722836
029720188
029719254
029718420
029718
029715468
029715437
029714057
029712198
029712187
029711252
029710
029708749
029707476
029705486
029705263
0297039
029703422
0296dad
029697170
029696559
029695675
029692342
029690791
029689636
029688730
029681198
029670933
029666824
029666369
029665597
029653942
029653649
029652817
029652624
029650570
029647885
029647130
029646183
029641297
029641228
029639546
029639399
029637573
029635419
029632299
029631508
0296310621
029630110
029630
029629207
029628694
02962509
029624584
029624546
029624437
029623504
029616901
029615846
029615387
029614101
029613661
029611723
029607786
02960303101807
02960296
029602
029600098
029599029
029598075
029596
029595245
029595232
029593619
029592991
029592289
029591086
029590848
029590
029586453
029585519
029582892
029580423
029579981
029579789
029579542
029578490
029578397
029576426
029576053
029574593
029572879
029571875
029571570
029570203
029569087
029566745
029566172
029563831
029563341
029563014
029560
029553034
02955
029546454
029546195
029545441
029544897
029541622
029529070
029527296
029526357
029524680
029523242
02952290
029521263
029520497
029520000
029517390
029516754
029509734
029509060
029508431
029508197
029507757
029506753
029506332
029502230
029501862
029500125
029497447
02949481147
029494582
029494098
029490
029488982
029487030
029487
029485958
029482422
029480469
029479598
029477019
029472688
029471990
029471974
029470863
029469088197
029468128
029466768
029466690
029465
029464322muk
029464
029461137
029461036
029460970
029460026
02945716717000d
029454238
029453743
029453148
029453133
029452134
029450323
029449143
029443546
029443418
029441669
029441303123
029436118
029434367
029434243
029433472
029424048
029422643
029417870
0294173185
029415268
029411
029408029
029405063
029401560
029401
029400689
029398611
029396221
029396
029395441
029394954
029390508
029387588
02938475
029375
029363382
02936191
029361
029360865
029360641
02936
029356
029351434
02935
029346948
029346313
029343435
029341470
029341
029340562
029338181
029337749
029334377
029334253006
029330918
029330
029329427
029329278
029328633
029325886
029323901
029323379
029321875
029321785
029320934
029320
029319461
029318530
029317908
029315550
029312097
02931207475
029310
029307667
029306743
029301366
029300363
0293
029298893
029298281
029297816
029297229
029297184
029295754
029295591
029294928
029294545
029294464
029293195
029292929
029292452
029292
029291813
029291531
0292901599
02929013409110
029290100
029290
029289430
029289083
029288450
029286244
029286027
029285511
029285310
029284087
029283310
029283301
029282419
029281356
029281347
029280951
029280760
029280268
029279764
029278367
029278177
029275563
029272707
029272659
029272569
029272
029270955
029270423
029270057
029270
02927
029267521
029265006
029264876
029260000
029259924
029259090
029257488
029257206
029254639
029254235
029254163
0292518130
029251753
029251162
029250563
029250
029246167
029244405
029243912
029242445
029237374
029236276
029233581
029230671
029230079
029229291
029225849
029225528
029225493
029224722
029224258
02921por
029219497
029219465
029219180
029218195
029217875
029216775
029216670
029215917
029215802
029210585
029210108
029210096
029208233
029207617
029207149
029205166
029203656
02920292
029202055
0292002
029200
029199141
029198219
029197465
029197
029196428
029195425
029194930
029194369
029194
029192886
029191658
029190522
02919
029187697
029187
029186391
029186102
029185873
029184224
029183689
029182828
029181388
029180107
029180
02918
029178390
029175523
029174604
029172347
029171281
029167430
029165805
029164416
029164309
029163458
029163
029162907
029161918
029159113
029158286
029157112
029156532
029155867
029155483
029154742
029154359
029151216
029150879
029150649
029150146
029150093
029150086
029148453
029147046
029146287
029145396
029143931
029143873
029142434
029141662
029141606
029140289
029137
029136011
0291331351
029131740
029131433
029131325
029130488
029130395
029127702
029127020
029120356
029113436
029113296
029112550
029112263
029112147
0291110
029111
029110873
029109539
029108
029105328
029104476
029103982
029103670
029102043
029100553
029100125
029100
02910
029098
029097
029093895
029091
02909
029089546
029088445
029086562
029086261
029084546
029083320
029080968
029078328
029074462
029071968
029070157
029069070
029066964
029065065
029064465
029062962
029060541
029060
029059882
029059667
029059616
029059226
02905849836
029054108
0290486003
029046499
0290430
029039585
029039234
029038654
029036841
029035681
029034274
029034143
029034078
029033770
02903065801
029029614
029029277
029029016
029027122
029027074
029026016
029023
029022
029020759
029018
029013506
029013147
029012
029011113
029010287
029010
029009006
029009
02900891
029005040
029005
029003420
02900290
029002635
029002547
029001556
029000
028baby
028999482
028999256
02899820
028993368
028990640
02899
028989551
028989481
028989092
028988071
028987340
028985667
028981584
028981525
028980436
028980368
028980161
028979245
028976263
02897521261
028972230
028970208
02897
028969653
028967149
028966415
028965838
028965485
028964878
028964214
028964
0289631139
028959065
028958661
028958053
028956586
028956474
028954896
028954185
028953010
028952593
0289521
028951529
028951302
028951240
028951109
028951
028950997
028950990
028950832
02895
028948113
028945986
028942458
028941966
028940903000
028940582
02894
028938984
028935855
028935385
028934580
028934320
028932984tua
028932983
028932551
028930758
028930121
028927728
028927369
028926468
028925114
028923983
028923961
028923591
028922880
028922650
028922561
028922518
028922269
028921373
028921
028920730
028920
028915506
028912238
028911452
028910621
028910438
02890j
028908924
028907w
028907
028905419
028904205
028902760
028902688
028901652
028901374
028901085
028900207
02890
0288jj
02889mml
028898796
028897965
028897241
028893090
028891881
02889
028889698
028888
028885257
028884305
028881893
028881344
028880489
02888
028879457
028877686
028877133
028876595
028872850
028870782
0288695
028863844
028863058
028862950
028860047
02886
0288597
028858604
028858
028857946
028856922-3
0288567927
028856704
0288565007
028854645
028854473
028847547
028844268
028842564
028842216
028840297
028839414
028839389
028838270
028837817
028837083
028836608
028834507
028832353
02883183589
028831267
028831178
028829390
02882827
028825779
02882321
028822956
02882251203
028822457
02882214202ff
028821692
028817079
028816911
02881658439
028816
028815879
028815522
028815477
028815472
028814636
028813832
0288136201
028812570
028812109
028812
028810993
028810385
02881
028808118
028803746
028803327
028800332
028800
028799810
028799528
028798793
028798713
028798654
028798085
028797396
028796946
028795889
028795493
028795020
028794710
028793208
028793008
028792142
028791
028790915
028790166
028783831
0287838063
028783546
028783099
028780726
028780239
028779073
028776766
028776411
028776404
0287733868
028773347
028772090
028771812
028769841
028768931
028768599
028766773
028766737
028765260
028762529
028759116
028758340
028755762
028754635
028754078
028753830
028752970
028750489
0287503061
028749416
028745313
028744678
028741
028740410
028739103
028738512
028736887
028736572
028735203
028733737
028732721
028732511
028731653
028730606
028728650
028727454
028723243
0287213543
028721158
028721046
028720
028719479
02871882944
02871810102
0287169
028716
028715920
028715638
028715202
0287148lp
028714535
028713823
028713131
028712347
028712162
028711887
028710711
02870a
028709
028705274
028705029
02870344658
028700490a
0287
028698170
028698097*2
02869627298
028696224
028695739
028695086
02869138
028690
028688834
028688334
028687754
028687645
028687506
028687459
028687184
028682324
0286816
028676788
028676
028672589
028671445
028670235
028668830
028668054
028667410
028665633
028662426
028662303
028662273
028661952
028659875
028659183
028657921
028657599
028657595
028656193
028655477
028654
028653597
028653334
028651967
028651546
028650731
028650369
028649919
028649660
028648587
028648035
028647861
028647793
028646751
028644363
028642126
028640251
028632923
028627316
0286189641
028618737
0286184117_ford
028618065
028614739
028611
028610732
028610
028606697
028606456
028606194
028604858
0286040785
028604
0286038559
028602514
028602484
0286021792
028601052
028601
0285799
028559
02854652
028543
0285427370
028521
028520
028516
028510
028502
02850
0284960
028493880
028493125Rung
028491190
028490454
028490448
028489879
028489301
0284889846
028488579
028488489
028484424321
028483917
0284838088
028483358
0284832822
028482608
0284825252
028482284
0284822006
0284821829
028482058
028464
0284481
0284344
02842698564
028422
028409787
028402605
028401
0284
0283diego
028390
02838393222
028382
02837714
02834895
028327215
028320
0283189
028316
028310
028304
028298
02828885710
028288
02828
028255
028254
028250
0282369
028222
028197242
028197
028195381
0281936425
028193365
028192644
028192618
028191700
028190507
02819
028189436
028189149
028188154
028186058
028185
028184818
028184
028182638
028182297
028180161
028178653
028178459
028177545
028177118
028176805
028176108
028175935
0281725367to
028172021
028171858
028170502
028169721
028169400
028167997
028167768
028167470
028167348
028167065
028166423
028166275
028166
028165
028164378
028161350
028160589
028160129
02816
028158764
028157
028156562
028156344
028156
028155487
028154973
028153808
028153751
028152966
0281524720
0281523773630
028152128
028151518
028151114
028151016000
028150926
028149659
028145920
028144616
028141810
028141593
028140049
028139038
028138209
028137764
02813776
028137063
028137056
028136
028135723
028134772
028134705
028132325
028131683
028131153
028130
028129435
028128202
028126412
028125573
028125569
028124674
028124277
028123
028122520
028120917
028120473
028118599
028116197
028115574
028115435
028113184
028112785
028112714
028111312
028110202
02811
028106948
028106090
028103825
028101532
028100273
028100
028099664
028098
0280978515
0280969661
0280958159
028095563
0280954422
028095169
028093438
028092710
028092276
02809
028089684
028089028
028088982
028087740
028086172
028085295
028080120
028077981
028077476
028077299
028077026
028075619
028072331
028071939
028071873
028070930
028070
028068
028067919
028067917
028066561
028066271
028065453
028064202
028063918
028063528
028063460
028062235
028062087
028060477
028059363
028057569
028057291
028057077
028054676*2
028053655
028050615
02805
02804711213
028046826
028046408
028046292
028041782
028040
028035881
02803092
0280305
02803
028028872
028028707
028028538
028028359
0280283
028027
028026673
028021780
028020788
0280207
0280203
028020079
028019
028018797
028018774
028018765
0280185516
0280182
028018123
0280180939
028017189
028016412
028016200
028015989
028014644
028013894
028013063
028012
028010089
02800855
028002483
028001340
02800
027donald
027blackbarn
0279tom
027990
027981
027973
027929
027927
027920931
02791christina
027890
0278669
027858594xp11xf
02785
02782
027802
027793659
02778
02777
02776828595
02776575769
02776574209
02776572857
02776570452
02776565389
02776560574
02776559459iydot
02776557841
02776551315
02776545437
02776543672
02776543658
02776541917
02776541170
02776538829
02776538625
02776524974
02776523972
02776522243
02776515837
02776500291
02776496368
02776490279
02776488617
02776483202
02776481476
02776475260
02776463987
02776461561
02776460026
02776455739
02776452044
02776451785
02776446679
02776444697
02776443997
02776441239
02776436711
02776436174
02776433023
02776431159
02776430558
02776429177
02776425975
02776424023
02776414853
02776413325
02776411866
02776411484
02776403288
02776393313
02776390575
02776389201
02776378031
02776375737
02776374056
02776372704
02776361351
02776359167
02776256295
02775795
02775591048
02775331684
0277230
027722
027717
0277142
0277112944
027708629
0277072766581
02770396
02770284888402
02770280987078
0276993968
0276958847
027671064
027653
027648826
0276425310
027629
027626031109
027624
0276106439
027602
027596517
027596
027595659
027592831
027592529
027592477
027592175
027592154
027592100
027590732
027588319
027586645
027585275
027584863
027584536
027582721
027581689
027580920
027580443
027580020
027580
0275773
027575539
027573759
027573
027572369
027572123
027571711
027571356
027570003
027569631
027568
027567896
027567769
027566329
027566324
027566319
027566310
027566143
027565667
027565037
027564815
027564589
027563552
027562880
027561989
027561023
027560910
027560460
027560402
027560397
027560046
027560030
027559763
027558920
027558720
027558541
027558412
027557164
027556082
027554391
027553045
027552025
027549693z
027548899
027548497
027547954conan
027547742
027546239
027546127
027546042
027545535
027545281
027545267
027545050
027544862
027543374
027542621
027542261
027542048
027541615
027540985
027540848
027540739
027539800
027538127
027537531
027536686
027532757
027532178
027532085
027531521
027531493
027531155
027530551
027530440
027530302
027530158
027527869
027527773
027527559
027525804
027524474
027523719
027523534
027521126
027520162
027520
027517639
027511750
027510588
027510197
027509116
027507536
027507196
027506096
027505674
027501043
027499884
027499661
027498292
027497821
027497470
027496629
027495496
027494845
027494310
0274923
027489217
027489
027488812
027488464
0274881200
027485922
027485725
027484660
027484376
027480342
02748
027479757
027479702
027479057
027477128
027475749
027474803
027474279
027474022
027473302
0274730326
027472671
027471016
027466760
0274657970
027465350
027464792CB
027464669
027464442
027464081
027463826
027459169
027459130
0274549980
027454802
027454427
027453825
027453542
027453281
027452993
027452676
027452350
027452199
027451871
027451798
027451596
027451418
027451130
027450968
027450616
027448519
027447899
027446
027444110
027440084
027434350
027430092
027423916
027423702
0274231386
027423074
027422707
027421985
027421848
0274203553
027418940
027415676
027412239
027411374
027410668
027410493
027410149
027409440
027409044
027403965
027403887
027400901
027393915
027389
027386361
027384202
027384131
027383809
027383788
027383021
027380648
027380109
027376510
027374888
027373918
027373577
027371748
027371425
027370556
027369007
027369
027367077
027366502
027366265
027357337
027356882
02735589
0273558685
027354601
0273508840
027350874
027347454
027347388
0273470
0273416737
0273415216
0273390959
0273388270hollyz
027337478
0273361813
027335512
027335360
0273352990
027335276
027334983
027334703
027334253
027333507
027331920
027331132
02733
027328895
027328663
027328184
027326100
027325952
027325701
027325394
027320053
027319889
027319390
027319177
027318738
027316176
027315640
027314
027312729
027310939
027310872
027305804
0273042469
02730000
027298
027296564
027296
027295225
027290920
027290593
027289
027286073
027285921
027278676
027276836
027276745
027276398
027275827
027275809
027275805
027270
027267929
027267812
027267606
027265822
027265750za
027264448
027264118
027263563
027263485
027263403
027263126
027254303
027252525
027249
027236769
02723
027228747
027219518
027216
027213987
027212246
027211211
0272110518
027211
027210908
027210854
02721
027209976
027207092
027206130
0271991
0271985
027194098
027190
027184877
027183
027179220
027177328
027177214
027173
027172045
027171
027162088
02716
027156111
027156
027140138
027136