51
97861437
97861423
978613
9786123
97861225
978612
97861139
9786100696
978610
97860933
97860897
97860853
9786085
9786078217
97860777
9786077
9786069141
97860658
9786065
97860646
9786042
9786026784
978602
97860072
9786005
9785pop
9785pibull
9785lott
9785jm
9785hea
9785clm
9785cj
9785bella
9785_sxcundies
97859785t
9785965
97859566
97859423
97859310
9785925
9785911997009442
9785905kike
9785905942
978590210
97859
9785898
9785895KCC
97858783
9785853home
97858503
9785836
97858338
97858317garo
97857j
97857787
9785761
9785758
97857520
97857480
9785746
97857207
9785714
97856832renee
97856678
97856653
978566
97856423
9785641ivi
97856372
978562311
978562
978561
97855985
97855977
9785594
9785590
9785586625558288
978558
9785579757
9785553*
978554
97855329
9785530
97855089
9785504
978548715
97854859
9785480
97854723
978546ag
978546132
9785461232
978545
9785443402
97854286
97854192
97854163
97854100
97853930
978538se
97853885
9785375
97853724
978537
97853696
9785351
978534612034
97853418
978534104x
97853197
9785312
9785307034
97853007
97852bmutg
97852765
97852734
978526o
97852691
978525
978524top00
9785236
978523
9785227am
9785221
9785218
9785214
9785206143
97852
978516eh
97851696
97851668
978516
9785155
97851485
97851420
978514
9785138
97851244
9785123423
9785111
97851042i
97851042
978509
97850894
9785080
97850790
97850717
97850603
9785059
97850492
9785049
97850450
97850392
97850379
97850311
9785013
978501
97850074
9784s7328o
9784mca
9784lucky
9784anam
97849999
97849838
97849785
9784977
97849744
97849538
9784942bbbbb
9784928
97848829
97848689
97848659
97848635
9784863
97848357
97848269
9784825
978480
97848
97847996
97847802
9784763818
97847635
978475
97847462
978474
9784731
9784729
9784724
978472
97847115
978470
9784695789
97846849
978467123
97846660
978465az
9784659893083158
97846597
9784653120
978465312
978465132
978463
97846270
9784621
9784610
9784605
9784603
9784599
9784581789
9784561230
9784555
97845499
9784549
9784542103
9784537436
9784530699
9784528
978452203
9784522
9784512
97845022
97844927
978449
97844740
978447
9784460
9784458
97844575
9784454
9784452265
97844471
97844417
97844321
978443
97844296
97844277
9784419
97843937
978439141
978439132
97843688
9784350
9784344
978434
978433
978432
97843143
978431295
978430ee
97843065950122
9784289171
9784279
9784275
97842496
97842466
9784244861
9784243
97842406
978423
97842239
9784223
97842204
9784216
9784215
9784210polla
978421
97842002
97841916
978418
97841552
9784143
978413612o
9784118
978411720p
9784111922
978410
97840862
9784081
97840779
978407
97840456
97840446
978404
9784030
978402pa
97840218
97840186
9784018
9784017
97840040
9783tdy
9783sarah
9783rezei
9783nina
9783kim
9783jon
97839822
9783978328
978397
978394932658633
97839422
9783931
978393
97839188
9783916
9783909426
9783908190max
9783900078
9783888868
97838864
9783883234
9783883
97838812
97838632
97838591
978385754
9783853
9783849764U
97838452
97838446
9783839
9783834063
97838179
97838144
97838125
97838096
9783808664
97838058
97837952
9783769711
97837535
9783742
97837387
97837316
978371133
9783711000
9783698
9783697c
978367253482386
9783643
978364
9783635
978361j
97835968
9783596
97835942
9783581
9783564
97835384
9783534
9783529
9783527
9783513
97835102527.
97835102527
97834985
9783491739
9783488
9783484
97834741
9783474
97834703
97834673
97834654
9783442
9783436k
97834345
9783430685
9783424
97834130
9783400
97833959
97833930
97833594
978333
97833259
9783323
9783320
9783299
978327
978326san_wil
9783264
9783261610
9783260
97831991
97831956
9783195302
97831835
9783162
978315469337720
97831458
97831400
978313
9783126
978310
97830956
97830768
97830746
97830718
9783055
9783046hpgl
97830432
97830403
97830351
97830331
97830206
978300
97830
9783
9782welf2373203
9782somthawin
9782berry
97829962
97829783
9782976
9782972345
97829694
97829670123
97829513
97829445
9782942
9782925
9782902
97829010
978290
97828trw
9782895
9782881
978288
97828770
9782877
9782868
9782856
978285
978283726685
97828255
978281_0
9782818
9782796
978279
978278625242
9782783
9782777
97827533
9782735593
97827260
978272
97827175
9782713cj
9782698
9782692
9782669
97826682
9782662
9782658
9782657
97826499
978264
97826365
97826094!
97826012
97825l
97825916
9782591
978259
9782587725
97825807
9782562
978256
978255150065
97825446
97825428
97825395
9782536
9782530
9782491
97824827
978248
97824738
9782446
97824394
9782424
978242
9782402
978240
978239
97823820
9782378
978235
97823356
97823205
978232
9782318
97823161
97823123
9782310
978231
97823078
97823040
97823030
97822tuh
97822avdey
9782297
9782295
9782294
97822638
9782261
9782246
9782233193mp
9782229
9782223
978222
9782202
978220
97821r
97821919
978219
9782180
97821724
97821601JORDAN@.ZE
978215
97821445
9782144
978214
97821290
9782121k
978211
9782100163
978208a
9782088
97820722
9782072
97820405
9782038
9782032
9782020eileen
97820205
9782020
9782014
9782010270N
97820102
97820093
9782008
9782004
9782000
978200
9782
9781ns457uzm1n
9781mhmmd445346734500
9781ma
9781love
9781gra
9781cz
9781aiman
9781994a
97819818
978198
978197
97819533
9781950
97819451q
97819433anita
9781933
978193
97819226omar
97819088
97819066
9781884
97818832521898
9781881
9781877326431
9781872
97818672k
97818621510
97818613
9781851284269
97818441
97818231
97818079
9781796
97817942tula
978178m
9781781
97817750
97817744
97817717
97817262
9781720
9781719
97816980
97816977
9781683
9781663
97816568
97816476
97816387
97816102
9781587940088271
978158794
97815754
97815752
9781548
97815460
9781531.r
978152
97815121
9781512
97815102
97815062
97815023
978150
978149lill
978149
97814869641933
97814786
978147
9781431
978142b
9781425jj
9781421
9781414
97814074
9781405
978140
9781392
97813813
9781381
9781373798565495
97813676
9781366
9781364
9781346BALLET
97813431
9781324
978132
978131825814123
9781303
97813007
97812713
97812569
978123698745
9781236
9781235
97812345
978123
97812256
978121PT
9781219
9781217
97812
978119
97811823
9781178
9781173
9781171ohio
97811711
9781164
978116
97811557
9781153
978115
978114525
97811161
9781115
97811000
978109muleka
9781085
97810803
978107
97810467.97810467
97810127
97810110
9781011
978101
97810098
9781004
9781002
978100
9781-louisa
9781
9780yv
9780sil
9780nst
9780mom
9780m5
9780g
9780brandy
9780988
97809780q
97809780
9780978
97809695
978096
978095
9780948
9780940
97809262
97809104
978090
978088d
97808824
9780869
9780866
9780863203
9780855
97808524
97808492
97808422
97808402
9780838
97808368
9780836
978083
97808264
97808216
978081
97808
97807aehqr
97807717
9780762islen*/
97807612
97807336
9780732001
9780731
9780722
9780718
9780705
9780701368
978070
97807.7
97806osfys
978068l
97806875
978067w
9780678
9780677
9780669
978066
9780652y
9780652oso
9780652
9780647254
9780640
978064
978062
9780583
97805739
97805728
9780553
97805457
97805428
97805405
978054
9780538713
97805011
978049
978048mb
978048
9780470
97804506
9780443s
978044
978043
97804192
97804173
97804114
978041
978039mlr
978039
97803878
9780360607
97803569781954
978034ah
97803412
9780337yoli
978033
978032509
978032
9780312696443854
9780308
9780304
9780303940
97802992
9780287
97802730
97802624
9780261
9780253a
97802390
9780226
9780220
9780217same
978020luv
9780209
9780201
9780187
978018
97801707
97801673
978016
9780155
97801476
97801449485988
9780144
9780141312125
978014
97801386
9780125
9780107
97800737123
9780065
9780064
978006
978004863
9780047ReqpayoR
9780038
97800361
978002903534127
97800277
97800266
97800215
9780021465613
97800063
978-0115
978
977uu77
977snb
977psuei
977lpfm
977lama
977kdt
977k265
977jo-jo
977j949m
977hill
977gwgau
977fm
977david
977ccz
977angel
977ST259
9779ym3w
9779xn
9779vw
9779luis
9779ibis
9779985gt
9779976
9779964
97799592
9779959
977995610
9779949
9779942
977994
9779888
977988
9779877
977987
97798652
9779842146170
9779841700944
9779841490735
97798412992
977984
9779838
97798339
97798182
9779817
97798033
97798002m
9779799741
9779790
977979
97797797743
9779778123123
9779778
9779777732
9779777
97797617
9779741008949
977974
977973k
97797392giani
97797326
9779722
977972
9779704221
9779699664
97796967
97796889
97796787
97796690306
977966579
97796643
9779664
97796500
9779646
97796388
97796343ling.
977963
97796275
97796165
9779607
97796023
97795yfknf
9779599
97795943
97795901
9779572
9779559
97795555
97795522
977954613
9779533
9779532755
977953
9779514
9779513
97795058
9779502
977949d
97794809
97794632
97794533
97794447
9779444
97794324
977943
977942
9779419
9779411j
97793916
97793864
97793841
97793807
977937
977936
97793513
977935
9779336
97793305
9779326
977932151
977931
9779307
9779303
9779302
9779279441
9779279
9779263
977925
97792475
97791918
977919
977917
977914708
97791421
97791287
9779104
97790rfrqd
9779098
97790916
9779082
977908
97790640hp
97790622
9779038
9779009
977900
9778yee
9778tlc
9778tkj
9778ptytj
9778mm
9778km
9778hcfg
9778eztjh
9778ec
9778LENNI
97789mc
9778992
977899
97789882
97789779
97789720
977897
9778969
9778958
97789566
9778941
97789257
97789013
977889l
97788967
97788835
977888
9778878966
9778877
97788639
9778862
9778850
97788342
97788330
97788093
9778806301
9778806..
97788055
97788037
97788
97787bob
97787bee
97787992
9778791
97787800
977878
97787790
9778772
9778763
97787596
9778754
97787393
9778725
97786791
97786785
9778655
9778633
97786146
977861
97785970
97785722
97785572
9778548
97785473
977850470
9778494
9778493
97784859
977848
977847772sri
97784773
9778475
97784731
977847
97784422
9778420
977842
9778413677
9778385
97783825512
977838255
9778376737
9778370
9778358
97783419
9778327404
9778313
977830977830
9778293
9778276
9778275
97782715
97782700
97782411
977822315566
97782166
97782020
97782004
97781981
977819
97781739
977816
9778145144
977812
97781138
9778113
9778100*KLITA
97780893
9778074
97780680
97780629alex
9778060
97780593a
97780250
9778024
97780211
97780192
97780170
97780
9778/33858
9777pydou
9777997
9777993
9777992
9777987
97779862
9777985
9777979
977797
97779678
97779656
9777963
9777951
9777950
977795
977794
97779381
97779342
9777927
977792526
9777925
9777905
9777901
977790
97778989sandra87
9777895
9777893
977789
97778660
97778620
977782
97777996
9777780
97777799
9777779
977777777777777
97777690310
9777749
97777419
97777369777050
9777732
9777720
9777717
9777714
9777707k
9777687
9777675
9777669
9777664
9777645
9777640h
97776214
97775qihpr
9777599kirbby
9777588
97775653
97775581
977755406
97775530
9777535
97775195
97775180
9777517
97775130
9777507010
9777490
9777474
97774717
977747
977746
9777440amias(l)
97774150
9777411
9777409
9777407santaindi
9777400
97773970
97773860
97773802
977733b
97773251
97773139
9777308
97772844chito
97772795eve
97772771luvya
9777262
977726
97772455
97772454
9777192810
9777192
97771845
9777177
977717
977716vp
9777162
97771546
9777150
9777149
97771234
977712
9777107
97771024
97771011
97770950
9777081q
97770517847887
9777048
9777047948r
97770115
9777007
977700383487925
977700
9776ez
9776982
9776971
9776964
97769623
9776957
9776956
9776950
9776939
9776938
9776924
97769220
97769003
977689
97768695
9776850
9776826
9776815
977680
9776790
977677838
9776777
977676
9776740
97767117
9776697
97766826
9776677.
9776664
97766559
97766411
977664
9776635
9776633
9776630
97766203
97766089
97766
9776597
9776581949
97765612
97765537
977654321
97765285
97765224
97765199
97765046
9776499
97764740
977646
97764492
9776426
97764191
9776414
977641
97764079
9776401
977636
97763580
97763497219k+d
9776332
977633153491510
9776297
97762908rakelitaa
977629
977628
9776272
9776242
9776241
97762364
977623
97762256
977622
9776218
97762108c
9776204
9776196solomio
9776196
977619
9776187
97761852
97761834
97761814
9776181
977618
97761746
97761498
977614
977613vbs
97761382
97761348
97761287
97761285
97761217
977611
97761037
9776098
977609688
9776092
97760727
9776070
977607
9776067
9776060
977605701
9776047fw
9776041
9776040
97760273
9776022
9776016
977600
9775pink
9775al
97759alexis
97759980
97759775
9775973634
9775967
9775962
97759571
97759540
977594
9775937
97759304
977592
97759125
97759047
97758rbvtc
97758793
9775879
9775875
9775870
977587
97758618
9775856
977585
97758465
97758461
977584
9775829
97758236
97758217
977582
97758186
9775812
9775811
9775806
97758
97757959
9775790lili
9775772235
9775740
9775731
977573
9775722
97757217
9775717
9775708700
97756felhar
97756868190930
9775669h
9775643
97756321
9775612
97756
97755922
9775560466
97755468
97755440
9775544
97755423
977554
977553
97755177
9775514
97755048
9775500
977550
97754963
9775489
977546
9775448842
9775446
977544574251984
9775442f!
97754376
9775432
9775423
9775422
97753994
97753950
977537
9775362
977534153
9775321
977532
97753039hg
97753021
97752948
97752868
9775285
9775265
977525
977523
97751yth
97751865
9775178
97751678
97751518
97751406
97751340
97751333
97751251
97751209
97751180
97751143
97751075
97750890
97750793
9775078
97750669
9775058
9775032
9775012cama
9775009
9774srgjrg
9774ramo
9774997017182006
977498
97749714
97749649irg
97749590
97749559
97749525
977495
97749400
977494
97749361carnal
9774924
9774905
9774899987074476
97748967
97748874.,
9774884
977488
97748794
977486s
97748624
9774854
97748519
97748310
977481a
9774805
9774790
97747777777
97747752005joell
9774774
97747704
97747679
9774764654
97747581
97747553
9774754
977475208081696
9774751agc
97747509
97747448
97747393
9774727
977472
9774718
9774697143
9774697
977469621
9774688
977468
9774676
9774660
977466
97746470
97746433
97746423
9774636
9774633
9774631
97746212
9774612
977461
9774594
977458
9774576
97745673
97745670
97745651
97745564
97745561
97745151
97745040
97745
97744917
977449
97744837
977448201
977448
97744777
9774464
9774436m
97744200
9774412
97743922
9774390
97743710.k.b.c
97743601
97743482
97743401
9774337
9774335
9774332
9774294
97742833253
977427
97742618
9774255
977424
9774233
977423
977421
97742072
97741977
9774197
9774194at
9774187
9774167
9774159
97741480
97741327
97741046
97741
9774089
9774078
97740677
977406
97740573stuar
9774044
9774043
9774027
9774019
9774016
9774013
9774011
9774008
977400675
9774006
977400
9774
9773mqu
9773999
9773982
9773939
9773933
977391011911
977391
97738mjaeq
97738delta
9773861
9773854
9773841
97738407
977383
97738209
97738154
9773811
9773809marita8
9773802
977380
97737ry
9773794
9773788
9773777
977377444
97737675
9773757
97737516
977375123
9773737
97737366
977372jjcc
9773729
9773707
9773698
9773685
977366a
977366
9773657
977365
97736474
9773642
97736350
9773630
9773624
977362
97736181
9773609
977360
97735flory
977359
9773587
977358
977357
9773566
977355DAY
97735599
9773559068
97735556
97735500
9773547611
9773542
977354
97735378
977353615365595
9773499
97734871
97734818
977348
9773477jesus!
9773475
97734652
9773465
9773449
97734471
977344012
977344
9773437
9773434
977343398
97734260
977342
977341920
9773417
9773416
977339h
97733898
97733856piero
97733727
97733726
97733712
9773369
9773360207360
9773353
97733508
9773350/
977335
97733340
9773331
97733272
97733126s
97733080
9773292f
9773291
97732667
9773261
97732543
977324
977323209
97732173
97732084
9773199874
9773193
9773192021190
97731678
97731476
97731444
97731403
9773125496
9773115
977311
9773109
97731064
9773086
9773082615
9773081yan
97730756
97730659
97730332
97730211
9773020
9773013
97730001
9773
9772lkb
977299
97729778
9772934
97729336
97728ekmte
97728582
9772851
97728448
9772842788
97728320
97728269172
97728191
977280482
97728048
97727865
9772776
9772773
977277
97727597
9772726
977272
977271b
9772709
9772705
977270
9772689
97726688
9772668
9772666
9772664
9772641488K
97726010
9772597725
97725930
9772562e
97725527126
9772552
97725447
9772527
97725251
9772524
97725213
97724619
977245921
97724525
9772442
9772437
9772432
97724250
977241
9772409
97724049
9772376
97723711115
9772369349
97723693345
977236
97723583535
97723579
9772347tornado
97723432
977234
97723191
97723132
9772302
9772295
9772290
9772242
9772238
9772226รง
97722212
9772219
977221430
97722087
97721771
97721753
97721499
9772138
9772090
97720818
97720563
97720482
97720454
9772043
9772042
977204
977201m
97720100ra
97720044
9772
9771lenil
9771high
9771cc
9771breeden
9771@hotmail.com
97719782
9771977197
9771977
977197
9771951
9771935
9771933
97719298
9771928
977191mini
97719137
9771911
9771910rena<
977191
97719086
97719020
97718945
97718814
97718778
97718726
977187
977186
9771854
9771847
9771845
9771844
97718420
9771837
9771826
97718253
97718216
977181813152640
9771814
97718078
9771793katherine
9771773
97717717
97717682
977176
977175
9771731
9771727
97717247
977172262584456
9771710
9771692
977169
9771686492007
9771676
97716688
97716647
97716539
977164gm
977164YM
9771645
9771639
9771637
9771635
9771631
9771626
977161
97715975suli
977159357
97715911
977159
9771586p
9771569
9771561
977156
9771554jarh
977155
97715491
97715486
977152588
9771523
97715220
9771513940909
9771513938
97715111
9771511
97715098
9771509
9771495
977149
9771475
97714745
97714671
97714627
97714573
9771447
97714429
97714329
9771421
977140
9771398
977139
9771387
97713805
97713786
9771357
97713556
9771348
97713419
9771332
9771325
9771324347347
9771307
97713039
9771297
97712962
97712820
9771281251
97712712
97712668
97712597
9771248
977124
9771226
9771220lizaa
97712160288
9771210
97712041865
97712
9771198
97711952
97711779
9771174
9771169
9771150
9771146
9771133
9771119
9771113
97711090
97710estrella
97710973
977109
977108
9771068
9771059
97710529
97710525
9771049
97710404
9771029302
97710263
97710190
9771019
9771016339
9771011337
97710112
9770room
9770dora
97709989elvis
97709904
9770982
977098
9770979
97709770
97709508
9770944
97709394
97709247
9770901
97709007
97708942
9770877
9770874
9770864210887
97708614
977085814792
9770858147905
97708533
9770853
9770852
977085
97708421
97708119
97708062
9770803
97707976
9770787
9770778
9770771
9770760736
97707600
97707589
97707582
97707395
9770729
9770728
9770722
9770671
977067
9770669j
97706650
97706608
97706462
97706411
9770636
9770635
97706293
9770627tadosito
9770627j
97705964
97705920
977059
977058498
97705843
97705778
97705760
97705679770567
9770545
9770540j
9770540
9770529
9770528
977052
97705142
97704992
9770499
9770496
97704948
9770491
97704754
97704739
97704691
9770469
97704584
977044852
977044
97704340
977042k
97704281freddy
97704
97703K
9770399
9770395
97703877
9770384
9770382
9770366
9770356
97703505
9770350057
97703308
97703256
977031522528
97703131
9770282I
977027942
97702613
977024u
9770249159
9770241
977021bay
9770216
97702088
9770207149
97701972
9770197
97701717
9770171
977014416825
97701439
9770134
9770128
97701232
9770112
97701077
97701050
9770098jl_21|
97700982YRP
97700970va
9770078
9770067974
977006
9770058
977005
97700453
9770032
9770024
9770023pc
9770023
97700207
977002
97700181
9770015
9770011
9770003590
977000
97700
9770
977-2493
977+2441
976zkfjc56
976zgOP
976via
976tom
976ted
976som9
976rmb
976queen
976pimps
976penny
976mylove
976mrB
976manor
976lori
976igbrx
976gjg
976fopre
976evol
976e4209j
976dave
976conchsun
976brat
976bmd
976beans
976ass
976anabel976
976ana
976am81
976QMYNV83
9769ncsu
9769bunny
9769bjjb
97699969
9769991
97699868
97699844563
97699836
9769973
97699601005
976995999
97699522
976993667_linda
97699306888
976993
97699278105
9769909
9769908
9769900
97698976
9769885
97698301
976983
9769809
9769804100
976980
97697n
9769797
976977
976976MJ
97697699
976975
976973
97697233
97697098
9769705
97697001
97696995
9769693093028143
976967
9769662
9769661
97696591
9769657
97696416
976964
97696223
97696206252
9769611
976961
97695866
97695631
97695530
976954sW
9769549
97695477GX
9769547
97695421
9769534
97695332
97695301
97695253
97695179
97695107
97695081
97695
976947728326361212
97694701
9769460
97694512
97694214
976942
9769411
9769396
97693924
9769391210992
9769388
97693426
97693328
97692964
97692932529
9769281
97692790
9769278697084963
9769277
97692714s
97692595
97692493muacks?
976923
9769211
9769204
97692022
976920
97691876
976918
97691756
9769151
976914
9769136
97691350
97691295
976912
97691139957763
976910840
9769107
976909
976908900312
9769067
9769040na
97690377
97690370
97690365
976903
9769027
97690236
976902
9769012z
97690128
9768verok
9768semperfi
9768la
9768kt
9768fl
9768dkhzq
9768be
9768b602
97689jan
9768993
97689768
9768976
97689605stephani
9768954
976895
97689482
9768948
97689420
97689419
9768936
97689317
97689203
9768900
9768898
976889
97688829_mprglf
97688786l
9768878
97688679AD
9768859997
9768855
97688436
97688409
97688341
976883
9768791
9768783
97687767
97687760julio
97687541
97687474
9768743
97687397
976872v
97686986
97686852
9768659
976859
97685848
9768557
9768550
97685465
9768538
97685330
97685190
97685040
97684822
97684748
9768467
97684651
9768453120
97684525
9768440harrypotter
9768435195183036
9768434
97684248
97684164
97683929
976839100
9768383
9768358
9768312c14
9768302
976829
9768286
976827a
97682780
97682475
976824
9768235
976823269
97682220
9768220
97682152
976821
9768198
97681820
9768163
976815
9768142
97681245
9768115
976811
9768103
97681019
976810
9768020
97680108
976800
9767ywwy
9767ptf
9767hwy55
97679866
976798
97679797
9767979
9767971
976791
97679061
97679031
97678923
9767877
97678697
97678279
9767822
97678119
976781
976780s
97678070
976780
97677606
97677510
97677487
97677456
9767741
976773
97677271
97677204
97677194
97677136
9767708
97676956
97676832
97676797
9767677
9767673317
9767668
97676592
97676387
976763202584118
9767631
97676306
97676208
97676120
9767573
9767564
97675622
97675565
9767534
97675152
97675141
9767473
97674699Ting
976744
9767436
9767425
9767421
97674122
976740
97673978
97673935
97673638
9767355
9767353
9767347
9767333
97673304
976733
9767329
9767317
9767282
9767262
976726
97672387
97672354
976723
9767227
976722
97672138
97672053
97672023140207
97672001
976720
97671998a
97671980
97671750
976717424
9767168
97671661
9767163909827391
97671503
976715
9767149
97671482
97671462
9767144
9767135
97671237
97671081
9767103397671033
97670950_jce
9767070
97670613TULOKITA
976706
97670538
9767035
97670228
97670211azez
9767013
976701
9767005
9767
9766viel
9766mark
97669813
976698
97669766
97669679
97669459
9766932941
9766932
97669314555
97669248
9766922
97668805
976687322730749
97668343
976683415_forver
9766827
9766808mom
9766807
97668060
9766805
9766797879
97667813
976677882
9766771569
976677
97667675
97667663
97667561
97667535
97667505
976672
97667160
97667121h
97667020
97666797
97666707
9766669
976666
9766659
9766601
97666
97665908
97665840
97665830
976658
97665715
976657
9766567010
976656
97665566
97665554xx
9766548
97665452
97665396
97665216
976652
97665037
97665010
97664977
9766471fiorella
97664704
976645r
97664592
97664584
9766458
97664500
9766446
976644
97664391
97664342
97664338
976643213
9766429901
9766427
976639297
97663858
97663854
9766370
97663627
97663548
9766329
97663129
976631
97663098
97662841
97662806
976628
97662757
976625379
97662505
97662504
9766242
9766233512
9766222
97661958402
9766189
97661704
97661578
976613
97661187
97661106
976611
97661006
97660982
97660888
97660718
97660652
97660602
9766048
97660414
97660367
9766035
97660321
97660107
976600
9766
9765see
9765mglh6a
9765kili
9765986860
97659862
976598530
97659853
976597659765
97659765
97659659
976595
976594
976592
9765908
9765889
976588
97658767
976587
976586148
976586
97658583
97658548
97658533
976585
97658474.kitty
97658432paopao
976583172
9765821041991
976582
9765819
97658091
97657966
97657819
97657657loveme
97657617
97657576
97657530
9765714
97657016
9765684
97656718
976566675
9765657
9765654
9765652
976565126
9765625
9765620
976561222kathy
9765612204
97656006
9765597
97655883
97655833
976558
97655766
97655695
976556577
9765564
9765555
97655474
9765541nawaf?
9765540
97655327
97655324
976551335
97655103
97654zooyw
9765485
97654849
976547k!
97654790
97654769
97654764
9765468
97654608
9765443
9765442
97654321shayne
976543210
9765431852456741
976542
976541355teamo
976541
97654071
97654068
9765397
97653921
97653876
976538756
97653874
97653816
9765367iqa
9765355
97653473
97653305
976532csblac
9765327
97653265
976531tlndck77
97653117
976531
97653089
9765300
976530
97652893
976528301207
9765264
97652530_amys
9765247
97652361
9765230
9765223
9765222
97652130
976521
97652095
97652075
976520258
97651998
97651914
976518262400
97651771
97651710
9765160
976514
97651393
97651389
97651351
97651234
97651228
9765098
97650947
9765094235
976507337
97650532*
97650493
976504
97650300
976503
976500s
976500r
976500100
97650
9765*5679
9764ringos.
9764idaho
97649713
976497
976496
9764933
9764923
97649110
97649072
97648825
97648685948761
97648564
97648515
9764847
976484
97648368
97648303
97648275
976482
976481
97647996
97647900
9764790
97647739
97647559
97647555
97647548
97647441
976472
97646gwwpx
9764686
97646827mama
97646715
97646683
97646602
976465
97646488
97646451
976464
97646330
9764619
97646177
97646085
97646083
97645960
97645813
97645633
9764561aa
97645593
976454Boi
976454748
976454
97645390
9764532500
976453
97645161
9764513
976451
97645022
97645012
976450
97644934
9764492ss
97644680
9764465
97644611jj
9764460
97644573
9764457
97644569magaly
9764442
9764441
97644349
97644328
9764431
97644166
97644120
9764390
97643887
97643756
9764372226
976437192
976435
9764341alejandra
97643383
97643334
976433
9764326
976431zoe
976431O
976431K
97