iz
96793a
9679392496
967938394
967938191
967936503
9679346
96793451
967933988
96793327
967933
967931577
9679314651
96792youngbloodz
96792yni
96792wai
96792shanna
96792riv
96792pua
96792loser
96792laylo
96792kawehi
96792hulu
96792hi
96792grown
96792girl
96792gina
96792boy
96792boiz
96792bitch
96792bc
96792baby
96792babe
96792_gurl
96792_808
96792NWS
96792K
96792COOLBOY
96792CI
96792ANA
9679298
967929
967928854
9679287859
96792778az
967927293
96792624
967925212
967924u
96792482
967924312
96792358
967922a
9679226
967922421
967922000
967921151
96792.
967919
96791895
96791808
967916560
9679163
967915992y
967915414
967915336
967915199mana
967913955
967913670
9679133
96791316
967912
9679109
967910708
967910664pai
9679105
9679103
967909639
96790907
967908597
967908572
967908
96790738
967906916
96790675
96790587
967905206
96790399
96790304
96790278
96790263
96790129s
967901123
96790073
967900
96790
9678yb
9678salem
9678p
9678otto
9678me
9678love
9678dustinjared
9678brads
9678aw
96789boyz
967898813
967898792
96789678
9678967
9678960
967896
967895730
96789512
96789417
967894
967893469
967889923
967889873
967889
967887
9678865
9678845139315502
967884319b
96788405
967884034
967883019
967883
967882
967881344
967881
96788002
96788
967879965
967879916
967879723
9678797
967878
9678762
967875855
9678754
967874870
96787374
967873533
9678729
96787273
967872
967871992
9678705
967870167
96786tuc
96786sm
96786hooche
96786brand
967869777
96786870
96786711
96786670
967865684
96786471
967864420
96786321
9678626401337
967862411
967861
967860
96785854
9678583
9678580
967856336
9678559
96785584
9678551132luchy
96785505lg
967855
967854491
96785432
967854
9678539
9678536201
967853
967852987
9678526s
967852606
9678521
967852
967851403320
967850749
96785019
967849511
96784906
967849
967848212
96784743
9678461
9678452
967842716
967841006
967839001
967838
9678375
967837412
967836482
9678360
967835776
967834779
96783459
96783383
96783315
96783250
96783223
967832226
967832137
967832127
967831514
96783000
96782zv
96782@luk@
967829968
967827*
9678255
9678241
967824
967823
967822935
967822
96782191
967821888
967821012
967820951
967819244
967818950
967818322
9678142
96781410
96781247
96781243
9678123
9678115
967811175
96781098
9678101
967810
96780993
96780978
967809729
9678088
967808457
967808428
967808
967807968
967807621
967807
9678058
9678053428595
967803v
967803782
967802719
9678024
967802130
967801
967800489
96780
9678
9677zx6r
9677zully
9677reg
9677niagobe1991
9677mrf
9677ka
9677jrlm
9677hurt
9677daniel
9677bday
9677TIGGER
9677999
9677995
96779895emily
967798727
967798565
967797635
967797512
96779733
967796797
96779677
967796263
967795759
9677954503
967794798
96779441e
9677944
967793709
967792v
967792965
967792911
967792467
96779145
9677910334
967790774
967790402
96779018
96778jr
96778iisop
967789860
96778949
96778774
967786111
96778583
967784722
9677847
96778427
96778384
967783269
967783
9677826
967782029
9677820
9677814
96777961010
967779440
9677788
967778160
96777790
9677772
96777541
96777398
967773587
967773373
967773090
96777300
967772382-
967772078
96776967
967769606
967769018
96776864
96776822
967766481
96776614
96776548
96776541
96776327
967762571
967760633
967760034
96775er21
96775977
967758504
967757690
9677567
96775621
967756066
9677554
9677550
9677549mjvm
967754219
9677531
967753
967751779
9677515
967751114
967751084
96774zhdoo
967749551
9677484702
967748367
967747j
96774477
9677447
967744491
967744412
967743832
96774302
9677407
967740451
96774019
96774
967738633
967737805
9677369cat
967735835
96773514
9677341
9677336_/.COM
9677332
967733
96773169
967731327
9677309
967730719
967730702
967730376
967728697
96772831
96772796
967727153
967726632jcbg
967726
967725g
9677259
967725403s
967725144
96772507
967725
96772343416
96772309
9677224
9677220
967722
967721324
96772
96771960
967719390
96771904
967718171
967717791
967717355
967715330
96771491
967714004
96771350
96771314
96771210
96771175
96771062
96771047
967710124
9677092
967707
967706918
9677060+-
967705468
967702505
967702171
96770189
967701434
967701308
9677012
967700082
9677
9676sam
9676oamsw
9676chfi
9676bunny
9676QT
9676Mick
9676990
967698098
9676971
96769676
9676959
9676949
967694765
967694147
967693904
96769383
967693164
96769280
967692294
967691350
96768pjmhb
96768matrak_@
96768matrak
967687392
9676860
9676858
967684119
967684007
96768300_marina
967682857
967682845
967681001micael
967681
96768090
9676808
967678274
96767702
967676
9676749
9676732
967671550
967670902
967670516
967670295
967669ke
9676686438
967667936
967667922
967667865
96766769
96766694
9676669
967664880
9676633
967662924
9676614
96766111
967660
96766
967659970
967658960
9676588915688
967658751
967657910
967657613
96765751492baa
96765669934MIG-L
967656383
967656011
967655
96765378
96765371
967653172
96765150
967650615
967650265
967649906
967647750carlos
967645
967644a
967643381
9676420
96764189
9676411
967640522
967639865
9676376
96763698
96763620
967635805
96763480
96763402
96763314820
96763299
967632813
9676321c
967632
967631808a
9676307
96762gz
96762ch
9676297
9676294
967627621
967627
967626
96762571
967625303
9676246
96762288u
96762259
967622280
967622158
96762148
967621
96762034
96761hi
96761937
96761897
9676184
9676178191
967617665
96761642..
967614106
9676141
967612
967611658
967611282
96760878
96760635
9676033
967602311
9676018031
967601013
9675tise
9675rkf
9675r5rc
9675nk
9675jms
9675hugo
9675fitty
9675cy
9675brit
967599651
96759916
9675980
96759790*
967597679
9675975
96759728
96759675
9675966
96759428pat
967593m
9675931
96759302
967593019
967592571
96759146
967591
9675907693891685
96758915
96758742
9675853
96758518
96758501
96758437
96758330
9675831lg
96758304
9675825
96758223
96758185
96757pmsjg
96757956
9675787865
967578664
9675767
967576490
967576
96757516
96757474
96757404
96757387
967573808
96757300
9675722
9675721
967570721
967570
9675694
9675692
967569076
96756808
967568
96756677
96756655
9675654
96756404
967562373
967561111
96755aa1
96755814
967557852
967557660
9675575
96755695
967556113
96755500
9675548
9675544
967554189
9675535
9675533
9675524
967552
967551988
9675517
9675513907
967550960
967548932
967548474
967548422246
967546502
967545962
96754554AM
9675444
967544
96754389
967543768
9675421
9675405
96753dee
967539562
96753919675492123456
96753891230
9675388
967538546
967538012
9675374
96753647
967536
967535880
967535818
967535220
9675350
96753485
9675329
967531576tmn
967531117
967531
967530668
967529272
96752920
967529119
9675280pepis
967528
967526888
96752685
96752663
9675260
96752521
967524051
96752314
96752244
96752242
967522049
967522
967521587
967520317
967520159
96751990
967519
967518937
96751869
967518435
96751763
96751655
96751630
967515779
967514915
967514247
96751401
967513557
96751229173217t_gsm
967511555
96751112
967511
96751
96750934
96750889
967507863
967507841
96750774-gian
96750740
967506468
967506241
96750524
967504936
967504448
967504179
967503156
967503
967502885
967502647
967502410
96750238
967502001
967501158
967500942
9675
9674x4baybe
9674tigerklen
9674sjcja
9674kal
9674fseries
9674cj
9674cb
967496045
96749493
9674944
96749397
967493824
967493
96749282
967492425
967492
96749197
9674915
9674914
967489365
967488945
967487215
9674865
967486123
967485avtt
967485
9674844
967483202paty
9674831
96748263loyda
967482420
967482320
9674820
967481952
96748173
96748149
96748127
96747euaam
9674793
9674792
9674789taifey
96747814
9674781
967476942
967476670
96747572
96747571
96747495
967474779
967474323
9674721
96747207
9674720110
967470693
96747001
96747
967469
967468961
967468663
967467832
967467516
967467467
96746655
967466542
967465714
96746540
967464713
967464
9674639
967463362
9674633
96746290
9674626
96746223
967460906
967460153
967460082
96745jm
9674597k
967459
9674582642
967458242
967458
967457466
967457397
967456587
967456089
967456
967454285
9674527
9674525
96744smitty
96744pm03808
96744nainoa
96744love
96744life
96744jn
96744fab
96744eastside
96744d
96744babe
96744995
96744945
9674494
967449
96744844
967447495
96744744
967446242
967445751
967445692
967445548
96744542946
967445059!
967444970
9674449
967444825
96744466
9674443
9674442292960
96744411
96744330
9674433
96744293
967442829
96744238
967442286
967441934
9674414
96744124
96744018dt
967440
96744 boy
96743hi
967438783
967438562
96743831
967437
967436214
9674360
967434888
9674348
967434599
9674344
96743366
967433234
96743294
9674329
96743262
967432201
96743204
967431453
967431021jf
967431019
9674303
967429050acas
967428
967426386
9674255
967425470
9674251
9674246516128111
967424119
96742329
96742314
9674210
967420793
96741903
9674185
967417477
967417077
9674169
967416054
9674158
9674156
96741489
9674148
96741433
967414
96741360
967413483
96741309
967412773
96741258
967412385
96741164.
96741143
967411277@@fernandes
96741090
967410322
96741010
9674100
96740wa
96740ja
96740975
96740974
967409660
967409
96740889
96740874
967408373jessica
96740816
9674072
9674063
967406124
96740586159
96740547
967404483
96740402
967403534
967401740
967400
96740
9673yixsi
9673word
9673virgo
9673lexi
9673jean
96739673
967396634
9673966
9673933
9673927
9673919
9673915891283
967390
96738921g
967386152
9673853elw
96738354
96738339
96738214
967382118
96738058
967379157
967378816
967378567
967378440
967377796
967377634
9673776
967377015
9673767
96737571
9673752
9673745
9673738
96737363
96737340
967373225
9673730
96737292
967372890202
967371140
96736950
967369378
9673689c
967368668
9673648
967364572
96736432
96736160
9673611y9621502
9673609
967359556pedro
96735602
967356
9673549
96735466
9673542
967354
96735321
96735309
9673528410
9673528
96735232
96735229
967352064
96735196
967351180
967351
967350656
96734ktg
96734kama
967349504
967349
967347899
967346914
967345970
96734442
967343987
967343985
967342275
967342
96734088
967339322
9673382l
9673380
9673372
96733659
967336330
967336
96733562
9673354
9673353
967335065
967335025
967335
967334372
967333
967332145
9673318
967331101
96733043
96733005
967329787xuxu7
967329664
967329220
96732849
967328395
96732838
967328241
9673277
967325
967323621
967323243
967322876
967322737
967321sky
967321912
967321760
967321508
9673198
967318
967317785
967317705
967317572
96731650
967316365
967316247
967315683
96731471
967314469
96731300
967312343
967312080
96731098
967310946
9673109
96731015
967309726396
96730896
967308846
967308304
96730813
96730791
96730731
9673055
96730533
967305237
967305097
967304944
967304881
967304102
9673034
96730109
967301
96730002
9672qizmq
9672fa
96729kjnp
96729731
967295957
96729586
96729545
967295
967293175
9672923?
967291h
9672917
967291092
967290965
96729
96728925
967288012
9672878
96728776
967287
96728699
9672867
96728635
967286
967285998600
96728580
967284642
967283369
967283177
9672817
96728134
9672812
967281049
967281
967280725
967280231
9672802
96727jec
96727je
9672790
96727685
96727546
9672747
9672740
967274
96727398
9672739
96727387
967273394
967271377
967271225
967271
967270638
96727
967269038
967269
96726888
9672677
9672656
967265080
9672650
96726366
96726339
967262929
967262514
9672619pb
96726156702
9672580pati
96725801
967257807
967257
967256983
9672557
967255458
96725517
967253948
967253048
96725250
96725
967248814
967248
9672478
9672471
96724698
96724697
96724686
96724666
9672458
96724412
9672431
967243055
9672421
9672415
9672410
967240ab
96724079
967240
967239288
9672387
96723767
967237
96723588
96723572
9672341
967233591
9672334
9672324
967232
9672314
9672311
967231051
9672308
967230450
96723
9672277
9672274
9672265
967225215fabio
967224659
967224076Gmpc96
96722369
9672232
967220746
967220704
96722025
967218077rex
9672163
967215940
96721585
967215332
967212995
9672129
967211740
96721149672114
96721082
967210163
96721
96720o
96720j
96720boy
9672092
9672089
96720849
96720836918
967208263
96720798
967207224
9672053
96720455
967203933f
967202519j
967202405
967201618
9672001
9671sf
9671foxrun
9671chevy
96719986
9671977
96719671
967193813
9671937
967191141
96719064
9671906
96719039
967189324
96718922
967189057
9671890421529
9671884
967188344
9671881
967188
96718702
96718693
967185
9671849+5
967184700
967183477
967182786
96718236
96718235
96718142
967180688
967180487
96718033
96718019
96718
96717k
96717hb
96717_hb
967179684
967179502
96717890
9671779
967177619
9671774a
967177429
96717646
9671764
967175777
967175325
96717513
967174lyph
967173639
967173
96717274
9671709mej
967170790
96717
967169797
96716907
967168
96716785
9671676
9671675
9671672
967166382
9671660
96716570
9671647
967164533bruninha
96716449
96716332gl
967162142
96716179
96716003
967159960
967159618
96715816
967157908
9671567
96715649
967155428
967155301
967154952
967154733
967154652
967154268
967154
96715392,s
9671535
9671528
96715234
9671519c
967151721
9671517
9671516
9671510jose/*/
96715
967146791
967146148
96714443
967142369
967142263
967141702
9671412
9671405
967140299
96714
96713978
967139708
9671397
96713864
9671384
967137624
96713748
96713672
967136651
967135351
9671353
9671340ni
96713291
9671320
967132
9671312521525
967131214
96712pm101
96712basketx//
96712basketx**
96712NENA
9671294000
9671294
96712910
9671285
96712808
967126226
967126
96712489
9671244
967123225
96712308
96712216
9671218
96712125
96712080
96712070
96712056
9671203
9671189954
967118954
9671186
96711850
967118
967117563
967116991
96711525
9671150022
9671146
9671143
967114
96711357
9671119
967111896
9671116
96711144
9671111120993g-s
96711
967109654
96710918
967109
9671083
9671082924
96710737
9671073049
9671071
9671070914070186
9671056
967105
96710452
967103667
967103618
96710319318006
96710280
96710278
96710262
9671025alk
967101780
9671005
9671001
96710000
9671000
96710*1**9
96710
9670six
9670brebass00
9670ak
9670987
9670981
967096559
967096380
96709394
9670932
9670931
9670926
96708896
9670869
9670842
9670825
967080967
9670804
9670803
96707pbdjh
96707josh
9670792
967076627
967076460
967076279
967075744
96707542
96707479
967073
96707298
96707297
967072599
96707146
967071
96707080
96707
96706tkmm
96706tiani
96706star
96706pisupo
96706lokahi
96706girl
96706ewa
96706ebt
96706d
96706DJ
96706@ewabeach
967067
967066752
967065663
9670656
96706423
96706302
96706291
967062509
9670620936
967062093
967061908
96706169
967061
96706,l
96705zepfa
96705password
96705968
967059
967058979
9670586
9670585
967056432
9670558
9670528
9670524
967050810
9670503
96704bnr
96704b
96704969
9670496
9670491151236
967048850
96704844amanullahizdabest
967048442
96704664
9670464
967045837
96704409
967044
967041224
9670404
967039848
967039
9670389
9670388
96703814
9670380
96703454
9670345
967033992
967033231
967032383Meu
96703236
967031040
967030921
967030
96703
96702919
967028ff
967028185
96702745
967027
96702664
96702646
96702642
96702402jaja
967024
967023758
96702371
967022951
9670226350
9670220
96702187
96701george
96701TKH
96701871
9670177
9670166
9670163
9670162
967015845
96701525
9670144
96701401
9670139
967012306
96701123
967010537
9670101145
96701
96700utpy
9670086
96700775
96700671
96700632a
967006308
96700606
9670058
967004703
967004526
96700452
967004
9670037
9670030
96700104
9670000
967.3909
967-5254
967-4410
967-0640
967+9437
967*luigui
967*66
966sunflower
966stich
966roxe
966qnx
966namchoew
966munster
966lxr
966jinia1272
966hkkdd
966gga
966frt.
966cfj
966ce54f
966annamay
966abcdef
966TURBO
966Bw!
966AHNKY97
9669thorn
9669m
9669ki
9669jlm
9669jes
9669happyland
9669er
9669drg
9669cory
9669_87
9669ALEX9669
96699z
96699911
96699889
9669985
96699703
96699665
96699622
9669959
9669953
96699478
9669939
9669933
96699241
96699223
9669922
9669915
966991
966990
96698976
96698931
96698779829288
96698750
96698712wafa
96698667
9669866
96698584
96698548
96698430
96698345
9669831
96698244
966981
96698018
96697nx
966979161
966977shtr
96697798
966977848
9669778
96697614
9669761
966976
96697563
96697297
96697184
96697176
96697147
966970j
9669708
966970512
966970120
96696982
9669697
96696969
966968772
9669679
966967
9669669669
9669666stiletto
96696653
96696622
9669662
9669658
9669650
966965
96696457
96696375
96696228
966961
9669601
96696007me
9669597
96695876
96695850
966958306
966958
9669573
96695677
96695662
9669566
96695646
96695644
9669564
96695541
9669551
9669543
96695358
966953504
9669533
9669531
96695266
96695220
96695070
9669500m
96695004
96695000
966950
96694777
9669474
96694700
9669463
9669460
96694592
96694558
966945
96694462
96694457
9669440_kattytg
9669432
966943
96694229
9669420
96694159
966941
96694085
9669400
96693941
96693736
966937
966936999
96693691
9669369
96693672
96693663
9669364
96693509
9669344
96693424
966934
966933207
966933
96693247byh
96693233
9669317k
96693015
96693
96692992
96692810
9669280
9669275
9669272858313454
96692647
96692644
96692621
966926
96692532
96692511
966925
9669240
966924
9669234
9669227
96692255
96692208
96692138
96692115
96692114
9669211
966921026
966921
9669204
96692021
9669202
96692'093230678
96691995
9669195
966919407
96691925
966919144
96691889
96691835915
966917
9669158
966915451
966915359
966915128
96691388
9669137MoNeY
9669131
96691252
9669121
96691201
9669120
96691128
96691119
966910675
96691002
96690tvuoc
966909669
966909417
96690858
96690819
966908117
9669077
9669070mrk
966907071
96690601
96690511
96690494
966904
9669036
966903094
96690270
966902333
966901899
9669016
966901
96690095
96690
9669+5588
9669
9668ynot
9668vine
9668gjbrw
9668VINE
9668992
96689780973rvrt
9668977
966896872
966896378
96689558
9668953
966895279967558730
9668951c
96689489
96689446
966893162
966892838
96689258
9668917
966890024
96688c
966888744
966888
966887940
9668874
96688644
9668864
966886240913565680
9668853
96688525
96688512
966883177
9668829
9668825
966882293
96688220
9668822
96688186
96688084
9668808
9668805
9668801
9668800597
96687977
9668786
966878145
96687622
96687245
96687110
9668710
966869739
9668689
96686869
9668677
96686739
966867339meri
9668670
9668669
966866568
9668660
966864402
966864
9668622Rocio
966861c
966861875
9668617
96686169
96686005
966858801
9668574
966856286
966856
966854467
9668542430
96685354
9668527c
96685133
966850803965603876
966848022
9668466
96684633
966844v
96684424
96684341
96684232
96684059
966837
96683631chris
966836
966835171
96683479
9668345
966834237
9668341
9668338
9668327
96683152
96683151
96683080
966830429
96682majolove
9668299
966826904
966826485
966826354
966825
966824n
96682466
9668244
966824
966823588
96682191
966821465
966821
96682085
9668202k
9668202
96682011
9668199
966819845
9668198
966819700
9668182
96681748
966817208
966815916
96681568
966814
9668138
96681337
96681222
966812178
966811alk
9668118
96681079
9668101
966810053
966810
96680878
9668086
9668084
9668080
9668077
9668068
9668065
96680644
96680624mipapito
9668057
9668044789
96680436
966803187
9668019
966801737
966801340412402
96680033
966800
9667nicha
9667hzcwh
9667dqncp
9667TJ
9667997
96679765
9667969
96679667
9667966697
96679640
9667964
966796
966795
966794405
9667937
966791
966790
96679
9667899
9667890
96678861
96678857
96678845
966788377_marcia
966788
96678752
966785984
96678521
966784345
9667843
96678425
966783675
96678350
9667798
966779
966778
96677743
96677710
966776
96677582
96677565
9667741
966773913
966773910
966773810
9667726
966772578
96677124
96677120
96677037
96677
9667685
9667678edui
96676779
966767
9667667
966766046
966766
9667651
9667642
9667641
966762072
9667618503117
9667617
96676117
966759796
96675909
966759000
96675898
96675879
9667581
966757769
966757423
966756178
96675560
96675533
9667545
96675431
96675361
966753583
966753020
966752n
966752961
9667526
9667524
9667518
966751075
96675
966749736
966749681
96674968
966748718
966748463
96674837
966747778553164308
966746v
966745400
966745011
9667445548
966744
9667437
9667431
9667416callme
96674
966739391
96673868
966737876
966737490
966736798
9667364
966736
96673554
966734209
9667342
966733402m
9667332
966732h
96673288
966732
9667314
9667286
9667283
966727980
966727818
9667270
9667241
966724
96672388
9667215c
96672106
96672035
96672
96671890
96671853
9667144
9667138
96671354
96671310
966713025gatucho966713025
9667115
966711
9667106as
9667105
966708548
96670818
966708116
966707786
96670667
96670645
96670635
9667059
966705447
966705290
9667051
966704499
966703301
966703201
966702200
9667021253
96670068
966700
9667
9666sales
9666mm
9666hell
9666cute
9666===
96669962
96669959
966699
96669810
966697337
96669713
9666971
9666959
9666952
96669361
966693094
966693
9666919
966691625
9666905
9666904dl
96668918naty
966688380
966687681
9666875
96668708
9666870
9666863
96668193
966681618
96668132
96668100
9666809k
966679221
96667857
96667827
966678
96667771
96667711
966677
96667618
966674j
96667423
96667347
966671697
9666712
96667084
96667011
96667
96666N6
96666988
96666956
966669414
966669243
96666798
96666781
96666757
96666669
9666666
96666635
966665849
966665684
966665570
96666540
96666523
966662144
9666616
96666133
96666102
96666061
96666004
966659940
96665752
966657325
9666571
9666567
966656372
96665582
9666555
9666545
96665386
96665341
9666524
966652072352301
96665207
96665145
966651371
96665067
96664994
96664972
96664729
966647198
966647
966646483
96664633
966646310
9666461
9666455
96664489
96664468979810
966644647
966644123
96664387
966642614
966642526
9666422
96664210
96664207
96664
96663980
9666396
966639
966638822
96663824
96663797
966637530
9666374
966635351
96663524
966633829
96663363
96663311
9666330
96663163
96663156
9666289
96662781
966627456
96662742
966627398
966627064
966627
9666267
966626626
9666259
966625475
966625
966624709
966624538
96662411
966624
966623
966622
96662132
966620194
96661994
96661924
96661895
966618709
96661864
9666182
966618
9666178
96661706
966616
9666157258
9666154
96661522
9666139
9666130
966613
966612505
966612
96661126
9666111
966610674
9666101
96660rbcfp
96660937
96660880
9666084
96660691
96660560
966605536
966602244
96660201
9666015
96660084
96660
9665un
9665ondny
9665nr
9665kh
9665jm
9665hsm
96659tbqj
96659a
966598179
9665979
966597882.neves
96659677
966596
966595363
9665950
966594103
9665936
96659221
9665904
96658alexa
96658902
96658892
966588887
9665888
966588106
9665881001
9665879teamo___
9665878
9665865
9665856
966585378
9665851
96658493591
96658445
966584
966583
96658295
96658237
96658092
966580
96657ayuq
96657948
96657941
9665792
96657891
966578
96657653
966575883
966575737
966575616
96657394
966572900123552
9665727
966572
96657191
9665717
9665716
9665714
966571142
96656991
9665695653125
966569384
966569
966568186
96656767
966567411
966567177
9665668
96656662
9665665
9665662
96656540
96656476081
966564001096joe
966561500
9665607
9665602
966559568
9665589
966558850076
96655855
96655822
9665567
966556613668
9665564
966556143
9665558
9665545
966554123
966553810
9665531
9665522
96655188
96655086
96655059
9665500
96654953
9665492
966549177
966548556321zx
966548
966547v
966547214
96654699
96654674
96654577++
96654571
96654526
966545
96654472ls
9665447
96654452
9665436
96654341
9665432
9665428
966542657
96654243019
966542316715
966542
96654123
9665408
9665404
96654028
96654
966539815
966539125
966539059
966539
96653880
96653850
96653714
96653709
9665364
966536085
96653471
96653468
9665343
966534253
9665337
966532711
9665325
96653237
96653236
9665316
9665314
96653116maddie
96652bivm
966529766
9665290
966528847
96652879
966528601
966528151
966527730
9665273
96652704
9665261
9665253andrea
9665243
9665241
966523660
966522605
9665221
966521958
96652180
966521516
9665208
966520692
966520350***29*
96651993
966519419
966519207
96651795
966516727
96651666
9665166
9665165
966514345
96651422
96651386
96651323
9665132
96651247
966512309
966512
966511100
966510848
966510202
966508878
966508539390
966508
9665079
96650759
9665069
9665055
966504831
9665047
96650427
966504051
96650399
96650385
9665035
966502908
966502294
966502245
966502083b
96650201
9665015290
966501414
9665012
966501
9665007
9665006
966500431635
966500
96650
966499
96649670
9664925
96649233
96649227
96649167591764
9664900
96648921
966488352
9664872
96648681
9664866
9664863370
9664860
96648470
9664845
966484300
966483659
9664834
966483055-619
966483
9664805
96647894
9664786
966477
96647558
966475
966474035
966472116
966472
9664714re
9664714
9664697
9664670
966466881
96646639
96646512
966465112tmn
966465
9664646
9664645
966464
9664638
9664612
9664591
966459
966457972
966457907
9664578
9664574y
9664574
9664572121
9664569
9664568
9664557
966455
96645463
966454389
96645402
966453024
96645228
96645177
9664516
96645142
9664510
966451
9664504
9664491
9664490
966448320
9664475lt
96644536..
96644518
96644478
96644474
96644393
9664437
966443
966442914
9664427
9664424
966442079
966441720255524
9664413
966436441
966436385
9664346
966434451
96643438
966434
966433kiwi
966433517
966433383
966432974
966431651
966431
9664309
9664302
966429516
966429119
9664287
9664279
9664278
966427145katarina
966427
966426486
96642569
96642546
966425
966424459
96642379
96642222
966421298
9664194
96641869
9664180
966418
966415620
96641539
966415
9664149
96641419
9664141
966413607
966413368
96641255
96641234
9664115
9664110
966410628
96641
96640978
9664090
966407586
9664065
966406145
966406
966405
9664049
9664036chrys
966403414
96640243