
98749628y3301711
987495014142
987494
9874932
9874919
98749174
9874916
98748l
9874890
9874881
9874870
9874856
98748539
987484
9874839
9874837sarah
987483217
987483
9874803
987479356
9874789
9874788k
98747887
9874788
98747480
9874747497
987474
9874727
98747231
9874701
9874696
98746917
987469*
987469
9874677
98746590
9874657
987465000
98746441
987464
98746321
987463
9874624
9874622346
987462135
987462
98746181
98746148
98746142
9874601
98746
98745maca
98745889teamo
98745858
9874582
987458
98745771
987456z
987456yu
987456trishularecords
987456tns
987456slc
987456q
987456omar
987456m
987456laura
987456k
987456ek
987456d
987456ck
987456aA
987456a
987456_eli
987456Serdna
987456987
987456963852
98745695
987456789
987456684
9874566
9874565454
98745654
9874563221
987456321y
987456321x44
987456321wczdbpk
987456321sakhs
987456321s
987456321mm
987456321l
987456321b
9874563219
987456321753
987456321615690
987456321479865
9874563214
987456321270525
987456321123456
9874563210kiixzy
9874563210258
987456321018267
987456321000
987456321.0
987456321..0-eee
987456321+10
987456321!@asd
987456315101995
9874562310
987456231
98745623
9874562005
987456125aaa
987456123a
987456123_
987456123123
9874561230.pantelis
9874561230
9874560ba@
98745600
987456.
987455058
987454dc
98745498
98745473
9874545
987454123
987454
9874532
98745300
9874530
987453
98745262
98745231
98745230
98745224
9874522
9874520
9874518
9874512365
98745123101010
98745110
9874501236
9874495
9874494
9874481
9874477
9874476
98744700
98744681
9874467
9874456
9874452
9874448
98744460
98744372
9874423
98744025
9874401
98743xmq7
98743822421
98743635
987435a
987435
9874349
9874344
9874331
9874327539
9874321a
98743219
9874321056789
987432103
98743210
9874313360
987431
987430102
98742b
9874297042
98742952
9874291100
9874285671
987428
98742790
9874279
9874268
9874265
9874262
987426
9874257
98742559
987425
987423pg!!
98742388
9874231
987423
98742192
9874204
98741r
98741qwe
98741oil
98741dgk
98741Wic
9874198741pto32
98741680
98741657
9874165
987415f
987415d
9874159357
9874157412369741593
9874156
9874154
98741537
9874152630
9874150
987415.
987415
98741461
98741456
98741454
987413free
98741357
987413
987412rae
987412p
987412b
987412963
9874128
9874127
98741258
9874124
9874123yea
9874123hriskim
9874123hola
9874123fox
9874123csr
9874123cdve
9874123camilabebebe
9874123camilabe
9874123789632178
987412378952
9874123789
98741237415963
987412374123
987412369874123
98741236987
9874123696852
98741236951
987412366915
987412365v
987412365s
987412365l
987412365j
987412365gyp741
987412365g
987412365coz
987412365Gh
987412365852
9874123657415369
98741236520
987412365.
9874123600rr
987412360
98741235e
987412356dgar
9874123456duardo
987412345
98741233
987412319
9874123183578952
98741231835
987412314789654
98741231475963
98741230olaz
98741230cigdem
9874123//
9874121365
9874121
987411583
9874114789
987410p
987410a
987410987410
98741093
98741065
98741054
987410258
98741025
98741023
98741021
987410.369
98741(=)
98740915
987408228594
9874081
98740434
987404
9874036748
98740366
98740343
9874034
987403105q
9874028
98740215
9874019216
98740053
9873mm
9873jl
9873isxsf
9873Jh
9873995
98739873
9873986297
9873981229
9873979290
9873973433
98739726
98739713
9873952572
9873952002
9873938759X
98739296
987392
9873917
987391
9873859
98738555
987384520032096
9873840
98738269
9873819591JOE
98738045
9873802465
9873800
98738
9873789968
98737871j
9873779
9873776251
9873768
987375
9873746
9873745405
9873732
98737262
9873725
9873716
9873707a
9873689982
9873687715
9873677
98736716
9873665779
9873651420
987365
98736381
987363
987362514
987362
9873618
987360
9873593
98735892
98735890
9873584
98735738tequiero
9873572
9873569
9873564895
98735543
9873546
9873536
9873533
98735329
987353
98735265
9873524345
98735184
9873515825
9873515778
9873515
9873505
98735045
9873504
98734meiqg
98734980vel
9873495012
9873489006
98734829
9873473737
9873473
9873470mojica87
98734527
9873449N
98734386
9873428-2
9873423
9873421420
987341
9873401760
98734006
9873398
98733941
987339238
9873390
9873382450
9873377
9873363369
9873360713
9873357
9873355840
98733534
9873352200
98733498
98733480faustina
9873324327
9873323338
9873319
9873318c
98733109
987331
987330982
987330
98733
9873292502
9873290
987329
9873276
98732740
9873273
98732715
9873260e
9873260342
98732561
98732504
987325
9873246854
98732431
9873243017
9873239
98732380
9873236902
9873233106
987323
987322
987321yellow1823
987321sofia*
987321q
987321pillina
987321oscar
987321m
987321ll
987321l
987321karen
987321k
987321gazi
987321ep
987321d
987321c
987321b
987321ax
987321avery+cox
987321as
987321ag
987321aa
987321a1!
987321a
987321_
987321V
987321832155
98732165a
987321654hollis
987321654987321654
9873216545
987321654147
98732165400
98732165
9873216
9873215970
98732158
9873215680
98732156
987321475963
9873214563
987321456.100
9873214547025101
9873214095292
987321305
987321258
987321123789
9873210147
98732100
987321***iso
98732088
98732061
9873200387
98732
98731b
9873198097
9873198
9873190
987318
9873176
9873165696
9873165
9873158
9873156
9873149988
9873149798
9873147
9873129829
9873129073andy
9873128971
98731245
987312
9873112236
9873106
987310
9873087
987308
9873063
9873049883
98730466
98730404
98730352
9873034
9873032503
98730224
9873003
9872rrtx
9872mercy
9872ks
9872jerk
9872desha
9872acsc
9872a9
9872NYLANOR
987299
98729885
98729870
9872987
98729800110990
987297971
987295
9872939
98729176
9872909701
98729092
98729011manny
98728899
9872888295
987288
98728752
9872860h
9872855
9872840
9872810
987280792464366
987280456
98727wrwtn
987278
9872759
98727413
98727301
9872725710
98727256
98727249
9872723
987272
987269872698726
9872696165
9872685054
9872685
987268
98726737
987267
9872666
9872665030
9872660
987265j
98726528
9872650007
987265
9872634
9872632
98726318
9872630
98726243
987262
9872618208
987261
98726078
98726
987258753
98725858
9872582
98725789
9872572433
9872572
9872571
987256A
9872569
98725555
98725532
98725525
98725369
9872535433
98725301
9872529307wzora
98725236
9872523
9872521
98725207
987252
9872509
98725036
9872502p
987250
98724dvwur
9872492
987249
98724884
98724865
9872481
987246
987242
98724
987239734
9872392
9872381784
9872381
987237
98723682
9872365
987236109325
9872345
9872344
98723371
98723354
98723300
9872328804
98723158
987231378
9872312303
9872312
987231
98723074
98722x
98722928
9872282
98722808301
98722789t
9872267
9872264075
9872262528
9872258
98722527
987225207
9872248
98722453
9872239
9872235420
9872234388
98722335
9872227
9872223664
9872222
9872220203
9872215069
98722112
98722058
9872201
98721l
9872188893
9872173
987217
9872168
98721652
98721606123
987215600
9872152
9872149555
9872149146
9872144
98721433
9872139
9872129
987212
9872116
98721087
9872107097
98721006
98720993
9872099053
98720918
98720914
9872090871
9872090
9872088061922
98720843
9872067501
9872050
9872045353
9872044
9872043
9872039361
9872035852
98720313
987202b
98720290
9872025
9872020517
98720191
9872012600
9872006602
98720022
9872002075
9871westley
9871tl
9871tj
9871love
9871ke
9871car
9871aixa
98719970306betty
9871994910
9871971A
9871971892
9871970
987197
9871959030
98719252
9871918279
9871906010
98719022
9871891
9871886958
9871881
98718707
987186
98718578
98718576
9871854
9871834408
987181291
9871800
9871796
98717953
9871784469
9871773
98717715
9871764348
9871755958
98717467
98717440
98717436
98717347
9871731
9871727374
98717249
98717106
98717065
9871691
9871688643
9871677
98716657
98716629
98716542
9871653
98716520
987165
98716456nora
9871641
98716401
9871625291
9871625
9871624491
9871622877
9871616
98716060
98716004
987160
98715k
9871594289
98715858198055
9871575650
9871571908
98715665
987156632
9871560za
9871560
98715522
9871552
987155
98715443
9871535462
98715275221087jm
9871510963
9871506jefer
987150
98714982
9871496179
98714960
98714937
9871491
987149
9871488567
98714853
98714804
9871475
987146x
9871459383
9871455
987145419504
9871451
987142v
9871428754
987142800
98714231
9871422
987142
9871419
987141295856520
9871412
9871404351poonam
9871401
98713vansd***
98713983
9871392934
98713903
98713785
987137
9871363090
987135sp
9871357
98713515
98713511
987135
98713419
9871340
987134
9871336519
9871336510
9871332
98713276
9871314
98712c
9871297006
987128654
98712732
9871263178
9871263
9871256716
987125463
98712492
9871246619
9871246
98712458
98712421
987123th
987123s
987123q
987123flakes
987123asd
987123951
987123853
987123852
987123654vale
987123645
987123586
987123582+/*-
987123564....002
98712356
9871235546
9871234868
987123456987f
9871234560
98712345159
987123450
9871234
98712324
9871231112
98712303123123
98712303123
987123012524soygenia
987123.0456
9871214442
9871213
9871211250
987121
98712092
98712059
98712043
98712002
98712
9871196243
9871195
9871193
9871191872
9871190
987119
9871188
98711831
98711809
9871178009
9871177187
9871174
9871162373
987116
9871159
9871153427
9871152m
9871152
987115
9871145
9871143724
98711434
987114083098918881690
987114
9871134910
9871134
9871132
98711258
9871125025
9871122
9871116809
9871112
9871111750
98711050bihac
98711011
987110
98711
9871092
98710823
98710815
9871081254
98710777
9871075267
9871072
9871062298
987106
9871059
9871056
9871055
9871048
9871045542
9871043
98710421
9871028132
98710217t
9871019799
9871018
9871015
9871013974
9871013180
9871013010
9871011230
987101
9871000
98710
9871$P3X$$
9870tmf05
9870sem
9870po
9870nz
9870nawal
9870lrkm
9870ecnal
98709sex
987099f0
98709988fiorella
9870987654321
9870987
98709813
987097
987095
9870944
9870934137
9870933*
9870922
987090807
9870906
987090
98708972
9870890451
987089+654
987089
9870877915159
9870852
9870834
9870827
9870815
987081
98708017
9870798
987079
98707890
9870784
987078
9870778
9870763
98707624
98707587
987075
98707473
98707472
9870743
987073902159
98707367
98707206
98707198
9870718talal
98707136
987071
98707088090
9870700
987070
98706diduw
9870690
987068
9870678
9870666
9870658d
9870657000giftze
987065403210
9870628
9870623
9870614632
9870613
987060
9870594
9870581
98705781
98705706
98705675
98705605
987054
987053
9870522
987051
98705099870509
9870506
98705005
987050
987049
9870472SV
9870464
98704637
9870463
9870461831
9870461
9870443
9870437
9870435
98704315
9870429883
98704253
98704243163365m
98704164811755m
9870411ml
9870404
98704025
9870389599
98703891yanina
9870370270
98703581
987034480512
9870335
9870334
987033
98703125
98703111
9870303
98703004
98702golf
9870294
98702892
9870283660
987028
98702634
987026
9870257
9870229
9870220
9870202
98701993
9870190710
9870187
987018
987017rae
98701604
98701583
9870157
98701414
9870141
9870137
987013
9870124
9870123765
98701116
9870109
9870108068
987010
9870093yayoo
9870079
9870072007
987007
9870068
9870066
987006
9870054
9870042
98700379
9870037
9870035ttt
9870025
98700214b
987002
9870017293
9870016
98700140
9870010396
9870007BD
9870000453
9870*
9870&*8
987/654/321
987//cami
987/*-_:gt5
987.321.mn
987.321
987-sarah-654
987-love
987-654-321
987-654
987-0686
987,xyz
987+ml
987+987
987+/*
987*sophie*987
987*654*321*1122
987*654*321*
987*654
987*456
987*/.,m0*
987**//
987(*&
987&fin
987#_9#_99910
986ztjdu84
986utica
986tg6qn1l
986steve
986siari
986sh82
986sas8688
986salem
986reaj
986putt
986mt
986mebe
986kma
986junjun
986jay321
986is
986ichi
986electrica29
986des2722
986bmkgl
986amal
986abone
986YESSYdreamon
986JHHG
986GREEN
986ARCHERY
986ANN
9869yam
9869kjh
9869jfb
9869VAS
98699975
98699906
98699860
98699796
9869975972
98699682
9869962
9869952128
986993821
98699220586
9869912139
98699051
9869896
986989
9869886
9869869
98698600
9869858
986985
98698438ines
986983lilt
9869836
9869811911
9869807yara
98698
9869767
98697456
9869722
986972
9869717658
9869711689
98697080
9869706
9869662mom
986965
98696454
9869639404
9869636
986963
98696054
98695895
9869587325
9869581011
9869581
98695781
9869578
986956s
986956
9869552
986955
9869520150
9869511456
9869508303
9869502
9869500
9869487
98694748
986947
98694571
9869430108
98694158
9869406658
9869405259
98693997
9869392
986939
9869389
98693697151
98693421
986933
986930973
9869308299
98692917
986925
9869245825
986923555
9869220538
98692166
9869213
98692009
9869198kb
98691909
9869176
9869169
9869168
98691418
9869134967
986913
98691222
98691168
98691165
9869105792
986910545
9869100
986910
98690897
98690865zj
98690682
98690606
9869045
9869035374
98690275
9869016872
9869016
9869011
9869007887.
98690069
98690010
98690001
9868zt
9868lindz
9868julz
9868cacawamilca
9868br
98689944
9868993
9868976
98689636
9868957070
9868953
9868948894
9868930
98689249
986892221
98689221
9868922
9868919
98689023
98689
98688bzufj
9868899
9868893
9868890237
9868889724
9868884
98688804
986888
9868877
98688729
98688649
9868829510
9868814
9868810503
9868808592036472
9868808
9868805
98688019879
98688018
9868801
9868792
9868789911
9868785356
98687850112
9868771dmsm
986876chy
9868768
98687583
9868757427
9868753
9868740210
9868739
9868737
98687324
9868725600
9868725
9868718
9868713
986870
98686928
9868691
986869
98686888
9868680539
9868680
98686724
9868672
9868666666
9868661
9868655229
98686511
9868649991
9868635
9868631
9868627144.r
9868626j
9868615
98686148
9868609719
9868604
98685ryata
98685949868594
9868593546
9868587572
9868586446
9868581
9868578918
986857
9868563487
9868557350
9868551
9868548
98685449
986854
9868535
986853020
9868524028
98685210
9868517
9868515
98685133
98685063
98685028
986849
98684883
9868487155
98684833**
98684774
986847
9868465170
9868452085
98684500
9868441637
9868438
98684321
98684291jeny
9868429
98684284
9868426145
9868392
98683822
9868380
98683613
986836
9868349182
9868346634
9868343798
9868342505
98683408
9868339
9868323
986831daniel
98683199
986831
9868301
9868300
986830
98682uxmht
98682b
98682852
9868274
98682671
9868265082
9868264023
98682529
986823
9868228
986821
98682008
986820
98681997
98681990
98681925
986819
98681866
9868184
986818
98681726
98681704
9868168
9868166450
9868166
9868165
9868163
9868160698672587
9868153020
986814789
9868141504
9868137
9868132
9868131
986813
98681263
986812134
9868116846
9868115204
986810
9868095849
9868094334
986809*1111
9868087fremimeve
98680625
9868046878
98680324
98680150
9868011
98680101452
9868009420
98680078
9868007
98680009
9867yqs
9867polstarnadi
9867jr
9867fuji
9867damir
9867ad
986799
98679867a
98679867
986798255
9867933734
9867931
986793
9867929
98678aa1
986789
986788ece
98678770jyg
986787
98678561
9867845
986783
9867827394
9867814183
98678030
986779
9867785
9867772
986776653575362
9867760442
98677321
986772s
986771v
9867713
9867703
98677
98676798
9867675000
9867669
98676577
98676572
986764
9867637751
9867622
9867613
986761
98676052
9867603188
98675g8
9867599
98675830
986758
98675780+61
98675562
98675454
9867545
9867542310mirwe.
986753421123
98675321
98675300
9867527
9867517
98675163
98675
9867485
986748
9867469
9867465445
986746
9867454
98674423
9867441
9867411
98673996
9867398673
9867387818
9867379
9867374
9867372
98673606
98673418
9867324762
9867324076
98673214s
986732
986731
98673033
98673022
9867302
98673
9867297017
98672935
986729
9867289
9867287725
9867279
98672745
9867266
986725
9867246513
986724
98672337
9867180
9867173_cp
98671380
98671198
98671174
98671112
986711
986710
9867080
9867071721404
9867052
986705
98670498
98670423
98670377
9867032862
9867022
9867017
9867015
986700
9867*jza
9866uqa
9866random
9866pe
9866and3008
9866ab
986699
9866982
9866971020
986697
986696
986691
9866907
98669019
986689687
98668841
9866881
9866880
98668770
9866876
98668736
9866871
9866867316
98668481
9866844840
98668441
9866833
986682
9866819553
9866812
986681
98668097
98668040
9866793
9866781
9866752
9866751
9866739463
9866737
9866731669
9866723697
98667195
9866712521
98667123
9866704868
98666888
98666877rylaxs
9866686456
9866682602
986668
9866677
98666733
986667
9866668
9866665
986666
986665a
9866652
9866644627
9866638
98666369
98666342
9866629
98666260
9866614041
986661
98666
98665vg
9866598131
9866592621
9866589
9866579
9866569
98665677
9866552
98665435
986654
9866539123
9866537
986653
98665257159357
98665208ROSARIO
9866513
98665099
98665084
98664dnc
9866487837
98664850
9866481jd
98664761xD
98664646
9866463948
98664631
9866463
9866462
9866450796900094
986644
9866431
986643
98664296
9866425216
98664201
986641
98664052
986640
98663ddxva
9866396
9866390811
98663886
9866384
986637
9866364224
98663616
98663615ara
9866352
9866350t
9866346852
986634
986633898
9866336
9866333
986633
986632
98662v
98662810
986628
9866278
9866270558
98662694
9866260mia
9866258
9866253878
98662530
98662514
9866248133
9866241
9866240
98662100
98661cy
9866185
9866180j
98661742mathias
9866152
9866145190
98661414
98661371
98661342
986613
9866129476
98661184
98661183
9866116203
9866116
9866114
986611
986610711
98661051
986610481
9866103342
9866100
986610
98660843
986607
9866061
98660478
98660430
9866040
9866035
9866028
98660072
9866000041
9866000
986600
98660
9865tuca
9865tk
9865skye
9865mop
9865jj
9865cr
9865amarie
9865SS
9865ED
98659985
986599
9865989
98659874
98659865s
98659865margulis
986598653
9865982
986598
98659699
98659685
9865965
9865951
986594jp
9865944DDD
98659279
9865915
986591
986590
98659
9865889
98658821
9865881
986587
9865859
98658531207
9865842r
9865818
9865817
98658167
98658076
98658072
9865798momi
98657892
9865783
9865774697
98657646
986575
9865745
98657432
98657231
9865712681
98657
9865695c
98656554
9865653
986562641
9865626
9865620311
98656161
9865606127
9865582
986556
98655549
986555
9865546
9865537168
9865532
98655256
9865522
986552
9865518401
986551236
9865507
9865502l
98655007
9865493
9865492
98654812
9865475
98654732123
9865467946
9865467
9865460s
986546
9865443
9865440
9865435981
986543407
986543210
986542Ss
9865422252
9865421
986542
9865413
986541
98654004
986538
9865379
9865375
9865374
9865366
986536
98653469789159ri
9865343227
986534
9865337
9865335852
986532v
986532q
986532j
986532a
98653296
986532953
986532784512
98653265
9865323
986532235689
9865322
9865321z
9865321x
9865321k
986532147986532147
986532147
9865320124578-
9865314472
9865314
986531012z
9865310
986531
98653,2
98652922
98652814heavy
98652416
986524
98652341
9865231
98652297
9865217184
98652166
98652140a
986520652
98652
98651975
98651973
9865184
98651810
9865146
986514296waldir
986514
9865126luis
986512675
9865124
98651227
986512
9865115
986511
9865106507
9865100
986510
98650fe
98650997
98650921
986507
9865069005
9865043
9865039
9865038
986502014
9865019738
9865011119
98650052
98650034
986500
9865
9864pant
9864on
9864dest
9864andme
9864a
9864RAA
9864PR19
9864MARIE
9864985
986497572
98649638
986496066
986495887
9864958
98649538
98649399palomino
98649349
98649279
98649275
98649211
98649209
986491
98649056
98648999
98648946
9864853
9864851378
986484x
9864840
98648372
9864824
98648221
98648210
986482
986481779
986480
98647968
9864793
9864780
986476
986475450
98647458
986473290691
986472421
986472
98647194
9864719382santa
98646921
98646844
9864671
9864664
9864662
9864652@
986465237
9864652
98646515
98646477
9864632
98646313
9864624
98646170
9864616556
98646125
986460
986457urlp
9864571
98645654
98645570
986455022
9864540
986453
98645290_lucia
9864525048**
9864525
98645201
98645193Mango
9864515475
98645073
986450024
98645
9864492
98644874
986448
98644751
9864443768
9864438
9864431
986443
9864424
9864421267
9864414508
9864412159
98644006
9864370
9864354
9864344
98643396
9864331
98643217
9864321
98643185
98643118
98642rtfvv
986429509
986428+986428
986427
9864267229
9864260753
98642581
9864230198642301
98642301
986423
98642289
986422
98642193
9864216
98642054
9864203
9864183
9864178
98641724
98641654
986414b
9864142
9864140kmg
986414
98641288
98641135845
986411
98640973
98640919
986409158
986409
98640891775957
9864079698640796
98640700
9864068149
98640644
98640632437
9864062127
98640535
98640471
98640359
9864027782
9864025
9864021jazz
9864016153
98640144
98640103
986400562
98640027
98640013
9864000
986400
9863ukias
9863pr
9863nmci
9863ml
9863ar03
98639wuw
98639863
986398
98639647
98639418
98639390
9863929
98638876
986388
98638576
98638539
9863838
9863777
9863770gtc
9863763098637630
986376
9863757az
9863751
986375
9863747
9863731
9863722
986368192186
9863680
986366
98636534
98636446
98636394
98636386
9863632
9863625
98635981ddr23718
9863591
986358@26
98635882
986357
9863567
98635601
986352412
986351
986350
98634j
9863480
9863472047
98634609
986345
986344
98634376672
98634107
9863403
98634009
986340
98633p
9863387
9863381
9863377
98633748
9863368
9863366
986336
98633421
9863336
98633327
986333
98633265
9863321
9863320
9863319
9863314
9863311175
9863311
9863304
98632rls
98632932
986329
986328
98632624
9863252
986325
9863247
9863242
986322727
98632061
98631841
98631759125
98631704
9863160
98631547
98631523
98631512
9863135
986313
9863121
9863120
986312
9863117320
986311268
986311
98631015
9863089810
98630763
9863068
9863065491
9863062303
9863053
9863046
986304
98630336400
986300ab
9863003
98630029
9862zvikb
9862vxmon
9862toy
9862mig.
9862mg
9862jlcorvette
9862dad
98629954
986299
98629822
986298132
9862980
986298
9862978.A
9862974
986294
9862931A
98629188
98629149
98629125
98629106
9862901
9862895SAMUEL
9862893
9862889
986287996a
98628419
98628408580765
9862835
9862825
98628019790
986280
98627981
9862797
986278ghj
986277865
986277
986276779
98627522
9862750
986275
98627437
98627424
986272827
9862722d
9862718264
98627113
98627100
9862705366
98627
98626wa
98626977
986269
9862689
986268870
9862675
98626581
9862657
98626488
9862647
9862619mar
9862619
9862584
9862567
9862563
98625578
9862557
986255578
9862549
9862544
986253
98625135
986251
9862507
986250
98624978
98624781
98624733
98624569
98624568
98624558
9862452
9862450
9862444
9862442
98624393
986243
9862429
9862423
986242
9862417
98624037
9862402
9862387
9862362
9862358
98623555
9862350
98623469
98623462
986234003
986233627990
98623243
9862324
98623205
98623203
986232
9862314
9862306a
98623000
98623
986228856
98622830
9862279994
9862274
98622632
9862262
9862251
9862238
9862237623
9862234571
986222
986221
9862206706
98622021
986220115
986220
986219
9862161
9862150
9862148503
986214
98621347
986213
9862126
98620m
9862099
9862093
9862084
986206536
98620641
98620548
98620392
9862034033
9862033cf
98620252
98620160
9862013
9862012
9862006
9862005
986200
9861luci
9861lanz
9861gu)
9861ciacy
9861alexis
9861999
9861993fion
9861986
986198
986197869
9861978
9861964
9861961
98619525MAPA
98619411
98619347
9861927
9861925
98619100
986190
986189l
98618941
9861882
9861851
9861831
98618068
98618022
9861802
98618
9861787647
98617866yetzita=)
986177
98617669
9861761mel
98617594261288
986175
98617429
9861742*
9861734
9861727
9861718
986170
9861693
9861692
9861680632
98616805
986167624
98616663
9861644
98616350
98616267
98616219
986161
9861605885
98616019
986160094
9861598
9861597
986159
98615806
98615733
98615701996
9861568
98615442
9861537
98615216
986151
9861506Tefi
98614710
9861470
9861454
98614449
9861434
9861417
98614058
986140
98613t
986139
9861381
9861380
98613773
9861350
98613397temucos
98613394
9861323844
98613134
98613090
9861304
98613039
9861301
9861299
9861296
9861295
9861280251
986127
9861261111
9861258
9861246
986124
986121401032006
9861213031
9861211
986119
98611882
986118
98611753310
9861168
9861163
986115D*
98611430
9861141a
9861141
98611382
98611377
986112p
9861118719
9861112
98611106
9861102d
98611
9861098610
98610974
9861093008
9861089
98610845xiaoidiot7
986108
98610784
9861077
9861073911
9861067277
98610656
9861062206
9861061ybag
98610590
9861050GERMAN
98610423
98610413
98610332
9861031842
986101588
9861014653
9861009859
98610000
9861000
9861
9860usw
9860kmcq
9860989
98609732
9860963941
9860962
986095453
986093855
9860938
98609263
9860920
98609184
9860915a
986091
9860904
9860901642
986090
9860882
986086986086
986085b
98608479
9860832
9860822
98608117
9860808
986080
986079408andrea
98607871
986078
9860744
98607310
98607275
9860724
98607113
986071
9860708
9860707
98607
9860681567
986067
9860669
98606684
9860668112
98606639
98606425
9860641
98606244
98606221
98606212
9860616
986059z
9860579
9860578mo
9860571
9860557
986055
9860534
98605264
9860513
9860497
9860479S
9860470
986046
986045630
9860454mapleleafe
9860452329
9860437
9860430*
9860423093
986041crh
9860418
98604127
9860408703
9860401
9860386
9860385865
9860369843
9860369
9860361
986035
98603499
9860327
986032
98603093
98602991
9860290626
98602856
98602802
9860280
98602645
9860258
98602543
98602481
9860243596
986024272
9860240
98602397
98602351330
98602254
98602214
986022
98602170
9860216400
98602139
986020731
98601997m
986019
9860188fernanda*
98601831
9860178808
98601527
986015
986013m
98601274
986012713
986010440
9860102
986010
98601
9860096
986009
9860079
9860070704
98600598
9860058955
986005711
986005
9860049
98600443
986004012
9860037
9860034405me
9860034042
9860034
9860032
9860027
98600242
98600182
986000j
986000c
9860007316
986-4328
986+175
985tonga
985t0137
985slidell
985sla
985sakuragirl
985ric65223
985p70394
985ohyea
985ntc6rg8
985niggabr
985nicole
985lxc
985lion
985kissfm
985kfox
985kbs
985jerm3896
985huhbruh
985gurl
985girl
985geraldine
985gag
985est__yo
985eddie
985e100s
985e
985dogs
985cutie
985boyjd
985boy
985boi
985abby
985aaron8
985MAN
985Los