ssg
9720regent
9720oxbd
97209948
97209872
97209720
97209715
97209683
9720967
972095e
9720959
9720954
97209378
9720922
972090
9720892
97208827l
97208827
9720860
972085
97208229
97208218
97208137
9720807
97207tiff
9720797
97207810
972078
972077774609
9720772
9720762x
972076
97207529
9720736
972073
9720711s
97206951
97206867
9720682
9720679327
9720678
97206764
97206645
9720664
9720662
97206566
972064fu
9720647
97206341
972061c
97206063papajuan
97205quvbx
972057k
9720568
9720564
972055
972054g
9720540243
97205348
97205177
97205171
9720514
972051
97205010
97204941
97204911
9720487
9720484
97204833
9720483
9720475D
9720455
97204505
972045
972043
97204260
9720418fag1
9720413ru
97203ievog
972038
9720354
97203474
9720342
9720339
97203304
97203274
97203017147187
9720282
97202790
9720277
9720272
972026050
972025933
9720235
972023
9720225at
9720210
9720197795257434
97201967
97201602
9720156611
97201534
972014
97201380
972013
9720129
972012
97201122
9720111
972011
9720107
97201018
9720100b
97200p
9720098
972007BABY
9720078
9720073s
9720065c
972005d
97200581
9720048
9720033
972003123
97200279
97200225
9720019g
972001995
9720019
9720015g
9720015
97200142
972000jega
972000crew
972000a
9720009
97200071
9720000006
972-245-2987
972*542*
971tigresse
971thz
971soft
971rockrose
971ray*a
971pepsi
971miau@()
971mh022GSC
971maria
971main
971lilface
971ksd
971kimberl
971kdy
971gwadada
971gwada971
971gwada
971dem
971confiture,
971colombia
971bindu
971bella
971ary*a
971SWEETY
971ROCK
971COOK8215
971ASR
9719tqy
9719cyl
9719bg
9719997
97199908
97199874
9719984567
9719977
971996xavier
9719956
971994aa
971994A
971993s
971993alex
9719933
97199299
9719925702
97199197zm
97199023
97199
971989Su
9719891
971989..
971988c
97198888
9719885
97198808
97198779xxx
9719873
97198714892
971986july
97198654
9719848111
971983j
9719836
97198239
9719821131985
97198139
9719805188
97198
971979jz
971979hjt
97197882
97197642
9719764
9719759
9719737839
9719731
971972fanou
971971a
97197196
9719710
971969
97196818$
9719678
9719659342512
9719654
9719651
97196451
97196185jhosse*
97196175
9719611
97196067
97196025
9719591
9719587
97195812
9719575
97195670
971956635J
97195599
97195559
9719554
9719545
971954
971953855
971952jag
9719523
9719522
97195191
9719506d
97194986
9719497
97194802
9719479
97194642
9719461
9719460777
971945444
9719443
9719419
9719407
97194023
97193Aa1
9719397
9719386
9719385
9719379
9719377m
971937
97193638
9719361492
9719350
97193484
9719348
9719336
9719313790153000
97193102
9719301
9719297
9719295340
97192770
9719272
9719269180
9719264h
97192490
9719244
9719215
9719206++
9719202445
971919wkd
9719199850
97191991
9719195
9719163610
9719155165
9719152683
97191253
971912
971911506
971910076
97190883
9719082
97190785
97190693
97190604
9719056231
971905
9719049072
971904691
9719044500
9719036mom
9719035
971903121
971902629
97190262
97190201
971901081
9719008
9719*97
9718mwg25
9718jubo
9718disc
971899m
97189926
97189872
971898
97189786
97189783hi!
9718974
97189718
9718970
9718960188
97189586
97189549
97189505
9718914
9718913
971890
97188960
97188928
97188914
9718882092
971888
97188694
97188659
97188502
97188428
971883
9718829
9718828649
9718822
9718811
97188056
9718801
971880
97187895
97187877
9718774em
9718764
971874B
9718749b
971874450
9718730
97187275441204
97187247
9718719.el
97187173
9718697
9718693
9718687
971866kate
971866KATE
9718669887
9718665@
9718664
9718663b
971866032
9718660
97186571
97186502
97186432
97186325
97186272ely
9718626
97186197
97186103
9718594j
97185946
97185834
971858046
9718578
97185714
9718556
9718555322
9718548558
9718545
97185443
97185332
97185323
971853
97185229
97185214
9718518
971851
9718504s
9718504
97185029
9718501
97184969
9718492
971847
9718463
9718458
97184535
97184532
9718453
971845
97184340ferbor
971843
97184246
97184224
9718420
971840m
971840900
97184030
971840252
9718401
9718394
9718393
9718392a
971839
9718383
9718374697
97183586
97183506
9718347
9718346
9718345tmn
9718345
97183336
971831v
9718315452643
9718280
97182630
97182626
97182616
97182468
97182324
97182190
9718213
97182
97181994
9718197
97181882
9718181
9718180
971818
971817
97181516
971815
9718147748
97181380
9718120
971812
971811
9718109
97181024
971810
971809
97180866
9718085
9718084
9718077
9718072kg
97180538
97180520060
97180509
971805
97180452
97180412
97180398
9718031h
971803
97180188
9718018475
97180124
9718
9717mv
9717ks
9717bog
97179936
9717980
971798
9717976
97179717
97179710
9717971
971796047
971795245
97179430
9717941258
9717940
97179308
97179244
97179227
9717921
97179130
9717862
9717858
9717856263569
97178539
97178533_7928944
971785
9717840anthony
9717840
97178260
9717806
97178019
9717801
97177942
9717788
9717780
971778
9717779
971777
971776
97177567
9717751
971774380
97177401
97177172
9717710
9717707
9717704
97177034900645161676354
9717698
9717696888
9717695_04_09
9717695
97176861
97176851
9717674
9717666
9717662
9717650.jamid
9717639
971762828
97176267
9717622
9717611
97176021
9717601
97175975b
9717593
9717582
9717578668
97175777
97175761
971757
9717565m
97175606
9717553
97175410
971753
971752210
9717521
9717485
9717477
9717476
9717475
9717471
97174701
9717469e9839128b
97174674
9717464
97174560
9717441
9717432
9717424
9717411221
971741118
971740850
9717407
971740
97173945
97173927
971739
9717375c
9717357
9717356
97173549
9717354539
97173535838
9717346
9717337
97173366
9717336
9717331
97173248
9717323
97173215
9717320f
971732
971731
97173
9717293
97172900
971729
97172804
9717274
97172686
9717268
9717237419121991
97172356
97172327ray
97172299
97172189
9717206
9717203z
9717198
97171921
971717l
97171748
9717172
971717
97171675
9717161221
9717158
971714a
9717148713
97171463
97171425
9717137461_flor
97171305
9717127
97171184
97171123
97171114
97171066
971710
97170771
9717075
9717072
971707
97170686
9717027
9717022
9717020
97170192
9717
9716cac
971699
97169899
9716974
9716972
9716969
97169679
97169671
97169642
9716948
9716945
97169424
97169352
971693
97169215
971689
97168809
971688
97168739
97168696
97168580
9716856
97168554
97168516
971684351317
971684
9716837
9716835
971683479
9716831137
97168289
9716817
9716815
9716813
97168031
97168
971679
9716770
971677
9716755
9716750y
9716742
971674
971673
97167138-k
9716712
97167095
9716706m
9716706
97166994
97166976
9716695
97166920rocket-
97166883
97166836
971667582853290
9716674
97166727
97166690
97166674
97166607
971666
97166501
9716647
97166286
9716628532
9716622
9716614
971661
97166071yq
97166065
9716602
9716593
97165916
9716562
97165613.
971656
97165483
9716509
9716508
97165
97164965
9716485516
97164740
9716456_
9716453
9716449
971644
9716433
9716432224
9716423800217
9716421389
9716420
971642
97164142
97164100
9716410
97164060
971640
9716393yasmir
9716392
9716376881
97163329
971632
971631
9716297162
971629
9716271
971626758
971625938
97162562
971625
97162498elio
97162451
97162329
971622nora
9716229mavi
9716223297
97162182
971621
97162079
9716189
9716182
97161616
9716151
971615
97161417
97161407
9716137
97161315
97161232
9716107
9716106
97160ea
97160a
97160999
9716099
97160975
9716097096839895
9716090
9716082
9716076
97160653
971605ecu
971604c
97160444
971604
971603J
9716038
9716022
9716021
97160185
97160179
97160110
971600992
9716009
97160010
9716
9715zenoygli
9715vs
9715ramela
9715kd
9715barca
9715anne
9715ab24
9715975j
9715973211
9715971
9715964
971596
9715952
971595
9715930628
9715930
971592
97159159
9715914
97158960
9715890
97158858
97158775
9715872
97158571
97158559
971585410
97158529649138
97158391
97158274
97158255dey
971582
97158127
97158126
971580801Z
97158054
9715805
97157976
971577
97157639
9715745
97157250dfg
9715723
9715710952
97156934
97156901
9715687
9715679
9715670
97156671
9715663
9715659
9715645036
97156375
9715632500
9715626
97156128
9715610
9715597155
97155746124290
9715573
97155724
9715566
971556138129
9715560
97155589
9715554
971554J
9715542
971554
9715529
9715516
9715510
971550058
97154two
971549150
9715488
9715477a
971545
97154471
9715447
97154449
971544
9715425353
97154238joel
9715419310885
97154186
9715417
97154164
9715413735
9715406
9715404300
971540310mendoza
97154008
971540075384
97153995tg
97153744
97153715
97153497
97153456
9715335321
97153340
971532486
9715323
9715284
9715275
9715273
97152625
97152600
9715258
9715255
9715251
97152464
97152425
97152332
971522mk
971522k
9715229m
97152298
97152124
97152109
9715206000xxl
97151_012
971518
97151755
971517
9715165
9715154martha251216
971513
9715115
9715113
971511221**
971511
9715105
9715102
97150SXM
97150830
97150795
97150705
971507010
971507
9715066646
971506558401
97150622971
971506
971505999423
9715053
971505296681
971505
971504963115
971504525100
971504228
9715040429
9715040
971504
9715036
97150327s
971502281026
97150222
971502140916
97150209
971502017e
9715020
97150150
9715005
97150020
97150
9714twjg
9714ng
9714inferno
9714aram
97149994
97149921
97149800
971497149714
97149714
97149599
97149435
9714931
97149129
9714909
9714907m
9714882
9714878
97148777
97148629
9714861a
9714861
9714854EsPeJo
97148535a
97148471
9714842
971483
971479
971478984
9714783622
971478
97147761
97147760:D
9714769
97147613
971475812a
9714732
971471525
971471375671785
971471
97147027
9714702213
9714697
97146859
9714681
971467s
9714671
97146628
971466
9714655
9714651
97146492
971464503
97146315
97146264
97146166
9714614
97146133
97146110
97146103
97145922
9714584
97145767
9714563
9714556
9714555
971455
9714547
9714546466
971454085
97145406
971453
971452509
9714524e
9714514333
97145
9714490
9714482692861360
97144813
97144617116NSKLM
97144617116
9714459
97144560
971445
97144410
97144405
971443BEBE
97144227
97144221
9714418
97144147954663
97144
97143987
97143944
97143922
97143496
9714348
9714347
9714343999
971433
97143293m
9714325s
9714323598
9714321
97143159837
97143159
971431
971430605905
97143026
971430027
97143
9714297007
9714296
9714293
9714270
971427
97142621608
971426
97142565
9714255
971425
97142416
971424
9714226
97142248c
97142237
971422
971421oa
9714199
97141907
97141859
971417
9714157
971413locura
971413915tc
971413
97141177
9714113
9714102
97141008
9714100
97140971
971409081991
97140759
97140717
97140585
9714043
971404
97140300
9714030
971403
97140247
971402201
97140206
97140141
9714012**
97140081
9714001n
9714
9713katia
9713cuj
9713al
9713ab0z
9713_msagisi
9713Gamst
971399
9713985
9713984265
9713981
971398
9713979
97139707
971396j
9713964
971396329
9713952
9713918
9713914971
971391
9713904
97139022
97138934
9713893
9713888918
97138871
97138727
97138679
9713860
971386
9713852bits
9713852
97138426F
971384265
97138426
971384
97138311t
97138249
9713818
9713811
97138
9713797
97137953
9713788
97137878
9713773
971377
97137676
9713741
9713719346
97137166
971371317593
97137119
9713707
9713691
97136905
9713684250
97136842
9713679
97136782
97136738
971365
97136429
9713625cel
97136143
97136030
97136014
9713601126
971359863
97135986
97135955
9713595
97135911
97135823daryant*
971358
97135723
9713568420
97135682
9713556
971355
9713546
97135455
971354509
971354
9713539
97135372
97135322
971352130
971352
9713518
9713513
971351
97135087
97135
97134882
97134836
97134802alexis
97134769666968
9713474736
9713467
971346655
97134589
9713449076
9713449
9713447
9713446338
971344084
971344
97134395?
97134363
97134351
9713435
9713431
9713428
97134242
971342
97134007
9713400
9713395
971339
971335529
97133477
97133410
9713340
97133353
97133346
9713330
97133201
97133162
9713316
97133101
9713306
9713291
971329
97132890
9713285
9713282
9713278452
9713276
9713275j
97132740
9713265
971326
9713252
97132500
9713250
9713248
9713236apit
971323494151
97132200
971322
971321
97132061
97132060
97131997
9713188
9713184
97131825
9713179537297139
97131783
97131747
97131614
97131516
97131376
97131343
971313082526
971313
971312d
9713128
9713112
971311
97131091
9713100
971309n
97130922
9713090621
971309
9713077
971307072
971305373074191129
97130430
9713040
971304
971303810
97130335
9713028
97130212
97130138
971301
9713003posse
97130
9712vera
9712tong
9712sas
9712rabm
9712mcc
9712hel
9712LOLO
9712K11
971299m
9712993
97129831
9712979
9712965
9712950
97129419
9712932
9712924
97129141
9712904
971289
97128892l
9712868
971286
9712858
9712855
97128547
97128491
9712837
971282440
97128157
97128101
9712809
97127965
9712787
971278
97127790
9712775
9712768
97127606
971275971275
97127564
97127486
9712745
9712739
97127190
9712718
97127145
97127139
97127109
9712704
9712698314
97126972
971269657
9712696
9712695
9712691
97126900
971268
9712678234
97126711
9712667yvba
97126644
97126561857
97126470
97126462
971264259
97126398318
97126246
9712621
97126127
97126023
97125922
97125902
9712589
971258
9712576
97125756
9712570
971257
9712569
97125668
97125630
9712558kllv
97125482
97125438969
97125411
9712527
9712526
9712517
97125107
9712505979
97125038
9712502
971250032911333
97125000
971250
97125
971249
97124866
97124836=arturo
9712483
971248
9712469
9712468
9712463
9712442
9712437
971243430
971243
97124299
9712428
971242
97124163
97124143
9712413
9712412
97124105
9712410
9712409
97124050
9712405
971240
97124
9712398
97123971
97123925
97123915
9712388a
971237
97123591eibed
97123574
971235
971234CC
9712347
97123466
971234
971232627
9712313
9712311
971230
97123
97122B
9712291
97122902211
97122858
97122819
97122702sj
971226jolyn
97122610216
97122516230
97122484
9712236
97122322
971223
971222aj
971221971527
97122179
9712216727
97122144
9712213
97122121
97122101308
971220s
9712201
971220075
97122006461
971220
97121966
97121918190
9712183esra97121
97121804194
97121803
9712177121992
971217307doce
97121696
9712169
9712166
97121612295
97121600
971216
9712157121992
9712154
97121519437130
97121504
971215
97121490
9712144
97121437
97121410650
97121401
97121358
97121342MARIACLARA
971213
9712127
9712120
9712119
97121152
97121127
971211
97121082
971210
9712099
971209746
97120921
971209
97120858
97120707330
971206723
9712051
9712043
97120417
97120397
9712034
971203201
97120261237
9712026
9712025
97120233bvba
97120214385
97120190
97120145
97120144
97120103
97120082
97120079
97120078
9712005
9712001adrix
971200116
971200067
9712
9711jv
9711de
9711995
9711986
9711983fdc
971198
97119711
97119683
9711962
97119556
9711932
97119207
9711909708
9711903210987
9711903
97119
97118gw
971189x
9711897k
9711872
971187
97118677
97118622
9711858
971185517
97118516
9711850
97118440
97118411
9711832
97118302
9711830
971183
9711829
9711821
97118208@fsmc
97118208
971182
97118162
97118157
97118105
971181
971180t
9711804
971180
9711797
97117968
9711790
9711784
9711783.OZAL
97117829977
9711782125
971178
971177h
9711769
9711767rt
971176465544
9711758
97117554872333
9711754
9711752
9711745
9711744
97117432
9711724
97117169
9711712
9711711
971171
97116956
97116914
97116873
9711675
971166
9711655
9711651
971165
971164ogxve
97116494
9711621
9711615gg
9711611
971160794
9711605658
9711604
9711593567
97115899
97115865..may
9711584reza
9711581
97115711
971157
97115634
9711559
97115507
97115439
971154
9711535
9711528446
971152
97115118
971151
9711506
97115
97114983
9711497
9711484
97114737
971147
9711468
971146
9711457
97114552
97114528
9711451
97114444
97114201
971142
97114185
9711412
97114119
9711408054
9711399
9711398a
97113977l
97113920
97113910
97113880
9711386
9711385
9711376
97113724
97113707
9711367
97113663
9711328r
9711325
97113211d21
9711314
971131
97113088
9711305
971130315
971130
97112wjxgtn
97112Micky
97112910
97112857
9711284487
97112775
97112700
97112689007163953
9711267458a.m.o.
97112655*
9711263
9711260
9711257
971125529juan
97112529
97112488
97112431
9711241
971124
971123982
97112308990
97112266
9711213
971121
97112086
97112022
9711202
97112017228
97112002abc
97112
97111977
97111937_
97111925
97111879
9711183771
9711183
9711178958
97111744
97111739
971117
97111698
97111617
9711161
971116
97111511
971115
971114valeria
97111450
9711139177
97111307753
97111291
971112
971111s
9711117
97111164
97111111956CVM
97111111956
97111111
97111110534
971110cf
9711105469
9711102848303112
971110015019990
97111000
9711100
9711097
97110906
971108a
9711087
9711082743
97110812373
971107sys
9711078jr
9711078JR
97110753
9711072
97110675
97110663
97110656
9711055021
97110525000
971105
97110409170
97110408
971104043
97110278
9711025
97110211
97110145
97110140
9711013
97110122
971101
9711009
97110051
9711005
97110043
971100205
97110
9710ziaf
9710speak
9710sc
9710lagerdandat
9710kids
97109vpcjyb
97109bs
97109bee
9710997brigida
97109960
9710980
971097109710
971095
9710942
971091840
9710910
97108saw
9710891
971089
9710885
971088
9710869
9710856
9710852721667
971085
97108400
97108375
9710831
9710822
9710804qinyuasdrocks
971079697
9710793
9710781
97107804
97107708
971077
97107698
97107692
971076
97107449
97107301
971073
97107211
971072
97107157
9710712581991
9710710
97107
9710697106
9710691
9710674
971065
9710646
9710639
9710630
971061
9710607
971060
971059
9710586
9710582
9710581
971057
9710557
9710542
97105334
97105270
971052
971050
97104919
9710477
97104761
9710473
9710472
9710460
971046
9710456
971044mj
97104426
9710442
97104293
97104291
97104249
9710413495
971041
97104064ken
9710370
971036412
9710362
97103493
9710338
97103347
9710330
971033
9710329
971032165
971032
971031
97103010
971030
97102972wati
9710285
9710279
97102629
9710259
97102576
9710248783
9710248
97102451
97102430
9710242
971024
971023a
9710234055
9710223
9710222
97102217
97102212367
97102203
971022
97102167
9710215
97102144371987
97102091
9710208
9710203
971019daniela
9710195
9710192363
971019
9710181927
9710174903
971017
9710165
9710160
971015
971013
971012
9710116
971010sg
9710108
97101075
9710107
9710106
9710103
971009mph
9710093
97100867
971008574
9710080
9710077
9710073
971006nn
9710062aji
97100628
9710061
97100594
9710059
9710058
97100539
97100533
9710052
971004r
9710046
9710028
9710027123
971002352
97100208036
9710018
97100179
971001
97100087
9710008
97100030
9710000
97100
9710
971.81.80.24
971+98634
970tgtfo
970rdy
970m1797
970lover
970kmzrz
970joy29036
970jasmeen
970irhbb
970cobb
970cat
970bish
970baird
970a93f8120316
970]9103
9709kkTT
97099945
9709994
9709992
970999
97099882
97099877
9709967
97099541leonella
970995
9709946
9709934
97099339
9709932
9709917
9709886
97098830
970986
970985
970982
97098164
97098032
970980
97098
97097gyxuq
97097997
97097809
9709771
97097676
97097436
97097390
97097352
970973510
970972
97097090rauel
97097081115
9709701
97097
97096993641518
97096990
9709698
97096950
9709693
9709679
97096775
97096698
9709643hotty27
97096384
97096148agz
97096140
9709609
97095kpwva
97095997
97095879760509
97095785
9709575810
97095710
9709571
9709566
97095602
97095502
97095338
97095305
970952
970950
97094926
970947jc
9709477
970947663
9709475l
97094749jorge
97094578
970945
97094348
970943
970942
9709399frv
9709397093
9709393
9709392
97093872
9709385
97093726
970937
9709369
9709368
97093655carlos
97093529505130
97093315
9709326
970931714274435
97093030rya2
97093023173
9709298
9709296
970929
970928
9709272
970927
9709253
9709239573
9709237u
9709233
970921
970920
9709191991997
97091911411
970919
97091804739
97091723631dls
970917
9709165
9709163
9709157
97091553
9709143
9709142
97091312
970913
970912k
9709119
97091111881
970909970909
970909677
97090953
9709090
97090670
970906
970905998
9709059
9709053
97090520
97090511
970905.paula
97090490
970904
97090308
97090276h
97090140
9709010
970901
97090035
97090016
9708thom
9708ruth
9708adef
9708997
97089950
9708992
97089904
970898
9708974
970897
97089654
9708952
9708934
9708922a
97089070
97089048
9708901436
9708901
97089
97088910
9708888
9708876
9708867
97088606
9708837
9708830
970883
9708821
97088111
970881
9708801q
9708801
970879
97087810
970878
9708774
97087710
9708769
9708755
9708747
97087339
9708726
9708725
9708722
9708693
97086891
9708688
9708681
9708671j
97086607
9708656
97086440
9708644
970863A
9708636
97086297
9708629
9708622
97086027
97085833
970856
97085309
97085305luis
970853
9708523
97085178
9708508
97085
9708487
97084858
970848
97084774
9708450
97084439
9708435minumero
97084282
97084275
9708426
9708417
97084139
9708412
9708410
97084045
97083901
97083886
9708380
97083783
97083698
97083535CL
97083410
9708333
97083221a
97083167
9708311218
9708306
9708305
9708300
970830
9708292
9708288
9708284
9708280a
9708277
9708276
9708275
9708270
9708264
97082619252
97082415339
970824
9708227
970822
970821791213
9708213
97082114
9708206
9708205
97082037
97082019573
970820
97081920250
97081919376
97081894a
9708172300
97081720510
97081712
97081603751
970816
97081368
97081349
9708133
9708123456
97081194
970811622009
97081055
97080andrew
9708097
9708092
97080828
97080820953
970807javier.
9708076
97080736
970806ximena
9708065
9708064
97080614431
97080611
9708060jamal
970805
970804012
97080400075
97080311234
9708030maicol
9708027
97080216
970801caro
97080139
97080111448
970800l
97080087
97080042
97080001
970800
97080
9708
9707m619
9707love
9707fdy
9707anaid
9707BIGSIS
9707979
97079707s
9707965
970795500
9707951
97079492
9707944
9707937
97079293
9707922
970791047132
9707910471
970790
97078h
97078aob
9707890
970789
970788jr
9707889
9707886
97078813
9707880
9707878
97078643
970783fsa
97078386
970782
9707808
9707802
970779
9707781
9707780n
97077807
9707763
9707760345
97077562
9707747
9707742195
97077409c
97077272
9707721
9707720
97077198
970771848426
97077140
97077104
97077
9707667
9707658lebasi10
97076565anirosi
9707640
9707628
9707627
970762
9707613
97076052
9707597
9707584
9707564
9707559
97075501
970754
97075356
9707530
97075299
970752
97075058
9707504
97075
9707492
9707474
9707467leal
97074533
9707439
9707435
9707428msc
9707426
9707423
97074092TKJ
97073983
9707389
97073869624468hj
9707384211849
9707374
97073554
970735
97073355
97073267
970731n
970731j
9707318
970731
97073
9707299zgo5
97072980
97072911400
970729
9707287
970728
9707277
97072623
9707260j-
97072602
970725@yum
9707252ka
97072442-q
97072413478
9707241153
97072405378
970724
97072213
970722
97072105
97072066
97071a
97071965
97071955
97071915
970718
970717520
9707173
970717
9707153
97071505190
97071310039
97071309
97071265
97071235
9707121
9707120
97071183
97071148826
9707104
9707101
9707100156
9707100
97071
97070972
9707097
97070964
9707095
97070908
97070848
9707073
97070709337
9707070
9707069
97070601
970706
9707046
9707044
97070432
97070412105
9707041
9707037
97070323
97070315142
97070310
9707029fypy
970702
9707013
97070108
9707004
9707+9707
9706nb-2408
9706mb
9706love
9706leon
9706king
9706jbl
9706jade
9706gzyw
9706996
9706991b
970699
9706987
9706970
97069617
97069429
97069424
9706909
9706861
97068576
97068574
970685291
97068371
97068350
9706791
970677pl
97067415
9706728jo
97067242
9706716
970671
970670
97067
97066pqmzi
9706699
9706674733
970667
9706665
97066638
9706657
9706637l
970663
9706617
9706585
97065731
970657
97065520
97065456
9706545
97065425magaly
970654
970653
9706529
97065288
9706521yo
9706470
97064612
9706460
9706453
9706420010
97064028
970640
9706382
970637
97063448
97063394
9706336
97063341
9706320
9706310
9706309vero
9706309991152065
97063090mecit
9706305997
970630465011
97063038
9706302235
9706297
97062950
97062914070paula
970629
9706285zos
97062830
970627ee
97062503843
970625
9706240207
970621z
97062187
9706214
97062136
97062110256
9706211
97062104710
97062020
97062019100
9706200
970619pie
9706187
970618
970617tefa
970617
970616s
970616qq
9706164
97061637_number4
970615c
97061599
9706149
97061489
9706148
9706145
9706140
970613foot
97061344-0
97061238
9706123
97061200jp
970610vc
9706106996
97061006668
9706097
9706085
97060800
970608
970607p
97060793
9706078
97060727a
97060706097
970607
970606an
9706058ma
97060516
970605
97060430
970603rodriguez
970603
97060280
970602
97060197
97060102
97060070
9706005
9706002
970600
97060
9705pupusas
9705pc
9705memory
9705ma
9705js
9705d99b
9705celu
9705asbb
9705971
9705968697059686
970596
9705946
9705924
97059199
9705909
9705904
97059037
970590
97058h
970588312
9705861
970586
9705857
970582l
97058
97057967
9705792
97057900
9705786
97057816
970578
97057782
97057746
97057723
9705770
970577
9705758
9705743
9705741
97057307
970572KK
9705725
9705711
9705699
9705695
97056882
9705679jlf
97056764
97056744
9705674
970565
97056461
9705642546
9705635
9705632
9705625
97056115
9705610
9705600
970558
9705572
97055512
970555
9705544229
970554
9705530
9705526
97055148
9705514341
97055084
97055071
9705506
970550
97054ehckn
97054981
9705497051
97054800
9705464321
9705444188
97054367
97054333
9705432
9705431g
9705431
9705422
97054182
9705416
9705409
97054055
9705405
970539vf
9705393
97053792
97053735
970535422
9705342
9705341
970534
9705334
9705330
9705325167
97053217
970532
970531troy
9705317
97053
970529963031
9705297052
9705294
97052786
9705271
970527
9705269
9705267
970526
9705245
9705239094
97052355
9705234
97052222501
97052056
97052054.
9705198
97051920108
9705185040
97051795
9705170409
97051604
970516
97051584
970514jno
9705149
9705148
97051464
97051443
9705143c
9705143
970514129
970513
97051207037
97051085
97051023
9705102
97051009413
97051008026
9705098la
9705098
97050917
97050907426elmasmimo
97050873
9705081
970508065233
97050804473
970508
970507
97050650
9705064
9705060
970506
970505s
97050562
97050451
97050408276
9705035
970503
97050228
9705022
97050219120
9