
93413263
9341326
9341309
93413068
93412hp
93412967
934128515
9341279
93412759
9341275
934126857
934126518
9341263
934125644
934124a
934124329
934124
9341235mn
9341235
9341231
934121064
9341204
93411992
9341184
93411755
93411736
934117040
934117
934116071
934115bk
93411552493
9341152
934114514
934114
9341130A
93411204
934111
9341106415
9341106
9341101
93410xxxx
9341075
93410688
93410580
9341054932
9341054
934105370
93410409
934103
9341021
93410201
93410195
93410191
934101
9341007diana
9341003
9340Raul
9340995
9340994
934098119
934098
93409744
93409602
9340950
934094994
934094
9340929
93409289
93409153
934090887
93409065
9340902
9340900
93408927
93408907rabm
9340885a
9340885
93408748
93408640maribel
9340861
934085717
93408562
93408535
93408529
934085212
934084932
9340847
934084626
9340836593408365
934083039
93408089359645
9340797
934079151
9340777
9340764
93407567
9340753
9340752j
934074wjl
9340744
934071110
93407052
934069
9340676
934066
934064sua
9340635
934061
93406
9340598
93405938
9340589
9340587
9340584
934056mohd
93405653
9340564
9340562=5=5
93405568
9340554
93405519
93405381@@
934052279
9340520
934051410
9340495dc
934049271835
934048639
9340480
93404790
93404635
9340463
9340451
9340445
9340434
934040436
9340404
93404001
9340398
934038859
934038670
9340373
9340346
9340340
93403260pv
934032
9340313
9340310
93403055
93403
93402825
9340280
934026
93402524
93402348
9340231
9340221cgr
9340213
934020858
9340200191
9340200
9340199
9340196
9340195
9340189
9340185
93401818
934018165
934017937
9340176q
93401756
93401734
9340169
93401604
9340159
93401454
93401453
93401446
93401398
9340095
934009245
9340085b
9340082
934007772
9340077
9340067
9340065
934006
934005996
934004851
9340039
93400226
9340021
934001211572
9340009
9340005
9340001
9340000
934000
93400
933yclsv89
933vsoat
933tp865w
933t4kevin
933somerset
933reczo
933pam1511mya
933ou3
933mpco
933monny
933mf9415mf
933khts
933kef
933jtp
933jdm
933htrci
933hi5
933fm
933ff681
933ernest
933egfab
933drt25
933dhyai
933damzn
933cavanaghL
933bpmer
933TOMBOY
933PARISSG
933FB00
933DNN
9339xd
9339pb
9339neverforget
9339mild
9339m5
9339jo
9339ghbto
9339ap
9339PB
933998204
9339981
93399733
93399591
9339944
93399439
933993410
933993393
9339933
9339929
93399155
93399120
933991
93399096
93399053saavedra
933990
93398sz
933989400
933989
933988
9339873
933987
9339869
93398629
9339852
933983t
9339837m
9339833
9339830
93398235
9339821
9339819
9339816
933981413
933980864
93398028
9339800
9339794paras
9339777935
93397741
933976263
93397494
933974865
9339747
933974121
933974
9339735
93397291
9339716323793
933971352
9339692593396925
9339689
9339685
93396762
9339672
93396646
9339661
933965767710
9339654
9339652
93396508
93396499
93396402
9339637
93396321
93396295
9339629
933962362.
93396206
9339612
9339608
93395mvokt
9339597
93395829
93395825
933958
933957904811xuxa
9339570850
9339569
9339565j
93395552
933954x
9339548
93395461
93395354
933953344
933952
93395121
933950919
93395010
933950
93394991
9339499
9339483314144873
9339483
933947664
93394642
933946
93394563
93394488
933944082
933943989
9339435
93394300
93394160
9339411
933941
9339400
933939
9339384
9339376
93393687
9339367s
93393642
933936307
93393597
933935864
9339358
933935120
93393509
9339346
933934521
9339338
9339337
93393331
933933157
93393264
9339322
9339312
9339301
9339294
933927313
9339263
933926218
9339254
93392415
93392372
9339231
9339224
933922
93392131
93392108
9339204sittik
93392004
933919812724
9339195
9339180
9339177
93391708
9339170
933917
9339161
93391518
9339147
93391451
9339145
93391283
93391234
9339119483
93391109264
9339110893
93391009
93391
933908
933907
933905967638464
9339056285
9339056
93390532
9339046
933904345
93390424
9339034maj
933903
933901chats
933900
9339
9338xgy
9338pgnxt
9338lr
933899
93389884
933898664
9338970a
93389705
933897
9338962
9338961
93389379
933892
93389121
933891
9338900
93388pdfav
933889324
93388891
9338880
9338875
933886489
9338860
93388479
93388446622
9338844
9338842
93388134
93388090
9338798
9338788
9338784
9338777
933876357
93387568
93387523zos
93387501
9338741
9338736
93387146
9338705
933870
93386967
93386936
933868275
933868
9338679501
933867
933866
9338647
933861912345
9338587130
9338580723
933857266
933856600
933853331
9338519
933849997
93384944
9338493
9338477
93384592
93384533
933843188
933843
933842220
9338422
933841263
933840666
933840
93383fpjok
9338395
9338389
9338380
9338357
93383540
93383388
93383353
93383348
93383291
9338325248893
933832524
9338320
933832
93383199
93383190
93383155
933831505
933831327
9338313094
93382m
93382895
9338281
9338266
93382432M
93382290
9338225
933822
93382060
9338206
93382
9338187
9338186
9338178123
9338157
93381452
9338143
9338142
9338138
93381368
933813
9338129266
93381217
9338102
93381
93380820grone
9338082
93380717
9338070
93380637tkmd
93380603angella
93380603
93380571
9338052
933804
933803757
933802527
93380216
933802
933801
93380052
9338002
933800169
93380
9338
9337mint
9337miel811212
9337klw
933798
93379790
9337969
9337964
93379637
933794116
93379346
933793
9337914
933790919
9337904
933790
93378864
9337886
93378619
9337859
93378516
933784
93378368liz
93378368j
933781250
9337794
9337793
933779
93377424
9337738
9337735591976
9337733
933773081
93377304
933771831
9337702624
9337699060
933769315
9337684
9337674n
9337673
933767117
9337671
9337649
9337645
93376402
93376263
93376200
9337619
93376122
93376035unavezma
9337599TEAMOLANDER
933758
93375763pht
9337574
9337565
933756013
9337525
9337521
93375162
93375015elefante
9337494/9961054/beto
93374882
933747164
9337462
933744681
93374359
9337433
93374234celular
93374224
9337410461
9337409164
9337406
93373825
9337382
9337381b
9337372
9337369
93373649
9337331
933733
933732002
933731849
933731809
93373178
933731199
93373072
93373
93372928
933725937
933725047
933725
933724
933722709
9337225
9337223
93372213
93372210
933721830
933721755
9337217
933720331
933720303
93371700
9337170
933715981
9337156
93371536
93371347
933712980
933711524
933711
933710ave
933710869
933710795
933710388
933710
933709
93370871
93370825
933708076
9337080
933708
933705619
933705
933704188cab
9337037
93370356
93370240
9337016
9337009mr
933700
9336xu
9336lm5386
9336ben
9336be
93369hgqxh
9336997
9336992
93369792
93369769
9336974
93369663
9336957
9336953
933695
9336947
933694
93369063
93369057
93369
93368966
933689398
933689
9336881
933688
93368786
933687558
933687007
93368687
9336867
9336861
9336845
9336839094
933683268
933682727
9336816
93368154
933681426
9336791
933677
93367691
93367500
9336728iza_13
93367
9336692
9336686555
9336684287
9336680
933667
933666290
933666
9336655
9336645
93366426642
933664
9336611
933661
9336604
9336603
93365i
933659672
9336587452139
93365769
9336575
933657
933656632
933655249
933653435
933653236
93365293_
93365190
9336518
9336515282
93365147
9336508
933650056
9336490
9336489
93364867syafik!
93364841
9336471
933647
93364683
9336460
9336456251
933644802
933643
93364269
9336425
933641624
93364044
9336403
933640009
93364
933639999
933639588
9336395
933639
93363664610
9336355H
93363443g4
933633g
9336339
93363372
9336332
933632660
933632012
933631853
9336315480
9336310heya
933631
933630232
93362957
9336284191012599
9336282
9336280401
933627967
93362740
93362633
933626
933625
93362477
93362452
933624
93362273
9336220b
933621302
93361944
93361848
93361735
93361713
933616980
933616278
9336162135
9336161164
9336158016
9336143
933613580
9336134
93361335
933613173
933613
933611
9336104439@#aj
933610418
933610
93360pgnsk
933609sr
9336098671
9336090510
9336089
93360836
93360787
9336061685
9336053
933605
933604764
9336042g
933603835
933602918240
93360127
9336
9335z
9335sb
9335jc
9335ebr1049
9335FER
9335999748
933599
9335987
933598622
9335977
9335972j
933597
9335968
9335959
9335956
9335954662
9335950
93359484
93359425
933593395
93359335
9335933
9335931992
9335922
933591597
9335913913
93359110
93359091
9335906306papa
9335906
93358784mf
9335877
93358721
9335867h
9335863
9335859494
9335859
93358553
9335840
93358302
93358292
9335816
933581
9335809j
93358070
9335792
93357889
9335777737
933577
93357685
9335766278
933575449
933573358
93357310
9335712
933569958
9335697
9335693
9335691
933569061
933569
9335678
93356758+++
9335671
93356689
9335662z
9335661
933565721
9335652213
9335646409
93356430
93356414
93356396
93356331
933561958
9335617807
9335615
933560468
9335602
9335597
933559694
9335591
9335569
933555500
93355516
9335544
93355436
933554204
9335542
93355363
93355339
933553
93355249
933552
93355113
93355045
93354u
9335464
9335458043
93354267
933542
933539973
93353984
9335392
93353857
9335381965
9335379
93353774
9335376
933537
93353603
933535j
93353585hi
9335352
93353513
933535
93353405
9335339jolin
9335339
933533772
9335330
933532
9335313107
9335309
933529703
93352833
9335273
93352729
9335251
933524838
93352440
9335244
933524
9335233
9335231
9335230
9335226
933521760
9335213
93352111
933520kl
9335209
9335203
9335200040
933520
93351992
93351956987412
93351870
9335181
93351682
933515015
933515
93351441
9335144
933514390
9335143789
9335129
933512742
9335120512
93351181
9335103174
9335101
93350nzijp
93350980
9335090397
9335085
9335084
93350830567
933508305
933508
933507547
93350741
933506905
9335069
9335060
933505632
9335050sheril
933505
9335046
93350420
93350371
93350307
933501832
93350159ba
9335008
933500
93350
9335
9334weeg
9334sarsen
9334jj
9334hmqhx
9334fatso
9334b6b3e3
9334997
93349950
93349876601774
933497121
9334962
9334945
93349334
933490950
933490259
9334892
9334891
933489
9334888131
933488532
9334874
933485715
9334843
933484
933482665
93348242
93348227
9334821
933481399
933480887
933480869
93348
933478906
933477
9334767
9334764
9334757
9334755
9334751
9334749
933474494
9334737
9334735514
9334721
933471908
93347167227418
9334707
93347
933469k
933469969
933469809
933469555
93346834
933466921
933466709
9334663
9334661
9334654
9334652
933464j
9334647
9334633
933463238
933462796
933462
933461099
9334606202
9334606
9334583264210
933458089
93345722n
93345718
933456803
933456110
933455604
933454770
9334544620
9334540
9334527850
9334519
93344987
9334496469
9334493
933449
933448445
933447230
93344709309875
9334470
93344660
9334466
9334463
933445944
93344589572491
933445579
9334453962
9334450
93344317
9334429
9334428
9334421300
9334412
9334404194
9334399
9334389
9334383
933438
9334379
9334377
9334375
9334374
933436
9334358117
933435
933434817
9334346en
933434097
9334339
933433734
93343317
9334324
9334320=
93343200
933432
9334319840
9334313070
93343083
93343078
933430560
9334296502
93342946chulit@
933428347
9334268
933426063
93342562
9334240789
933423
9334229
93342076
933420722
93341994
93341983
9334195
933418999
933418941289334
933418621
93341817
9334179
933415230
9334147
9334136
9334129625
9334116
93341157
933409932
9334091644
93340786c
9334074
9334069
933406
933405a
9334059
933404721
9334041
9334040
9334034936
9334001233
9334000
9334
9333weed123
9333weed
9333sez
9333grace
9333amos
933398722s
9333981
9333973
9333972
93339654
933396413
933396407
9333949
93339455jk
9333941
9333925
933392
9333907
9333905
93339033
9333901709
9333888
9333884
93338754
9333875
9333867
93338541
933385
9333845
933384
9333833
933383
9333829
9333824t
933381128
933380598
93338002
933380
93337839
93337837
9333783
9333779
933376
9333750
933374ja
9333745
93337347
933373007
9333727
93337240
9333722352
933372202911880
933372060
93337136
9333710myic
933369
9333679
93336528toeddy
9333652684
933365
933364680
9333625
9333604
93336027
93335vtcp
93335978
9333586
9333582
933358
93335726
933357
93335448
933354
93335257
9333521
933350798
93334998
9333481
933347763
9333471
93334488
9333448
9333420
933341slm
9333419
933340431
93333998
9333399
933339815
9333383
933336537
9333361
9333356
933335544
933334
9333339
933333333linux
93333333
9333333
93333250
93333104
93333093
933330870
933330448
93333
9333268
93332670
933326454
93332596002
9333255
9333244
93332437
9333234luv
9333231
933323
933321750
933321257
93331940
933317370
933316444
9333156
9333154
933313
9333116a
9333108
9333102
93330zoo
933309
9333061
933305445
9333048
9333037
9333013
9333011
933300131
933300069
9333
9332toots
9332nun7824
9332ekoy
9332dhekw
9332Pig@
93329p
9332995
93329937
933299156
93329827
9332977
9332975
93329631
933295
9332949
9332937
93329332
93329330
9332926
933292386
9332916c
9332911
93329083w
93329083
93328tprkc
93328952
933289350
933289
933288624
9332870
9332856
9332835
933283
9332819nj
93328159
93328145
9332814
933280850
933280
9332775swy
93327741
933277
9332769123456
93327622
9332744
9332729
9332723
9332716
9332713
9332702
93326914
9332677
93326769a
9332672
93326665
9332663
933266
9332654
93326496
9332644
9332639
9332633
9332628248
93326271537
933261903
93326143
9332601
933259385
933257827
93325697
9332568828
933253
9332525g
933252380
9332523
9332522
933252185
9332506
93325004
9332490
93324735j
93324687
93324680
9332464
9332461
93324520
9332436
9332434
9332428
9332411
93324019517473
9332401
93323898
93323738
933237
9332369
9332354
9332353
933234651
9332340858
933233310
93323316dulce
9332331
93323288andreacarolina
93323264
9332325
9332322
933230_h
93323061
933229
9332288
9332282
9332276
93322720
93322694
933226508
93322626
9332259
93322534
93322509
9332245
933224231
933224
9332239
93322339
9332225
933222114
933221
933220
93321yimin
933219292
933219066
9332182
9332179
9332162
9332153
93321329
933212531
933212146
9332120thaisa:p
933210391
933210
933209810
93320955
933208800
9332069
93320413
93320285
933202680
933201879
9332015
933200206
9331vanwood
9331pfg
9331giz
9331catz
93319CUTIE
933199607
9331993
933198
933196843
9331939
93319331
9331924
933191990
93319054
933190
9331896
9331882
9331871
9331854
9331833
933182760
93318246
9331814437774
93318131
9331810
9331804
93318016
9331801
9331798
933177698
933176380
93317599
9331758
9331755
93317443
933174
9331736
9331730
933173
933172n
93317215
9331718999249083
933171088
933171
9331693
933169129
9331689
933167
93316664329
9331663
933165843
9331653
933165
9331644
9331636
9331618
9331609
93316015+
93316
93315931
9331581
9331565
933155432
9331547b
9331530
933153
9331528
9331515rp
9331504
9331503
93314az
9331496
9331491
9331490
93314872
93314863
9331471
933146328
9331442
93314415
9331441
9331438
93314279331427
93314242
93314230
933141773
93314149soledad
9331414111
9331402
93314
9331388rald
93313873027
93313797mtl
93313344
9331331
9331327
933132
9331316Z
933131
9331300m
93312knh
93312ca
9331281421422
9331265
933125
933124c
9331248
93312388
933123690
9331234732
93312311
9331231
9331230320
933123
9331223christoph
9331222498
933122
9331213
93312103
93311k16
93311T
933119992548
93311954
933116
933115787
9331157
9331150
933115
9331149
933114617
9331143
93311424*
93311354
9331134
9331130z
9331123
9331121662
933110904035
93311062
933110089
933110
93311
9331092
9331078
93310671gerard
933106
93310594
93310532
933105
933104vg
933104
9331030
9331017
933101384
9331010
933101
9331007
9331003
9331001260
9331000
9330pf
9330jack#7
9330fm
9330euterpes
9330ar
9330MAR
9330998clc
9330995
933098
933096Swr1
9330965965
933095101
93309510
933093309330
9330905
933090
93308922
93308915
9330881
9330876
9330848
9330847
9330839
933083890
9330838
9330824
9330818
9330810
933081
93307wmhrk
933078a
9330774
93307454
9330725
9330720
933070
93306b
9330697
93306946
9330691
933069
9330684
93306728heredia*
9330671
9330667
93306384
933063602
9330632
93306310
9330629d
9330612
933060805057
9330596
93305870
9330580644131
9330562
9330559
93305580
93305554
93305283
9330512
93304vb
93304leo
9330481
933048
933047650
9330456
9330448
93304405
9330437
933042
93304107
93304051
93304041
93304001
9330397
9330396
9330393
93303844
9330373
93303722
93303618
9330361
933036
933035
9330341
93303399
9330335
9330332aaa
9330322
9330313
93303106
93303068
933026
9330257
9330256
933025
9330244
933022628
9330225
933022
93302190
93302164
9330214269me
9330214269
9330212
933021
93302060
933020
9330199
9330193r
93301932
9330184
933018075
93301796
933017000822829
933017
9330163
9330152
933015
9330147
9330144
9330141
9330124jessy
93301240
933012294
93301157
93301111
93301108
9330097
9330090
933009
9330088
93300871
933008659
9330082520
933008
933007896
9330072
9330069
93300655
9330062
9330051
93300375
93300301
933003
9330024
9330011
933000dan
9330000
93300
9330-577
933-7252
933-0198
933($833
932xlukt32
932tatu937
932ssr
932shark
932rose
932pcjbn94
932mio
932love
932karen
932hogfan_7
932gangsta
932e4thave
932dayton
932ck5
932chelsea
932charli
932campbellj
932b9e1a
932EDUARDO
932AUTNF38
9329grippo
932999632
932999
9329985
9329982
932997943426013
93299613619529
932992877
9329920e
93298gdycb
9329885014
93298798
9329872123
932987
9329865
9329861
93298314
9329824
93298129tkm
93298079
9329807
9329806
9329800
9329773
9329771
932977
932973
93297162
932969
9329689
932967
9329668
9329667
9329661
932966
9329647
9329613
932961
93296003
9329599
9329593
93295855promo2006
93295855
9329562
93295590
9329558
93295488
93295434
932953
9329529
93295204
93295203
932951623
9329507v
9329490
932948
9329465526FFmax
9329460
9329448308
93294416
9329437
9329435
93294204
9329414i
9329413
9329412
93294025
93293t
93293921
9329383
93293808
93293775
9329373
93293473
9329331
93293141geny
9329293
9329275
9329266st
932926
93292504
9329233
9329230
9329226
932921
932920547
932920039
932920
93291999
932919
9329189
932918
932916932
93291681
9329163
93291610
93291554
9329147
9329141
932914
9329131
932911289
93291049
9329100
932910
93290904
932907185C
9329067
93290565
9329047307945
9329043
932904
93290247
93290204
932902
93290127
932901
9329008
9328krl
9328como
93289979
9328992
9328972
93289690
932896358
93289578774
932894165
93289365
9328933
93289328
932892267
93288651
9328849
93288482
932884322
932883051
93288165teamo
9328813s
9328802
932878e
932874991
932872
932871c
932871560
93287100
9328700
9328695
93286868
932865
932864
9328633
93286195
9328607
932859172767884
932856
932852862
9328526
93285247
9328518
932851043
932851
93284jyp
9328493284
9328489
9328480
932847204
932846606
9328456
932843521
93284347
9328432
932841908
932841063di@n@
932840870
93284077
93284064julio
93284060joselyn
93283996
93283902
932838541
9328373
93283722
9328355
932834628
932834
9328338
932833364
932833329
932832323
9328322
9328313
93283116
9328300
93282976TLV
9328268
932825813
932825016128619323524591
9328248182
93282329
93282325
932823
9328229476
932822625
9328218
9328214474
9328201612
93282
9328198e
932819
9328185
932817606
9328175
932817
93281691
9328164
932815
9328135
932813
9328125
9328110
932811
932810676
932809024
9328082091
932808098
932807827
9328071987
93280716
9328070jlo
9328070
9328061913926
932805
932803624
932802385
932802158
9328021
932802
932801288
932800
9327969
93279510
932793279327
93279327
93279324
932793
9327929125
9327914
93279101k
93279093
9327909
93279029
93279
9327894
9327887
9327856
932785
93278438
9327843
932784
9327837w
93278350ilove
93278152
932781
9327807
9327795a
93277956
9327789
9327786
9327778
9327771564
932777
9327749carol
93277277
9327726
9327706181
9327700
93276861@$mmo1
9327667
9327666jy
932766501
9327657
932765
9327649
93276387
9327636
9327622a
93276201km
932761
93275982
9327598
9327597v
9327583237
9327578
93275705
9327567***tink
9327565
9327546
9327545
932754293
932754
9327536
9327531938
93275263
9327515856
93275123a4
9327511537
93275008
93275/99
9327496
93274854
9327472
9327465
93274544
93274.a
9327381973
932738
9327345
9327342
9327332
9327323b
93273239328952
932731
9327293
9327286
93272804
93272792
93272414
932723n
9327199
93271989
932719231
9327183
932718
9327176
93271736
9327159
9327146258
932714.
932714
932713kittykat
93271263
932712
93271133
9327111
9327106ob
9327095
93270914t
932709
9327083
93270732
9327062
9327057
932704
9327038
932702
9327012
9327010z
9327006
9327003
93270
9327
9326xx
9326vftgj
9326teto
9326street+12
9326oct13
9326j215
9326ccabcc
9326bob
9326ack
9326983
93269581ccym
9326937
9326934173
9326933
9326926
9326920
9326888
9326869
9326867722
9326861
9326847278
9326839
93268127
93268122
9326805
932680
932679
93267880
9326788
93267858
9326781
932678
93267779
9326752
932675
93267431
9326726
9326717
932671
9326679
9326671
93266654
932665595
9326636
9326625
93265woqck
93265964
93265932
9326590forever
9326570
93265501
9326545
9326542
932650240
93264mp
93264950
9326495
9326462
9326420
9326410
9326397
93263913
9326388
93263684
9326360m
9326360
9326351
9326321p
93263122
93262908
9326267
932626
9326259
93262535
93262047
93262033
932618
9326178
93261719
9326167
932615
93261440
932614130
93261383
932611ydm
932611
93261099
9326106
9326105
9326099
9326087
9326084893324680
932607ana
93260743
932606t
93260538
932605145753
9326050
93260354
93260319
932601y
9326014@
93260123
932601
9326008439
9326006
93260051
932600138685
9325ryanrori
9325jj
9325dt
932599a
9325995
9325994g
9325962
932595
93259325
93259231
9325923
93259227
93259200513*
9325908yennifer
93259
9325895
93258914
932588
9325873
932587
93258512
9325851
932583
93258100
932580
93257Conor
93257998
9325767
93257486
9325736
9325735
9325718
9325699
93256907
932568417
9325674
9325654
93256511
932565
9325646
93256370..
932563256789
9325632
93256318
9325626
93256252
9325624
93256202
93256177
93256164
932561
9325607leo
93256
93255a
9325597poyraz
9325586
9325572
9325570
9325560
932556
932555
93255278
93255200
932551789
93255126
932551
93255067
93254926d
9325487
9325486443
9325482a
932546
9325459
93254569
9325454
93254500
932544t
9325429
9325426
932540hafsa!
93254
932538
932537492
932537
932536312
9325361400
932536
93253439
932534
932533723
9325334
9325325
932532440616
9325317
93253160
932530932530
9325306
932530
9325295
9325290
932527041575569
9325263
9325262
93252593
9325255
932525
9325243
932523
932522
9325213501
93252100
93252000
932520
93251981
9325182
9325180
9325169
93251516
93251411
9325136
932513
932512n
9325119fmaXD
93251149
9325114807
932511
9325109987
9325109
93251034
9325102
93251
93250lol
93250jc
9325098
9325084
9325083
93250803
9325076
932507030
932506932188
932506
9325056
9325052
932504
93250338
93250202
932502
9325004
9325
9324xx
9324jr
9324ile
9324hga4
9324CAME0
9324996
932499
932496
9324952
9324933
9324928
9324899776
9324896
932489
9324882
9324878
9324876301
9324861
932485
9324840
93248177
93248008
9324796
9324788413
932477777
93247766
93247558y5931387
93247556...mwa
93247130z
93247059
9324704
9324700
9324699
93246983
93246921
93246909
932467
9324620371
9324605828
93246
9324548
932454
932452
932451589
932451
9324503
9324486
9324484
932448
93244619
9324459
932445
93244490deibis_1
93244483
93243kesh
9324399
9324396
9324374
9324369
9324367
932436
93243323
9324301724
93243
93242987
93242977
9324297
93242925
93242844
93242827
9324261
9324260
9324253
932424
9324231105
93242161
93242
93241sa
93241L
93241966
9324185
9324182
93241786
9324175
932415
9324127
9324124725
93241231epe
9324121
932411
932410
93241
93240sx
93240julien
932409930719
932409875
9324079
9324078903
9324073
9324070254
9324064
9324062
932406
93240577
93240562
93240510
932404
93240393
932403
932402510
9324022
932401
9323salazar
9323pc
9323p5
9323ky1223
9323kl
9323jm
9323ji
9323ht734
9323gloris
9323az
9323993
93239920
932399029
9323986605
9323985568
9323977
93239711
93239681
9323968
93239568
9323947
93239365
9323936
93239337karime.
93239323a
93239299
9323922
93239194
932391
9323896-0
9323893700
93238883
9323885
932385555
9323841
932384
9323839726
9323837185
9323835372
9323831
93238205
93238077
93238023
932380
9323794123
932378
93237731
9323762693237626
93237561
93237531
932374evr
9323742
93237369
93237304
932373
93237265p
93237230
93237217
9323711
93236878
9323644
93236379
93236313
93236210
93236202
9323607rosviteam
93236068RUMBA
9323605417
9323592
93235862
93235858
932357
9323568
932355
9323543767
93235414
932354044
932354
9323539
9323522
9323520
9323490
932348135
9323481019931010
9323474
932346597
93234610
9323456
93234551
932345354
932345
9323449cj
932344
9323435
932342
9323414
93234012.-.
93233714
9323356
9323352
9323333b
9323330
932332800
9323325
93233153
9323314
93233097
9323309
932330
9323296
932329
932327mami
9323279783
9323270760
932326
93232520
9323251
93232503
9323248179
9323241
932323685
9323232
932323
93232217
9323218
93232108
9323209
9323205
9323199f
9323198
932319
9323154
9323153205
9323140
9323128
9323126
93231247
932311daniel
93231184
932310m
93231093
93231064330915
9323106
9323102
932310
93230ygigv
93230pm
9323092
93230895
9323086be
9323086
932308200
93230747
9323069
93230669
9323062
9323061sunrise
9323045
9323038
93230328
932303136
9323017
9323012
9323005
9323004
9323000a
9322sn
9322osse
9322izzaq
9322dzcz
9322dad
9322ac
93229935
932299
9322976
93229709amel16
932292
932291Ashley.
93229101
9322907
9322900
93228o
93228m
932289ant
9322899
9322859
932285
93228430
9322841
932283
9322823
9322805
9322798
9322786
9322782
9322777
932276
93227595
9322753
93227497
9322731
9322716
9322714405
93227093
9322700
93227
93226927
932268
93226612
932265
93226430331
9322628
9322602
932259653
9322596
9322592aaa
9322592
9322576
93225744
9322569
9322568zulerp
9322562
932256
9322551
9322550
9322531
9322530
93225259
93225160
9322507074
93225
9322494
93224909
9322490
93224742
932247
9322462022
932246
9322454
9322451
9322447
93224328
9322431
93