
9309432
930942
93094161
93094148
930941206
93093sb
93093abt
9309391
93093777
9309374
9309368
93093579
930933
9309326
93093256
930930_930
9309304
93093031901
93093030302
93093023712
93093019430
93093018
93093015906
930930155019
930930145304
930930135747
930930135202
930930125434
93093011536
930930105476
93093005790
93092t
93092jojo
93092jaoh
930929fabbian
930929670
9309295
93092921067
9309292
930929145956
9309291
93092907064sebastiansierrarugeles
93092904243
930929036113527
930929035116
93092903190
930929-08-5009
9309287
930928533
930928145954
93092814228MUECA
93092813183
9309276154
93092734143
93092710910
930927105301
93092708630
930927085793
930926@
9309264
93092631565
93092618968
93092613575
93092612
93092600880
9309258
93092530521
93092530149
9309252006259952
93092512418
93092502552
930925016356
9309250
930924guerrecal
9309249
9309244
930924085114
930924075493
93092406022
93092317
93092316821
93092315060
93092311277
9309231
930922yuki
9309225582
93092215
930922145419
930922085030
93092204616
930922026081
93092200491
930921love
93092155
9309210654842rk22007
93092102414
93092101019
93092100985
93092094
93092055497
93092033943
93092014817
93092014418
93092013420
93092011010
930920105800
93092010
93092008850
930920065490.....
93092002
93091m
93091b
93091988
93091932340
930919136159
930919115374
93091909543w
930919085793
93091906
93091903251
930918h
930918930414
93091811896
93091806531
93091804210
93091802617
93091800401
93091800339
9309176430
93091717636
930917145553
93091710593
930917085896
930917075209
93091707452paulis
93091704380
930917025084
9309170051200
930916xf!
93091685002
9309165
930916145332
93091605413
930916035782
93091552
9309155
93091524340
93091522690
930915186
93091512635
930915115641
93091510888
9309150850058
93091504152
93091503113
93091500858
930914i
9309149
9309145200
930913k
930913chuchis
9309138
9309134440
93091339
93091327684
93091319
930913135729
93091312164
930913115058
93091310498
930913015022
93091297
9309127
93091220774
930911cache
930911a
93091159
93091151M
93091128096
9309112228727
93091114320
930911065042
93091106378
93091104871
93091103190
93091101651
930911015600
9309109422
93091016131
93091014910
930910127619
93091011
930910105305
93091010079
930910036100
93090dj
93090ae
9309098698489419
93090958
9309095
930909155049
93090912141
93090910971
93090909671
93090909
93090908420
930909055187
93090880
93090877dc
93090814824ppppp
93090814492
93090811000
93090810772totty
930908105285
93090809774
93090808
93090807054
930908065519
93090804136
93090800815
93090730019
93090722377
93090720581
93090714641
9309071155378726228*
930907105371
930907076179
93090704352ljh
93090703976
93090701
93090700
9309065629
93090621090
93090613551
93090607756
93090605575
93090516
930905115621
93090511392
93090504371
93090503357115
93090501222
93090500269
930904dw
9309047100
93090428711
93090426DRDB26
930904214
93090421059
93090413170
93090411010
93090410
93090406998s
93090404090
930904025106
93090396
930903670
93090357m
93090333737
93090321470
930903106385
93090309
93090307574
930903045084
93090304320
93090300898
93090300340
930903-14-6934
930902978
9309022612
93090217184
930902136339
930902125648
93090211054
930902105532
930902085770
93090203
930901Clau
9309018
93090157
9309015
93090124218
93090121152
9309011183
93090109403
930901075781
93090105386kensh
93090104762
93090104495
930901026090
930901**
930900
9308xp11
9308tds
9308manu*
9308aa
9308982
9308976
93089729
93089432
930893091p
93089209s
9308917
9308911m
9308893088
9308892mierdas
93088923
93088608
9308855
9308848
93088477
93088420
930883
9308824
93088128
9308812
930881
93087roro
93087844dnisse
9308768
930876591
93087342
93087171catalina
930871
93087
9308664
9308658
93086523asmigas
93086523
9308648
93086478807
93086443cjcolan
9308639k
93086312
93086284
9308618
9308615
930861
9308607
93085767
9308564
9308562
9308557074
9308557
93085402
93085335
93085233
93085189
93085137
93085132
9308501
93084me
93084e
93084d
930848
9308467
93084644
9308448
930844
9308433j
9308425
930841
9308405
930836
93083219asdfg
9308320
930831kyrh
93083112610
93083107551
93083107179
93083103998
93083102495
93083102
930831015619
930831015256
930831-01-7083
93083037
93083031571yrp
93083030648
93083012674
930830120893
9308300941002227
930830085017
93083005023
93083004250
93083004230
930830025276
930830025153
93083
93082q
930829w
9308296125
9308295000
93082924238
93082924
93082919080
930829115274
930829105455
93082909107
93082906191
930828ziting
9308285nannycl
9308285820
9308285762
93082826724
930828135396
93082806294
930827920217
930827146683
930827145218
93082714446
93082712826
93082711374
93082711005
930827075272
93082705226
93082704599
93082700020
930826901107
9308265553
93082614719
93082610209
930826035367
930826035025
930826025521
93082602
930825julian
93082526658
93082516482
930825125440
9308251219
93082510387
93082509397
93082508498
93082507157
93082506
930825045213
9308243513
9308243190
930824115216
93082410239pao
93082409252
9308240893
93082314995
93082312062
93082308642
930823085692
93082306
93082304833
930823045260
930822_02089jua
9308228
93082215539
93082210731
9308216
93082124
93082121399
93082108350
93082100987morales
93082027236
93082013448
93082011399
93082011
93082002993
930820016368
930820015883
93082000966
930820.14.5717
93082
93081zel
93081t
930819yesterday
930819ws
93081945349
93081917661
930819126471
93081908174
9308190407
93081902052
93081900432 ACERO
930818a
93081802104
930818015497
93081800560
9308178
93081777
930817145732
93081713748
93081710
930816_Joey
930816075250
93081607
930816045190
930816025595
930816015610
930815e
93081546nopasaran
93081530201
93081529122
93081509490
93081507897
93081504120
93081500400
93081405695
93081401355
93081400332
93081313600
93081313189
930812pga
930812mio
9308127
930812075210
93081202298
930811520.
93081139
93081105357
93081102145
9308105524
93081033
93081015510
9308101467
93081013682222
93081007967
930810075508
93081007541
93081007118
930810065246
93081005603
93081005417
93081004852
93081004496
930810025674
930810007738
93080996
93080913034
93080911042009dianita
930809035357
93080901044
930808karla
93080830bs
93080829
93080827
93080826093
93080822
93080821210
93080813595
930807andre
9308076628
93080729691
93080724770
93080714074
93080712
93080707043
930807068968764518
93080706454
930807025331
930806bdelonlee
930806867
93080615530
930806146967
93080613
93080609939
9308060145
93080600400
9308056052
9308055546
930805290728
93080527657
93080514040*
93080505629
930805015092wcs
93080500317
9308045979
93080431161
9308043
93080423
93080415034
930804145258
930804093101993
93080405810
9308039
93080388
93080367568
930803146582
930803136034
930803135322
93080313371
93080309595
930803075577
930803075227
930803065096
93080300075
930803$%pato
930802luis
93080248
93080217658
930802105295
93080205
930801tee
930801a
930801824
93080160999
93080117696
93080102834
93080100173
9307sd
9307nene
9307nagem
9307ily
9307aonxd
9307acoy
9307abc
9307Handel
9307AHMO(
93079mail
9307992500
93079842
9307976
93079741
9307968
9307966
9307957
93079251
93079180
930791
9307865
93078641
9307854
930784912
9307845
930784
9307836
93078288
930782228738
9307816
93077khfoq
93077949
930779432
9307763
9307762
9307759
93077290
9307718
930771170
930770
93076jp
93076791
9307674
93076497
9307644
9307643
9307639
9307615
9307614
9307610
9307601
93076
93075m
9307597
930759
9307588
9307561
9307538
93075178
93074947
9307478
9307472
93074510
930745
9307449
93074486
9307435
930743
9307429
9307426
9307423
9307405628
93073765
93073718
93073697
93073615
9307350997755014
93073494
93073418
930734
930733
9307321814
93073126736
930731115372
930731115284
93073111259
9307311
93073107235
930730M
93073013583
93073013400
93073012439
93073009110
930730086258
93073008431
930730065326
93073005890
93073004452
93073004282
930730025674
93073001
930729kec
9307295060
93072918248
93072911650
93072819002
93072814563
93072814396tamo
93072813250
93072812105
93072811036
93072806784
93072802400
930728015645
93072800298
93072787
93072720987
930727146192
93072711686
93072706909
93072704990
93072704639
930727025220
93072700358
9307265
9307263
93072622985
93072621962
930726125058
930726065067
930726015414
9307257235
93072564fiorella
930725015172
9307245180
93072415076
93072412751
93072410686
93072410538
93072410090ti
93072407430_Caro
930724025483
930723eva
9307235998
9307232
930723106011
9307231
930723065344
93072306021
93072211500
93072211365
93072207651...
930722065553
93072206
930722051386
93072201530
9307220
930721_93
93072122605
93072113258
93072112880
9307211
930721085739
93072106634
93072104747
930721045067
9307210300700703
930721025517
930721025269
93072102310
9307210
930721-10-5365
930720h
9307207
93072027599
93072025
93072022139
93072019073
93072017828
93072017445
9307201550
930720146827
9307201
93072005633
930720045153
930720045110
930720-hansel
930719mkfb
930719271700101
930719017147
93071901577452099
9307182326
930718045349
93071804346
930718026033
9307174
93071729549
93071711801
93071711356
93071711
93071710522
930717065751
930717065401
93071705534
93071703
930716cp
9307166
93071614415
93071612137
93071611513
93071608865
93071608725
93071606072sh
930715yamileda
930715rebelde
930715m
93071592
9307155
93071531129
93071513678
93071512205
93071511500
93071507katycris
93071505489
9307150016
930714prinse
9307143129288
93071426635
93071423415
93071417121
93071415242juan
93071413549401
930714135419
93071410631
9307141
930714016559
930714015572
9307136
93071329982
930713146458
930713145690
930713145535
93071313
93071311498
93071308780
930713075186
93071305315
93071305242
93071302154
93071300232LICHY
9307126
93071259
93071211310
930712105769
9307121051
93071199
9307116812
93071112185
93071107238
93071105960
9307104
93071020159
930710196
930710085717
93071004234
93071002
93071000743
930710-10
930709m
930709870
9307097538
9307095519
93070944
93070938
93070916353
9307091365
93070912374
93070908032
93070903375
9307090158
930709015367
930708sa.,
93070888
93070820011
93070814062
93070811799
9307079
9307078kdb
93070785
9307074141
93070730578mmal
93070728999
93070718152
930707145192
93070713
93070708670
930707085257
930707062197
930707016307
930706-016719teh
9307058553
930705146036
93070514476
930705105242
930705073720
930704911
93070427522
93070409
93070407033
9307040
930703644594029
93070327307
93070318251
930703105660meimei@
93070306385
930703016588
93070300220
9307030
930702h
930702930702
9307025
930702490
93070210
93070208510
93070208480
93070204361
930701tania7
9307015536
93070118651
93070117817md1208
93070113935cancer*12
930701115638
93070111
93070108559
93070106815
9307007
93070058
9307-1807-5062
9307
9306rong
9306jthy
9306jb
9306QVwX
9306BABE
9306966
9306960
93069593
93069432
930692
93068kt
9306889
9306874
93068633
93068577
930685
93068431
9306841
9306821
9306810
930681
9306807
9306805
93067hoifb
9306780
93067733
93067722
9306762
9306756h
9306748
930674
930669nanz
9306689
93066551
9306655
93066538
9306641s
9306640
930662807933577
930661
93066
9306596
93065956
9306587
9306553
93065408vakita
9306535
9306517
9306507
93064951
9306477
93064669
9306461
9306457
93064488junior
9306438s
9306426439
9306422c3c1l1a
93064080
93063rs
93063gz
93063977
930638m
9306374D
930636
9306351
930634
93063338
9306332
9306322
93063194
9306313
93063123
930630russo
9306306652
930630136326
930630125504
93063010180
93063007216
93063006368
930630-10-5124
93062960029
93062918711
93062914430
9306291314
93062911342
93062910826
93062901150
930628wei
930628472065
93062829620
93062828
93062818580
93062815165
93062814681
930628145821
930628115411
93062810821
93062806832
93062806530
93062805380
93062804864
9306280457
930628002574356702
930628-07-5229
93062727835
93062715
930627145192
93062705041
93062703634
93062635
93062628187
93062627512
93062626974
93062617061
930626106060
93062607988
930626075057
93062607384
93062606655
930626035178
930626030140
930626025578
930626-14-5502
93062513320
93062510313
930625075004
930625035977
93062416
930624145613xiv
930624145496
930624125305
93062408
93062406834
93062405
93062404181
930623on
930623LORENITA102
93062345
93062340
9306232507
93062311450oboe
930623105150
93062307895
930623065267
93062304632
9306221897614483
93062216326
93062214
93062213998
93062213284
93062211600
9306220993
93062209796
930622086410
93062205170
93062202341
930621me
930621996625489
9306218
93062144
93062115732
930621115849
930621031221119+
93062102681
930620vero
93062008766
930620061358
930620035409
93062
93061981
93061927270
93061925714
93061921115
93061912850
93061906477
93061904903
93061904814
930618_chuli
9306189
9306185api
9306184
93061822257
93061821838
93061814718
930618136075
93061808
93061804534
930617jason.
9306179
9306176057
930617605036
93061725401
93061722848
93061720
9306172
93061715850
93061715515yilber
93061715082
93061624870
93061616240
93061612325
930616095097
930616016280
930616**
9306159
93061531228
93061524779
93061509346
9306150514
93061504352
93061504204
930615015163
93061501183
93061415180
9306141
930614075316
93061400948
9306133
93061326470
93061326233
93061311198
93061311
93061307972
93061307700
93061305813anyel
93061305350
93061304230
93061279
93061223k
93061223K
9306121497
930612125391
93061211690laura
930612105235
9306121
93061208273
93061202240
93061200485
930611t
93061191
9306117156815776
93061159
93061124
93061119890
9306111588722
93061109836
93061106110
930611015510
930610_korean
9306105candy
930610183422
93061018202
93061015439
930610115536
930610105901
93061010546
93061008240
93061006
93061
930609lalis
930609146343
93060914182
93060913593
93060912783
93060909995
93060908786
930609086694
930608915869
9306084626
93060819309
93060815869
93060815214
930608146034
93060812959
93060810247
93060810123
930608086473
93060804
930607z
930607km
930607b
93060713055
93060707713
930607055472
93060702762
93060700
930606sy
930606s
93060613808
9306061292enrike
93060609568
93060607
93060603152
930606025589
93060600587
9306054
930605105827
93060510499
93060506599
9306050452
930604w
93060417
9306041450
930604136357
930604135944
93060408759
930604075603
93060407370
93060406128
930604-w
930603A
9306038
9306031876
93060314762
930603036151
93060300559
930602xunga
930602peiwen
9306025516
93060215683
93060209527
93060208271
930602075925
93060200937MNPLv
93060193
9306019
9306015
93060115271
93060114844
93060113yuki
93060112477
93060104938
93060101645
9306005
93060
9305yme
9305ww
9305sam
9305rvnct
9305me
9305mc
9305ka
9305juli
9305emma
9305cj
9305belfast
9305aaf
9305KwanG
93059897
930598
930597
9305962
93059618
9305951
9305947984
9305939
93059303
93059300
930593
9305915
9305907
930588
9305878
9305858
930583k
93058213
93058202149
9305802
930580
93057911
9305785
9305780
9305778
9305774
93057716
9305766
9305765
9305764
930575
9305736
9305733
9305721938
93057171
9305710
93057053
9305701992
93056771
9305674246
9305665
93056642
9305657tg
9305656
9305645
930564
930563
93056268
9305620
930562
93056118
930560d
9305606612
93055p
9305576
93055691
9305564s
9305541
930554
9305530
93055285
93055206
93055007
930550
93054eva
9305496
93054922
93054800
9305475
930547
93054632
930544h
9305448
93054154
93054011
93053866
9305377
9305373
93053695
93053632
93053598
93053562
9305350
9305341i
930532879
93053237cpss
93053203
930532
93053126039
9305310891026536
93053103810
93053049
9305304625
930530421
93053016209
93053014290
93053014
93053013617
93053010774
930530105338
93052991g
93052922834paola
9305292
93052918
93052909170
93052908572
93052907851
93052907703
93052907495
93052903490
930529015052
930528m
9305285704
93052828919
93052819448
93052817526
930528136389
93052810637
93052810076
93052808454
930528075344
930528065146
9305280485678
93052802979
930528015974
93052800895
930528-luna
930527wen
9305278563
93052781
93052715952
93052714875
93052713518
930527085073
93052708255
9305269400106
93052656
930526145070
930526055104
93052604441
9305260251
930525sweet
93052562
9305256
930525462323
93052514116
93052514078
930525135030
93052513055
9305250373400
9305247ga
9305247
93052422688
93052418010
93052415274
930524125252
93052400897
930524005018188
9305236m
93052325
93052318015
93052314850
930523105356cp
93052305258
93052304740
93052304022
9305230136813
930522wendy
9305227
93052253
93052213540
930522135238
93052213000
93052209437
93052208732PXNDX
9305220
930521pao
930521135738
9305211
93052108614
930521085179
93052108371paolita
93052016
93052015276
930520123
9305201170
930520025537
93052002360
93051mmf
930519koklf
930519diegoMAMI
930519c
9305198
9305197
9305196522
9305192828
930519055034
930519045311
930519017185
930519-02317
930518p
9305185876
9305183832
930518145337
9305181268
930518115357
930518105458
93051806
93051805036
9305180453
930518035197
9305178ar
9305176
93051717102
930517145060
93051714219
93051706755
93051703136
93051667
93051631
930516146248
930516126108
93051609288
93051607919
9305160512
930515akim
930515145956
93051513531
93051512446
930515115298
93051507876
93051505130ceci
930514l
93051428674
93051422
93051416560
93051410600
93051408975jyc
93051401
9305140
9305137945
93051370
93051324573
930513146015
93051308636
930513015904
93051300520+
93051300201
930512a
93051227466
930512125482
93051211
930512105780
930512085361
93051204431
93051202730
93051200703
93051200010
930511alan
93051128972
930511136120
93051112154
930511114939
930511086290
93051105
93051104178
930511036373
930510Tieya
93051014357
93051014195
93051013016
93051011790
93051011471
93051011129
930510106392
930510085886
930510085501
93051006842
93051006427
93051000070
93050kuching
93050934van
93050921nadia
93050916136
930509145722
93050914
93050910243
93050904359
93050902798
9305090164101
93050900108
930508dmsp
9305089
93050877eli
93050866180
93050813434
9305081155
9305081
930507a
930507_04_5023
93050735
930507145323
93050713
930507106287
930507085148
93050706921
93050705410
930507036434
93050701598ma
93050700745
930507005555
930506k
9305061
930506085840
93050608563
93050607
930506055473
930506045283
930506016423
930506010520
930505t
9305053021111
930505145362
93050513074
93050512639
93050510
93050509638
93050508070
9305050803
930505065549123
93050505071-laura
9305050308
93050501190
9305050
93050436
93050421
9305042
93050415390
93050415293
93050412626
93050408874
930504055509
93050402388
93050401608
93050330
9305033
9305032
930503183
93050315
930503147645135926
93050312397
930503086629
930503075225
93050306575
930502a
93050259299
9305022t
9305022404
93050212s
93050209715
93050203717dayita
930501cynnie
9305016455
930501105849
93050110492
930501086078
930501075432
93050103755
93050101
930500
9305$$
9304x4
9304tt
9304ouw
9304ont
9304nycgq
9304linder
9304joshl
9304ihwbx
9304eee
9304cj
9304car
9304alejandra
9304A
930498
93049574
93049304
9304927780
93049052
93048782
9304864
93048512
93048394
93048390
9304821397
93048
93047938
9304790
93047802
9304777
93047749
9304750
9304747
9304744
9304712
9304708
93047
9304680
930468
93046790
930465
930464
9304635
9304634S
93046014
9304598
930459781
930459
930457
93045681
930456
9304558p
930453852
93045250
93045225
9304517c
9304513
930451234
930451
93045073
9304503lea
9304500
9304486
93044845
9304473
930447
9304456
930444
9304436
9304420
93044189
930441
9304403
9304400
930440
9304393f
93043787r
93043787jrc
9304377p
9304376834
9304357
930433
9304324
9304314945018932
9304310227
930430f
93043036
930430135185
93043005
93043000134
930429leinad
93042977932
9304296
93042950694lalu
93042929
9304292728
93042920442
93042913721422
93042842
93042815894
930428155080
93042815056
930428146272
93042814
930428136197
930428086468
93042807751
930428075398
93042804809
9304277
9304272
93042716098
93042715083
930427136291
93042711711
93042709911
930427065163
930427055299
93042702259
930427015668
930426iz
93042696
930426535
9304265
9304264acp
930426148991526
93042600030
9304255075
93042526
93042515190
9304251205
93042509
930425085320
930425035155
930425-07-5368
93042477
9304243
93042413710
93042411220753159
93042402930
930423dg
9304235666
93042333024
93042330157
93042319072
930423157
93042304024
930422_meka
93042219361
93042215528
930422145420
930422115619
930422105509
93042210410
93042210291
93042206456
93042204
9304216
9304215277
9304213803
9304211993
930421075520
93042105923
93042105579
93042105013
93042104831
93042032725
93042018145.-
93042015910
93042015
93042011418
93042011400
93042010764
9304199
93041909461
93041907795
93041905962
93041905610mpjv
93041905547josera
93041904613ivan
930419025460
930419025049
930419015975
930418_t
930418IVAN
93041827422
93041815246
93041813588
930418115464
93041810430
930418075167
93041804678
930418-07
930417a
9304179
93041789
9304178512
930417666
9304175952
93041715985
93041706129
93041704843
93041703600
93041702620andres
93041702549
93041702
93041700678
93041698741236985200
93041631
930416085927
93041608577
930416075358
930416075171
9304160
930416.860123
930415baby
930415ame
9304158
9304153
930415145086
93041513
93041512
93041511395
93041510
93041509099
93041504917
93041414284
93041414
9304141022
93041401840
930413rahel
930413key
93041386
93041381
93041375743
93041368940
93041326
93041323238
9304131023
930413085307
93041306830
93041303156
93041301153
930412ting
93041280
9304126760
93041244
9304124
93041234
93041215362
93041214137
930412125194
93041212215
93041205197
930412-la
930411930411
930411520
93041116380
93041116
930411055722
9304110
9304108329
9304103332
93041021495
93041010710
930410075410
930410065466
93041005562
93041005465
93041*805candy
93041
930409pm
930409m
93040997
9304096470
930409136036
930409135260
93040910245
93040903117
930408san
930408can
93040824950
93040819
930408145408
930408025993
93040801258
93040800776
93040756
93040728919libny
93040715710
93040713
93040709035
930407025295
930406mira
930406mdph
93040640
93040628612
930406125390
9304061156
930406085608
93040606945
93040605809
93040605
93040603180
93040602
9304059
9304055448
9304055
93040529
930405146202
930405145090
930405135730
93040512
93040506428
930405045591
93040463
9304045
93040420612
930404135368
93040411990
930404117
93040407250
93040405354
9304040404
93040403904
93040401499
93040379580
93040329488
93040316661
93040314146
93040312372
930403123
93040308685
93040303sa
93040302822
930403016551
930402930402
93040217310
93040216772
930402085838
93040201732
93040201236
9304015416
93040129
93040115534
930401146440
930401145878
93040113
93040110613
930401085940
93040107736
93040107469
93040107370
93040106977
93040104290
93040100375
9304003
930400123448
930400
9303p
9303nj
9303niña
9303ir
9303hola
9303dn
9303dm
9303brody
9303amy
9303Sm9303
9303DM
930399
93039863july
930397
9303969-5
930396
930395
93039303
9303921
930392
93039198
9303912
93039040
9303870
93038691
9303868hjy
930385
9303847
9303840
9303835
93038332loka
930383
9303827jimmy
93038251
93038187
93037819
930378131
93037726
93037717
93037617
930376
930374310
93037177
9303707
9303700
9303693
930366
9303659tkm.
9303640a
9303627
9303617
9303612
93036108
93036021968
930360191
930360
93035908
930359
93035867
9303574a
9303574
93035730
93035699
9303554
9303546
93035333
930353
9303529
9303524
9303523103
93035149
93035067
9303500
93035
9303482-7
93034742
93034727
930347
9303456
9303450
93034490a
9303435
930342
930338
930337
9303363834
93033602
93033486
9303344
9303333teamofer
9303330145060
930331g
930331_xx_6017
930331895623
93033175
9303315305
93033129546
930331145839
93033114530kell
930331126719
930331126419
930331115
93033111
93033107321
9303310580
930331-14-
9303308686855
9303305848
93033049514061
93033022164
93033017977
93033010542
9303300
9303294
930329135391
9303291105
93032911
93032908320
93032908134
93032906239
930329045310
930328levis
930328kg
93032839
93032828505
9303281993
93032818321
93032811440
93032806714
93032801771
93032728250
93032716081
93032715
93032714410
930327126360
93032709930jc
93032706
9303265637
93032629235
93032628425
93032610828
930326085739
93032602973
9303260
930326-14-5703
93032515
930325145795
93032510599
93032510173
93032508217
93032501549d
93032501
930324C
930324166651234567
93032416584
93032415278
93032414441
93032413267
93032407046
93032403890
930324016369
930324015972
93032400327
93032362
93032341
93032331473
93032316245
93032315290
93032306d
9303230013
930322pulis
93032294900
930322930726
9303224256888leidy
930322148722
93032214329
930322135284
930322105747
9303221
93032206970
930322065431
93032204013
93032201006
93032200018
930321605010
93032155
9303212965
93032115i
93032113204
9303210
9303209
93032063
9303204136
93032033piero
93032029971
93032015156
930320075580
93031993
93031925140
93031921382
93031916826
930319146003
9303191
930319075129
930319-08-5941
9303189z
930318665039
93031827734
930318136583
930318075370
93031805323
930318035475
93031800011
930318-08-6678
930317665037
93031715537
93031707747
93031693135093
9303166
9303164
93031616105
930315a
9303158
93031531
93031524669
93031518324
93031515090
93031510544
93031506830
93031501987
93031495
9303142
93031418095
93031414413
93031413395
930314075533
93031405430
93031405180
93031404159
930314036083
930313millos
930313kk
93031315423
930313105534
930313095014
930313085457
930313085342
93031307935
93031307692
93031305142
9303123
93031223