9758
9209742
920972
92097023
92096alex
9209657
920964
9209634
9209629
92096269
920961h
9209611
92096070001
92095t
92095ab
92095MA
92095KAS
9209598692095986
92095808
9209559
9209553
920955
9209545
92095360
9209532
9209482
9209460492094604
920946
9209438
92094280
92094233
920941916
92093a
9209367
9209363
9209343
92093351
92093339979
92093077310
92093055936
92093055812jk
92093055367
9209302
92093016
920930145516
92093008Wan
92092nena
92092l
92092g
9209297
92092960112
92092959181
92092958142
92092954317
92092952225
92092950796
92092950079
920929106384
920929045032
92092869255
92092860789
92092860290
92092855203
92092852425
920928145875
92092802
920928/
920927joey
92092763
9209276272
92092756035
92092729780
920927146307
92092712267
92092706321
92092701
92092700501
92092671668luis
9209265
920926125475
920926115306
9209261
92092607
920926035963
920926016252
920925sk
92092554068
92092526714
920925145562
920925136244
92092510516
9209251
920925086195
920924jj
920924iorikof
9209248
92092471219
9209246925777
92092460713kathe
92092457615
92092456058
92092452737
9209244421
920924145229
920923yingying
92092357335
92092356908
92092354190
92092353453
9209234
9209232
920923126122
920923105102
920923076073
920923-01-6978
920922_paige
92092260994
920922520921219
92092251367
920922106015
92092208j
920922016415
9209218
92092160
92092156488
92092152288
92092150811tefa
9209211478
92092113
920921105774sux
920921105467
920920920
92092071202
9209203963
920920135744
920920126899
920920045028
92092004411081
92092001s
920920016614
920920016358
920920015179
92091ok
92091cassi
92091951365
92091950610
9209193
920919105185
920918jack
92091863903
92091863032
92091856982lyltam
920918136553
920918115250
920918045168
9209174
92091727651323346441
92091713979
920917136260
920917125334
9209171
920917075437
920917015450
920916jj
920916_djs
920916_13_5282
92091679355
92091657106
92091655740
92091655049hc
92091610
920915k
920915@lxq
920915668887
92091564647
92091564329
92091557896
92091557802
92091555478
92091554749
92091553041
9209155201
92091551480
9209150755
920915025815
920914a
92091461007halo02
92091457638
92091456356
9209145056
920914125937
920914075626
920913mary
92091377090
92091362297
92091352CESAR
92091323
920913185449
920913105125
92091308403
920913075827
92091304823
920913016261
920913015533
920912l58279.com
92091250685
920912146558
920912126370
9209121130
92091210
920912086153425
920912075139
9209120
920911marcela_50036
9209116140
92091159050
92091158070
92091150656
92091120
920911075604xuan
920911045341
920911035311
92091093
92091081
92091066
92091051313
92091029644
92091004
92091001847
92090mm
92090lei
92090allik
920909liz
920909cwsox
92090954000
92090951140SAS!\\
92090950942
9209093
92090927339
920909145204
920909140070
92090908490
920909075162
92090901933
920909-01-5020
920908a
9209084
92090817
920908145819
920908125885
92090811861
9209081058
920908105614
92090810
920908075099
92090803
92090800789
920908-07-5777
920907931227
92090772602
92090762895
92090747
92090714664115
920907085703
920907035431
920907015772
9209069554983
92090670168
92090659237
92090657889
92090657250
920906105979
92090607
920906016204
920905fer9850
9209059
9209058239ViKi
92090580
9209056
9209054
920905285
9209052
9209051725
920905086462
92090504730
9209050
92090478757
9209047852
92090475691
92090470312
92090461933
92090455887
92090451962
92090450842
920904106169
920904075315
920903xinpei
920903vesada
920903915028
92090359390
920903567573
92090354690
9209033g
920903086071
920903075508
920902z
920902an
92090285
9209022
92090216
9209021460
920902145850
920902136030
92090210701
920902105744
92090210183
920902055513
920902035117
92090202518901
92090200587
92090180250
92090159137
92090157118
92090155158
92090153112
92090150270
92090113
920901126703
920901123
920901+u
9209009
9208owzbj
9208mayraf
9208love
9208jpzgo
9208jiqia
9208dv
92089swt
92089cmb
92089P
9208999
9208995368
9208993988
92089894
9208984917
92089847
920898
9208979
9208973061
9208956919
9208948
9208920687
92089170
92089109
9208910
9208908
92089069
9208904742
92088ruilopes
92088cristian
92088950
920888635441468
92088841
9208878d
92088740
9208871
9208865541
9208865
9208846089
92088395
92088344
920883
9208829
92088264
9208817
9208813em
9208808
92088
92087gb
92087g
92087901
92087860
92087846
9208779
9208759
920872327
9208711
92086gimpygurl
92086767
920865931
9208646
920864414
92086441
92086212
9208619
9208615742
9208602833.
92085davis
9208591
9208586d14206
92085663
92085504
9208542808
9208540
920853
92085291112
9208519
920851
92085040
920850
92084love
9208495
920848
9208471671
92084625
9208459872
9208448
92084290
92084224
92084204a
9208420
92084172
92083897
92083810
92083689123
9208364j
92083633
920835
9208344911
92083412
920831anis
92083116007
92083108144
92083107520
92083105480
9208306
92083008
920830075768
92083001919
9208300
92082a
92082961510
92082959400
92082958885
92082951573
92082951522
920829145124
920829095067
920829085686
920829015485
9208288636jan
92082871570
9208286643
92082860772
92082854071
92082853253
92082850971
92082806166
92082805003
920828045076
92082752600
920827106201
920827045402
920826ARK
9208267120
92082669827
92082654412
92082654128
92082650700
92082632
920826086077
920826082688
920825q
9208259
92082577280
92082574631
92082552610
92082528
920825136749
9208250000
92082455274
92082452577
9208244
920824146275
92082413784
92082412
92082408560
920824075227
92082404262
92082354656
92082351835
92082351150
92082350162
92082326082
920822sue
920822ksii
92082256476
92082256050
9208225552
9208225408
9208224
92082228260
92082209125
920822035934
92082202147
920821y910829
920821x
920821lc
920821khai
920821a
920821ZOE
92082152511
9208215
9208212666
9208212
92082115
920821016424
9208207
92082056400
92082053982
92082051866
92082042
9208204082dafna
92082024601
920820085612
92082004973
920820045418
92081jig
920819@asin
92081972135
92081956288
92081953092dina
92081952401
9208195204
92081951510
92081924706
920818da
920818a
92081878481
920818631073138479236
92081860264
920818544504
9208185326800
9208183
920818075511
920817ocar
92081773558
9208176350
92081755436jh
92081753239
92081751040
92081750531
920817086323
920817.p
920816785551992
92081663094
92081651460
92081650774
92081623
920816015726
920815t
92081553183
9208154
9208151
920815025607
920815+
92081473791
92081456137lorena
92081454681
92081453073
9208142100
920814146044
920814145842
92081411
920814015394
92081359387
9208132
920813105195
920813095011
92081279910
92081277437
9208126088
92081255832
92081252981
92081252493
92081251470
92081251020
920812135616
920812135181
920812106110
92081209335
920811myj
92081176231
9208116475
92081154742
92081154041
9208115
9208114
920811115795
92081069567
92081061663
92081053989
92081041
92081032
920810095075
92080rdwq
920809952
92080976412
92080953870
92080923
92080917246
920809145952
920809045388
9208090204
92080900467
92080875098
92080870053
92080868890
92080853213
92080852578
92080851130
92080818
9208080856
920808035786
920807990277404
920807910827
92080753936
9208075177115
92080751313
92080723042
92080710366
92080709066
92080703149
92080701545
920806f
92080657414
92080653230
92080653176
92080653141
92080651351
92080650803
92080650479
920806146562
92080605
92080580756
92080566729
92080559471
92080554429
92080551306
92080506
920805-07-5029
92080461625
92080458888
92080458080
92080456753
92080456311
920804145160
92080410
920804085567
920803920727
9208035875
92080357100
9208035119
92080350866
92080328
92080313090
920803086277
92080306018
92080262593616
92080258960
92080252740
9208025
92080222
920802145773
92080211539
9208020516
920802021
920802016621
920801045164
920801016259
92080101459
9208
9207thave
9207sjmarinfernandez
9207paola
9207kw
9207jtcxf
9207jacl
9207gaga
9207ea
9207connor
9207997
9207977811
9207968052
9207955
9207935
920793
92079233fabian
92079207r
92079207
920792
92079131
92079087966911
92078eanb
92078b
92078981
92078848
92078811
9207880
920788
9207872
92078673
92078601
9207849
92078450
9207837
9207829
9207826
9207817mh
9207808
920780
92077rrv
9207796
9207794
9207773
9207756
9207753040
9207746
9207731364
9207717j
9207717
92077134
920771
9207707
92077
92076980
920769
9207678
92076709.kk
920766
92076436
9207624
92076194
9207614
92076011
92075aguilar
9207592
92075754
9207559
92075543
9207553508
9207550828
920755
9207544
92075288
9207528
9207517
92075115
920750921
9207499777
9207497
9207489499
9207486443
9207486
920746495
9207463
920745
9207443
9207439703
9207431l
9207430049
9207406495
9207401988
9207394056
9207372
920736
9207345
92073432836
9207338
9207337
9207333
92073327
9207331
920733
920732
9207317643
9207317
92073164224
92073159280
920731553901992
9207315522
9207313
920731145716
920731125205
92073109
920731075500
920731025765
92073076449
92073059757
92073059110
92073057258
92073054119
92073052507
9207305130
92073029
9207302
920730146231
920730145028
920730095040
92073004282
920729S
92072960337
9207295309D
92072952970
92072952792
920729145565
9207291234
9207291051
920729075413
92072865105
92072860413
92072858699
9207285744
92072851406
92072812
920727es
920727dz
92072777117
92072768_456
92072760389
920727147188js
920727135849
920727115135
920727035629
920727025594
920726abc-5404
9207269789
9207267
92072657030
92072657014
92072652020
9207265141
92072651369
92072646
920725kiaragiron
9207258
92072576391m
92072567023-*/
92072546
9207253775011
920725105857
920725086107
9207250
9207249
92072489
9207246958701
92072461900
92072458313
92072456914
92072454172
92072453320
92072451963
920724444
92072432
920724145435
92072400
920723mm
920723m
92072374470
92072359820
92072354879
92072350164zm
92072339
92072329699
920723085020
920723065417
920722brandon
92072263490
9207226214
9207226160
92072259430
92072255137
92072250615
92072215402
92072210362
920722102492007
9207220751
92072201967
9207219616
920721920721
92072178248
92072176075
92072173980
92072172800
9207215828
92072150017
9207214
920721085078
920720paula
9207208a
92072069139
92072066261jackson
9207206
92072052830
92072051760
92072050560
9207202073
92072014
920720136152
92072004
9207198
92071976752
92071976370
92071967
92071959122
92071958002
92071952675
9207194910
9207191251
920719086119
920718999
92071872
9207187
92071858369
9207185112
9207182
920718145236
920717jmhr
92071762400
92071757643
92071752030tefy
920717146149
920717135896
920717016053
920716i
92071674489
92071666974
92071665676
92071657134
92071651110
920716055173
92071604
920716016510
920715hiphoper
92071576304
92071558616
92071552375
92071550500
920715115840
920715105933
920715035568
920715035138
920715015137
920714pp-
92071459367
92071458
9207145709
92071450785
92071450
92071411291
92071411070
9207140e
92071409
92071404538
9207140
920713kom
9207137088
9207136669
92071359427
92071355146
92071353160
9207133449
92071310894
92071310614
92071308
9207128
92071259589
92071252894
92071251812
920712085906
920711l
920711ilie
920711analls
92071185035
9207117301
920711055131
920711035501
9207108515
92071061193
92071058532silvi
920710145346
92070958599
92070952442
920709145656
9207090
920708klq
920708854
92070855315
92070854742
92070853347
92070850542
92070850194
920708105097
92070780145
92070775915
92070771634
92070758565
92070754
92070751595
92070750963
92070750831
920707075383
920707065230
920707025757
920707-05-5016
9207066786
92070662932
92070658358
92070657912
9207065095087
92070650551yesica
92070650012
9207062006
92070608822
92070605246
920706045158
920705a
92070559120
92070556369
92070556172
92070555907
9207055349
92070552339
92070551510diana
9207055
920705065608
920704jj
920704=micumple
920704999rno4e
920704999
92070454957.p
92070454302
92070454280
92070452849
9207045279
92070451524
92070450390
9207044229
920704146430
920704105065
920703727486
9207037171
92070362009
9207036038
92070360049
9207032
92070303452
92070302
920702lachybeto
92070288
9207027
9207022882
92070218790
92070218
9207021
92070208450
92070207
9207020439
92070200157
9207020
92070165475
92070155032
920701025588
92070047
9207000
920700
9206ynd
9206love
9206kb
9206good
9206aaa
9206_3916
920699166
920699
92069841
920698
92069572
9206957
9206955400
92069517
920695
920694
92069291
92069206yar
92069170
9206916
9206911509lop
9206910079
920690
92068mcris
9206891
92068906
920688e
920685
92068372
9206827g
9206827
9206810
9206807
92068
92067wow
920679
92067884jessenia
92067808
9206770
92067693
9206764
9206755141
9206733
92067309
92067270
9206726821
92067144511
920670ttt
9206702
92066988
9206698
9206695
9206694
920668
9206677
920667
920666a
9206669vila
920666
9206653585
92066304
92066220
920662
9206619
92066167
920661
920660578
92065rbd
92065936
9206592
9206589
9206567
9206561
9206557
9206550
920655
92065311
92065286
92065202
920652
92064EVER
92064817nps
92064733
920645r
92064482
9206433
920643
92064291roy
920642
9206402097
92063gzaud
9206389
9206384789
9206381
9206372779
9206371
92063661
92063644
9206363
92063596
920635
9206343
92063249
9206318360
920630s
92063065406
92063057322
92063055770
92063054692
92063054595
92063053912
92063053343
92063052169JUNIO
92063052169
9206304801
92063030692
920630146517
920630075501
920629nck
9206299138
92062972728
92062955696
920629146624
9206291402
920629105080
920629045364
920629+
9206288
9206285746
92062833m
92062822971
92062803080
920627s
920627920627
92062775485
92062759331
92062756383
92062752264
92062750016
920627035322
92062702
92062700
920627-yy
920626omar
92062660491
920626560
92062655668
92062655005
92062654378
92062652030
92062650992
9206262007
920626066012
920625mtmm
920625mtm
92062558646
92062557763
92062551021
920625412301
92062526272
9206252
920625125789
92062500494
92062460158
92062427908
9206242
92062410266jd
92062410266
9206241
920624087686701
920624075361
92062404649
920624045066
92062404320
9206240013
92062376645
92062376
92062358507
92062355788
92062353157
92062314
920623115368
920623105338
920623105143
92062259711
92062255074
9206225148
92062250633
92062228740
9206221303
92062211
92062201969
920622016720
92062201560
9206220153
920621c
9206218262
9206218
92062166250
9206215861
92062154898
92062153719
92062152089
920621513
92062150744
9206214308
920621135672
920621105596
920621036295
920621-13-6069
92062075351
92062071534
92062060036
9206201
9206200158471
92062
92061967879
9206195834
9206195423
920619105896
92061908misa
920619075041
92061903
92061902
920618marcela
92061870891
92061870166
9206186041
92061855043
9206181g
920618145626
920618125916
920618105261
92061808
920617558986802604
92061735
92061725700
92061721
92061714
920616nena
920616CMK!
92061677
9206166164
9206166
92061629744
92061622758
9206162
92061619463
92061619
92061615859
92061612035
92061607430
92061604954
92061604296
9206160108
92061577329
92061570810
9206152
9206151979
920615145241
92061513
920615105194
9206150899871
92061501276
92061500075
920614911110
92061454790
92061451228
92061450884
92061429314583009755848
92061414
920614135260
920613s
92061359720
92061320530
92061315073613
920613136050
920613016489
920612as
92061278976
92061268768
92061268164
9206126636
92061260716
92061255011
92061254872
92061253612
9206125318
92061250036jftv
92061249
92061223
920612146679016
920612145158
920612105631
920612075866
9206119916
9206118484
92061156951
92061148
92061134
9206113
920611110000
9206111
920611025154
9206110
92061052196
92061051572
920610145840
92061014
920610136266
920610045196
920610015261
920610-50436
920609muda
920609g900228b
9206097587
92060969878
92060954617
92060953785
9206095253
92060951235
920609127119
920609105665
920609105534
920609016355
92060899
92060871649
9206082829
92060809714
92060809331
92060808416
92060801853
920607a
92060773841
92060750868
92060725
92060721019
920607115587
9206071
920606aaut
92060660150
92060657612
92060650651
9206064951
9206061
92060576540
92060571513
92060557421
92060555062
92060553817
9206054189
920605125378
92060502
920604vanne
920604a
92060461050
92060459071eve
92060454649
92060451
92060450147
920604065027
92060359611
92060358356
92060350371
920603085499
920603075776
920603025218
9206030162
92060301265
920602x2
9206029926
9206028
92060271412
92060268284
92060264
92060259765
92060259587
9206025566amanda
92060255506
9206022414
920602125989
920602075619
920602075141
92060200
920601rbf
920601mn
92060192
9206017715
92060158110
920601106196
920601085428
920601045039
9206006257
92060
9206.DIOS
9206
9205sophie1
9205mcMAGIChh
9205may
9205mai
9205lobb
9205lazy
9205jaca
9205isaac
9205dud
9205chris
92059x
92059me
9205979781
9205977
920595
9205943
920591
9205899
9205898152
920588s
92058853
920588
920587s
92058762tatix
92058709
92058625
9205822805
9205817
9205814a
9205811
92058078
92058070
92057936
92057923
920579
92057732
92057693
9205757
9205754751
9205750killercow
92057377
920573
92057210s
920571asc
9205713089
9205696
92056956
9205634839
92056103
9205610
9205605022
9205600
92056
92055982
9205588
9205575
92055688
9205564
9205563381
920555
92055372
9205535756
9205522
9205512
9205510
9205508
92054GR
92054853
92054814
9205478
9205475
920545-7
9205442
9205387
9205356528
9205352962
92053447
920534
92053338
920533
9205325042
9205322
92053204
920531sgmr
92053164
92053160060
92053157680
92053156284
92053150855
9205312
920531020188
92053075829
92053051784
92053050605
92053025775
92053015834
920530075053
92053005332
9205300401
920530016205
9205298
92052959545
92052956023
92052952974
92052952010
92052950148
9205295014
9205291463
920529145704
92052909
920529075646
920529-14-5309
920528lead
9205289033
92052876895
920528665011
920528146553
920528015115
920527@mcr
92052744
92052715719
92052710043
92052709530
920527075175walter
92052705675
92052702358
9205270167023425
92052701
920526meli920526
92052657140robert
9205265520
9205264728
9205261883
920526106339
92052609
920526075712
92052603
920526016501
920525915
92052565458
92052552941
920525145192
920525028
920524kd
92052471240
92052459950
92052459755
92052456403
9205245571
92052455105
92052453196
92052452203
920524145764
920524126053
920524115215
920524055128
920524015775
92052401
920523a
92052393
92052358479
9205235762
920523419
92052323462
92052319
92052303860
920523035993
920523035651
92052301841
9205227766512345
92052276863pipe
92052272272
92052259713
92052251232*
92052250520
92052230
920522035430
920521johanna
9205216h
920521430
92052115
920521146489
920521135309
92052110230
92052108960
92052102571
92052102520
920520bogota
92052041
92052019682
9205201415
920520135956
92052012327METAL
9205200860
92052005
920520035314
920519a
9205196330
9205196
92051927245
92051905735
92051901829
920519018
92051860324
92051856629
92051855665
92051850302
9205185
920518369
92051825219
920518115120
920518035702
920517mlireP
920517andres
92051780
92051775050
92051752246
92051660520der
920516136569
920516135152
920516105885
92051607297
92051605332m
92051604590
920516035645
920516015652
920516+
92051560177
92051553553
920515016899
92051500980
920514k
9205148241
92051478209
92051470976
92051470119
92051463791
920514582325144
92051457910
920514136493
920513zul
920513lInItA
9205135409
92051325119
92051323388
92051319470dani
920513126306
92051310650
9205131
920513085006
92051308087pitiN
92051307536
920513045549
920513045047
920512920716
92051215852
9205121
920512086234
920512075164
92051205350
920512015380
92051200740
92051177845
92051175494
9205116240
92051161078
92051160624
92051159030
92051157623
92051156236
92051155639
92051155531
92051154276
920511521
92051150971
9205115056
92051150300
920511336
92051121
920511145765
920511126361
92051111
920511106
920511105907
920511055188
92051104
92051056282
92051056037
92051055030
92051-
92050978
92050966340
9205095714
92050954406
92050938
92050902490
920509016171
92050900993
9205088rhx
9205088123
92050860770
92050850759
92050850350
92050821805
9205081e
920508146716
920508146249
920508123
920508075444
920508035864
920507cute
9205078453
9205071
92050673350andres
92050662790
92050656235
92050626
9205062
920506026267
920506016598
920505German
92050575596
92050567259
92050550712
92050521
920505145275
920505145048
92050510443
92050510
92050474390
92050454799
92050452613
9205043270
92050408
920503david
920503avril3592
92050396
92050360417
9205034
92050323201
920503105069
920503085467
92050306
920503045019
920503015370
92050301364
9205030
920502mun
9205029
92050272912
92050254820
92050240
920502126538
920502106019
920502055020
920502015096
920502-52150
920502-5026
920501jafjedd
92050158812
92050157050
92050126
92050115
920501135969
92050110747
92050106
92050099
9205006b
920500374
920500
92050
9205-mex
9205
9204vodr
9204vero
9204rb
9204nut
9204md
9204mab
9204keri
9204kaya
9204him
9204herway
9204ever
9204dixie
9204crimescene
9204bitchies
9204Bw
9204970
920496
920495a
9204949
9204945
920494
9204927
9204894
92048810
9204860
920486
92048586
92048573
9204856
920482706
9204820
920482
92048070
9204796523
9204786
92047748
92047710
9204766j
9204748
9204744
9204737
9204729416
92047221
920472
920471607
920470645373
9204706366
9204702w
92046princy
9204669
9204667
9204658
92046505
920465
9204639
9204631
9204625
920461414
9204608
9204598845
9204598097155913
9204585
9204574
9204573936
9204564
92045333
92045298
9204517102
92045116
9204500479
920450
92044tsho
9204481
9204466
920445h
92044551
920444
9204438
9204437
9204425175
9204419217
92044100
920440
92044
92043k
920439ingles
920439J
92043967x100pre
9204385A
920438
920437167tisch
9204370
920437
920434a
920430georgette
92043061900
9204305jack.
92043011059
920430086601
92042a
92042976700
92042976034
92042970958aj139102
92042963587tauro
92042958370
92042958036
92042952305oscar
92042951546
9204295087
9204292
920429146160
920429025609
920429016497
9204287
92042856152
92042855873
92042834
920428146740eun
920428145246
9204280428
920427lina@+8
92042760953220314
9204276013
92042758975jkpl
92042756956
92042756131
9204270745
920427035168
920426javier
9204265691
9204264
92042624375
92042615
92042607411
920425ned
920425jose
920425760897
92042567
920425592401992
92042555152
92042550053
9204254179
9204253303
92042526004
9204251883
9204251358
920425135173
92042510060
920425095028
92042502628
920425025337
920424fede
92042480
92042475660
9204247
92042465110
92042462677
92042450520
920424125387
920424016789
920423q
920423a
9204239507
9204237
9204235079
92042316620a
920423135794
92042303307
92042300960
92042262732
92042258794
9204221987
92042215
92042205488
92042201024
92042128424
92042106
92042100
920420takumi92EX
920420a
92042064574
92042064272
92042064256
92042063
92042057543
92042055036
9204205490
92042006
92042004129
920419z
920419ida
920419gus
9204198356
92041976731
9204197433
92041957460
9204195090
920418molano
92041857678
92041857619
9204185512
9204185102nashik
92041850
9204183_e
9204182519
920418145138
920418045022
92041792
92041750180
92041674247
9204165647
9204165597
92041655730
92041653347
92041651352
92041614a
920415jc
92041556287
92041510295
92041507014
920415065597
920415035443
92041503019
92041500451
920414a
92041496
9204148d
9204148964
92041470
92041460859
92041455650
920414145712
920414125957
920414125148
9204140851
9204136
92041359724
9204135526
92041355001
92041309
920412carito
92041292
92041267048
9204126
9204125936
92041257409
92041252440
92041212
9204120911
92041206898
920412045275
92041203597
920411a
9204115838
9204113
9204112008
92041117356
920411105010
920410nfz
920410fk
9204108570
92041060427
9204105962
92041054524
92041054214
92041053846
92041040holitas
920410036683
92041003
920410025748
92041
9204097514
92040958721
92040929
9204091416juanteamo
92040909005
920409075414
9204090161
920408CHOC
92040871776
92040871260
92040860195
92040855680
92040851676
9204085*
920408115437
9204080855578
920408045029
920408035656
92040803539101
920408-14-511888
9204078045
920407765
9204075
92040726421
920407057342042408
92040700210
92040700155
9204070
9204067
9204065389
92040624904
92040618
920406145691
92040607775
920406025139
920406025
92040601548
9204060129
9204060117laurar
9204060117lalita
9204060072
9204060
920406-14-5122
920405mYBI
92040575466
92040574737
92040556712
92040554787
92040553969sebas
92040550978liz
92040550978LIZ
920405135061
920405055010
920405035212
920404jo
9204049
92040463642008
9204046104
9204045166
9204044787
9204044522
92040423
92040409531
92040405218
92040404599
92040402
920403MitziyNoe
9204037
920403375
92040333
92040326717
9204032
92040311884
92040307160
920403016384
920403.11647
920402i
920402aj
9204029870
92040264070
92040252780
92040226
920402105254
9204021
920402085396
920402075307
920401n
920401jie
92040175611
92040155
920401146521
9204006130
92040022
92040
9203skin22
9203rd69
9203nora
9203gd
9203ecytt
9203991602
92039795laura
9203960102
9203956250
92039516
920395011
9203947
9203945814
9203922
92039203kkdvaca2
920391
9203901901
92038Aa1
9203889
92038816
9203851377
9203824
9203810
9203801612
92037ana
9203793800
920379
92037816
920377
9203762
9203761757
92037601
9203758
9203757999
92037525
9203748
920374
92037397
9203737
9203724
9203723694
9203723
9203715jw
9203700
9203690
9203689
9203688
92036875
92036725
9203671454
920367
9203664349
920361
92036038
92036013
92035796sky
92035739
9203549
92035423
92035359
9203534
920353
9203529K
9203516400
920350901940
92035072
9203505
9203495
9203493c
9203486141
9203480
92034658
9