9424577
94245681
94245534
942455
9424539
9424514
94244iwsub
9424491
9424468
9424466
9424459
942445
94244488
942443417
9424427
94244203
9424419
9424415585
9424414e
94243969
94243796
9424344430
9424331
9424311
9424309B
9424290
942426310
9424258
9424255
942425
9424240
9424229j
942422222
942422
9424217
9424212**9011178
9424160427
942416
9424153
94241521
9424151n
9424144
9424140
94241343
94241308h
942413
942412315103891230
94241144
9424110
9424097
9424094
942409113
94240905
94240902d
9424073
942407
9424044
9424042
94240306
942403
94240222
942401412ken
94240138
942401
942400p
94240000
942400
9424
9423tuck
9423him
9423bb
942399
94239857
94239720
9423952
9423916161
94239
94238cwnak
9423878
942386
9423857
9423855
9423825
94238223
94238146
9423782
942378
9423779260
942377600
94237747
9423763
942376
9423757460
9423744
9423728
9423725
94237070
942370
9423666
942366
94236545
94236504
942365
94236491
94236443
9423630
942362
9423611
9423600
942359zaza
942359
9423581
94235769
94235698
94235676
94235337
94235186
9423509
942350
9423469
94234547
9423445
9423435rm
94234328
9423428a
9423425
94234247
94234139423413
94234128
9423412
94234070
94234045
9423388w
9423386603179
94233713
94233623
942336
9423359
94233515
9423343
9423341
94233397
94233394
942333
94233289
942331867844987
942330w700ie61
9423307
94232906
9423282
94232677
94232566
94232288
9423225
94232222
942322
942321
9423186
9423181mgg
94231593
94231520
94231518
942315
94231419
94231400
942313
9423128
942311
94231016
942310
94230dragonball
94230983
942308
94230721
94230717
942307
942306
9423051
94230509
942305
94230230
942302
9423018182dragon
94230117
942301
9423009
94230043a
9423003kiara
9423002090
9423
9422ss
9422hi5
9422comm
9422cnv
9422april
94229993
9422994
9422984g
942298
94229793
94229524
94229487
94229480silly
94229456
9422945263
94229452
942294229422
9422941
94229384
942293
942292
9422900
942290
9422892
9422881
94228795913
9422872774
9422845
942282
9422800
94228
94227933
94227879
9422780
942277220
942274
9422727
94227229j
9422713
942270
94226suhak
942269709
9422694810X
9422694240U
9422681
9422670n
94226625
942266
9422646
94226423k
9422639
942263
94226228
9422617wei
9422611
9422610
9422600
94226
9422593
9422578537
9422577
9422572255
9422554r
9422554
9422544
94225411
9422538l
9422523828
9422521463
942251
9422502548
942249
9422489
9422487
9422475
9422466
9422458042
9422457191
9422450j
94224413
9422440
94223945
9422393
9422376
9422373
942236
94223577
94223325
9422326
942232548
942231227
9422308
94222nrmmb
94222433
9422242
9422235
9422231042
9422225
94221998j
9422199
94221921
9422180
9422179425
942217
942216904
9422163
9422151
9422146
94221398
942212cra77abc
9422123
9422119f
9422116
942210
94220930
94220840
9422080
94220755
9422065925
9422064
9422044
9422028
94220264609911
9422024
9422020
942202
942201
94220
9422
9421yeth
9421ph
9421me
9421mary
9421dresden
9421ceci
9421992j
94219909432587
9421990
9421986
94219732
94219714
94219589
9421956
94219518
9421945
9421940
942194
9421930
9421926
94219194
9421907h
9421893
9421892
9421890
9421887
9421872149+
9421866
942185
9421812
9421790
942178
9421770933
9421769
94217459
9421713
942171105
942171
94217064
9421687
94216867
942168
94216552
9421650646A
942165
94216399
942163
9421619011
94216093
94215618
94215412
94215351
9421531230
942153
9421525
9421520
9421507
94215035
94214p
942149
94214898
9421478
9421477
9421467
94214660
9421465
9421455731
9421443
9421441299
942144100
9421426a
94214207
9421417
942141
9421404a
94214032
94213j
94213985
9421394Z
9421394
9421388
94213858
942138
94213782
9421370
94213207
942132
9421317
94213118
94213101
942130k
9421306
94213043
94213033
94213027
9421301
9421300075
94212934ger
9421292
942129
9421282s
94212813
942128
94212787
9421274jm
94212720s
94212516789
942124sshull
94212425152
9421240123
9421236
9421231
94212291
94212283
942122
942120
9421180
9421177h
9421175
9421170
9421163
94211601
9421144751
942114042
942114
94211379421137
9421112
9421102
94211
9421098
942109
942107
9421069
9421051cns
94210514
94210506
942104_marzo
942104
9421029332641210
9421020
9421011
94210102
942101
94210
9420ventil
9420sf
9420let
9420fwd
9420eqf
9420bill
9420BgR00
9420ASlk
9420993
94209845
9420977
9420964
942095
942090ang
942090and
9420908
94209001
9420884
942087
9420864883
942086
9420853
942085
9420846
94208393
9420829
9420819
9420815
9420808
9420793
94207908
942079
942078659126
94207809
9420762
9420747
9420713
94207008
94206951
9420690
942069
9420684j
9420676566h
9420666
9420655
9420654a
9420646
94206207
9420613
942061
9420606
94205ASD123
9420579
9420568i
94205530
9420542
9420521
94205201
9420515
942051075lavi
94205
94204lee
9420494
9420481t
942048
94204789
94204769420476
9420469641
9420453
9420444
9420438
9420437
9420417
942041
942040174
94204
9420398899028811
9420390
9420382
94203817
942031
9420299
9420297
94202753
9420274
9420272
942027
9420269
94202649
9420262
94202611
9420251854
94202448
9420239
9420230
942022
9420219
9420213b
94202121
9420202
942020
94201988
942019
9420175
94201625
942012fool
9420119ryu
9420116k
9420116542
94201122
9420111
94201107
94201
94200k
94200996
9420088
9420085
9420069
94200642
94200603
94200511
9420051
942005
942004j
942004JALYNN
942004J
9420045
9420033A
94200229
9420019
94200188
942001711
94200
9420
942-3329532-0440
942-3329
942-1936
942(L)512
941vez
941tuc
941thezone
941srq
941qmco
941pao
941nunez
941myspace
941mfeja
941l31o4***
941joans
941homie
941hhjb
941gxt
941gee
941edmtz
941dgaf
941daytona
941dabeat
941d818a9f
941cuellos8
941chris
941cheo
941boy
941bougny
941baby
941a3fd53e
941a177
941SHAKIRA695nani
941MRSY
941KINGOFKINGZ
941J6938
941HOE
941GF786rws
941BTC941
9419rey
9419ig
9419gypsy64912
9419daffy
9419Katerine
9419998
941998pm
941996matc
94199677
941996143
94199566
9419941993
941992mi
9419922
94199215
941991j
9419919
941989atika
941989a
941988gs
941988224
9419875
9419871
941987.
9419867
94198634
941985h
94198588
9419858
94198566
9419855152004imhere
9419851580
9419851
941984m
9419844261
9419840056
9419837
9419824
9419821f
9419821
9419820
941981z
941980kmcc
941980
941979kh
9419796
9419794
9419792
9419781474
9419772931992
9419738
9419730
94197247
94197200
941971
9419707
9419703
941970
941969a
941968ss
9419686h
9419686
941967kimis
941967
9419669
941966
9419654
9419644
941964
941963
941962
94196087
9419601
9419600
941960
94195947
941958712
9419583
94195632
94195559
9419543h
9419534636
941953
9419510
9419509
9419493314
941949
941948
9419476a
94194665
9419455
9419439
9419435
9419434
9419425
9419423
9419422
941942
941941941
94194188
9419412
94194005
941938
94193664
941936
9419331549
9419311
9419302
941929498
9419288917a
94192790
94192756
9419272
9419245862
941924
9419238437
9419232523
941923
9419218543
94192120
9419203666
9419199875
9419199549
9419190
9419189
9419178
9419169
94191679
9419166544
9419154998
9419130
941913
9419127
94191248
94191224
94191105
9419110
941911
9419092
9419090
941909
941908S
94190814014
941907
9419068
941906641
9419060
9419059
9419053
9419044
9419030141
9419018
94190138
941901303
941901
9419008552
9419002122
941900
9418steven
9418m
9418la
9418956
94189418
9418938
9418926
9418921
941890622008
9418892
9418882
9418874
941887
9418849
9418836
94188335
9418828
9418806
941880
9418795323j
94187951
9418771
941876
9418756632
9418753
94187488
941873
9418712
9418701
941870
94186kiaha
9418691
94186608
9418655
9418650
9418649
94186470
9418633658
9418632
9418610
9418596
9418594018D
9418580bebe
9418578AP
9418574
9418541879
9418538
9418501
94185
941845y
9418448480
941844
9418439
9418431sa
9418427
941842
941841707
9418417
9418415469
941839
94183866
94183853
9418384143
9418383
9418352
9418344
94183354
94183201m
9418312994
94182912
941829
941827
9418248
9418246
9418239
941823605
941822t
9418229
94182213
9418220
941822
9418213
941821
9418208
941820
9418159
941815717112
9418142579
9418131232
9418130
94181212
94181205l
9418116
94181036
941810
941809
9418087
941808
9418064
9418058121
9418057143
94180504
9418045
94180300
941803
9418028
9418026
9418023304
9418015878
9418003
9418002
9417mz
9417mommy
9417lee
9417994
9417980119
94179688
9417949619
9417949
9417946
9417923
941791
94179
94178jb
9417895
941789
941787460
9417870
941787
9417865556
9417849
94178445
9417841j
941783
941782125
941782
941781
9417789
94177844
941778
9417778
9417756052
9417752
9417746838
9417746
94177200
9417719
9417703433
9417681a
9417663720
9417632tuj
9417625
9417624
94176202
9417618
9417614
94176097
9417609
941760
941759
941758
94175571994
941753
9417523206
941752
9417506
941750
9417495
94174902
9417487
9417464
941746
94174424
9417440
94174380
9417437H
94174302
941743
9417424
94174205
94174155m
9417391
941736
941735731994
94173410
9417340
9417337
9417330
9417325n
9417321343
941732095
94173156
94173053
9417304556
94173
9417299
9417292A
9417283147
9417280
94172789
941727
9417263
941725
9417226640
9417220
9417204493
9417200127
9417199
941718
9417177878
9417173110
9417162
9417161
941716
94171565
9417139
9417137123
9417135
9417133228
9417122122shivani
941712
94171013
94171002
94170o
9417097d
9417094170
9417093985
9417078
941707770
9417054
94170440
9417041
9417036106
94170250
941702
94170113
941701
9417004312
9417003l
9417003
941700
94170
9416lilone
9416ee
941697807
9416974122
94169637
9416955
9416911
9416910672
941691
94169090
9416906311
94169
9416880
941688
941687
94168641931143
94168471
94168399
9416827667
9416820126,
9416810
941680l
9416807
9416803
9416794
9416783220
9416781
9416771
9416767le
9416761494
9416761
9416741
9416738
9416723
9416717
9416701
9416699
94166983
94166817
9416678
9416672
94166713
941664B
94166471r
9416624
9416619
9416603i
941656
9416555
941654
9416528
9416524
9416512
94165074
9416499
941649
9416476
9416473909
94164669
941645
9416446
9416437
94164
94163J
941636
9416341a!
9416331
94163300
941629
941628
9416275
941627
941623414141ag
941623
94162246
9416221122
9416219
94162160
94162011
9416201
941620
941619ma
94161968
9416188022
9416180
9416170a
9416170
9416156449
941615
9416144d
9416141831
9416139
94161313
94161310
941612desiree
9416129
9416121
941612
941611
94161001
94160saintmande
9416099
941609537118739
94160953
9416088
94160821
941608
9416065
9416063078
941606
9416031217
94160277
94160134
9416012185
9415vega.
9415tmd09
9415nizeA
9415kools
9415hd
9415993
9415977
94159695
9415969
9415968
9415955
9415951
941595
9415935119
9415924
9415922680
94159202
9415914005101
94159002
9415896
9415894
9415888
94158763
9415852504
941585170
94158483
9415841
941584
9415836
9415824367
9415824024
941582
941581
94158
941578
941577
9415750740
9415750
9415743
9415728
94157142
9415713__ymilena
941571
9415703
9415702020
94156aa1
9415695
941568
9415666692
9415665854
94156641
94156622
9415658351
9415641
94156281
9415626
9415623
941562
9415615
9415614787
9415609
9415604
9415593
94155810
9415571
94155678
9415566
9415565
9415547
9415535
94155203
9415515
9415511426
9415506012609
941550120269790
941550
9415493
9415492
9415491
9415489922
94154877
941547
9415467286
9415466
9415456
9415452
9415445
9415415
9415393
9415376
94153599
9415357
9415355
94153501
94153229
94153208
94153090
9415305
94152830
9415278
9415267
941526
9415258c
9415253271
94152515
941524LALI
94152459
941524
94152258
9415223142
9415215315
94152082/57140335
9415207
9415206214
9415203024
9415202
9415201
94152
94151981
9415197326
94151918
94151805
9415175
9415173
941517
9415161800
94151602
941515
9415146
9415141828
941513
9415123752
94151200
9415120
9415113679
941511
941510m
94151031
941510
9415098
9415092
9415081869
9415080
941508
9415074238
9415074
941506
9415049277jas
9415048
9415044
9415043
94150418
94150316
9415029madys
9415019
94150107
9415009
94150059
941500
9415
9414sex
9414lrb
9414loveshak
9414cruzluv
9414bl
94149veromicoco
94149s
94149o4
941499
9414973
9414970
9414965
941496
9414949
94149343
9414926833
9414870
9414866
9414852
94148265
9414748
9414747
9414742010455
94147352
94147222//**
9414719
9414716
9414715790
9414712
94146alemau
9414669michelle
9414659
9414658
941462
9414613
94146
9414591
94145816
94145803
9414578
9414574
9414565
9414564
9414560
94145580
94145532
941455
9414549
9414539
9414536357
9414533sk8er
9414533sk8
941453392
9414527
9414521
9414505710
9414500520
941450
94144n005
94144bb4
9414494282
941448
9414465
9414447
9414442
94144323
9414420
9414417
9414392184
9414389384
9414376
941437
9414358
9414352582
941435230
9414347974
9414345
94143434
941433225
94143300
941431012
9414304556
94142929
94142913
9414285
9414278994
9414270
941427
9414268436
9414267
9414265
9414258
9414250d
941425
9414240
941424
9414237
9414235989
94142276391269
94142222
9414222
9414214423
9414213529
9414209316
94142064
94141Aa1
941419
9414187
9414186243
9414165063
9414164837
9414151919
94141400
941411oms
941411
9414109567sf4600c
9414104321
9414100
941410
9414093
9414089
9414076530
9414062446
9414060210
941404
9414036
9414033kia
9414025
94140235
941402
9414013
941401
94140053h
9414004056
9414003
94140000
9414/abcd
9413tpl
9413sandra
9413omta
9413kk
9413_jacky@hotmail.com
9413991
941399
9413989
9413958
9413941d
941394133
94139400
941393
941390
94138618
9413856
9413855
9413821
9413816g
94137740
9413748066
9413735
94137295
9413727
9413725181
9413719090
9413714062
941371
94137
9413692004
9413691226
94136636
9413651
941364
9413638899
9413634aa
94136246
9413621
94136204
9413614
9413610
9413608
941359718
941359
9413585
94135748
9413574249
9413545
9413543
9413536
9413533
94135324
94135267
9413526
941352
9413515706
9413500
94135
94134i
9413492
941349
9413488
9413483472
9413479970
9413478
9413475
9413474724
9413461z
9413453278
9413450adan
9413449460
94134474love
9413446
9413433
9413429
941342073
9413417352
9413416
9413410294134102
9413405
9413402
9413400552
941338
9413360
94133366
9413336
94133285
9413328117
9413325
9413322
9413300274
94133
94132r
9413288
9413256109
9413254
9413234
9413233
9413217s
941321
9413199
94131816
9413179
9413155050
94131511
941315
9413140
9413139_aasmfeli
94131394
94131300
941312BS
94131202k
94131202
941311475
94131013469
9413093675
94130853
9413070
941307
941306vale
941306
9413053
9413043
94130429
941304
9413037
9413031327
9413030909
94130256
9413019030
9413016
941301
9413007
9413006
94130000
9412my@
9412lai
9412jair
9412freya
9412britt
9412ar
9412apo
9412_n
9412DU
9412C8
9412998
9412995622
9412994
9412992
941299
9412986
9412982684
9412982123456789
94129630
9412958732
9412953
9412949936
9412948
941293
9412927911s
9412923
9412912
9412911655
9412911
9412899
9412894c
9412888i
94128689
9412866t
9412862
94128543
9412852
9412851
9412846653
9412830
941282
9412818
9412809
9412791
9412769336
9412760
9412753
94127414
941273
941272
9412710
94127
94126v
9412694126
941268
9412679
9412670
941265396
941265
94126460
9412646
941264
9412637
9412570
9412569
94125614
94125595
9412556551
941255
9412521
9412510
941250
9412491
9412480
941245xx
9412456
941245
9412449
94124123
94124000
94124
94123a
94123755
94123727
941236821
9412357
94123568
9412355
9412353
941235155minombre
9412348
9412345832
9412341
9412333
94123318
9412326
941231ytrafael
941231yt
9412313020
94123130
94123121087dy
94123109710
94123106819popul
94123106010
94123104654
941231-07-5240
94123023298
94123010307
941230025081
94123
94122sf
94122lolo
9412295930
94122932
9412293
94122921268
94122904355
94122821999
94122808321
94122806230
94122805470
94122805349
94122804148
941228015976
9412273
94122715285
941227145330
94122714459
9412271028394122710283
94122708
94122622074
9412261918
94122612460
94122604505
94122547
94122519095
94122501412
94122470
9412242
941224135313
941224085790
9412240775
94122405090
9412239502
9412235
9412233675
94122318200888
9412231789
94122310a
9412231
94122307110
94122304676
941222jvg
941222dw
94122255
94122222270
941222125074
9412217
94122128690
9412211
941221085138
941221055350
941221-
94122093
9412206
94121pr
94121a
9412197
9412194gg
94121922007
94121921353.juli
941219136717
941219075539
94121906290
94121904696
941218jj
9412188
9412187
94121831
94121815910
94121814026
941218075174
94121805930
94121802044
941217a
9412179294
941217446
9412173860
94121723241
94121721664
94121714420
941217125280
94121712002312
94121711cam
94121711480
94121711111
94121707742
94121704506+
9412170
941217-10-5896
941216LUNA.
9412167
94121629334
94121615007
941216086515
94121607012
94121606660
941216065116
94121601618
9412158702
94121526268
94121523560
94121512345
9412150_k
94121508219ingrith
941214emily
9412147911
94121455
9412142
94121410936
9412141
941214085324
94121408060
94121406157
94121406017
94121405053
9412135610
941213526
94121323979
9412131
94121306977
94121301657
941213016415
941212lai*
941212lai
941212595005
94121222471
94121209521
94121202810
941211b
94121176
94121115276
941211051141994
94121045s
9412102jm
94121021
9412102
94121012434
94121003052
9412099
94120927
94120910900
941209105044
941209085004
94120904030
9412083872
94120838
94120822394
94120814359
9412081254
94120807573
94120806569
941208055583
9412080
941207pottomke941207
9412077
941207666
94120729050
94120717515
94120715903
94120714230ti
94120701
94120692
94120625513
94120616794
941206106228
94120609313
941206075396/lim
94120604
9412060
94120580002
941205105450
941205075079
941205026031
94120501776
941204sih=
9412043
941204135930
94120413583lu*
941204075
9412040555
94120402670
94120401
941203clyy
941203366
94120327431
94120327
94120307
94120304300wf
94120304300WF
94120302226
941202ja
9412028
941202115557
941202055240
94120203910
94120200938
941201a
9412017
94120165
94120127475a.
94120114110
9412000
9412
9411q7319bahias
9411pm
9411lm
9411lind
9411lewis
9411airdrie
9411_396
9411TMN
9411994
941198625987
94119511
9411941111
9411939HAWK
941193
9411926
9411923510
941192
94119143432264
9411914
9411910
9411908k
9411906
9411902
941190
94119
9411882
9411881665
941188
9411873
9411855
9411852
941185
941184411
941184
9411833167
941183
94118187
941180
941176
941175223
941175108
941175
9411739
9411735
9411730
9411724
941172
9411717
9411703
941170
94116inuyaha
9411694
941166
941165734
9411638
94116312
94116285
9411616
9411609
9411607
94115874b
94115874
9411579
9411574
941157
941156c
94115646
9411564
9411555
9411554930
94115352
941152531
9411516
941151
94115
941149
941148863
941147
9411461572
941145i
941145
9411432
9411411
9411407
9411403122
9411403
94113beli
9411398
94113870
9411385
9411378650
941137
9411366
9411363639
9411360
9411355
941135
941134iydgio
9411346
94113444
941134
941132007r
941132
94113030121
94113021831
94113010090
94113009726
94113009
941130065537
941130036162
9411300352
94113002560
941130016
941129dinman
94112974
9411293romero
94112926i
9411291061
94112902516
94112900416
941128q68
941128midget941128
9411289b
941128665023
9411286
94112815370
94112812436isa
941128106192
941128105755
94112801434
941127manu
94112755
94112713632
94112713179
941127126386
94112708604
941127035353
9411267
94112610
941126099975
94112603250
94112602601
941125cyj
9411258805
941125146412
94112512
94112507
9411250619012
94112503786
94112501279
94112441
941124125310
94112410311
941124055455
941123ljx
94112359841
9411235220
941123105748
94112307243
94112303418
94112302314vivi
941122m
941122176
94112215276
941122146476
941122146273
94112202840
941122025455
94112200530
941121k
9411218a
94112139
941121145666
941121125702
94112107317
94112106779
94112102439
94112101959
941120Aa
9411209375
94112028
94112011883
941120075141
94112007037
94112002175
94112001616
94111m
94111908014
94111900
941118ziMA
94111830554
941118126640
941118105620
94111806670
94111806360
94111806017
9411175354
9411171254
941117075634
941117055087
941116lety
9411163161
94111624180
94111605
94111603094
94111601377
9411155
9411152a
94111521594
94111515624oyo
941115135867
941114gsjoc
94111408925
94111315170
941113146554
941113135580
94111307134
94111303295yu
9411130
9411123
9411122
94111215501
941112135060
94111206230
94111203649
94111203150
94111126
9411111
94111105507
94111102834
941110907251
9411106362
94111028839**
9411101
941110083822686815
94111004000
941109nunee
941109ib
94110943
94110909432
941109036475
94110901610
941109015180
941108pm
941108641524100
94110818437
941108155085
941108105504
941108085208
94110808016
94110735
94110724181
9411071s
94110715115
941107146996
94110714
94110707350
94110704733
9411066
941106125712
941106115602
941106016081
94110601276
94110582
9411055642
94110531065
941105135898
941105105007
94110503576jos
94110502715
94110502090
94110450
94110441
94110429513
941104200831
94110404616
94110400955
941104004
941103jsnndg
94110332600
941103131-30
94110310506
94110306738
94110304
941102b1
941102626
94110250
9411025
941102125598
941102125029
94110212
94110209678tafur
94110204099eli
94110201898
941101jm
94110152
9411015
94110122858
94110114
941101105958
941101015928
941101-07-6237a
9411005
94110001
9411
9410zxcvb
9410vhp
9410vg
9410sc
9410rn
9410q14
9410newberry
9410m80
9410kk
9410bs
9410box
9410alw
9410alba
9410Iloveum
9410989
94109827?
9410962
9410947
9410938
94109319
94109272
941092
94109
9410898632
9410893
9410891
94108899
941087120
94108668
9410866
9410838183
9410838
941083
941082319y
941082319
941082
9410807
941076
94107561426
9410735
9410725
94107240
9410719
9410717
9410708
94107
9410692345406
94106892
9410679
9410670315
94106531
9410649
9410640
9410623
941058789
9410583
941057de
94105793
9410577
9410570
941053
9410515
941050
9410451
9410446
9410444212
9410435
9410414
941041
9410405007
941040
9410399
9410391
9410377
9410369095
94103664
9410365
941036
94103465
9410323
9410319
94103109595
941031085276
94103105107
94103102833
9410309
94103076543
94103014683
94103003118
941030026119
94103001930
941030015487
941030015233
941029zy
941029a
94102925054
94102919828?
94102918058
94102912467
94102904022nino
94102901899
941028258237
9410282
941028105301
94102802114
941027lasso
941027de
941027_owz
9410276104
9410274
94102714274
94102711453
941027105094
941027075892
94102707179
94102705224
94102705
94102703
941026yes
94102662
94102616833
94102614199
941026106300
94102604096
94102603952
9410260201
94102601674
941025816
941025105365
941025085704
9410250831
94102507376
94102506353
941025025517
94102501831
941025-12-5788
941024z
941024juanda
941024ghc
9410247B
94102429910
94102412413
941024036046
94102403090
94102401691
9410237497
9410237
941023125581
94102306923
94102301875
941022neremesis
9410227
941022330
94102218471
94102216
941022025888
94102201307
9410219
94102155
94102113530
94102111
94102108234
941021065538
94102104310
94102103925
94102103496
941020l.
941020148921516
94102011060
94102011
941020085078
94102008159
941020075320
94102005923
94102005079
9410200250
94102
94101982
94101912516799
941019015507
94101822944
941018190
94101807
94101804326
941018021702058060
94101730160
94101728476
94101718837
941017085923
94101702337
941016j
941016husni_4eva
9410161908
941016035203
941016025195
94101602359
941015husna
9410156
941015456320
94101516290
941015146534
941015136205
94101509979m
94101504160
941014sexi
9410149
9410147514
94101430
94101422911
94101421095
94101417896
941014146188
941014125707
94101410190
941014086357za
941014085282
94101407637
94101403518
941013pynkymaste
941013pipe
94101331
94101316321
941013115187
94101311273
94101310056
94101305206janja
94101304730
94101301707
941013016306
941012940701
94101226870camila
94101221053
94101213646101
94101211
941012105630
941012085262
9410120627
941012055207
941012025489
94101202032
94101201680
94101200293
941011lau
9410116732
9410115352
9410111669100000
941011135731
941011045234
941011035087
94101103255
941010qian
9410105
9410102
94101011954
94101011911
94101011
94101010
94101006934
941010065030
94100anneso01
9410098
9410095
941009220
94100916
94100913334
9410090
9410085460
9410085009
94100838
94100816940
941008146130
941008123
94100804136
941008016424
94100800
94100794
9410074059
94100724
941007155019
941007145400
941007125338
94100702155
941006189391
941006125432
94100610714
9410060853970175186162
94100604358
94100602320
941006015540
94100546
94100515428
94100515
94100511490
94100505031
94100504299
941005039852511296
941004anyelo
9410045475
9410044
94100408990_yop
94100402291
9410035
94100333
94100319718
94100313680
94100305210andrea
94100305121
94100302483
94100301622
941002a
9410029
941002126542
941002085381
94100202
9410020001
941001andreabelanova
9410018N
94100167
94100142..
94100135
94100113176
941001086008
941001085419
94100107
94100106544
941001045206
94100103278.
941000
94100
9410
941/2stang
941-6769
940yzse
940yewst
940wmadison
940vernon
940usa
940turbo
940pride
940nilo
940mpnbc
940jkm
940hind215jack
940gil
940eight
940durango
940dragon6
940cll
940apr
940VOLVO
940PEERLESS
940<3871
9409dccmt
94099b
940999
9409986
9409972
94099250
940990
94098tod
94098908
9409881
940988
9409862
9409809
940979
9409764
9409763
9409736
940972
9409707
94096944asola
9409643
9409642
9409631
9409622
94096187
9409616kt
9409592
9409580
9409559
94095581
9409558
940955
9409536
940953
9409518
9409509
9409471
940947
940943
940942
94094186
940940e
940940Fs
9409403
94094
9409389
94093621503
940933b
9409337
9409323
9409305476
94093010722
940930065346
940930055260
94093005273
940930045361
94093001pr
94093001910
94093001+
940929tatalina
940929m
940929abc
94092921
940929135116
94092905114
94092901755
9409290
940928tatiana
94092829
940928105302ann
94092717
94092713657
940927106020
940927045