543778
9543761
9543758
9543754
954375295435
95437250
9543715
9543711570
954371
95437
954369
954368rylee
9543668316
9543661
9543652
9543631829
95435917152
9543582
9543577
9543566
9543558
95435262
9543519
9543504
954350
9543483
9543467
9543456695
954345
95434452730
954341421
95433986
9543362
95433609
95433366
954333112
95433157
95433
95432af
95432889312
954328617
95432781
95432729
954326dm
95432546
9543238670
954322dbdbdbb
954321s
9543215
95432145
95432107
954320x6
95432049
95431myg
95431985
95431734951
95431725
95431699
9543156
954313e
954313
9543089
954308022534
954308
9543070
954305c
954305D
9543052505
9543023
9543022311
95430062
954300
9543
9542tata
9542rosa
9542love
9542ks3
9542ed
9542aui
954299j
9542996
95429936
9542988138
9542986
9542975978
9542975
954295429542
9542954
9542950845
954295
95429189
954289
9542885
954287
95428631270
954286
954285
954283464
954277
9542743
954272
954271
954270family
95427030
9542702927
9542697
954264
9542629
95426019542653
95425gxaaj
954255v
954255d
954254d
9542532459
95425263
95425182
95425062
954250
95425
95424801
95424795
9542469
9542461
954245g
9542457897
9542455580
954245
9542427238
9542426159874
95424252
95424251
9542425
9542423
954240
95424
9542375
954236w
9542356591
954234751
9542345341
95423396
9542325
954231
9542307Gaby
9542295422
95422900
9542288
9542280
954227
9542244011/
954222
95422090
9542207
95421k
9542196
954219
9542187
9542178
9542172462
954216
95421557
9542151019
954215
9542134925
95421272
9542114
95421
95420qeigj
95420icasj
9542039485
95420378ky9tyz
9542025613
9542005
95420038801539
9541yt
9541axel
9541MICH
9541CW
9541988
95419870
9541979
9541968
9541966
9541960
95419216
95419213
95419030
954190154
9541878
9541868
9541861
954179
95417863
9541784
9541780
95417555
9541746
954173161
95417270
95417142953131
9541714
954170j
9541702
95416q
9541694
954169
95416604angela
9541634
954163
9541623
954162
9541617
95415744
9541555
9541548
954152
9541509
95414791
9541471iaming2
954147*****
95414363
95414021
95414
9541368d
95413466
9541323
95413156
9541293kmt
9541287
95412628
954124
954123369
9541231235
9541230876
9541221
954121
954120
9541175
9541134
95411290
954110
95410866
9541085664
9541084841
95410806
954105A
9541055
9541053
9541052
9541039384
9541037224
954103
9541028
9541011
954101
9541
9540lolduda
9540jfc
9540bcb
9540996
9540994
954098
9540964
95409559
9540919
9540914031991547
9540909
9540907j
95409
95408skae
9540895
95408831
95408822
9540867
9540862
9540838
9540835
95408099zt
954080
95407bjyqp
95407978
9540789vanessa
954077
95407519
9540747
9540705
9540701
954066090
95406594
95406579
95406534
9540650
9540636
95406339
954062
9540619
9540618
9540613y
9540606
9540509
95405019
9540500
9540499
95404817
9540454
954044
95404390
95404382
954042153947
9540421
954042
954041
954040
95404
9540360
95403506
9540345jj
9540317
954030
9540281
9540265
95402506
954025
9540249
9540223
95402050
9540203
9540193
9540160me
95401288.mg
95401115
95401101qa
9540082faisal
9540070
954007
95400654
9540053
95400499
954003482
954003
9540028
954000atlas
954000954011
954
953تشم6
953syntvav24609
953skate
953sefa
953richard620
953pink953
953manamana
953kret
953juiana
953jerry95
953girls
953didos
953aleco
953Pope
953MORGAY
953:751
9539mac
9539eb
95399azevy
95399a
9539971
9539941
9539922
95399163
9539913
9539911
9539892
95398906andy
9539870
953986610
953984
9539825
9539770
9539750
9539738
9539731o
953971345guty
9539711
95396lissa
9539668
953963451
9539634
953963
95396157****++/
95396
953957
953956
95395562
9539551
953954543ray
95395386
95395375
95395225
953952
9539518
953949
953947
9539465
95394595
95394104
9539401
95394
9539394
953936567
95393612
95393213
95393060
9539305t
95392710
9539265
9539259
9539244
9539225
95392053
95391992
9539195
9539193
953919
95391794
953916
95391345te
9539124455
9539118
95391
95390886m-a
9539082
9539070
953906angel
9539063
953906
9539053
9539032
95390224ivonne
95390224
95390211
9539004
9538bitch
9538as
9538ann
9538aey_tontan
9538979
9538929
9538920
953892
9538914l
95388991
95388933
953889
9538888
95388868
9538834462998
95388344629978
9538829
953881
95388095
95387930
953879
953878
9538762
953875
9538742169420192
9538741
95387327
95387325
9538720
95387166
95387105
95387084
9538703
9538697
9538695
9538683
953868
9538661412
953862C
9538621
953862
95386092
95385866
953848p
9538450
9538439charlito
95384355
953843
953842
9538363
9538362
9538356
95383500
9538346
9538331
953832
95383
95382x
95382portf
95382n
953827
953824537
953824
9538221675897
9538216
95382077
95382
95381943
9538181
9538175
9538174
95381713
953816
95381598
9538152
95381300
9538102647
953810
95381
9538088
9538087
953808
9538078
9538050
95380292
9538018
9537rulz
9537bmcru
95379537
9537950
95379240
953791o
9537917
95378odesf
95378761
953786412953
953785a
9537850
95378449karina
953784
953782
953781C
953781
95377812
95377705
953777
95377666
9537759497316297
95377519
95377300
95377210.
9537714
95377022
95377014547732
95376tc123
95376830
9537666
9537665k
9537662
9537656
9537648
95376403
953764
9537611m
95376
95375o
9537576
95375426
9537533
9537525
9537520
953752
953751st
953751rae
953751jade
953751a
953751EVER
953751842ss
95375182645
95375155
9537514682
953751465
9537512468
9537512
95374933
9537480
9537441
9537439js
95374321
953741862
9537414
9537400
953739gd
9537392270407mdr
953738
95373681
95373642
95373455
9537337
9537336
9537333
953731847
9537308
9537287
9537286
95372831
9537270
953726
9537252
953717
9537165
9537157
953715
953713
953712/123
953711lp
95371181x
95371150
953711
9537103
953710
953707050188
953707
9537069
9537054
953705
9537047
9536zz
9536inwfx
9536bmmb
95369874
9536985
95369815
95369563
953694
9536923
953692101anh
9536902
95368899
953688
953687
9536859
95368540
95368429536842
95368412
95368409
953682147...
9536813
95368080
95367903
953679
9536789
953676
9536754
9536750
953674c
953674662juan
95367402
953673
95366640
9536658
953665
9536631
95366164
9536574d
953657348
9536572
95365708
9536557777
9536555
953654182386
9536505
95365025
9536502
95364hyf
95364961
9536471236951
9536460
9536454
9536430
953643
9536425101991
95364207
9536411
95364026
953640
95364
953638
95363727
9536367
9536312
95363105
953631
95363076
95363
95362football
95362939
953628r
9536287
953628
9536277A
95362534
9536204187
9536166
9536165
9536153
95361441
953613
95361201
953611romy
9536112
95361
95360883
9536073
953607
95360674
9536064
9536053m
9536051
95360000
953600
9535ra
9535hb
9535a7
9535995
95359895
9535969
95359601
95359559
9535952
95359406garu
95359366
95359125
9535901
95358uxrt
9535890
9535874
953586
95358451
9535833
95358282
953578953578
95357853
95357796
9535779
953577
95357648
9535756
9535747
9535744V
953574
9535739
9535736
953573
953572
95357088
953570
95357
9535692
9535680
953567123
9535667
9535656
953565
9535642
9535630
953563
953559
95355782
9535576
95355661
95355654
95355602
9535556521
9535529
9535526yjoel
95355207
95355003
95355000
953549
9535487kellyta?
95354806
9535479
95354615
95354601
95354598carolina
9535459
95354575
9535455
95354414
95354401
953544
9535412
95354105
953540z
9535396
9535395
9535374
9535366
95353646
9535364
9535343
9535342H
9535331
953533
9535326
9535324
95353058
9535300
95352986
9535281
953527
9535253
953525
9535246
953523589
9535235
95352293
9535220
9535210
953521
95352074ryg
9535201
95352
95351996k
953518
9535158
953515759
95351575
95351205
953512
9535114295351142
95350904
95350901
9535076l
9535066andre
9535050
953502002muncydr
953500martijn
9535005
953500
9535
9534mxduy
9534mc
9534m9534
9534faklma
9534ema
9534daz
9534cls
9534a183
9534MpE
95349shorty
95349943
9534989
95349810
9534974I
95349720
9534964
9534955
95349541
9534952
9534940
9534910
9534901
95348904
95348828
9534857
9534819
95348090
95348
95347hjyyi
9534797k
9534785
9534742
9534725
95347228
9534711vC
953471
95347025
9534701
9534699
95346958
9534690
95346737
953467
9534667325011989
953466
953465
9534636
953463
9534628
953462
9534616
95345w
95345883
9534585
9534564
9534556
953454
95345374
953453
953451534lucia
95345146
95345124
9534512
95344902
953447p
953447l
9534475y
9534473
953445qq917
95344184
9534414
95344022
953437826
9534352
95343340jesus123
9534322
953428620143
953427r
9534259
95342539
953424
9534239
9534234
9534230
9534228
9534225che
9534225
95342205
95341881
953415
9534144
953414
9534123
95341138
95341078
9534102
95340928
953408
9534074
9534065
9534046
95340261
95340206a
9534008
95340043
9534
9533stewart
9533sam
9533987
95339848
9533980
9533971
9533951
953394b
9533946
9533933
95339241
9533923
9533905291309423
9533888
9533876039
9533870
9533868
953386
953385724
9533857
953383
9533821
9533793
95337862
9533772
953377
953376vya
95337642
9533758
95337419
95337336
953371698
953371
95337086s
95336jd
953369e
9533685587N
953367
953366
9533641
953363
9533603
95336
95335db0
9533591235
95335827
953357b7
95335769
9533573
9533568
9533567091
953356
9533552
953354023
95335370
9533526
953352116/3
953352
953351386
95335092
9533470.
9533470
95334614jeanmarco
95334264
9533412
95333982
95333768
9533374
9533368
9533350
9533347
9533337
953333
95333111
9533303
9533302
953330
95333
9533266
9533264f
9533261luv
953325p
9533253
953325
95332428
95332264
9533222
95332219
9533220
9533211
95332068
953320
95331cris
95331990
95331974
9533194
9533185
95331764304221
95331617
95331527
9533142
953314
95331279m
9533125b
95331029
953310
953309
9533089
953308
95330754
9533071
953304
9533035
9533034
9533025h
9533023
9533015
95330041
953300
9532oam
9532leaf
9532jp
9532isaac
9532adn
9532YN9MX
9532990
95329832589
9532971
95329632
9532963
95329533
953295
9532949
9532939
9532926
9532872
95328518
9532832
9532819
95328146
9532814
953281203p
9532810
9532803
95327955
953278
9532765
9532760
9532758
9532742ph
953274
95327397
953271j
95327178
95327069
95327
9532689057
953268751
9532684527718142
95326832
9532683
9532676
953266673
9532666
95326469
953264
9532632
9532628
95326119mike
9532609
95326010micel
95325934
95325913
9532571
953256
9532556
953254
953253
9532526
95325028
95325
953248281990.
95324668
95324589
9532447
95324342
95324333
9532425h
9532411
95324
9532382
95323783
9532365
9532339
9532330
953232016
953231a
95323089
95323049
95322cfzgn
9532290
9532288
9532280
953227824
95322707
953227
9532261
95322539
95322507
95322384
9532236
95322359
9532226
9532222
95322210
95322131
95321bg
9532191
9532180
95321678
95321645
9532160
953216
9532159c
95321593
95321442
9532141
953214
9532122
9532106j
95321060
9532106
95320aa1
9532097
9532091vs
9532063
95320601
95320599
9532057
9532050
95320327
9532032
9532021
95320102
9532010
953200h
9532008
9532003
9532+1333
9532*30
9532
9531ab
9531973
9531971
9531968
95319639
9531917
9531901
95319
95318926
9531879
9531876
9531853
9531843
953182
9531808try4
95317929
9531792
9531781
953178
95317648nn
9531762
95317590
953175
9531718
9531710
95317
953169wong
95316945
9531669wager
953165
95316372
953162dg
95316268
953162450
9531604
95315k
95315delhi
9531590
95315755
95315728465z
9531569
9531568sno
9531554
9531553
95315428285
9531540b
953152
9531517
95314911
95314876dekito
9531458
9531451
95314461
95314386
953143
9531429
95314210
9531411
9531409
9531408
9531386
953138350
9531372
953136131129p
95313613112+p
95313589
9531350
95312972
9531282
9531273yanna
9531263
953125c
9531250
95312468
9531246011014
953124343256jasu
95312426
9531236
953123
953122va
95312145
95312133
95312105661
95311coban
95311999
9531177
953117
9531153
9531151
953115
95311499531149
9531148dsd
95311482
9531148
95311316
9531130
953113
95311294
9531123
9531122957...ros
953112
9531119
95311085
9531108060
9531105142dassax
95311046
9531090091teamo
953109
9531088
9531073
953107
9531066916
953105566479
953105
95310496
9531041
953103221
95310205s
953102
95310100
9531001359
95310
9530ss9530
9530nook
9530mm
9530jv
9530986
95309565
953095
9530946
9530941
9530910
9530895
953087
9530868
9530866
95308573
95308509
953084
9530836
95308305
95307CERES
9530773tima
953077
9530758
95307479
9530742
9530722HEHE
95307146
953071
95306922
953069
953068
95306699
95306605
95306485
9530643
95306353
95306321
95305tjqea
95305eoejk
9530588
9530570
9530565
953051
9530501
95304850
9530465720
9530465710
9530455595
9530450
9530441
9530420
953042
953041
95304045
9530394
953039
953038
9530376
95303459
953033mm
95303325
953030
9530296
95302905
9530286
9530274
95302548
9530242
95302316
9530220
95302195
9530215
9530177
9530157
953015
95301214
95301213teamorosmary
953012035858
95301202
953012
953011cam
953011
953010
95301
9530097
9530093
953009
95300885
9530082
9530081
953007g
9530072
95300701
95300640979906
953006
9530052
95300510
953005
95300416isabel
9530035
9530023m
9530020
9530019
9530-hej
952vierhjem
952tyu
952ts1p
952sang
952sand
952poys
952pink
952nyhm
952nd88
952n952
952mulford
952mar
952hernand
952desi805
952d22
952boat
952abc123
952_080124
952E1091
952BAE952
9529travis
9529mjtr
9529D1337
95299994
952999
9529986ff
9529979vp
9529974
9529970
9529964
9529954
95299536
95299529
95299321
95299236
952992
9529912f
9529895
9529887
9529885
9529883
9529875
95298732
952985
95298283
9529826
9529816
952981400
9529814
95298103
95298
952979
9529772
9529755
952972378
9529722
952971436
952971
952970103
9529698
9529696
95296942
9529691
95296905bb.
9529685
9529680
9529666
9529656
95296507
9529648
952964280310
9529622
9529596**
95295773707
95295750
9529565
952956
9529529
9529525
9529523l
9529520
952950
95294902
9529484
95294808
952947656
95294615
952945898
95294568
9529442
9529423
95294200
9529411
9529392jm
9529387
9529383
95293644
9529358
9529335
95293292
95293131vyd
952931
95292hiran
9529294
95292680
952923522
95292210
9529221
95291y
9529194a
952919
95291772
9529163
95291570
9529155
95291473
95291411
95291341
9529132
95291313
952911
952910m
95291070
952909
9529088
9529069
9529051
9529049
9529042
9529031
952902
95290175
952901314520
952901
9529
9528xoxo
9528pr
9528art
9528996
9528969
95289528
9528952
952895128
9528940512
95289127
95289116
95289000
95289*
95288972
952888386
952888
9528878
9528867
9528840
95288394
9528833.
9528830219528830
95288206
95288185
9528818
95288118nice
9528804
952880053
952877321
9528759
952875
95287424
952874
9528735
9528711
9528699bb
9528667
952866
95286579
9528647
95286455
952863
95286165
9528615
95286123
95286118
95286015
952860
9528591504
952859
952858
9528572
9528569
9528557
9528553
9528542
9528541450
952853
9528522a
9528520
95285173
952847
9528457
9528449
95284347
9528425f
95284256
95284173
9528405
95284005
95283mara
9528398
9528352113
9528347
9528338a
9528328
9528320683
9528312g
952831
9528303
952830
9528294
9528287
952828
95282741
95282724celuFREYCI
9528268
95282630
95282496
9528245
952824207
9528238
9528237
9528218
952821
95282086
95282053
952820283401
95282
9528199000
9528187paola
952817
9528148
952813c
9528122
952812
9528117
952811
9528105
95281011
952810
95280vagia23
95280jlm
9528093
952808
95280758
952807
952806654
9528064
95280571mayra
952804610
9528036
95280228
9528014
95280063
952800
9528/25214
9528
9527zmm
9527rich
9527nr
9527koester
9527jqhwh
9527jojo
9527ivankong
9527huh
9527durham
9527ad
9527KF
952799r
952799
952798
95279611
9527952
95279502
952794
9527932
9527915
9527912
9527905h
9527900
9527897
9527874
9527867
9527858
9527852f
9527826
9527823
9527819
9527818
95278113
9527803
95277jzvjj
95277999
9527789abreu
9527789
9527785
9527783
9527773
952777
95277676
95277587
9527748
9527720pt
952771031
95276933
95276899
952764ifs
9527644777
9527632
9527624
9527618cc
9527612
9527605
952758
952756
952755
9527548
95275424
9527536
9527531
952753
9527521
95275200
952752
95275183
95275019
952749
9527467
9527431j
9527430eepgib
9527428
9527411316
952740l
9527406
9527401
952740
95273942
952737
9527348
95273471
9527328bl
95273262
9527302
95273
9527298
9527294819
9527291
952729013218
952729
9527282
952728
952727827
95272412
952723
9527211
9527200d
95272006cbch
9527169
952716005jclkr
9527160
9527156
95271504
952714
95271337
9527132
952713
952712jazir
9527124
9527120
952711987
9527114a
9527110l
95271096
9527108
95271052
95270ngvng
952708
95270794
952707
952706yj
952705
9527039
952702ass
952701701
952701
95270000
9527.3213
9527-_58
9526j
9526ccb
9526betha
9526949
9526926-*9526936
9526923
9526922
9526919
95269117
95269.38
95268k
9526883
952688
9526867
9526866
9526855
952685
95268410
952680906h
952680
95267967
95267730
9526764
9526756
95267317959007e
95267309
952673
95267221
95267214
95267199
95267110
9526697
95266852
95266844
952667
9526666
95266617
95266541
9526650
9526641388114
95266323
952663019
952663
952662832
9526622c
95266221
952661530
9526563
9526558
9526544
952654
9526514853
9526499
9526484===mayre
95264841
9526475
9526467
95264622
9526457c
9526457
9526444
9526435
95264044
95264
9526393
9526380
95263638
9526363
9526352
952635
9526346
9526322
95263123
95263085
95262978
952629
9526285
95262779
952627
9526269
952626
952624636@
9526244
9526237g
9526233
95262290
9526223
9526216082
9526200
95262
95261934
95261855
952618
952615
952613
952611jme
95261173
95261112
95260mk
9526070
95260644
95260530
9526035
95260206
952602
95260104
952601
9526006
95260035
952600
9526
952599
95259676184
95259643
952595
952594a
9525949
9525945
952594
95259359
9525929
9525920
9525906.2
9525902
95258L
95258900
952588r
95258298
95258236
9525815
9525796
9525789
9525770716282006
952577
95257699
95257616
9525759
9525756527
952575
9525746
95257436
95257299k
9525729
9525724
9525722
95257202
952571
9525706
952570
95256gch981aln
9525665
952565
9525645257
9525644022
95256219amor
95255872
952558687
952557
9525563
9525556
95255523_
9525537usf
9525537
9525535
9525529
9525523225
9525511
95255000
952548980
9525481
95254808
9525464
95254586
95254566
95254549
952545
9525446989
9525445hguf]gd
9525443
952544
95254256
95254144
952540
95253965
9525393
952539299
952539
952538
9525370i
9525368
95253642
9525357
9525354/5
9525331k
9525331
952533
952532*
9525318
952531620479
952531560
9525305
9525301-5
95253001
95252951
952529
9525283
9525281
952528
9525275
952527
952526
952525421
952525382
9525252
95252457
952524
9525238
9525233
952523
95252242
95252194
95252157
95252154
9525206
9525189
9525184
952516m
9525165
9525162
95251606
952516
9525159
95251548fce
952515
9525142ar
95251321190
95251314
952513
9525125
952511
952510b
952510093
952510
952507j
952507
95250477
9525045
9525040141
9525039
95250343
952503011882
952503
95250213
952502
95250088
95250
9524st
9524nath
9524danielteamo
9524andy
95249907
9524990
9524970
9524927
9524926
9524924
9524914
95249105
95249100
9524905
9524900
9524896
95248884
95248805yolanda
952488
95248628
9524814
95248137
95248104d
95248030491686
952480
95248
95247aw
952478963
952478
95247788
95247714
95247646
9524757
952473kp
9524734
952473290
9524732
9524730
95247257
9524720
9524698255
9524690
95246883
95246712m3alem
9524649
9524636
95246357
9524634
952461
95246095
9524604
9524588
952457541
9524555k
9524550
95245470
9524535
9524523
9524521s
9524521S
952452
9524514
95245034
9524493j
9524489
95244878
95244793
9524457901
95244521
9524452
9524451vivian
952444
9524429
95244280
9524424175
9524420
9524414
95243852
9524367316047
9524365
9524363
95243615
95243569
9524349
952432440
9524318
9524313244
952431
95242950
9524269
95242647
9524254
952424351a
952423009
9524214
95242000
95241c
9524198m
95241951cw
9524176071
9524165
95241637
952416
9524157liendo000
9524141
95241405
9524135
9524130
952413
95241238
95241230
9524119
9524118
9524111292gaby
952410736sany952
95240943
9524090
952409
952408
9524076
9524074
95240451
952404
95240340
952403
9524028
9524024
952402
9523xx
9523polk
9523n9523
9523jmhm
9523_la
9523999
952399396emp
9523967f2xin
95239669
9523960
9523952
95239510
952393
952392996293
95239256
95239227
952388721
952388
952386
95238597
9523832
952380841
9523806147tyler
95238000
952380
9523799
952377619302768
952377210223
95237355
9523726
9523724j
952372
95237094
95236ac
9523692
952369
952368
952367
9523667
9523652291
9523648
9523647slm
952364767
9523647
95236417
9523638
952362
9523603az
95235viwbw
952359
9523586chucho
952358
95235682
952356
9523538
95235329
9523524G
9523520
952352
952351920
9523515
95234991
9523463
9523461843
9523458
9523457
9523453
9523438
95234201
95233yrptg
9523386
95233755
9523368
9523354
952335210
9523352
9523341
952333
95233259
9523323
9523322mwv
9523322mv
95233228
95232910
9523282
9523267
9523240z
952324
9523238
952323
9523229
95232211
95232160
9523214
9523206
95232036
95232008
9523200
95232
95231992
9523197
952319
9523186
9523180
95231696
95231582greji!
95231499523149
9523145
952314
9523132
95231303
9523124a
9523122
9523120
95231177
9523108
95231047
952310
95231
9523082belu
952308
952306
952304778
952303snickers
9523013
9523012a
9523010
952300330
95230030loza
95230
9522troad
9522m1s7
9522deepvalley
9522db
9522chic
9522br
9522amor
952298990
952298
952297
95229623
952295750
952294
952292
9522904
952290191
95228uaztu
95228b3943
952289
9522887586
95228669
952286292jaja
9522856
952285
95228103
952280
9522794
95227932
952278146
95227753
9522760
95227323
9522728
9522722
9522709
95227019
95226hn
952266
9522657
95226461
9522645
95226420
9522629
9522627
9522624
952259459
9522594554november12005
95225840
95225658
9522528
95225206
95225105
952251
9522507
9522465bweiying
9522464
952246
952245975
9522454A
9522444_dyl
95224404_dyl
952243
952242
95224030
95224002
952238151
952237570
9522366
9522361
952236
952235615
95223532
95223523
9522350
9522344
95223386
952232447
9522324
9522321
95223165
95223113
9522311
952231
95222xwewg
9522278
95222697
95222603
952226
9522243
952223961
95222331
9522233
9522231
95222193
9522212
9522210
9522206215
952220
95222
9522183
952217
9522159
9522141
9522136034555
9522134625
95221303
9522127
952211acor
95221186852
952211
9522109
95221080
95221060
9522103
9522098
9522095
95220792
952207451
952207
95220667
95220609
952205
9522044
9522042
9522041
952203188
95220295
9522018
95220130
9522008
9522006A
9522002
952200
9521zx
9521nbb
9521mus
9521mass
9521m1
9521lucie
9521lol
9521kta
9521kayz
9521ii
9521gm
9521gar
9521aug
9521ag
952199596443132007
9521984e
9521958
952195
9521932-1
9521930
95219265
95219251
95219129943697
95219100
95219
9521887
95218797
95218685
9521862
9521858
9521842
9521840
952184
9521836
952183
95218251
952181
9521799
9521780
9521779
95217641
9521753
952175
9521746
9521740
952173
95217125
952171
9521708
95217027
95216863
9521678sue
9521674
95216723
95216418
952161p
9521604710
95216
95215j
95215902
952158?s
9521579
95215639
9521537
95215355
9521512
952151
95215
9521496
9521494
9521483
95214828
952148
9521471
95214545
9521446teamo
95214419
952144
952143
9521425o
952142
9521412248
952140
95214
95213919
95213881
9521385
952138
952137
95213689
9521355
95213477
952133
9521308
9521306
95213007
95212966
95212937
9521292
95212908
95212871
9521273e
95212687
95212580
9521257
95212558
9521251
9521250
95212477
952123456
9521220b
95212202
9521220
95212166=
95212129
95212110
952121
9521201mh
95212
9521199
95211792
95211781
95211534
9521145
95211361
95211206
952112
9521118
95211101
9521110
95211
95210g
9521094
952109
95210866
95210810
952107kmilitotam
952107
9521052
9521049
9521048abc
9521037
952103
952102
9521012
952101
9521008
95210045
9521001
952100
9521
9520xv42
9520wev1
9520rj
9520hvpru
9520full
9520bouse
9520992
9520991
95209884
9520978
9520976
952097
952095348
95209523
95209520
9520933
9520913
952091
9520900
95209
95208812
952088
952084861990
952084753
952083
9520818
95208163
9520814
9520812j
9520807
9520789
952075
9520740
9520721
95207115886
952071
9520701
95206vh4
95206M
9520698
95206926874
952068
9520676
9520671daniela
9520663
9520642
9520641
9520630
952063
9520614
9520600
952059
9520580
952058
9520577
9520569
9520563
952055
952053e
9520537d
95205205
9520520395205203
952052
95205199
9520515
9520511
9520507
9520506
9520504tl
9520500290
95205
95204896
95204739
9520473
9520458i
9520433
952042217
9520420
95203bj
95203981
9520379
952036
952035
9520345
9520344
952034
952033
9520327
9520324
952031
9520298
9520289
95202797
95202709
9520270
952027
95202654
9520258
95202248
9520224
9520222fabbyo
952022005
95202137
95202111
95202100
9520206
952020123
95201a
9520199
9520197
9520185
9520175
9520174
952017
9520152
9520146
9520143
9520116524iluvchris
952010
9520093s
95200939
95200934n
952008ti
9520077
9520075
952006/.,
95200491
95200488
9520046
9520041
952004060
95200303
95200268
952001lol
9520019
95200125
95200103
95200
952.41
952-casa
952+daxcc
951º0583
951zxc
951winnie
951vash
951uad
951turbo
951tnt
951thundercat
951t&a253
951switch
951swN
951suikoden2
951startingline
951sojenoc
951sil
951sharissa00
951sharii753
951shah159
951samie951
951rosie
951rose
951ro753
951ricky
951rbdx
951rbd
951qseft
951popmusicstation
951pl,
951piglet
951paola23
951panita
951pala
951moh753
951mit9hz7
951mirameami
951melisa
951mama
951mahmoom
951m753
951lyons
951luana_753
951lildee
951let951let
951laamistad
951kweenz
951kuremo
951kjd
951kin
951kim
951kid
951karla
951jcat
951jayjay
951isaiah
951ins159
951imfree
951gus
951gkiller
951girl
951gina951
951geraldinejose
951genius
951ge
951francia
951franc
951fight
951fgh
951everyday
951ert
951edward
951dutza
951duh
951donas
951dab21
951d8qs7tjg
951cutey
951crody
951cody
951chick
951catalisa
951carmen
951cali
951cake
951butt
951buster
951brownnproud
951bosy reda
951booty
951bonner
951belxioraca951
951bat
951anel
951and