010
94092704453
94092619235
94092609159
94092603754
9409256
940925115396
94092510811
94092417632
94092310730
9409231044
940922lcy
94092211333
94092208740
940922085937
940922075640
94092207395
94092203730super
94092201176
9409216
9409215191
9409214
94092112530
940921105393~
94092109814
94092107943
94092103298
9409208
9409205086
940920135
94092010630
94091928236
94091921310
94091913792mima
940919136641
94091913610
94091911994lu
940919086103
940919075199
94091902910
94091902812
94091902260
940918-07-5306
940917940930
9409175011
940917075048
940916yl
940916pepe
9409168
94091618
94091613
94091611850
94091606113
940916045218
94091604390
94091603319.
9409159
94091532047
9409153
94091516785da
940915125398
940915065137
940915045240
940915036344
9409150357
94091502032
940915018000
9409150095
940914spt
94091408575
9409140824
94091400957
94091358
94091320
940913136237
94091311318
940913068296389598
94091306829
94091305806
94091304338
94091302955
94091302670
94091217818
940912127849
94091212255
940912105850
9409120756550164906295
940912066011
94091203
94091116876
940911092171994
94091103499mcg
94091102514l
940911018815
940910jpjp
9409109
9409105280
94091030114
94091029949
94091023835
9409101580N
94091014
940910085534
94091004210
94091
9409099
940909135063
94090912901
94090904684
94090902207
940908yo
94090845516
94090807123
940908055408
940907sca
940907ms
94090725844
94090710049
94090708
94090704154
940907016976
94090619203
940906125409
940906075106
940906020173644067
940905095041
94090501741
9409047
94090414571
940904145123
940904106271
94090408393
94090406862
940903b
940903165530
94090302293
94090302170
940902diana
940902asalote
940902a518s
94090257
94090205255
9409015258
94090125570
94090117712
940901145144
940901075756
940901055640
94090104998
940900140119
9409
9408usc7
9408cris
9408cal
9408988roxy
94089698
94089675
9408966
9408944
940894
9408939
940891
94089
9408887
9408874
9408862
9408859
940884
94088302
9408820053
940882****
940882***
940881
9408802
94088013
9408801
940876
9408747
9408736
9408701li
940869
9408666
94086618702188
940866
94086551
94086499
9408636a
94086328
940863
94086208
9408582
940858
9408574
9408570e
940855661314520
9408527
9408525
94085
9408488
9408485
940847
940842081
940842
9408414771
940841
940840456515
9408402
9408399617
9408373
9408350
9408348
9408324
9408322
940832
940831tom
940831105058
940831075354
94083103749
94083029816
940830145592
94083014371
94083007367cris
94083005810
940829_
9408292
94082915090
94082903288
940828reina
940828075636
94082803410
94082802210
94082802031601
94082768
94082714353
940827105266
94082706032
94082702460
940826J
94082610000
94082603918
9408256716
940825146750
94082514427
94082513293
940825045116
9408246058
94082421313
94082421232
94082417294
94082405059
9408236
940823155012
940823075514
94082213931a
940822105574
94082209985
94082208857
94082208814
94082207
94082201375
94082151200
9408215112
94082146
94082128128
94082111616
94082110814
9408211
94082109972
9408203z
94082028
94082023725
94082018993
94082015650
940820095237
94082001683
940819DAZ
9408196104
94081922297lalo
940819162
94081902628
940818135463
940818135391
940818065389
94081804596
94081803248
94081794
940817146099
94081713760
94081709
94081708457
940817015574
940816tswcD-=
94081623869
94081622919
94081603752
94081602217
94081601270
940816-18237
94081515217
94081515
9408151157
9408150860
94081505572
94081505025
94081504061
94081503782s
9408145321
94081428527
94081405091
9408140352
94081402773
94081401481537
940814/
940813abc
94081316796
94081311492
940813105118
940812asy
94081226
94081217232
940812135358
940812076124
940812075420rafidahrapheal
94081201719
940811lpc6788
940811adrianiita
940811D
94081141
940811146936
94081112
94081111256
94081106864
940811016453
94081020340
94081018450
94081016733
94081013d13
940810115134
94081007696
94081003291
940810016806
94080as
94080910617
94080910198
940809075622
94080905887
94080828572
94080826057
940808146505
94080811351angie
94080811
94080807
94080805262
94080802638
94080801658
940808015302
94080801091
940807lya
940807JOELYS
94080723134
94080722537
94080718947
940807145906
94080706620
94080706590
94080704113
9408070143656723
9408065
94080627488daniel
94080621919
940805ldo
9408050434
94080504203
94080503150
9408050
9408040super
94080408336
94080402125
94080400
9408040
9408035510
94080323
94080319198
94080305952
94080301450
9408027
9408025288
9408021557
94080214272
94080210
9408021
94080205893
940802055215
94080201146
940801095071
94080106330
94080103
94080100870
9408007
9408001
940800
9407xs
9407td
9407piercelane
9407love
9407kl
9407gw5y
9407fb
9407emily
9407csd
9407am
9407_08
940799052
9407985
9407973
940794
9407923
9407910
9407900
9407894
9407883
940786
940785
9407845
9407808
9407801
9407795
9407753
940775
9407720
940772
9407718
94077118
94077044
9407701
94076zzidu
940768
9407676
940767
9407590x
9407581
9407560
940756
94075408205jacli
9407533
940749
9407457
94074405
940741
94074048
9407392
94073678
940731chc
940731JANN
9407311510295
94073115
940731085387
940730pspwii
9407305207
94073013237
940730085326naz
94073002189
940729m
94072911657
940729095201
94072905223
94072903212
94072888
94072866
94072858
940728086143
94072800
940727jgo
9407276688
94072762
940727375
94072730075
94072704848
9407265316
94072629048
94072617708
94072616744
940726025822
940726...
940725146294
94072512060
940725105214
9407250264100094072502641000
9407249h
9407248
94072425590
9407242
94072406235
94072405263
94072404070
94072402213
94072402191
940724016228w
9407238k
94072344
94072313288
940723019
94072219001
940722115054
940722025286
940722016996
940721tyy
94072101850
940720kim
94072092
94072048
9407201994
940720035966
94071924011
940719115328
9407185540
940718314159
94071820836
94071814011
940718115457
9407180996498560
94071807368pipe
940718055036
940717277
940717207
94071720179
940717121467732
94071711
940717059132713354
94071703694
940717...rabbit
94071628
9407162
94071615078
940716085602
94071606575
94071602812leidy
94071601450.
94071530960
94071512988
94071502753
94071412860
94071407661
94071403372
94071401914
9407135
9407130984
94071307373
94071304420
94071304161
940713016679
940712qianping`
9407129
94071234
9407123
94071212
94071206020
940712055000
94071203918
94071202911
94071202172.
94071201680
940711h
94071194
94071114
940711126460
940711125273
94071105525
94071013248ebl
94071009330
940710035129
940709w
940709_08_5858
94070918417
94070909108
940709065427
94070905765
940709045186
940709015024
94070901336
940708yuliana
94070873
9407084
94070810098
940708095069
94070804845
94070804292
94070803520inori
94070719619
940707055073
94070705502
94070704948
94070613322
94070611583
94070609937
94070609430
94070607675
940706065237
94070604110
940705love
94070518702
94070514
94070507
94070500684
940704dte
940704585
940704146658
94070413820ys
940704115448
94070411339
94070409032
94070404502
94070402313
9407034385422
94070336
94070315771
94070314821
94070307221
940703025985
94070301975
94070301
94070219055
94070215076
940702125773
94070212123489
940701758
94070128610
94070113
94070111406
940701075452
94070106323
94070101330
94070101097
94070100716
940701-08-5458
9407009
94070
9407
9406sm08
9406hd35
9406gv36
9406gk
9406@@24
94069eixqo
9406996
94069700
9406960
9406958
940694367
9406934880
94069317
940692
94069
9406898
9406895r
94068832
9406843
940681
940680
9406799
9406789
94067870knarita
9406783
9406781
940670
94066nc
94066auntiekathy
9406652014
940664
9406609
9406608cj
94066000
94066
940659
940658
9406568
94065642
940655
940654
9406539
9406536
940652
9406519
9406518
940651694
940648
9406474
94064678
9406459
94064342
940642823
9406426
9406423611
940641711983
9406405
94064016
9406389
94063844
9406382
9406366
94063650
9406359jams
940634SA
940631
9406309
9406308
94063028201
940630136106
940630126442
94063010531
94063004868
94063003578luisa
94063003314
940630025545
94063002512
940630016585
940630-xime
940629135026
94062910
940629095028
94062905055
94062903702
94062902994
94062902510mmo
94062901238
940628126531
94062807681
94062804585
94062803996dany
94062803170
94062715728
9406270420
940627016656
94062700810.
94062700771
94062667
9406265055
9406265
94062639
94062619907
940626146010
940626105702
940626015280
940625n
9406257c
9406256
940625351122123
94062525732
94062515290
940625146043
94062513
940625105575
94062506573700
94062505
94062502856
94062502171
94062502
940624z
94062401090
94062329186
94062315371
94062312917
940623126419
9406231
94062308626
94062308170
9406230470
9406230
940622106011
94062210359
9406221
94062204995
94062123049
94062120420
940621146919
940621106255
94062101738
94062082
9406205
94062038
94062012093
940620085332335703
94062005534
94061rc
94061ca
94061a
94061918
94061904756
940619-07-5488
94061807440
94061805544206
94061804158
940618016486
9406180001
9406173
94061717140
94061716151
940617145171
94061703599
940617001901116fredy
940616cute
9406166034
940616-07-5095
9406153
940615146488
94061507
94061505690
94061503271
94061501635
940614ppy
94061430320
94061426170
94061422611
9406141236963
94061407809
94061403536
94061402670
94061401312
9406140
940613kzm
94061372
9406135101
94061345mjt
940613135953
94061309998
94061302314TATIS
94061256
94061207575
940612075039
94061206021
94061206
940611lst
9406115175
94061117
94061113899
940611135060
94061108615
94061106175
94061106159
94061105063
940610777abc
94061016117
94061014
94061012626
94061012413
940610075158
940610045450
94061002710
940609z
9406097159
9406092
940609105751
94060905465
94060904884
94060903810
9406088
94060828126
94060809490
940608025506
9406080
94060756
94060715704
94060714892
94060714414
94060713299
940607025205
9406067
940606035719
94060601814
9406055164
940605153
94060513320
94060512536
940605115135
940605095015
940605075364
94060502026
94060501232
94060437
94060416162
94060413708
94060410334
94060406957
94060403
94060400789....
9406040
9406035902
940603065891
94060301748
940602susana
94060294
9406024
94060220063
94060204920
94060204742
940601haikal
940601ayu
94060122657
94060116185
940601135278
94060113
940601125969
940601105255
940601036210angah
940601036210along
940601035939
940601025220
940601021331994
940601*
94060085
9406000
9406
9405pot
9405northern
9405ju
9405hhh
9405es
9405dwj
9405burt
94059978
94059870
9405979
940594
9405923
940592202
9405918
9405905
94059
94058pgcgp
9405894
94058790
9405872
9405863andrea
940586
9405853a
940581
9405809
9405773
9405744
940574
94057307
940572
9405699
9405696
9405688
9405670
940567
9405667
9405660
9405644
9405617
940561
94055k
94055979
9405587
9405580
9405576
94055757
94055711
940557
9405564
940556
9405550
9405532k
9405525
9405521
94055074
94055
9405495601
9405492406
940549
9405471
9405460
9405452
9405450
9405431
940540980
9405406sin
9405392
9405386
9405380
940538
9405379
940537
940535
9405346
940534
9405337
940532315987
9405315
94053114797
94053113138
94053110139
94053110
940531095185
94053102993
94053101253
9405310060
94053029293
94053014814
94053011572
94053009
94053008130
94053005165
940530045100
94053004410
9405300283212
94052914
940529123
94052906134
940529035579
94052901590
94052825150
94052808183
940528045451
940527035251
9405270
940526pwz
940526lxy
9405268
94052624236
94052614729
940526145774
94052614
94052601333
940525126440
940525115055
94052503552
94052502602
94052427864
94052414
94052413022
940524115491
94052405
9405240355822
940524025402
9405231234
940523075352
94052306722
9405225
94052222
940522146120
940522120041239
940521loca
94052115013
94052113312
940521125889
94052112359
940521085186
940521013571
94052100792
940520santiago
940520ha
9405205192
9405205010
94052029249
94052004181
94052003568
940520026192
9405192
940519146066
94051912530
94051911991
94051908575
94051907
940518180594
940518145619
940518135752
940518105553
94051803854
9405180255
940518016016
940517sara
94051761
940517136315
94051712395
94051701431
940516sant
9405167
94051615578
940516145818
94051604495dilis
940515diana
940515615064
9405156
94051522138
9405150885215059
94051508330
94051502030jamj
940515020300
94051501297
9405146r
94051421897
940513ronal
940513k5620
940513K5620
9405138
940513603894
9405131956
940513145820
94051305250
9405130187522
940512lalo
940512fanie
9405127
94051230188
940512136324
940512125713
940512105624
940512-08-6566ic
94051193304e
9405112
94051101
9405105356
9405105
9405104035
9405101779
94051015724
940510123852630
940510075388
940510035909
94051003289
940509maldito
940509ling
94050923619
94050919387
9405091085
940509075647
940509075110
94050904550
94050901
940508estasconmi
94050819374
940508045454
94050804130
940508016215
94050801580
9405076020123456789
94050726414
94050714882
94050711590a
94050706057
94050703741
940506liushesze
94050660273
94050622
940506146390
940506116
94050609191
940506075684
9405053
940505136166
940505135040
94050511540
9405051
94050507550
94050502915
940504nur
940504Q
94050416288
940504115275
94050407319
94050405294
94050402643
9405040000
940503vero
9405036504
9405035
94050328966
94050326351
94050317719...
94050314671
940503146328
940503075662
94050305710
94050305290
94050305230
9405029290
94050230060
9405021550
94050213298
94050210540
940502105268
9405020899510
94050206429c
94050204396
94050203810
940501mm
940501gd
940501105645
94050102658
94050100795
94050079
9405003
9404sean
9404rb
9404folo
9404chhun
9404c172
9404april
9404anno
9404alex
9404IO
9404IC
9404@yiyi
9404988120490
9404985
940497
9404961
9404955
94049506
94049166
9404915
9404914
9404902
940490
94048995
9404886
940485
9404849
9404824
9404823168
9404811648
9404796
9404789
9404741
9404737
9404730
9404711
940471
9404695
940467
940466
9404654
94046449
9404630
940463
9404624
940462
940460
9404585
940458
9404574
9404556
9404550
9404541
9404539
9404536
9404496
9404494ca
9404487
94044860
9404467d@@
9404459
9404443
94044364
9404433
9404420744
940441
94044085
94044020
94044
9404393
9404389
9404383
94043776
94043755
9404370
94043669
940436
9404359
9404354
9404349
9404344
940432
940431e
94043110
940430665038
9404305877
9404305858
9404305641
94043036
940430135686
94043009839
94043006686
94043002990lda
94043001960
940430-0434913
94042aa1
94042Aa1
940429r
940429ej
940429ailamei14
94042967
94042927567
940429145000
94042906055
94042902017andrea
940428vivafrancia
940428n
94042813243
940428105402
940428085333
94042808401
940428065025
94042804490903
94042802519
94042801938
9404276
94042713532BICHO
94042710240
94042701984
9404265631
9404264569
940426155086
940426145056
94042605330
94042520
94042512316
940425055112
94042504178
94042470
9404245866
94042420748
94042418409
94042414799alexand5ra
940424146186
94042413202
940424105608
94042407580
94042406052
94042404513
94042402642jose
94042401
940423ag
94042383
94042318765
940423145552
940423125316
94042310896
940423105016
940423086417
94042302338
94042301498
94042224230
9404222
94042216270
94042212657
940422125170
9404220651
94042202872
94042201n
9404213
94042109112
94042107
94042100581
940420a
94042022017
94042018
94042013778
94042008049
94042008
94042001516
9404200
94042
94041927385leo
94041911195
9404190985963
94041906159
940419035158
940418comunista
94041806219!maca
94041804461
94041802272
94041801748
940417aps
9404175
94041706966
940417055200
94041704718
94041703533
94041703240
94041702626
940417025634
94041701891
940416r
94041628825
94041615995
940416145693
940416115515afiq
94041607801
940415tatan
9404151
940415075662
940415-03-5492
94041414256
94041413713
94041409643
940414075118
94041407497patico
94041405250
94041404471
94041404064
94041403599
940413a
940413136230
940413135182
94041312011
94041309215
940413075108
94041307417
94041305074
94041303438
94041301710tcb
94041257
9404123
94041221741
940412125572
94041210510
940412101095
94041205096
940411m
940411kst
940411hh
9404118760
9404117
940411085089
940411065547
94041106039
94041103994
9404105636
94041006492
94041005011
94041005
94041004724
94041003558.
94041001
94041
940409love86
94040958
94040927
94040921405
940409105634
94040907
9404085k
940408146872
94040814218sagr
94040813297
94040810
94040808551
940408055292
94040805014
94040803828
94040801035
9404080
94040717034
94040705516
94040702487
940407015651
94040701146
94040700441
940407*lpy
94040668
94040622700
94040615860
94040615
940406075345
94040603632
94040602857+
94040527545LOKO
9404052
94040513994
94040507629
94040501520
94040494
9404045472
9404045
94040423391
940404140
940404125812
94040406691
94040403048
940404029475
94040324717
94040323630
94040311496
9404031
940403075649
940403015267
94040301334
940403-10-5094
940402145174
940402075225
94040203073
940401754s,s,
9404016
9404014
94040114771
94040109336
94040109280mi#
94040106696
94040105527
94040105055
940401035803
94040103419
9404010191
940400lp
94040076
9404002
9404000
9403zah
9403wc
9403sb
9403nene
9403lmas89
94039kaywp
9403980
9403967
94039452
94039403j
94039403
940394
9403935089
9403920
9403901
940390
9403893
9403868x
940386
9403858
9403852
9403835
9403820
9403789
94037815
9403764
9403759
9403715
9403708
94036984
9403694
9403681
9403677
9403671
9403633
940362755juanmi
9403618
9403614kh
940361
9403595
9403580
9403573mj
9403542
9403533
94035284
940352165
9403512
9403510
9403506
9403505
94035
9403474
9403464
9403458
940345
9403423
94034066
940337
94033693
94033476
9403335
9403333
940333
9403320
940331dani
940331920904
94033109002
94033108499
94033103276
940331-10-5342
9403308
94033018023
94033011100
94033010936
940330075156
94033006580
940330045245
94033
940329pl
94032992
9403298
9403292
94032919159
94032915390
94032912pie
94032905409
940329015030
940329&
9403289
9403285613
94032829605
94032828722
94032819596
940328105456
94032808241
940328054913
94032802057
940328016429
940328015610
94032689
9403265429
9403263
94032625619
940326145905
94032613
94032605251
94032604395
94032600012
940326-
9403259
940325273t
94032508513802
94032507268
94032507195
94032504633
9403245
940324146787
940324145223
94032410795
940324105141
94032410078ti
94032406070
940323wenyismart
9403239281
94032379630022
9403237
94032318295
94032314133
940323075681
94032306440
94032214
940321luis
94032194
940321730
94032115750
940321086328
94032106921
94032104970
94032102551
94032084585
94032018992
94032013591
940320105056
94032004509
94032004
940320035473
940320015413
94032001330
94032
9403198
94031920
94031910
94031909
94031904573
940318dog7595
94031829512
94031815481
94031813
940318085009
94031806032
940317145823
940317145620
940317095045
940317085533
940317025100
940316126209
940316105758
94031610
9403161
940316085128
940316075886
940316026668931
940315marcelita
94031530347
94031528690ALEJA
94031515
94031514767
940315145782
94031510257
94031506470
9403150615
94031504486
94031503919LM
940314HC
940314145027
94031414304
940314125472
940314115776
94031408
94031407006sebas
94031406514
94031406417
94031405810
94031404970
94031404775
9403139
940313145981
940313035758
94031301038
940312q
940312940312jk
9403125
94031213
940312125727
94031212051
94031209549
94031207317
94031202978
94031202
94031201394
940311yingyue
940311972z
940311961116
94031168
94031101934
94030957
9403095459
94030941
9403092
94030918198
94030915202
940309145022
94030909458
940309016829
94030901619
940308thum
9403083827
94030814708
94030814
94030810346
94030808228
940308065530
94030803757
94030803250tania
94030800235
940307@rda
9403072
940307135621
94030709807
940307075104
940306l
940306dany
940306146273
94030610215
940306065211
94030535
94030508470
9403050757
94030505
94030502200
94030501696MONICA
940305015140
940305.
940304kk
9403045654
94030424152
94030415315
94030409595
940304035027
9403040293020963172
9403038829
94030305480
94030303
94030302782
940303025214
94030301212
940302aj
940302940302
94030294
9403026
940302146284
940302136414
94030210470
94030207151
940302065054
940302045395
940302045387
94030201633
94030201188
9403015397
94030110212
94030106835
940301016031
94030066
94030
9402sk8
9402mpmzh
9402md
9402harrypotter
9402carlee
9402at
9402alma
9402_22
940299
94029884
9402979
9402967
940295
9402947
9402941d
94029402
940294
9402930
9402928m
9402926ray
940292
94029085
9402904
940282731001
9402825
94028191
9402807
9402806
9402802a
940280
94027mt54498
9402796
940279
9402770
9402757
9402744
9402742
94027374
9402736
94027349
940273
9402715
940270
9402672
9402648
9402642090194
940263
9402628
9402623
9402618
9402611
94025883
9402581
940258
9402579
94025719
940257
9402568545
94025650m
94025648
9402564
94025532
9402527
9402525
9402521
940252
940251206
94025
94024999
9402488c
9402484b
940245g7
9402433379
940243
94024228
9402420
9402414
940241
9402406
94024040
940240
9402396
9402392378
9402388
9402386
9402366@jana
9402348
9402320
94022ca
9402298
940229
940228laura
94022823420
9402281903220406080
94022815924
940228145338
94022813085
940228035585
94022801699
940228016
94022801133
94022801
94022717
94022714
940227135824
940227122
940227105879
94022710170
940227065192
94022703328
940226sandris
94022624029
94022605164
940226036103
9402259
9402258
9402255
9402253039
940225136356
940225125294
94022512506
94022512
94022511470julis
94022508371annie25
94022505739nathalia
94022502446
940224xd
940224g
940224@yuna
940224135087
940224086502
940223mami
9402237
9402235055
9402232unojae123
94022326150laura
94022315
94022313767
94022312191
94022306795
94022303354pao
94022301237
9402228
9402223a
940222146081
940222145767
940222115138
940221125705
940221106248
94022108810
940221045158
94022103258
940221015282
9402208
9402206701vilox
94022025
94022012392
940220105681
94022006830
94022001072
94021A
94021915011
940219106126
94021910567
94021906616caramelo
94021906
94021904230
94021903714
94021902114
940219016382
940219016235
9402190
940218pene
940218f
9402185580
9402185527
94021851
94021817
94021802411
94021710
94021707168
940217-10-6069
940216nataliarm
940216jie
9402165-1
94021626010
94021618688
94021609905
94021607805
940216015341
940215mimi
940215ktkz
94021599
9402157
9402156
9402152410
94021509110
94021506480
94021504810
94021502361
940214@
94021390
94021331
94021313771
940213115320
94021304179
94021302869
940212alex
94021225112
94021219309
94021213360lololo
940212085756
94021208196
94021203437
94021201272carlos
940211aj
9402119
94021111737
94021107
940211065534
94021102827123
94021101928/
940210738
9402105738
94021015746
94021015
94021012593
940210115747
94021005422
94021005090
940210-355
940209j
940209126000
94020905063
940209025103
940209016926
940209015001
9402090
940208vico
9402085
940208146202
940208125890
94020812170
94020811
94020802884
9402080255
94020800024afbo
940207xueni
940207po
940207p
940207605
94020728412
94020716279
94020713
9402071
940207085903
94020707513101
94020705692
94020701620
94020679
94020626946
94020613
9402061
94020602338
9402060
940205luisctb
9402055
9402054
94020527
94020508269
94020508080
9402050807040
940205075277
94020507
940205055508
94020501779
94020500993
940204alexa
94020424480
94020416771
94020410571
94020409929
94020404
94020402304
94020401693
94020401359
940204/7889*
940203106105
94020310086
9402031
94020305970
94020303
94020301746
940203-12-5277
9402025502
9402023i
94020220052
94020215636
94020213447
940202115595
94020209270846
940202085613
94020206
94020205606
9402018
9402015475
94020121461
94020113272
940201105336
9402011
940201052371994
94020103676
94020102495
940200a
94020
9402
9401wind
9401rk1227
9401nohayamigas
9401june
9401jg
9401dalin
9401april
9401989
9401986
94019848
9401977
9401976
9401947
9401946
940194
9401938
9401936
9401910
9401890
9401884
94018830
9401856
9401854
9401852
940183
9401829
9401819
94017941shara
9401786
9401770
940176988
9401765
9401759z
9401757
94017303
94017013
9401680ak
9401675
9401659
940164tom
940163teenger
9401595
9401593233
9401592b
940158
9401577
9401571a
94015642
940156
94015590
9401529
94015140
9401512
940151
94015085
940149alama
9401499k
94014971
9401497
9401494014
94014644rmn
9401453
9401452+
940144
9401435
9401433
940142365
9401423
9401420
9401405987
940140
940139478
9401387
9401382704
9401377927
940136
940135
940134
9401336
9401331
940131thirtysecondstome
9401312
940131145171
940131126317
94013109570...
94013104039
94013102532
94013101390
94013075819
9401306
94013013050
94013012614
94013008218
94013007092
94013003615
94013
940129nm,
940129danny
9401299
9401298c
94012911739
9401290910
94012903175
94012901229
94012858
9401285
9401283547
94012834
9401283
94012826952
94012814954
940128106235
94012806242
94012802344
94012801640
94012801410
940128003
9401280
940127nanda
940127247
94012706698
94012702692angel
9401270256
9401270
94012655
9401262
94012616265
94012611158
94012609846
94012607711
94012606820
94012605930
94012603309
940126*
9401252836
94012515744
940125146426
94012512206
94012509027
94012507
94012505501
940125017157
9401246
94012415774
94012414557
94012407089
94012403091
9401240260
94012402133
9401238
9401236
940123585
940123145892
940123145745
94012312
94012306401
94012304107
9401223
94012225266
94012222
940122145743
94012205605
940122016159
940122015420
940121lim
940121carman
9401219
9401215
94012115894
9401211061
940121086008
940121075130
94012104892
94012104361
94012102270+21=yo
940120mama
940120665024
9401204
94012023132
94012022985
94012009636
94012008
940120017115
940119hERMOSA23!
940119a
94011905115
94011904852
94011