90111816
901117a
90111778
90111757517
9011175728
90111750121
90111716
901117136031
901117125666
90111704258
901117035257
901117016777
9011169
90111676690
90111667828
90111663164
90111659710
90111658314
90111654653
9011165249
90111650585pxn
90111650
90111611
90111610
901116075409
901116065593
901116025188
90111594
90111580749
9011158
90111577934
90111562970
90111562210
90111557305ERIK
90111553920
90111551510
9011152122
9011152
90111513
901114s
901114800412
90111462240
90111459605
90111458390
9011143
90111420
9011142
90111414
901114045054
901114015074
90111369852
90111355648escorpio
9011132
901113145862
901113145512
90111314
901113136763
9011131359
90111312
9011130214
901112shamala
90111259398
9011125572
90111254884jz.
9011125288
90111251656
90111250021
901112136219
901112115661
901112085511
901111EL
9011118556
90111172853
90111158079
90111151414
90111110
9011110404
901111-01-5503
901110clxy
9011108230
90111073588
9011107
90111066913
90111058872
90111057736m
90111053250
9011105167
901110136426
901109dmn
901109a
901109Ed
90110991
90110969570
90110962834
90110961960
901109610
90110958144
90110951069
90110950631
9011092007
9011091906
901109055258
9011090110
901108v
901108nini
90110857399
9011085510901108
90110853270
90110852753
90110852192
901108115087
901108105276
90110808
901108065067
901107karenpaola
90110762369
90110760
90110755499
90110754212
901107512300
9011070862888
901107075829
901107025258
901106diana
90110663047
90110662776
90110662083
90110661729
9011066
90110659503
90110658787
90110656148
90110654390
90110651979
90110650689
90110621
9011061250
9011061
901106075691
901106075480
9011060
901105emvr
901105e
901105abc
901105_lacri_linda
90110565606
90110563654lili
9011056
90110559614
9011055722
901105478
901105145942
901105135680nur
90110513
90110503
901104eb
90110467051
90110450582
9011045
90110428
90110418
9011040
901103belgica
901103LAUSlaus
901103@08@5093
9011039042
90110378989
90110378385
90110371780YCOg
90110361458
9011035180
90110323
901103102988405923900
901103-08-6088
901102bb54
901102as
90110297
90110264720
9011026119
90110253230
90110252713
90110251563
90110250516
90110231202
90110229691
901102135132
90110213
9011020750
90110201
901102008
901101m
90110183088
90110157230
90110156277
90110153006
90110152182
9011013
90110127
9011012
90110119
901101105820-hin
901101105636
9011010310
901101025185
901101015147
901101-51038
90110074213568
901100
9011
9010sj
9010pieles
9010bollo
9010bitches
9010a5215
9010NICKI
90109kj
9010997
901099070
901097
9010965
9010959f
90109524
901094
901093jl
9010937
9010934
9010933
901093
9010924
901092103
901092
90109183
9010917
9010905
90109007
90108w
9010894h
901089
9010878
90108725
90108697
901086
901085
90108421
9010830
9010829
901081450810
90108136
901081
901080943
901080313
9010801
90108
9010789
90107807
90107770
9010775
901077
90107675
90107662
901076
90107362
90107228
90107195
90107173
90107
90106b
9010699
9010697
90106795
9010676
9010671
90106612
90106602
901064
9010627
901062419
90106221
901061015
90105912
901059
901058m
901057
90105675
9010565kl
90105642
90105634
901056
9010554
90105460
901054
90105272
90105204
901051368
901050
90105
9010498
9010486
901048313911
901048
9010477
90104664
90104459
9010445294
90104284
90104257
90104209
901042
9010419
9010418300
901041598v
9010413
90104122
9010409295
9010406
901040
90104***
901039374
901038344855517
9010380
9010366abc
90103607
9010360
901036
9010351
9010344921
90103436
9010335
90103203
901032
901031FALLEN
9010316299
90103158094
9010315775621457197
90103156
90103152339
90103150174
90103123
90103115
901031146693
901031125278
901031115483
901031017285
901031016450
901030z
901030900915
901030875018
90103067*mrz
90103065070
90103062305jefferson
90103056178
90103054140andre
901030517
90103034
90103030
901030125647
901030105232
901030095097
901030075352
901030036329
901030015464
901029801121
90102972820
90102963996
90102955330
90102954687
90102951
90102929
9010291478888
901029145915
901029145421
901029115126
901029105112
9010290899
901029086193
901029075769
90102904
9010290113
901028gu
901028901028901028
901028883
90102879316
90102862960
9010286236
90102860100
90102859013dani
90102853619
90102851721
90102825
9010282
901028133
90102810
901028095055
901028085068
901027octubre
901027lina
901027lee
901027a
90102755781
9010275136
9010274482
901027115210
901027016861
901026yuyis
901026_k
90102692
9010269
9010268j
901026850711vanelinda
901026789
90102672053
90102668188
90102660551
90102655701
90102654160
90102650297MRc
90102626
901026145602
9010261156773
901026105256
901026105176
901026086059
90102608
90102603
901026016237
901025yesi
90102581256ML
90102563556
9010256030
90102560
90102556037
90102554301
90102552660
90102551860
9010255005590102550055
9010254
9010253360
901025146267
9010251314
901025075489
901025**-
901024f
901024eh
901024azurazack
9010246
90102453432
90102453181
901024520612007
90102439
901024146302
901024145051
90102413
901024016655
901024*L
901023h
9010239
90102380478
90102371207123
90102355937b
90102352709
90102350463
90102350234
9010231t
901023085341
901023065471
901022l
90102260650
90102256700
90102255843
90102255746
90102254537
90102254383
90102253310
90102250736
9010223533794
901022145314
901022136792
901022105400
901022105013
90102202
901022015130
90102178199
90102174711
90102172166
90102162659
90102162535667275
90102158694
90102157450
9010215566
90102151339
90102150227
901021105505
901021035754
901021017054
90102062085
90102062042
9010206162
9010206
90102057731
90102051601
90102030
9010201816
901020154088
901020138
901020125125
90102012
9010201
90102005
9010200471
901020036309
90102
90101c
90101977
90101972746
90101959316
90101959138
901019548702657
90101927397
901019086608
90101908
901019025717
901018hdfrzn
901018csh
90101860360
90101860085
90101859699
9010185968012
90101856479
90101853522
90101851450
90101850985
90101821871
901018181090
901018115438
901018085515
9010180751
901018015242
901017chica
901017a08s5249d
90101787
90101779083
90101777730
9010177
90101769878
90101768642galan
90101766410
90101764400
90101764388
90101764043oscar
90101759117
90101758507
901017136448
901017115022
901017086639
901017085097
901017035022
901016881218
90101679160
901016666
901016605038
90101657948
9010165473
90101653233
90101650404
90101650242
901016182
901016145406
901016126547
901016105252
90101604
901016016030
901016-56097
901015JHON.TEAMO
90101570494
9010156321
90101560081
90101558770
90101552151
9010155
901015145543
901015145500
901015145308
901015126190
901015126115
9010150658
901015025736
901015015976
901014ci5245ma9
90101490FLOW
90101478610
90101463477
9010145e
90101451916
9010142799
90101425
901014126551
901014126295
901014*
901013edijr:)
901013_nic
9010137
90101363235
90101354350
9010135262
90101352438
9010135192020773
9010131703
901013085102
901013075158
901013065267
901013035279
901013015470
901012knz
901012aj
90101288
9010127576
90101260231
90101258911r11
90101256072
90101255050
9010123
901012136692
901012075383
90101203
901011vm
901011sgm
9010118
90101177784
9010117
90101168904
9010116265
90101160725
9010116
90101159476
90101157686
90101155462
90101133
9010113
901011145298
901011136658
901011125975
90101110
901011095067
9010110
901010ml
90101059013
90101058777ti
90101058777
90101055654
9010105483
90101015610
901010126669
901010085414
901010085289
901010025753
901010025745
90101
90100pcms
90100bml
901009k
90100951974
9010092
901009146777
901009145694
90100914
901009125087
901009075270
9010090123
901009-01-6147
901008J
90100882620
9010088232
9010088
90100863439
90100857579
90100852674
90100830
90100819
901008105711
9010080855
901008016583
901007a
90100778067
90100775297
90100760133
90100760
9010076
90100758694
90100756039
9010071652
90100708
901007-01-5183
901006b
90100663219
90100655
90100654899
90100614
901006115211
901006085876
901006035107
901006016299
901006015122
901005a
901005940226
90100570148
90100563842
90100562994
90100560010
90100558466
90100552140
901005081019jjmm
901005035340
9010050
9010048546890100465468
90100468
90100460261
90100453257
9010045294
90100451157
901004135294
901004125774
901004036149
901003aji
901003ai
901003a
90100366
90100353511
90100350997
9010034
901003145781
901003065335
90100303angah
901002valen
901002rockja
901002h
9010028510
9010027636
90100275235
901002727
90100264861
9010025322390100
90100251476
9010023
901002115193
901002075371
9010020702414
901002045463
901002035767
90100203
901002025366
901001n
901001@
90100184
90100170450
9010017
90100168609
90100166460
90100160
90100159413
90100157780
90100157682
90100156678
9010015
9010014
9010013630
90100114767
901001105057
9010011
9010006
9010005
9010003
901000035816
90100
901.TMS
901-6449473
901-5558
900z900
900you
900yosi
900words
900wgqi
900wfljdm
900west2nd
900wei
900vchm
900vala
900usa
900turbo
900ttacr
900tsyr
900tonyhawk
900tjk
900thshit
900thi
900tailgrab
900strongdollars
900straits
900ss93em
900squaremetas
900spudy
900snakedogs
900sixand3five
900rsw
900rrr
900rrfiero
900rranna
900rr
900rools
900randell
900race
900qauun
900pop
900poo
900pimpman
900peach
900overandout
900nosir
900nisadon
900ninja
900niggas
900nie
900mrahc
900mob4life
900miles
900mhz37
900mcnasty!
900marcia
900mapaches
900love
900lollipop
900leo
900lattard
900ladyven
900krb
900kgaj929
900keyz
900kaw
900k800i900
900k119
900jorge
900jam
900illion
900ice
900hotboyz
900hoe
900history
900hes
900hernandez.
900gurl
900grand
900girl
900giraffes
900gari00
900flip
900fit
900dip
900dewitt
900der
900deely
900day
900dano316900:)
900cuties
900cty
900cool
900city
900ccw
900cbrrr
900cam
900boyz
900boss
900bone551soft
900blok
900block08
900blk-conned
900bingham
900bear
900bananas
900bambi900
900azk
900arshiya900
900amsummit
900ale
900abcxt
900ZONE
900VILL
900MHzz
900MHz
900MH2
900ESO
900ChRisT
900CLUB
900BaseT
900BLOC
900BLK
900@mhz
9009ztrqw
9009sergioa
9009red69
9009newyorkcity2
9009mdl
9009md
9009lynn
9009ks
9009family+
9009cusey
9009ae
9009MDL
9009HUI
90099999
90099997
9009995
9009990
90099824
9009980
9009974
90099735
9009957690
900995
9009944
90099330
9009933
90099318
9009931
9009929
9009925
90098katracha
90098923
900989
90098765
9009870
900987
9009869
90098665
9009864
9009849
90098448
900983
90098273
9009827
9009808
90098
90097700922
9009769
9009768
90097606
9009758
90097557
9009744devil
9009740
900974
900972548
90097201a
90097201
9009713
90097
90096a
9009696f
9009693
9009687674
9009683
90096722lokis
9009671
9009659
9009628
9009622ilik
9009621
90096190
9009619
9009612
9009599
9009557232
900953
9009500620
90094a
90094905
9009484
9009481
900948
900947a
9009461
9009439
9009433
9009424
9009409130
90094054
900940537929
9009405
90093954
900939
900937809182604360
90093497
900933ikel
900933
9009326
900932
9009306949732669
9009306087
90093057723anjos
90093057685
90093055275
90093054252
90093010
9009300
900930/
90092980
90092979
9009297616
90092972061
90092957445
90092955558
90092954500nata
9009295413
90092951580
90092951064
90092950718
9009294
90092914
900929126408
900928z
900928jhones
900928a
90092882070
90092880302
9009287599
90092866725
90092866020
90092864218
900928170
900928145789
900928126342
900928085034
90092808
900928075215
900928055097
900927mno
900927frfc
90092777137
90092774758
90092771155
90092770779
90092760471
9009273
900927136004
900927126236
900927085016
900927065496
900927055335
900927055271
900927035799
90092671
9009267
90092652385
90092646378910
90092626975
900926260990
900926115535
900926065275
900926016166
900925ca
900925E
90092588
90092576
90092572926
90092570338bta
90092567895
900925540491990
9009255
90092544000
90092527
900925105853
900925086541
90092501
900925-55428
900925-05-5091
9009249
90092466
90092460419
90092456152
90092453
90092451835
9009242824
900924209
90092403
900923guapo10
900923f
900923carol
900923C
90092382
90092368610
90092360961
90092360902
90092358665
90092356301
9009231patrick
90092317
900923016638
9009230
90092267490
90092261777JP
90092259322081186
90092255599melissa
90092251976
90092208mj
900922085631
9009220
900922.N
900921nn
900921j
90092157317
90092151912
90092151564
90092150037
9009214
90092116
90092112
900921035827
900921016378
900920m
900920annie5654
90092069353
90092062650
90092058866
900920145602
90092010
900920085152
900920045337
900920035278
900920025897
90092001
90092
90091969695
90091968990
90091965126
9009196177
90091956178
90091946
9009194151
900919085489
90091908
900919045655
90091904
900919016336
900919015261
90091901
900918s
90091881453andrea
90091864435
90091863790
90091857579
90091819
900918145697
900918106335
900918086658
900918075035
900917di
900917ckin
9009178
90091770511
90091755857naty
90091755415
9009175407
9009175228
90091705409
90091664533
90091662280
900916589164
90091654651
90091651385dan
90091650532
900916136009
900916075680
900916055428
9009158
90091568097
90091565829
90091564050
90091564040
90091562
90091559926
90091559624
9009154643
90091535
900915115310
900915015424
900914c
90091458976
90091458143123
90091458089
90091456590
90091452706
90091452560
90091422
90091415
900914115669
9009140863
900914086191
900914085279
9009140
900913m
90091385
90091368357
90091361620
90091360941
90091350784
90091344
9009131259
900913055190
9009130
9009127g
90091272313
90091261145
9009126
90091259345
90091258829
90091254866
900912146242
900912146189
900912145282
900912126575
900912085216
900912065311
90091206
900912045089
90091204
900912035980
900912035382
900912015269
900912015197
9009120001
900911w
900911s
9009117777
90091177195
9009116282
90091161639
90091160101
90091152893
90091152516vero
90091152346
90091151358
90091150734
900911146945
900911075200
900911055517
900911035508
900911-55221
900911--
90091082933
90091065
90091063971
90091059320cali
90091058706
9009105708
90091054794
90091052
90091051787
9009103
900910145932
9009101452
9009101
90091008
900910075655
900910045181
90091001
900909m
90090986
90090967150
9009096217
90090951377
9009095091
9009094896lee
900909145601
9009090855
900909036237
9009090090
900909003
90090874089
900908726
900908688
90090861904
90090859063
90090853979
9009080955
900908086224
900908075023
900908025704
900908016955
900907smile
90090757554
9009073713
90090714
9009070a
900907065026
90090704
900907-58216
900906estef
90090672672
90090669
9009066
90090657711
90090653112rasta
90090652264
9009064293
90090627
90090626
90090623
900906135264
90090611
9009060hh
90090606
9009060476
90090604
900906025516
900905eliot
9009058
90090575359
90090565558
90090564004
90090563610
90090562184
90090560319
90090558756
900905578587
90090553070.gars
90090552804
900905520
9009052254
900905145567
90090512000
900905105223
900905086392
900905086229
900905085779
900905085648
900905075028
900904fz
900904900904
90090488
90090480463
9009045
9009044984
9009044745
9009044
90090418
900904146568
900904035411
900904016034
90090355359
900903125319
9009031159
9009030
90090263946
90090262903
9009025172
900902025607
900902015046
9009020
900901900916
9009018
90090177779
90090175
9009015658
90090152539
90090151966
9009015
9009012
900901145359
90090104576840
900900t
900900m
900900jlb
900900dubb
90090099
900900911
9009009002
90090090
90090072
900900700
900900555
90090049
900900180
9008zipvd
9008tzs
9008rr
9008jug
9008js
9008hermano
9008del
9008dech
9008cw
9008connie
9008cha
9008am
9008@19#
90089945
90089904
900899
9008989
9008979666
900897
9008967
900896
9008914
90089110
900890
90088d
900888
900887
9008864
900886
9008843
90088333
9008828
9008821
900881
9008801297
90088009JB
90087900876
9008790
900879
9008787
9008784
9008778
9008776
90087668
9008766
9008764
9008762
900876
90087501169
9008740
9008737a
90087157
900870l
900870a
90087059
9008700
90086PURPLE
900869
9008686
900867
90086681
90086622
900866
90086431
90086371
9008625
9008614229
9008601
90085955
9008595
9008580
9008575
90085749
9008571
90085699
9008569
9008548179
900853
9008527
9008525
90085196
9008508
9008482
9008479
90084742
900847
90084474
9008433
9008428
9008399
9008390
90083637
900836
9008358
9008353
90083485
9008348
9008347
90083441
9008344
900834
900833
900831CYS@@
9008317478
90083164556lya
90083162715
9008315669
90083155980
9008313
900831106038
900830killy
900830a
90083074689
900830675028
90083066457
90083060157
90083058276
90083052600
90083013
900830115186
90082a
90082964281
90082956467
90082954782
90082952
90082951864
9008295
9008292
900829146225
900829145847
900829106004
900829016076
900828jb
900828915002
90082879438
90082858708
9008285637
90082817
900828126441
900828115689
900828085387
900828030455AABB
900828030455
900828015522
900828015303
900828006
900827ll
900827740
9008277
90082762590
90082758347
90082753159
90082750052
9008273990
900827095161
900827065923
900827065624
900827016961
900826libib
900826anis
90082655360
90082654363
90082654177
90082654002
90082652670dayanita
900826146289
90082571441
90082569196
90082565433a
90082563520
90082563252
90082562833maria
90082562370
900825155095
900825085197
900825055414
900824felipe
90082484946
90082462006
90082459528
90082456446
90082453619
90082452876
90082451314
90082451
90082450598
90082421
9008242
900824146533
900824146277
900824126057
900824045134
900824*54674
900823jaime1
90082379575
90082354785
90082353657
900823115364
900823045474
900823016155
90082270620
90082263925
90082258239
90082254284
90082220
900822126475
900822105279
900822105105
900822065182
900822055435
900822035012
9008220
90082161960
90082160611
90082155979jenny
90082154476
90082154107
90082154077
900821075290
900821025410
900821-52988
900820yen1
900820wwy
900820reggaeton
900820kjb
900820900818
90082068391
90082061346
90082059430
90082058671
90082056954
90082053750
90082027
900820145509
900820145429
900820126121
900820106307
900820086086
90081977690
90081977410
90081959349
90081950589
900819105868
900819086396
900819085342
90081904
900819025649
9008190
900818reen
90081880394
90081880
90081864488
90081862094
90081861462
9008185864
90081851661
90081850142
9008183
90081818
90081814
900818136670
90081760747
90081760143
90081759048
90081758203
90081754780
90081753198
900817145196
900817126171
900817125734
900817085437
900817085146
90081703
900816z
900816j
900816a
90081662060
90081660971
90081637
9008161550180
900816146058
900816145063
90081614
900816085670
900816035673
900815tay
900815j
9008157604
90081572991
90081558794
90081557917
90081550
900815145387
900815145010
900815085249
900815075593
900815055138
900815025174
900815.yop
9008147
90081463203
90081462479
90081458692
90081427
900814145676
900814115039
9008141022
9008141
90081409
900814085095
900814055179
900814045173
90081401
90081378
9008137
90081368588
90081357896popo:
90081357438
90081355346
90081354986disk
90081353912
9008135
900813145404
900813138079
900813075979
90081306
900813025701
90081301
90081300
900813-mcpk
900812ps
900812jku
90081278716
90081270278
90081259576
90081224
900812146106
900812085980
900812025013
900812015704
900812015210
900812003
900811DM.
90081168228315
90081164966
90081151570
90081150493
900811145566
90081112
9008111
900811075318
900811064
900810pol
9008106762
90081065330agosto
90081063337tatis
90081053943-pipe
90081053765
90081053617
9008105133
90081020
9008101879
90081015
90081014
90081010089019567505
900810.mely
900810-52874
90081
90080966198
90080958748
90080954769
9008094
900809146455
900809145575
900809145495
900809145196
900809055123
900809025426
900809025119
900809015420
900808bpr
90080886
90080878825
90080876997
90080875419marcela
90080866215
90080863143
90080861450
90080860977musica
90080858794
90080829
90080828
900808145944
900808115147
90080808
900808045257
90080767012
90080766
9008076489
90080762630
90080761260
90080754972
90080753259kate
90080752279
9008073
900807136587
90080712
90080711350
900807045457
900806abril
9008068
90080654471
90080652410
90080651081
9008065
9008064
900806085765
90080552768
90080552717
9008053451
900805145877
90080510
900805075397
900805045091
90080480
90080458
90080452658
90080451724
90080450175
900804136688
90080411
900804109
900804105849
9008040655
900803waca
90080351959
90080351878
900803065005
900802sm
900802lunitas
9008027
90080268245
9008026
90080256026
90080255429
90080254724
90080254490
90080254392
90080250630
900802145935
900802025642
900802016359
900801f
900801aa
90080188
90080161220
90080159810
90080159586
90080156676
90080155440
90080154037
90080151704+0
900801145263
900801138645
900801126169
9008011
900801095075
900801065802
90080103
900800p
9008009
900800700
90080
9008
9007npq
9007meins
9007hw
9007hello1
9007ee
9007cjslek
9007ben
900799
9007982
900796500
9007942
90079415
90079379
9007932
9007924
900791513
9007915
900791
900790400
90078903
9007879
9007872
900786
9007858
900785
90078475
90078204
9007815h
9007815a
9007815
90078065
900780
9007798
90077945
9007789
9007782
9007779
900777
9007764
9007758
900774
90077309
9007723
90077182055
90077116
900771010
90077070
9007707
90077
90076987
900768
90076666
9007660
9007654321
9007634
9007631
9007618
90076094
9007602
9007601
900759208
900757646
90075484
90075482
900754
900752
9007494
9007487
90074764
90074748
9007472
9007469
90074672
9007467
9007464d
90074538
900745
9007443
900743mkd
9007433
9007430
900741kl
9007416
90073917347
9007387
9007375
900735
900734
900731love
90073177145
90073175215
90073164191
90073163004
90073150905
90073150751love
90073150743
900731145048
90073110
900731075115
900731015876
9007310148
900731-56458
90073061287
9007306
90073057336
900730055251
90072pp
90072kpppe
900729619263316949
90072958216
90072956078
90072954210
90072950916
900729145815
90072872
90072862448
90072860798
9007286058
90072851900
900728145629
900728137063
900728045185
90072759752
90072757555
90072755200
90072753657
90072752804
90072752286
90072750330
9007274922
90072745
9007272
9007271b
900727146750
900727-823
900726n
900726DD
90072657
90072651250
90072650890
900726115469
9007260850
9007260358050148139015
900725i
900725cisca
900725Art
90072584
9007256583
90072564
90072557076nano
90072552961.i
90072552058
9007255
90072536
90072513
900725075274
900725055548
90072471309
90072471
90072457829
90072455974
90072450735
900724145859
900724145760
9007241106
90072411
90072410
900723daya
900723amad
90072366920
90072352377
90072351737
900723016764
900722h
900722Cv
9007227
90072263960
90072261754
90072256920
90072255282
90072254480
90072253360
90072250701
900722145126
900722115445
9007221050
900722025562
9007220147
900722-68449
900721luisaK
90072168
90072157833
90072154702
90072150286
9007212
900721148
900721075453
900721015856
90072100
90072072104
9007206530
9007205566
90072027
900720125682
900720066002
900720035484
900720016953
900720015467
90071969869
9007193
9007191372800611
900719125917cn
900719105561muhd
9007190974
900719045407
900719015347
90071878138
90071868698
90071867993
90071861618
90071860832
90071858323
90071853
90071852295
90071812
90071761702
90071758795
90071751456
900717146319
9007171
900717086280
900717045219
90071703405
900717025752
900716cris
90071680850
90071672017
90071659096
90071651575
90071650617
90071613
900716126535
900716125030
900716085024
90071605r
9007160452
9007158
90071559628
90071557471
90071552593
900715145312
900715105695
900714J
90071494
90071462608
90071457094
90071453285
9007142122
900714146081
9007140leanawu
900714086349
90071408
900714065046
900714045344
9007139057
90071372790
90071365050
90071355992
90071352594
9007135
90071312
9007131
900713065984
9007130355
90071257
90071253618
9007123640
90071225
900712135289
900712125834
900712086118
900712085334
90071206
900712025278
9007120
90071159115
90071157651
90071156124
90071152986
90071150525
9007111aaa
900711137518
900711086351
90071080489
90071072796
90071069345
90071053821
90071022
90071012
900710115608
900710025434
900710025135
900709logddany
9007098
90070958731
90070952008
900709085659
9007090786
9007090414
900709025779
900708956
90070876794
90070865790
9007086
90070857196
90070853832
90070851937
90070850922
900707a
900707890818
90070764279panda
90070760516
90070754850
90070754770/erik
900707115682
90070707diego
900707-58538
900706iamthebest
900706c
90070675
90070667427
90070653655lina@
9007065175051750
900706145310
900706126419
900706126339
900706126275
900706065118
900706055307
90070590
90070578823cali
90070556820
90070551950
90070550988
900705147082
900705075453
900705075234
9007050165
9007048
90070458399
90070458070
90070454229
900704195
900704146598
900704123
900704085692
900704016195
900703zanny
900703ke
900703abc
90070360496
90070360437
9007036
9007035946314435
90070356367
90070353694-17
90070352310
90070350
900703101
900703045031
900702c
90070278226
90070263016
90070261250334
900702591
90070258551
90070254718
900702137823
900702085023
900702035819
900701pipiey
900701exuberant
9007016286
90070152931
90070152338
90070150416
90070132
90070099
9007009
90070
9007
9006sh
9006sg
9006orange
9006love
9006johannita17
9006er
9006ds
9006camass
9006972
900696m
9006967
9006938
9006936
90069271
900692
90069117
900691
90069006nt
900690
90068747
90068710
9006863
900686
90068590527
9006822
9006806
90068
9006789243301
90067722
9006761026
9006756
9006735
900673
90067246
900672
9006708
90067-6008
900669
90066863
90066778sux
9006659
90066503
9006643
9006640
90066331
9006631892
90066300
900663
900662775430168
9006616
900661
900660
90066
9