42909421
9142901680
914289169
91428914k-ro
9142889121
914288
9142876
91428723
914287
91428570
914283537
9142825
914282
91428173
914281628
9142800
91428
9142799
914279654
9142796
914278084
91427801
914277078
9142769
91427639
914275111101019
91427500
91427443
914274
9142731=
914273077
914272838
9142728
91427270
914271
914270571
914269102
9142685
9142680
914267526
9142671381303689
914266792856
91426663
914266591
914266
914265871
9142657
91426460
91426412
91426299143245
914262357
91426129
91426124
9142608
914260500
91426005
91425j
91425a
914259517
91425915
91425903
91425867
91425629
914256
9142552
9142536
91425318
914252952
91425292
9142523
9142522
914251mv
9142519
914251854jony
914251706
914251138
914251006
91425030
914249a
914249309
914249176
914248j
9142488
914248218
914248
91424734
914247
914246997
914246369
914246254
91424544
91424512
91424503
914244868
914244002
91424344
9142434
9142432
914243008
91424297
9142420
914241719
914241468
914241307
91423830b
914236890
91423603
9142357
9142352
914235
9142349
914234328
91423359
9142335
914232966
9142326
91423250
91423224
914232154
914231979
9142318
91423160
91423133
9142312
9142297
9142294
914229253
9142290v
914229035
9142288
9142281
91422756
9142275477
914227
91422624
9142262
914226178h
914226007
91422591
914225425
914225312
91422530
914223176
914223072
914222984
91422296
9142217
9142213
914220
914219964
914219871
914219612
9142186..
91421782
9142177
91421512
914214063
9142138416
914213154kanina
914213057
914213030
914212gp
914212a
914212804
9142125s
914212556
914212262
914212
9142116
914211431
9142113
914211
914210588
914210161
91421010
91421
914208569rb
91420813
91420731
914207304
91420730
9142072
914207017
91420636
914206155
91420610
91420514
914205
9142036
91420299
9142027
914202471
914202050
91420186
914201671
9142014
91420114
9142011
91420108
9142010
914201
914200942
914200783
9142000
91420
9142
9141rm
9141isa
9141girl
9141998
914199726
914199512j
9141995.jm
9141992lin
9141990881
9141988M
9141987
9141984
9141983
9141982ma
9141980m
9141976
9141975blow
9141970
9141968
9141966
9141957
914195311
914195240
9141950
914194514
914194
91419301
914192880
91419257tando
914192344
914191477xafy
91419131
914191139
9141911
914191
91419094pandasux
91419080
914190737
9141900
91419
9141896
91418895
9141887
91418851
914188342
914188214
914186
9141852
91418517
9141832
914182426
9141823
9141812
914181150
9141811
914181
91417975
914178840
914177340thdahi5
914177210
914176498
91417594
914175695
91417557
9141750
914174816
914174
914173944
914173762
9141735
9141731
9141728
914172503
914172176
914171522
914171210
9141705
91417032
9141698
914169149
914169141
9141688
9141687
914168013
9141678
91416779
91416748
91416709jeh
914167
9141666
91416653
91416579
914165391
9141647
914163980
914163641
914163061
91416297
914162066
9141611
91415944
9141594
914159079
91415888
914156737
9141564dlwofl
914155972rafael
91415559
91415475
914153939
9141538
914152536
914152522
9141525123
9141522
9141518
9141516798
914151206
914150843aj
91415041
91415031
914150191
91415016
914148094
9141479
914147
914146815
91414680
914146285
914146247
914146044
914145583
914145401
91414518
914145019
914143918
914143704
9141435
914142834
914142576
91414200
914142
9141419
914141079
914139798.11.11
914139475
914139
91413823
914138086
91413780
9141376999
914137211
914136024
914136
91413504
914134886
9141343
914134283
914134182
914133325
91413328
914132425
914131411
914131
9141307
914130
91413
91412909
914129070
914129
914127064
9141267
91412665
91412573
91412556
914125546
914124905
914124885
914124757
914123mm
9141230
914123
9141224
9141219
91412110
914121
9141205m
91412050
914120492
91412023
91412022
9141201
91412000
91412
9141197641
914119328
91411902031988
914119
91411859
914117417
914117301
914116765
914116300
91411577alessandra
914115270120796
914115
9141149
914114721..m
914114436
914113531
91411349
914112788
914112310
91411210
91411202
914111822
9141118
9141110
91411085
914110226gl
91411
914108896
91410846
9141078
914105873
914104
9141037
9141028
9141025627
9141025
9141022
9141018
914101759
9141015
91410135
9141012
914101145
91410053
91410035u
9141002273
9141
9140Roxy
9140ECG
91409935
914099
914098532
914098221
9140981
9140974
914096955
9140963A
91409635
9140963
914096035
9140955
91409545
91409386
9140938
914093140
91409303
914093
914092539
914092307
91409196
91409140
914091387
9140906
91409018
9140884
914088081
914087979
914087817
9140864
914085616
914085575
91408556
9140847
914084668
91408460
91408366
914081872
9140805
91407rj
91407jack
91407alvin
91407MD
914079131
914079
914078563
9140781
914074271
914074150
914074
914072530
91407108
91406VN
9140693
9140691406
914068920
914067134
914066391
91406577nn
914065174
914063414
914063050
914063
914062775
914062
9140616
9140610
914060198
914060074
91406
91405t
91405jm
91405ea
914058208
914056995
914056089
914055123
914054603
91405444
9140534
9140511
914050773
9140504591403879
9140503
91404as
91404891
914048222
914048
9140478h
914047467
914046318
9140462
9140461
9140460684540
91404562
914045609
9140456
9140434
9140432367472
91404321
914043
914042350
914041889
914041757
91404143
9140403
91404013
914040
91404
914038605
9140386
9140385
9140384
91403745
914036304
914036
9140359
9140356
914035400
9140352
914035095
914034364
914032847
91403269
914032587
914032035
9140305
91402J
914029111
9140290
9140289
914028470
914027289
9140269522S
9140268
91402543
914025
9140243
91402426
91402383286
91402383
914022307
914021913
914021581
914021248
9140208010
9140205
9140204
91401tcli
91401jlc
9140199757
914017617
914017
914016160
914014400
914013351
91401104
91401037
9140103
91401
91400mara
91400c
91400966
91400916
91400817
914008138
91400743
914007355744878
914005391
914003819
9140037
91400321
91400270
914002559
91400231
914001586
91400085
91400063
91400041
914000087
914-aries
914-0918
914**2402
913yin240
913xlt
913virgo
913valley
913turq3
913tomatobird
913thegap
913tattyteddy
913squiky
913south
913something
913sexy
913rdgtp
913perry
913october01260529
913nino
913nicole1019
913monkey86
913model
913mikee
913mifamilia
913maliah
913m107l
913looboo
913loes
913lmw
913kjh
913kat
913kaceka
913jmmt
913jen
913jb518
913jayhawks
913jam
913hope
913ho40z
913haf
913guaiya1
913gerg
913game
913frisco
913fpk02096b4
913fmr
913fire
913faggot
913evloki
913erykk
913dudes78
913dee
913cynthia
913cindy23
913chinita
913bunk
913brown
913babe
913augusto54501
913arwdr
913ap
913ana
913amber
913ale
913adidas
913REVERDY
913AV816
913AA
9139ts
91399917
9139985
913998391
91399785
91399780
91399722
91399627
913994496
913994271
913994
913993
91399207
91399085
91399064
91399005
913990
91399
91398852ciny
91398852
91398826602
9139870
913985cm
913985693
9139842339
91398412
913981246
913980746
913980
91398
91397u
913979915
9139798
91397961
91397924
9139785
913978468
91397783
9139778
913977
913976701
91397629
9139753
9139734
9139730
913973
913972006
913972
913971681
913971
913970670
91396pac
91396l
91396L
91396962
913969241fafe
913967980
91396754
913966399
9139660
913966
91396516
9139642016
9139636
9139630
913962807
9139625227
9139612
9139602
91396001
9139600
91395la
9139570
913956784
91395661
91395504711
9139544
913954135
913954103
913954
91395341
91395219*
9139518
91394nico
91394mike
91394mexeric
91394alyak
91394aira
91394a
91394961
9139487a
91394856
913947677
9139474
913946
913945921
9139453
9139441077
91394392
91394379cercado
9139420
91394111
913940688
9139404
91394
91393jlg
9139399
9139394
9139382
913938
9139377
91393640
9139359
913935838
913935646
913935197
91393490meucel
9139320
913931888
913930k
913930
91392helen
91392a
91392J
9139278
913926925leonel
91392671
913925252889237c
913924530
913922615
91392243
91392209
91392177
913920ed
913920659
91392011k
91392011
91391g
9139190
913919
913918
91391766
9139175
9139168
913916328
9139145
913913m
913913913
91391372
913913301
91391301
91391300
913911tx
91391158
913911
91390t
91390lac
91390j
91390gl
91390cg
913908356
913906323
91390418
91390404452
9139033
91390314
91390310
91390269
91390188
913901723m*
9139005
91390024
9139001
9139000
913900
9138jctc
9138baseball
9138RG
9138KDD
91389rlv
91389K
91389858
913897e
91389783
9138957
91389464
913894
91389399
913893195
913893
91389032
9138900
91388e
91388do
91388amw
913889459
9138881
91388622
913886014
913885989
913885648
913885505
9138855
913885299
913884706
91388468
9138846
9138833
91388308
913882573
9138807
9138806
9138805
91388
91387maz
91387hlc
913879007ar
9138787
91387860
9138785
913878324pt
9138775
91387739
913875pro
9138758
91387574
913875455
913875
9138748
913874752
913874660
9138740
9138738
91387193
91387188
91387
91386988
9138698
91386937
913868991160
9138688
9138676
913866509
91386540
91386528
9138651
913864446
91386398
91386335
913863132
9138627
9138622
9138608
91386
9138597
91385920
9138587
913858
913856317
9138557
91385393
91385350
91385319
9138520
9138516
9138511
9138508
9138499
91384929
91384865venegas
9138484
913848
91384725
9138472
91384704
9138466
91384646
91384645692357139
91384615
9138460m
913845
91384483
9138446
9138441983
91384252
9138417
91384154e
91384149
913840592
91383jc
913839mir
913839ha
91383764
91383762
9138375
91383614
9138358
9138357
91383551
91383547
9138345
913833358
91383228
9138310493
9138306
91383024
9138296
913828960
9138279
91382773
9138264750
913826
91382547
9138243
91382393
913823
91382263
91382228
9138221
913822
913821
91382007
91382
913819
91381839
91381784
91381662
9138160
913815
913814131
913813132
9138122
913811
9138109
91381
91380E
9138085
913807920
91380618a
913804148
913803161
913802331
91380231
913801
913800c
913800
91380
9137zm
9137nanids
9137mj
9137kissme
9137joel
9137fainarak
9137BM
91379ben
91379alb
9137992
913798935
91379870
91379864
91379823
913797036
913796g
91379618
91379568
91379515
91379505
913795
913793466
913792
913791661slbenfica
913791
91379063085
91379003
91379
91378bz
9137899344
91378928
91378923
9137886
913788
913786
91378426s
913784265
913783670
91378322
91378277
91378246/-5
9137820
9137817
9137810
913780
913779
913777
9137762
913775
913774
913773921
91377312
913771129
913770928
913770
9137691
913769
913768
9137672
9137671
913767
9137668me
9137661762
913766
913764825
91376464
91376441
913764285
9137642468
913764
9137631
91376300
91376246
91376173
9137614
913760639
9137602
91375977
9137596
913758486
913758
9137575c
91375730
913757281
91375704
9137564280
91375604
91375588662244
913755
91375469
9137546
913753324amote
9137530
913753
91375201
913750
913749CAT
91374984
9137495
9137472
913747007
91374682
9137465825/--€*
9137465825/--*
913746280
913746
91374551
913744123
913744113
91374326fya
91374268
91374234
91373963
913737qut
91373793
9137378
913737116
913737
913736923
913735352
91373447
913734360
91373385
9137338
91373263
913732376
9137323
9137312037
91373091
9137305
9137303
91373017
9137289
91372873
91372864
91372850
9137258
91372558
91372541
913725379
913725
913723a
913723
91372081
91372078
9137202
9137201
913719206
9137191
9137190
913718d4131528
913718d4
913717865
91371741
913716643
913716
913714173
9137135
9137131055
91371139
913711
913710436
913710364
913710277
913710067.a
9137096
91370877
913708307
913708
9137070625
913707
913706
913704
91370367
913703
91370228
913700879
913700
9137+-+tuyyox100pre
9137
9136titty
9136spa
9136memom
9136c65e5e
9136al
9136Ladyf
913699838
9136997
913699616
913699472
9136975
91369745
913696141
913695756
9136957
9136952
913694502
91369298
9136925
91369136
91369124
9136911
91369076
913689836!
9136893
9136892
91368724
913686159
9136858
913684414
9136843804
913684179
91368397
913682118
9136814922
913680373
913680352
91367th
913679250
913678530
91367676
91367674
91367637
913674694
913674
913673730
91367338yoyi
913673
9136712
913671
913670087
913669514
913668148
9136680
9136657kt
913665315
913664774
9136642
913663886
9136626920151
913661974
913661599
9136613
913661101
9136605162
913660349
91366
913658878913526033
913658782
913658321
913657442
913655489
913655140
9136547
913654463
913653823
913653143..14bk
9136521
91365187
91365147
913651343
913650463
91365
91364837
913647913
9136465
913646017joao
913645913
913645582
913645
91364483
9136439e
913643
9136427
91364266
913641956
91364146
913641159
913640833
913640807bea
9136404
91364
913639605
91363912
9136382
913638
913636880lelika
913636735
9136367
91363664
9136357
91363452
9136334
91363327
9136323
9136317189
91363170
9136305
91363005
913629687
913626505
913626
913625219
913624k
91362462
913623462
913623
91362277
91362266*
9136213
913621
9136208
91362
91361dg
91361940
913619
91361887
91361733
913616
913615
91361409
9136140
913614
913613
9136128
913612101
913612
913611669/lisa
9136112473
913610166d
91361005
913610
91360pepper
913608791
91360878
913607863
9136071
9136068
913606143
91360597
91360498
91360201
9136019
913601537
913600340ff
913600
91360
9136
9135peanut9135
9135milena1002
9135SL
9135988
913597155
9135970
9135969602004
913596359
9135957
9135936
91359339
913592
913591519
91359140
9135912
9135911
913591
9135904
91359000
913587884
91358723789
91358685
9135868
91358510
913584847
913583839
913583269
913581e
9135811
913580897
91357964
913579
9135781z
913578060
9135763a
9135758
91357570
91357514
91357509
913575
9135735
913571345
913571258
913571177
91357024lo
91357002
91356m
913569678
91356874
913568115112
913567
9135665
91356628
913565
913564800
9135643727
913564221
9135640
9135632966
913563
91356027
913560
91356
913559532
913559434paulo
9135587eajt28832
913558698
913558198
913557871
91355718
913557135
91355672
913556533
913555123
9135520E
9135512
91355108sh
913550
91354aarons
91354978
91354952
9135491spjt
913548440esmeriz
9135481733
913548
913546
913545604
913545470
913545462
913543646
91354321
913542829
913541615
91354131mayte
913541
91354069
91354017
91353danny
913539773
91353868
91353708
9135369k
913536811
913536553
91353629
913535729
91353475
913534027
91353397
913533501
913533410
913532786
913531792
913531185
913530877ana
913530019
91352935jordan
913529331
9135292c
913529135291352
9135282123
913528
913527380
9135271ok!
913527
913526904276
91352648
91352597
913525177
913524956
913524824
913523314
913523241
913522946
91352254
91352137
913520410joao
913520
91351987
91351951
9135189G
913518654
9135180100
913517568
91351677
91351668
913516
9135158
91351495
913514667
913514618
9135142729
91351407
913513809
913513772
913513
91351299
9135125
91351063
913509377
913508667
9135082590
91350820
9135076
913507481
913507
9135057
913505580
913505574
913504946
913504892oyagi
9135040
913504
913503567
913503363
913502326
9135015
9135007
913500
91350
9134za27
9134mike
9134meat
9134ac
9134CX
9134ALLEGRO
9134AC
913499655
9134995
9134991
9134990
91349833yeac
913496
913495949
913495869
9134957
9134954
913493
91349237
91349134
913490395349
91349
91348922
913488829
91348864
9134885047
91348799
913487650
913487050
91348690
913486350
9134854
913484313
91348418
913483126
9134820
913481100
913480884
91348
9134798i
9134787
9134783
913478212
9134771
913476678
913476451bruno
9134762688
91347619
913476
913475706
9134745h
913473573
913471580
913471065renatomelo
9134710
913470980
91346foot
9134678520
91346773ab
9134673
913466
913465hacc
9134658
913465666
9134649
91346460
9134637
913463
9134621
913461655
91346103
91346094926209
91346
91345886
9134587
91345821
913457526
9134562
913455
9134533
913453
9134515691
9134515
91345133
913450620
913450617
91345050
9134505
913450
91345
91344j
91344d
9134495202
9134491344
9134488
913448445
913447542
9134475
9134470
91344614tkm
913446054
913445952
913445881
913445765
913445757
9134454
913445186
913445028
913444
9134439
913441999
9134417
913440939
913440496
91343912
913438570
913438
9134376
9134363
9134341992kevin
91343396
913433672
913433511
9134334936
913432911
913430858
9134301233
91342joy
91342ale
913429
913428474
913428360
91342788
913427640
913427213
91342717
91342711
9134262
913426
91342527
913425208ls
913424702
91342378
91342348
91342290
9134220
913420
913419905
913418968
9134188
9134179855
9134174
913416950
913414565
913414489
913413226
913411336
913410Bd
913410840
913410504
91341003
91341
91340984
91340926
9134069999
9134068856
913405064
9134044
91340414babypop
91340406
913403470
9134032
9134026
913402096
91340204
913402
91340184
913401
9134008
91340027.
91340000
9134
9133rant
9133nt
9133cp
9133998
9133986
913398
91339751
913397401
913397143
913396805
91339641
913396339
9133961
913396007
913396
9133939
91339234
913392
913391kad
91339162
91339113
913391031
913390463
9133903
91338950
91338872
913388710
913387
913386528
913386476
913385866
913385106
91338472
91338460
913382227
913382
91338138
913381
91338005
913379245
913378c
9133786862
913378557
9133775
913375342
913375101
9133747
913374483
913373503
91337290
9133729
913372693
91337218
9133720
913371856
913371589
9133712108
913369459a*
913368520
913368188
9133680d
913368
91336791
9133672768
9133671
9133670xxl
913366292
913364270
913363576
9133618
913360
91335tom
913359600
9133589
913358666
913358143
91335811
913358037
9133577
913357233amotericardo
913356881
91335678
913355d
9133559
913355693
913354343
913354
9133536SSRK
913353690p
913353048
913353
91335283
913352362
91335202
913351785
913351251
913350912ana
91335025
9133501250
91335
91334jag
91334965
913349184
913349
9133481
913348
913347989
913347723
913346853
91334604
9133455m
91334540
9133448
913344730
9133442
91334387
9133436
913342964
913342
913341
913340596
9133405
913339666
913336868
9133363
9133362
9133356
9133351
9133350*f
913333941
913333
91333224
913331769
913331685
913331092
91333092
913330
91333
913329995
91332935
913328291
91332824
9133281
913327a
91332798
913327979
9133277i
9133271119
913327
91332655
9133261
91332345susytodaboa
91332219!gerson
9133218
9133215369152038
913321389
9133210c
913321002
9133210
913320259
91331jp
91331g
91331d
913318819
91331850122
913318485
9133179
913317830
91331711
9133155
913315234
913315111
91331496teamo
91331491
91331458
91331450
91331441
913314031
913313497
913312839
9133128
9133126
91331204
913311800
91331103
9133099
91330988
9133095
913309388
913309346
91330906
913306971
913305147
913305090
913304881
91330483low
91330467
91330426
913304166
913303
9133028489
913302232
913302142
913302044
91330201
913302
9133011mind
913301160
91330105
91330014
9132np
9132lc
9132998350
9132990516
9132988
913296654
9132966
91329642
91329633
91329608
913296036
9132960
913296
913295831
913295632
913295000
9132950
9132943
91329391
913293
91329220
9132919
91329055
913290
91328liaocuiwen
9132890
91328893
91328892
91328804
91328778
913287
913286182
913285083
913284592
9132842209284
913284053
913283800ds
913282800
9132822k
9132822KV
91328203
9132819758
913281541
913280855
91328
91327Reyes
9132799
91327897
9132778a
913277515
9132761
913275303
91327390
9132738
913272048
913271994
9132712
9132706
91327044
9132701
913270057
91327
9132685798
91326815
913267820
91326770
913267
9132669
913266582696357014
91326658
913265712
9132652485123427
91326511
91326439
9132638
91326370
91326348
913262
913261122
913261
91326
913259sha
913258989
913258711
91325853
913258151
913257791
913257
9132559
913255718
9132554
91325537
91325508
9132540
91325395
913253697
913252155
91325205cindy
9132509
913250772dj06
9132507
913250504c
91325
91324lee
91324990
9132486
913248136
9132478
91324738
91324722
91324668
9132462
9132458
9132454
913245
91324425
913244131
9132433
9132428
913242795
9132420
913242
913241588
9132408-7
91324059
91324050
91324.o
91323975
913239
91323718
913236896
913236733
9132362
913235344
9132349
913234692
913234441
913234002
913233755
91323310
91323204
913232
91323132
913230371
913230089
91323001
91323
913229654
913228052
9132279
913227322
913227229
913226595abcd
913226588
913226376
913226361
913226355
91322631
9132261
9132253
913225
9132248
9132244
913223806
913223683
913223233
9132230
913223
913222820
91322260
91322231
9132219
9132212
913220006@filipa
913220
91322
91321948
913219
913218933
91321820
913217s
913217937
9132175
9132172
913216wsl///
913216631
913215598
9132140
91321333
913213298
91321325
913212285
9132112
913210514
9132103
9132102e
913210155
913210
91320cf
913209j
913209646
91320838
9132083203
913207610
91320760
91320732p
913207135
913206946
913206185
913204889lol
913204541
913203e
91320366
9132026
91320186
913201760
913201516
913201
913200v
9132008
9132001
913200
91320
9131rr
9131ma
9131lee
9131lamo
9131da
9131cyiril
9131arm
91319amochito
91319994004
9131999
9131997
9131994b
9131993600456
913199350
91319915
9131990e
9131990armin
9131990a
9131985h
91319841f
9131984
9131983
9131980
913198
9131978
9131977
9131975
9131973
913197
9131966
9131964
9131952
9131946
913193385
913192928
9131924
913192
91319139
9131912
9131909
91318t
9131894
9131893
91318883
91318848
913188
9131879b
9131865
913186
913185436
91318453
91318447
913183444
9131834
9131828
913182420
9131818
9131807
913180
91318!job
91317991
9131799
9131783
9131780
9131777
9131775357
9131760
913176
91317597b
913175
9131724
913172127
9131715
91317146
9131713
9131710
91316981
913169
9131679z
91316785
913167
9131664
91316516
913165
91316492
9131648
9131642
9131620s
91316190123
9131611
913161
913160307
9131601
91316
91315lisy
91315980
913159531
913159410
9131594
91315888
913156182
91315581
913155
913152218
9131516
913151349
913151315
913150407
9131504
91315
91314jamie
9131499
913148732
9131487
9131486
91314811
9131481
91314752
91314714
9131470
9131466
9131456
91314514
9131442
913142964
9131421323
91314212885
9131412s
913141
913139702
9131392
9131377d
9131375
91313677
913136376
9131362
9131355
91313476
913133411
9131333tr
91313322422
91313186
913130
91312824
91312814
91312806
91312748
9131272
91312584
9131244
91312419
913123
9131224
9131220as
9131206+mervis
91312006
91312005
91312
91311977
9131196
913119
913118879
91311828
913117735
91311755
913116782
9131166
9131156
9131146
9131145
91311427
91311411986117257
91311402
913113741tania
913113590
9131133
91311323
91311146
91311106
9131110
913110yam
9131108
913110
91311
9131096
91310841
9131074
9131070
913107
91310616
91310609
91310544
9131042
9131025
9131022
913102
91310154
9131000105
9130xaj
9130meowes
9130ll
9130UWEC
9130Autumn
91309996
913099
913096556
91309612
9130954
91309517
913095014
9130942
913093503
913093288
913093
913092460
91309232
91309188
9130914
91309130tt
913090757
913090
91308us
9130897
91308886
91308813
913088
913085138
913084389maf
9130843
91308399
9130834
913081
913080705
9130802
91308
91307rylan
91307r
91307lyj
9130799
9130797
91307958
913079
913078
913077825
913075724
9130754
9130751
9130744
9130743
913074053
91307379
9130728
91307192
913070767
91307030
9130703
913070
91306james
91306dh
91306a
91306LOVE
91306941
913068150
913066613
913066
913065563
913065143
913064401
913064300
91306419
913064
913062994
91306076
913060512
91306021
913060142
91306
91305isaiah
91305961
913056964
913056750
913056338
913056139
913056101
913055908
913055572
9130554
913054ever
91305495
91305390
9130539
91305352
9130535
913052638
91305252
913052067
913052060*08*
913052
91305188
9130516
913051102
913051
913050777
9130501
91304z
91304973
91304919
9130480
91304641
91304611
91304565
913045447
91304500
913044502
9130443
9130440
9130426
913042580f
913041993
9130413
91304111
9130410999
9130406
9130405
9130401
91304
91303sis
91303f
91303870
9130365
9130354871
913035223
913034822
913034556
9130341650
91303396
91303281
91303172
9130317
9130316
9130315448807675
9130311
9130310
91303028
91303
913029919
91302965
913029629
913029129
913028
913027944
913027091
913026982
913026955
913026613
91302524
913025
913024
913023183
913023039
91302287
91302285
9130220
913021952
913021734
913021296
91302106
913021
913020594
91302055
913020452
913020
91302
913019
913017297
913017105
913016c
91301682
913015
913014ark
913014200
9130130
913012931
913012412
9130123
913012
9130112406
913010594
91300zxtt
91300jlt
913009
91300897
913007357
9130073
91300721
91300363
9130036
913003
913002n
9130029
9130026
91300206
91300199
91300000
913000
9130-jona
913/7605
913-9007
913$max
913$cha
912yolis
912yati
912wed98
912wash
912vicky
912todd15
912spazlikengeorge
912south
912sisters
912sick0s0
912sept
912savage
912runt
912rockyou
912rm164079658
912rime
912princes
912ozaeta
912olson
912oak
912nel
912neil
912nahelo
912move
912morgans
912moh
912mill
912maple
912mackee
912m16
912lovesyou
912love
912lonely
912king
912ken
912kathi
912joseph01
912jmp
912jasmine
912imapimp
912horse
912honeyb
912hond
912hkbp
912hf97
912headdog
912greg
912googleyes
912garrett
912gaboi
912ellis
912elephant*
912ec10us
912ea15555
912e986748
912dyme
912dre
912dodgeman
912diva
912dhm
912destiny
912desi
912denise
912dem
912danie1
912damn
912crip
912craze4u
912cmw
912civic
912chick
912casper
912bsb
912bookie
912boi
912bloodytoombs!
912bitch
912bb7c5f921z
912avek
912atltown
912asdf0
912alton
912PUSSY
912Lnjk
912LOCLIFE
912KEKE
912JORGE
912Girl
912DixieStreet
912Deathstars
912Albireo
912AE279*
9129ysl11
9129panupong
9129dekalb
9129ang
91299ay
912999658
9129992
912999113
912999
9129987r
91299838
91299797
912997402
9129968pelota
91299640
9129952
9129949
912994243
912993958
912993934
9129927
9129926
91299229
912992253
91299213
91299205
912992
912991
9129904
912990
91299
91298t
91298971
91298963
912987089
912985958
9129856
9129845
912984302
912983919
912983704
91298310
