463789
8746350
8746341.
874632
8746307
8746278
874627
8746268
8746199
8746178
87461522
8746143
8746116
874611
8746078
8746066
8746064
8746052
87460282
8746025
8746021
87460167
874601
874600
8745ssascs
8745rlc
8745jorge.
8745Kap!
87459t
87459967
87459911
874599
8745968549
874596
8745954
87459503
8745946
8745933
874592
874591m
8745912
874591
874587tay
87458745k
8745865
87458526438
87458426
874584
8745820
8745817t
8745813
8745794ho
8745794
87457910t
874578
8745772
8745769
87457557
8745738
8745733ac
8745733
8745717
874569
874568
8745674
874567
8745667
8745634
87456333
87456321j
87456321980
8745632
874559
87455867
87455751
8745552
874555
8745549
87455468z
8745515
87455
8745490
874548
8745476
8745472
8745465
874545
8745442
874544
874542
87453srdfi
8745393s
8745385
874538
8745368a
874535
8745349
874532
87453
8745294
874529
874527
8745265
8745261
87452569
8745214584
87452125895610
8745211254
87452100
874520p1
87452021
874519xg
874519
8745164
8745159
8745158
8745157
87451483
874513
874512m
87451296
8745124
8745123
874511
8745106
8745098
8745094
8745063
874503sms
87450129RyanRoss87450129MasonMusso
874501
8745002
8745-3194
8744tspg
8744oinzy
8744993
874499
8744984
8744972
874496
874494
8744911
8744903070382
8744892
8744884
874487
8744869
8744854
8744850
874484
874482
87448152
874481
874476
8744735
8744717
8744714
874471
8744652
8744645180
8744640
8744595
87445879
8744582
874457
8744567
8744557
8744551
874455
874451
8744507j
874450315
8744496
87444877
8744466
87444444
874442217
874440
8744364
874436
8744352
8744333
8744328
87443189
8744314
874431
874430
8744259
8744256
8744255
874423
8744223
8744217
8744212125
874420aka
8744206
8744185
874417
8744162
874416
874415
874414
874410
8744095
8744083
874408
8744066
8744024
8744021
8744012
8744011
874401
874400p
874400
8743dude
8743ckwyi
8743aje
87439oms
87439979
874397
87439600
874394jmiller54jm
8743949
87438surcb
8743887
8743853
8743852
8743842
8743830
87437tfnkk
87437ekrdt
87437784
874376
8743735
874372
874371349
87436592
8743656
87436448\\'743
874363
8743609
87435uriel
8743597
8743587
874358
874357
8743569
87435661
8743557
8743525
8743524013
874351
87435091
87435
87434rewe
87434aa1
874347
874345
87434294
8743427
8743410i
87433wwwyo
874339
874338
8743352
874335
874333
8743327465
874331
87432928701929
8743285
874328296169575
87432829549731
8743259
8743254
87432332
874323
874322tt
8743225
874321600
87432152
8743210
874320
8743192
8743166
87431628
874315
874313128041989
874313
874311a
8743112
874311
874308
8743077
87430678
8743061rap
8743053
8743049
8743046
8743043
874302154
8743019
874301425
8743012
8743001
874300
8743**1329*
8742ada
8742993
8742981
87429678
8742949
8742929KB
8742923
8742917
8742901
8742894
8742878
8742853
87428485
87428220
87428037
8742803
8742785
8742760
8742728
87427279
8742716
8742715
874271
8742702
87426985
8742691
874269
874267
8742667z
874266
87426478
874264671
87426439
8742633
8742621
8742618
874259
87425743
8742551
874255
8742535
874253
874252
874251
874250
8742487
874247
8742463
874246
8742449
874244
87424287
87424252763
8742425
874241421024
87424131k
8742411
87423cn
874239
8742375
874237
8742364
8742335
8742330
874233
8742312ecc
874231
8742308
8742290
8742288
874228422
874228168
8742267
87422572
8742254b
874225
87422478
8742244
874224
874220
874219
8742188
874217
874216j
874216435
874216
8742159
874215302281022
8742145
8742140
87421312007
874212eh
87421279563
87421258
8742123paula
874211
8742109
8742101
87421
87420rucb
874207
8742057k
8742044
87420346
8742031
8742029
8742
8741tree
8741tmpm
8741sb
8741jkl
8741jena
8741gift
8741cfpm
8741aj
8741Tuck
8741DAUC
87419860
8741981
874196
8741945
87419419
8741909
8741906
874188
8741878369935
8741874
8741863
8741847
8741830
8741823
8741817s
874181
8741785
8741775
874176weinheim
8741737
8741729
874172
8741713698
8741692e
8741664
874163c
8741634
8741632
8741627
8741620
8741617
87415941
87415828
8741561
874156
874154
874153sg
8741539
87415360
8741518
87415
8741486
874147
87414613
8741451
874145
8741442
874144
8741399
874139
8741388wh
8741386
874138
874137
8741363
8741353
8741348
87413425
8741332*
874133
87413121
87413111
8741307
874130
8741285
8741271
8741258
87412578
874125386
87412369l
874123695
8741235j
8741234
8741232
874123.695zyxabc1232
874122852
874121936
8741219
8741217
874121
874120410
8741197teamopilo+
8741193
8741176
874117
8741169
8741165
8741158
87411565698
8741147
87411466
87411371
87411310
8741101
87411
874108773
8741071
874106121
8741034
87410258
8741005
8741004
87410037408791
8741
8740932
8740931
8740930
8740921
874092
874091
87409022
87409
874089
8740880
8740871
8740846
8740834
874083
8740809
874080804593
874080
8740795
8740780
8740749
8740740
874073
8740704
87407
8740691a
8740691
8740637
8740611
874061
8740606
874060
87405ctujd
874059
87405517
874053k
8740533
8740530
8740526e
8740526
8740510
8740508
874050
8740497
8740470
874046
8740446
87404368740436
8740436
8740432
8740422
8740407
8740403
8740400
874040
87403719
87402kmh
8740280j
87402376
8740235
8740200
8740198
87401927
8740181
8740171
874016
87401541
874015
8740149
8740143
8740138
874012n
8740125A
874011ata
8740110
874011
8740108
8740095
874008
8740067j
8740057
874003
87400299
874-4615
874-4151
874-0365bo
874+4+64
874+110
873wing
873wells
873summit
873stang
873shawn3588
873ph4r4cj0
873odhuu
873nw2REuoGB
873le035
873kxkrn27
873k163
873gang
873ffnxu
873e2f
873ciu
873brit
873ahn
873_36_14
873Y959N
873WELLS
873TYRE
8739sv
8739mvap
8739mutha6
8739mugs
8739mb
8739lizbeth
8739MB
8739989
8739982
8739975
8739972
873996
8739954j
8739952
8739930
87399244
8739911mm
8739893
873988
8739876
873985847
87398479
8739839445
87398391700911
87398320
873982750123380170
873982
8739813
87398123
873980
87397yqzck
87397896
8739788
873978
8739772
8739741
87397407
8739729
8739720
873970039
87396927
87396815
87396415
8739637
87396106
87395912788
8739586c
8739563d
873956
8739550
87395410
8739528
87394kaokao
873949
8739472
8739460
873946
8739443
8739413
873941
8739383
873938
8739341
873932
8739319
873931139
87393103
8739310
8739287m
8739253
8739242
8739238
8739237
8739236h
8739235
8739228
8739222h
8739221
8739211
8739210D
8739196
8739188
8739174
8739171l
8739144
873908
8739068
873906
8739057
8739053
8739022
8739011
8739
8738ooo
8738enter
8738ajk
8738CLS
8738983
873898
8738945f
8738942
8738937
8738915
8738900
8738891
8738879
8738872
8738859
873883
8738802
8738787
8738779h
8738770
873877
87387600
873875873
8738749f
873873873
8738738
8738732
873873
873872
873867t
873867
8738656
8738632
8738621
87385usbdm
873859_car
8738591
8738581
87385646
87385458
87385281j
8738505
8738496
8738488h
873846
8738456
873843
873842
87383o
87383883
8738374
873837
8738360A
8738326
873832
8738314
8738301
8738263z
8738242
8738221
87382188915564
8738214
873821
87382008ap
87381923
8738187
87381521
8738108
8738088
87380834
8738083
8738057
87380481
8738044
8738
8737tvohy
8737tatu
8737boy
8737991K
873799
8737986
8737980
8737973
8737970
87379620
8737952
8737943KUNGTY
87379178
8737907
87378lay1
8737894
87378850
873788
87378769
8737866
873785
8737828
873781
8737764
8737755
873775
8737747d
87377430
873772479
8737717
873771
87377094
87377033
87376dmx
873767
87376598
8737642y
8737637z
87376245
87376
8737589
87375828s
8737552
873752051
8737512
8737503
8737499
8737474283
8737472
8737468
8737458
87374528ayg
8737452
87373nalang
8737378
87373699
87373503
8737330
8737295b
8737272c
8737247
87372294
8737223..kubi.34
8737199515
873719
8737187
87371604
873716
87371597
8737143cute
873714197172
873713
87371273
87371216
87371177
87371118toto
873710
87371
873708
87370786
873707
8737069
8737023
8737020
8737012
8737006
87370019
87370
8737
8736potw
873698dad
87369896
8736970
873695
8736928
87369219
87368736
8736868
873685492
8736853831
8736848
8736811
87368104
8736798
873677
873676
8736733
8736710_
87367046
8736702
87366983
87366909
8736687314h
8736685
8736659
873665
87366434
873664
87366216
8736615
87366126
87366078
8736598
8736568i
87365394
873653
8736525
87365197
87364914
8736486
8736477a
8736461
8736458
87364544
873644
8736437
87364278
8736427
8736422
87364184
8736415hp
8736404
87364030
87363979
8736385
873638
8736373
8736361
8736357
87363517
873635
8736346
87363348
8736327
87363209
873632
87363043
873629
8736289a
87362795
873626taz
87362518
8736236
873622r
8736228
873621f
873621
87362
87361993
87361910
8736183
873618
87361776
8736165
87361532442506fr
8736149
8736136e
8736110
87361046s
8736093
87360472
8736041
87360330
873602
8736019
873601
8736004,
873600
8735kroNOSa
8735jl
8735j6
8735dpfk
8735Lex!
873594
8735895
8735884
8735883
8735881
8735833
873583
873582
8735794
8735772r
8735730
87357010
8735700
8735699z
87356905
87356896
87356886
8735681hs
8735669
8735655
8735651
8735647g
8735628
873562
8735607
8735594
873559
8735567
873555
8735549
873553
873552
87355190
8735492
8735485
873547
8735467
873546
8735426k
8735426
8735424
87354188
8735413
8735396104
873539
8735377
8735373
8735367b
87353610
87353587
87353580
873535
8735342
873534
8735336
873533
8735329
873532
87353142
8735310i
87353
873529ab
8735291
8735286
8735282
873526michelle
8735244
873522
8735200
873520
8735187351
873518
87351774
873517
8735153
873515
87351408
87351388
8735106
87351038
873510
8735088
8735069
8735060
873504416103
8735039
8735022
8735017
873500
8734casa
8734999
873499
8734978
87349560
8734951
87349203
873490734
873490621
8734900
873490
87348p
87348k
8734898
8734897
87348946
873488p
87348734
8734873
8734824
8734805I
873479ariel
87347780
8734774
8734763z
8734747
87347454
8734738
8734706
87346ff
873467
873466
87346375
8734628
873461
87345a
87345990
8734573
8734568125
8734560v1
8734551
873455
8734542
8734534
8734520
8734519
8734517m
87345140
8734510
8734509
8734489
8734469
873444
87344202
87344154
87344118hsbhd
8734408
87344070
8734400
87344
8734389
87343746AZ
873437
873435
8734348
873434
873433
873432
8734311
8734258
8734241
87342400
873424
8734203
87341991
8734197f
87341926
8734175
87341512
8734150
87341456
873412a
873412
8734103
87340814
8734069
87340661
873405
8734042
87340351
8734009
873400
8734
8733tree
8733tose
8733sg
8733nvqw
8733house
8733esco
8733Fet$
8733@tt
8733975j
8733971
8733951
8733931
87339081
87339077
8733903
8733901
87339
873388
8733873
873384
873383012
873380
8733798128
8733778
87337622
873376
87337396
8733717pele
87337094
873370
87337
873369j
8733696785
8733690
8733681
873368
8733642
873360127
8733564
87335595
87335549
8733551846
87335426t
8733532
87335310
873352333325
873352
8733507
87335060
87335
8733495169
873347d
8733474
87334566
87334503
87334453
87334340
8733407
8733400
873340
87333ztfnq
873339
8733387
873333872514
873333
87333200
873332
8733311
87333
87332mis
8733290987
873329
8733288
873328
873326331
87332611
87332610
8733255
87332204
873321
873320
87331849
8733180
87331711
8733161
873316
873315
873314220147
8733140
8733131
873312j
8733129
8733122
873312
873310873310
87330pvrhp
8733095
8733070
87330500
873305
8733038
87330146
8733012
87330107m
8733006
873300
87330
8732wid
8732watitdo
8732usda
8732un
8732ts
8732tp5
8732snax
8732rs
8732redglock
8732mh
8732ls
8732life
8732let
8732kidd
8732jay
8732hoodrich
8732fmom
8732emily
8732dsgg
8732ds
8732dope
8732dfr
8732cte
8732bs1
8732boy
8732at
8732JEEZY
87329857
8732972
8732968
8732926k
8732914
87329132
873291311
8732892
873289
87328854
873288
873287v
87328732b
87328731
8732867
8732859
87328550solo
8732835
8732834
8732815
8732813
87328/27yk
873279
8732781
873278
8732778
8732774
87327375
873273
8732726
8732721
8732719
873271
8732702
87327
87326cg
8732685
873267
8732655
8732653
8732649zjg
8732630
873263
8732618
8732612h
873261
8732608
87326
8732598
8732578
8732577
8732571
873256907305
8732556
8732553
873253a
8732538
8732523
87325210
873251964
87325143
8732513
87325061
8732503
873249
87324872fl
8732485
87324727
873246801
8732466
8732464WS
873245
8732411
873241
8732390
8732380
8732379
87323723
8732362
8732357
8732340
87323287
873232
8732317
8732303z
8732285
8732284
8732276
8732251
87322378
8732211
87321990
87321712
8732170
8732158naka
8732126
8732123
8732122
8732114
873206
8732020
87320059
8732000
8732*22553
8731jts2003
8731bob
8731andou
8731Chppc
8731990c
873198
8731973
8731971
8731959h
873193
8731928
8731907mc
8731907
87319013
8731899365517311
87318975822
8731896
8731879
87318789
873187
8731857
8731844
8731843
8731832
8731818d
8731816
8731811
8731810
87317jenn
873177552
8731772
8731767
873175712043
8731750
8731747
8731743
87317392
8731728
8731726
873172
8731719
8731704
873170131
8731700
873169
8731686f
8731679
8731653
873165
8731589
8731580
8731564
8731556
873154
8731532
8731531zxfen
8731515andreita
8731510
87313dm
87313crpt
87313825
87313700
8731366
8731364f
8731357
8731320
873132
8731292
8731287
8731263
87312379
873123
8731215h
8731210
8731207
87311940
8731190526
873119
87311808z
8731154
8731152
873114jessi
8731123
8731100
873110
8731095
8731087
8731066c
873105
8731017
873101
8731001
873100
8731***
8731
8730lmb
8730july
8730jjgjh
8730958
8730949
8730940
8730937
87309230
8730913
87309116
8730907
8730901
873090
873089
8730879
8730855
873084s
873084
8730827bn
8730821i
87308019
8730792
8730752
87307
8730691
8730659
8730642
873064
8730629882
8730622
873061
87305s
873058
8730571
8730528
873052
8730514
87305101
8730504z
87305040
8730462
87304548
8730454
873043
873042
873040
8730383
8730378
8730361
8730347
8730341
8730339
8730310
8730303
87302kk
873028
8730278
873027
8730266j
8730247
8730242
8730240
8730233kd
8730233
8730232a
8730232
8730224
873022
873021
87302041
87301nbe
873018
8730178
87301727
873017
873015524
873014
873012ta
8730127j
873012
873011eht
8730117
87301125435293
87301104
8730110
873010f
87301047
8730104
8730102536
87301
87300zx
87300mzvym
87300a
8730092
8730084
8730080
873008
8730077A
8730065
8730052t
8730030
8730023sex
8730003
87300000
873000
873-4081
872uscg
872orchard
872mfknz
872madison
872krew
872ke
872k87m8sozx1!!?
872irak
872gok
872defgj
872bella
872XTAHY
8729vhffs
8729tru
8729mrm
8729jm
8729ely
8729cristian_
872996
8729900
87298729
87298723
8729866
8729861
87298553
872985
8729849
872983
87298293
8729829
872982
8729816
8729807
8729737270893m
872971
87296rzipu
87296kat
8729699P
872969100
872969
8729687
8729669
872965
8729638
872961
8729601a
872952
8729519
8729507
8729501
87295
8729472
872946
8729454
8729436
872942872
872942
8729401
872940024778
87294
8729387kelvin
8729368
8729365
872934
8729339
8729321e
872931
8729306t
87292911
87292459
87292421262
8729240
8729231
872923
87292220
8729210
8729209f
8729199w
872917
8729166
8729148
872913
8729126
872912122987
872909
8729089
872907
872906
8729057S
872903
8729021
87290169
872901
8729000
8729
8728tmc
8728naujat
8728mattie
87289983
872899
872898r
8728978
8728964
8728959
8728952
872895
8728945
872893285
872893
8728915
87289
8728898f
8728895
8728884
8728883
872887
8728863tito
87288278
8728812
8728808
87287gzchx
8728796
8728795
8728789
8728786
8728758
8728733
872872872
872872299
8728720184
872872
8728714
872870
87286hgms
872869h
872869
8728683
8728656
8728636
8728624
872861
87285ALCAS
8728593maradona
8728581b
8728578
8728572
8728570
8728543
87285318
8728527217
872852
8728502
872850
8728484190
8728468mom
8728446
872844
872843
87283855264990
87283325
87283264
872832
872828luis.
8728288
8728280
8728255
8728253
8728234
8728227
8728221
8728203j
87281952
872819
8728165
8728154pp
8728133
872811
8728101
872809
8728082
8728063
8728049
8728034
872803
872802
8728001
872800
8728
8727xpo
8727pm
8727bish
8727badass
872795
8727938
87279365
872793
8727924
87279134
87279
872789
872787
8727854
8727839
872783
87278267
8727821
872780
872779d
8727797
8727793
8727792
87277785
872777
872776719
8727759
8727747
87277250
872771
8727708
8727698
872769
8727687M
8727687
8727682
8727666
8727662
872763
872761
8727603
87276
8727584
872757sh
87275748
8727569
8727563
872755
8727545
8727541
8727536
8727522
8727515
8727514
8727509
87275
8727498
8727494
8727482
8727480
8727472
8727469
872746
87273963
87273936
8727392
8727387
872738
872737
87273322
8727322
872732
87273114bleach
8727310
8727304J
8727285
87272836
8727264
872724@
8727241
87272405361
8727240
872724
8727238
8727232
8727219
8727204
87271sse
8727192
87271856
8727172
8727160
8727149
8727145
8727140
872714
872712
87271089
87270yygj
8727096
872703
872702520jjtj
8727011
872701
8727009b
8727
8726yifq
8726mikimiki
8726loony
8726fowv
87269GELEI
8726980506
8726978
8726968
872694
8726931
872693
87269039
87269
87268410
872683149898
8726826
872681120
8726807
87267mufr
8726794
8726784
872678
8726767
8726727
8726717p
872671
8726706
8726697
872666
8726614
8726600
872660
87265919s
8726580
8726566
8726544g
872653ILA
8726530
8726527g
8726527
87265217
8726511
8726486
8726475
872647
8726468
8726463
8726452
872643
8726419
8726414i
8726414
872641
872634
872633
8726326
8726323
8726318
8726312
872631
87262kksgm
872627
87262687
8726266
872625
8726238
8726237
872623
87262056
87261k
8726192
872619
8726184
8726166
87261271
87261201
872611
872608wolf
8726087
872607
872606vane
8726066
8726043
8726024
872602
87260129
872601
8725th8725
8725jenn
8725emarie0016
8725broknows
8725bb
8725TomL
8725Sleepy
8725ARGC
872598
8725966
8725959
8725956
872595
872594j
87259374
872593
872592
8725916
87258nqbjf
872587
8725836
8725829
8725823fza
8725783
872576
87257193
8725713
8725710
8725697845
8725689r
872568
8725675
8725670
8725636
872563
8725602
87255k
8725568
8725542
8725528
8725524
8725516
87255124
87254918388505
872549
87254720
872545
872544
87254288
8725428
872541
87253rdng
872539
87253826
8725370
872537
8725350z
872533567
872532solo
8725328
87253007
8725295
8725284
872527
872526oct
8725232
87252182
872521
872520
87251982
87251930
87251899
8725188
8725187
8725183
8725181
872518
8725170
8725166
872516
8725159
8725157
87251509
872514
87251234
87251220
87251100
87251074382
8725103
8725100
8725098
87250872050
8725080
872508
87250725
8725059
87250525
8725048
872504
872501yanesita
872501
872500
8724mid
8724law
8724fv
8724an
8724always
8724994
8724949
8724941
872490
87248xtgrn
87248975
872489
87248842
87248724
87248720
872487
872483
8724816
87248010
8724801
8724795
8724766
8724751
8724746
8724745
872474363
8724712
87247
87246968
8724682gurkan
872468
8724675
872467
87246682PF
87246501
8724631
872463
8724624
872460
8724597
8724585
87245668
87245632g
872455
8724531
8724517
8724509
872448
8724464
8724463
87244555
8724445love
872443
8724425
8724413
8724412
8724411
8724409
872438
872437
8724369
872436
8724359a
872433
8724325
872432
8724318d
8724311G
87242urzjv
8724284
872427320313592
872427
8724262
8724243
872422
8724203
87241916
872419
872417
8724142a
872414
872411874
8724117
872410dg
872410
87240972my
872407
8724060
872406
8724044
8724024
872402
872400
8723sfots
8723saad
8723mnj
8723lb
8723ia
8723dspma
8723bed
8723aug
8723_jess
8723BS
87239808
87239504
8723923C
872392
8723911z
8723909
872390
8723899
8723893598945742
872387
8723851
8723842
872379
8723784
8723780
872377
8723767
87237305
872373
8723728
872371024
87237058
87236941
872369
872368
8723672
8723655mahmut?
872365
87236481
87236464
872364
8723639
87236320
872362
87235rv
872359
8723587
872357
8723561
872354
872352
87235144
872351
872350667v
8723505
8723492
8723487
8723474f
8723470
872347
8723461
8723451
872345
8723442
87234332
87234233
872342
87233snjyh
872339
8723383
8723371
872336
87233413
8723330
872331
8723289
8723284
8723282491067
8723277
872326
8723256
8723248
87232390
87232387
8723236
8723224
872320
8723198723
87231971
87231901
8723170caballos
872317
8723166
872316
872315
8723140
872314
87231390
8723133
8723132k
872312e
87231212
8723121
8723104f
87230asdf
872308
8723074
872307
872306
87230355
872302919842
8723026
8723014
8723011
87230101
87230100
87230091
8723-nico
8722tee
8722san
8722luis
8722karen
8722etzk
8722dg
8722crni
87229a660
87229944
8722994
87229938
8722988b
8722955871
87229548722954
8722952
8722948
8722943
8722927
872291k
8722908
87228ujxr
872289
8722878
87228753
8722868
8722863
872286
8722856
8722846
87228358
8722832
8722821
8722819
8722812f
872280
87227khl
8722785
8722779
8722747
8722746
8722701
87227
872269
8722675
8722671
87226603
8722659
8722657
872265
8722626
87226
87225c
8722571
8722566
872256
87225591
8722551
87225373
872253660986
872253
872252302
8722509
8722490
872249
872248389
87224824
87224786
8722478
8722462h
8722450o
8722446
872244
8722439mynewlife
8722439
872243
87224289
872242096
87224204
872242
8722405
8722403
872238
87223699
872236
8722358
8722356
8722354
872235
8722348
8722332
87223209
872230
87223
8722288
87222636
8722251
8722241
87222322
872223
8722220
872222
87222181
8722209
872220619V
87222
8722196b
8722187c
8722187385
8722173
8722167
87221587
8722158
872215
87221249
8722120
872212
8722118lau4ever
8722118
87221111
87221
87220F75
8722092
8722084
872208
8722076
8722075
872207
8722067
87220636
8722039
872203
87220185
8722014
872201
8722008
872200
87220
8721street
8721sm
8721rnl
8721powder
8721nnh
8721me
8721may
8721ld
8721guin
8721egia
8721aq
8721_koko
872199892
87219875
87219803
8721959
8721954
872195
8721942
872194
87219321
87219309
872193
8721927170
8721927
8721919
8721905659
872190384
8721900
8721877
87218722
8721861
872186
8721853
87218462
872181
872180826
8721782
87217730
8721773
87217728
872177
8721769
87217611
87217434
872173
8721725
8721722
87217122
8721706
87217017gabriela
8721687
87216567
872165
87216270
872162
87216128
8721611
872160a
8721608
87216
872157767
8721544210
872154
87215378
872153322rockyou
8721515
87215130
8721513
87215124715894432
8721502
872150
8721497
87214960
8721492
872149124568
8721475
8721470
8721461046
8721461
87214509
8721438
872143
8721420
872140
8721383
8721369
872136
8721359
872134
8721332
8721328
8721314
872131
87212cruz
8721295
8721291
872128
8721279
872127
8721256
87212427
8721236
872120
8721194
87211910415315
872117bg
8721172z
8721167
872115
872114
8721132
872113
8721125
87211248
8721123
8721121
87211206cj
8721110
8721104
8721102
87211
8721093
8721087
8721083paxita
872106
87210587
872104li
872104c
8721046
87210405
872103
8721023
872102
872101100pre
8721
8720rebeca
8720nevsa
8720ianu
8720dl
8720animelover
8720ak
8720aa
8720BB12
87209zgyic
87209pupnt
8720993
8720980f
8720976
8720970533
8720968
8720950
87209401
8720940
8720930
872093
8720917
8720908
8720904
8720850
8720832
87207740
8720770
872077
8720767
8720756
8720709
872068
872067
8720648m
8720648
8720601
87205gdhcn
8720599a
8720589
8720578
87205560
8720532
8720480
8720471
872044
872042523
8720390
8720368
8720362
87203515
8720328
8720317
8720302
87203
8720299
872029
872025
8720249
8720234
8720228
872022
87202170
8720213
872021
8720209
872020
87202
872019942513
8720194
872018523de
872016
8720138b
8720135
87201315
8720121
87201151
872009
872008awck
87200802jl
87200801
872006k
8720056
87200505
872003
872002
8720007
8720*rd
872++
871yful7x16r
871yeohmen
871oahu
871na01j
871mm
871main
871lakerd
871kim19
871irvin
871gutta1
871f12a7
871alt420
871UTupw
871BROOK
8719rl
8719pass
8719mtb
8719jorgeluis...
8719cobra
8719988
871997DL
8719971
871996amc
871995rw
871995123
871994ilpoppyalk
87199424222301
8719934884
871992c
871991n
871991micko
87199147
8719905
871990123
871988826
8719880
871987871987
8719871
871987 adi
871985s
87198480
8719839
871982c
8719829
87198230712
8719823
8719813811523
87198103
871979ae
871977_lin
8719768
87197654
8719762
871971
8719707
8719695
8719694
871968509
871967
871966dm
8719645
871964
8719636
8719633
8719626
871960l
871960bb
8719601555
87196004
8719598
8719590
871958
8719564c
871956
8719552
871954264
8719529
871952720
8719519159500
8719515
8719510
871951
8719509
8719503
87195
8719481
871944
8719433
8719426
8719419
8719408
87194
8719393
871939
8719388
8719360
871935159
871935
8719328d
8719312
8719307
8719295
8719293
8719288
8719283j
8719283
871927
871925
871923
8719224
8719213
8719210
87191987
871919
8719188
8719176
87191525
8719140
8719131
871910vIRGO
8719107
8719103
871910
87190gianca
871909
8719084
87190406071188
871904
871903
8719028
8719020
8719017Z
87190021
8719$_$B_u?E^r.9149
8718tx13
8718kh
8718daan
8718992
8718979
8718977
8718972
8718971
871895
8718939
8718938
8718935
8718903123
871889
8718888
871887
8718857
8718848
8718820
8718808
8718781
8718731
871872_bfb
871872
87187187
871871639v
871870
87187
8718695d
8718695
8718686
87186802
8718673c
8718663
8718643
871864
8718632
8718604
87186
87185963
871859200
8718588098
8718570
871856lunc
8718550
8718544
8718515
871845
871844
8718400
8718393
8718388
871838
871837
871834
87183290
8718292
87182871
871827905
8718258t
87182318716558
871823
87181903k
8718171
8718157a
871815
8718147
8718135
871813
8718122
8718102
871810
871803
87180088
8718005
8718002
871800
8718
8717vh
8717pd
8717f
8717crb
8717ainos
8717TREBLA
8717@948f
8717974e
8717970
8717961718
871795
8717945
8717927
8717917
87178717
871787
8717849
8717827
871781
871780130
8717787
8717778
8717761
871776
8717747
8717735
8717689june
8717689
8717678
8717671
87176663
871766
8717644013076
87176365
8717627
87175mason
87175900
8717568
8717566
8717529
87175210
8717520
8717518r
871750
871745V
8717457\\\\
8717428
8717425e
8717414
87173931
871739
8717376
871733913
8717338
871733
8717325
8717312
871731
8717295
8717280
87172742
87172643
8717251
8717250
871723294
87172201
8717202
87171ml
8717184777
8717170638
8717161
871716
8717154
8717127B
8717121
8717116
8717109
8717105
8717102mm
8717090
8