8456
856347
8563442
8563434
8563417890kjgs
8563413
856340153575
856338
8563365
856336072
8563360
8563333
856332
85633
8563296
856328
85632688
856326
85632589
856325
856324
8563230
856323
856321764
85632147bghnhj
8563214
856321097
856320
85631974
8563182
85631598
8563116
8563111
856310
85631
8563081
856306955
85630470
8563041
856302
8563008
8563
8562ysol
8562ydqne
8562ndst
8562natalie/*-+
8562mc
8562j7k
8562dc
8562ali
8562Hennemann
856298
8562942
8562936
85629330
856293
856291553
856291
85628baby
856289
85628855
8562874
85628542
856284l
8562837
856283431
8562811
8562810
856281
856280
8562798pys
856279
8562789
85627820
8562780
85627630
8562763
85627541
856275
8562714
8562705123
856270
85626904100
856268ng
856265
85626332
8562621
8562609
85626
85625885
8562582
856258
8562569
856256827
8562559
856255
856254jnr
856253520
85625003
8562492
8562483
85624794
85624793
856247
8562469
8562459
8562454
8562446
8562435
856242
8562413
856241
8562400
856240
85624
85623s
85623rjdif
8562399
85623734
85623684216
856236
8562344
8562340
856234
85623369
856233
8562312
8562311
8562310
85623042_conny
8562303
8562301
85622qrgmn
8562284
8562282467
8562273110
85622722
856227
8562269
85622601991
8562256
856225
856224
85622316
8562224
8562219
8562210
856221
8562206220
8562202940
8562200
856220
85622
85621943
85621806
856217anne
8562179
8562171
8562169
8562162
8562158
85621560894
856215
8562134
8562127
8562108
8562106
856210
856209705011
8562082
856207900325
8562078t
8562078T
856207774242
856207726030
856207717583
856207492690
8562071
8562065
856205c
8562057032978
856205
856204401
856204
8562020
8561nini
8561luv
8561gn
8561boo
8561aw
85619a
8561991
856198
8561968
85619670
8561940
856188869ying
856188
856187594
8561866
856183650
8561832
8561826
8561812
8561810
856181
85618047
856180409
85617r
856179
856178
85617461
8561740
8561733
8561702
85616702
8561669j
8561640
856163
85616232
856162
8561614
856161
856159530
856158A
8561554
8561549
8561545456
8561545
85614dt
8561493
85614800
8561476
8561456
856144tb
8561447
8561445
8561441
8561433
8561417
8561409
8561383
85613501
85613411
85613377
8561329
8561320
85612yoonohoo
856129papi
8561275
856127443
8561274
85612736
8561261
856125
8561248
8561235
8561234
85612300
8561227
856121
8561196
856118
8561172
8561171
856117
8561141
856114
856113
8561127
8561123
856112
8561119754
8561116
85610jra
856108
8561079
8561049
85610260
8561001
8561000
8560zqfah
8560tb
8560nwoso
856098
85609343
8560926
8560893
856089
8560858
8560806
85608031
856079
856077
856076811
856076
8560758
8560740-
8560740
8560732
856072310
8560715
856071321
856071
8560707
856068
8560603
856060
8560593
85605878
856058
8560574
8560569
8560550
856049
8560486
8560479
8560472
8560465f
8560427
85604247
8560423
856042
8560404
856040
8560360
856034
856031
85603
856026
8560248
856024
85602300
8560196579
8560175
8560165207
856016
8560149
8560141
8560140
8560136585
8560124793
8560117
856010
856009
856008
8560078home
85600425
8560038
8560030
856001
8560000
855vanessa
855roland
855morganlila
855martin
855manta
855knick
855keo
855isa
855higui?
855hgr3
855greens
855deere
855dan
855cxi80
855cxi
855cudy1
855c123
855_1186
855YOU
8559gav
8559959
8559951
855995
85599340
855992e
855992E
855992
85599196
855990
8559896j
85598697230053392
8559869723005
8559867
855985d
85598559
8559851
8559812
8559811
855979
85597271
8559697
8559694
855968
8559678
8559674
85596682306
8559663
8559658
8559633
8559632
85596233
855961
8559600
855959
855958328
8559562
8559558
85595555
85595343
8559531
855952
8559511
855950
8559477
8559475
8559474
8559462189
855946
85594580
8559455
8559419
855939
8559386
8559381
855937
8559342
8559312
85593101
8559304tb
85592kpzq
8559275
8559272
855926
8559230
855920jan
855920
85591919
855919/8627
855919
855915128
8559151
8559143
85591420
8559121
8559113
855910645
8559082
85590706
8559058882
8559052479
8559027
85590124
8559001
855900
8558tjjt
8558rlk
8558ok
8558cHEE47
8558ash
8558998
85589669
855896
855894
855893
8558902
8558897
855889
8558885
8558882
855888
85588698
8558858
85588558-+
8558852
855882
8558808
855880
8558793
8558774
85587593
85587573
8558726
8558680
855868
8558668
855864
85586330rhi
8558626
8558620
8558613f
8558613
85585955
855859
8558585
8558583
8558582
8558567
85585522855
855855000
8558548
85585286
855852
8558505
8558500
855850
8558456525henrik
855845
8558423
855842
855841
8558407
855838w
8558388
8558358
8558348
8558345
8558344
855833
855832224
85583177
8558317
855831
8558308
8558305
855828g
85582864
855828
8558277
855826
855825
8558225
85582199
85581992
8558192
8558189046
855818
8558179
8558156
85581503
8558141
855814
85581234
855811
8558106
85581
85580710
8558060m
8558035
855802
8558013
855800
8558
8557sr
8557mon
855793
8557926
8557886
8557884
8557871
8557862
8557861
85578557m
85578557
85578518
8557849785
8557840
8557822
8557803
85578
85577981
8557769
855776
85577534
8557747
85577450
855774
855772
855771
85576me
855768
855767
855766
855765
8557649
8557640
8557576
8557564
8557557
8557536
8557527
8557524
85575122
855750
8557494
85574878
855747
8557447
855742
855740900
855740
855737G
8557301
8557299
8557272
855727
8557268720
8557265
855726
8557242
855724
8557228
8557223
855721
855716
8557157
85571561
855715
8557124235
855712
8557110683
8557104237
855709
855708nk
8557087
8557082
8557050855
8557036587
8557020
855702
8557007
8556mc
8556abc
8556998
8556985569
85569586
8556948l
8556948
8556942
8556938
8556902
8556856
85568556t
85568512
8556836
85568113
855680
85567873
85567836
8556773449
855677
8556745b
8556743
8556734
855672
855670
8556687
8556685
855668
85566733
8556662
855661
85566
8556566
8556565
855656
855655
85565488
8556547
8556546
855654
85565391915
85565376
8556536
855652
8556511213
8556501
8556499
855649785
855644345meshenmiyvarxar
855644
8556435
85564153
85564001
8556395
8556376
8556365
855636
855635k
8556342
8556326969
8556324
8556314
85562a
855626
855625
8556245gp
8556227999
85562263
8556221
8556210
85562
85560941
8556078
8556075
85560461
8556038
8556031
85560305
8555DA
855599962
8555989
855596969
855595
8555949
855590dr
85559
8555880
855587
8555865
8555859
8555812
85558064210
8555800
855578742
8555785
8555752
855575
8555730
855572
8555714
8555710
85556848
85556697
855566
85556591
855564
855562
8555598
855556033849
855556
85555555
8555507
8555506
85554nqpem
8555499
8555491
8555484
855545
855544g
8555431
8555424
85554
85553iufyg
855538ab
8555374
8555372
855535bs
8555348
8555338
8555336
8555324
8555323
855530972614
8555304
8555303
855530
85553
8555278
8555277
855527
85552555
8555252
8555250
8555244
855521
8555208
8555207
8555198m
8555185
8555184
855517
8555152
855515
855514n
8555142046
855514
8555123
85551172
855511
855510
8555084
85550809
85550745
8555074123
855507
855506
8555056
8555054
8555052
8555030
855503
855501
8554pin
8554ma
8554jj
8554erica
8554au
8554andre39sebas
8554978
855497049585
8554966
8554944
855494
855493
8554928b
855492
8554903
8554902
8554898
855488
8554873
8554858J
855484945555
8554817
855477
855473
8554718
8554712
85547
855469233134679
8554685
8554684
8554675
8554634
8554622
8554619
8554608
8554588
855457
8554558
855455
8554549
8554527
8554508
8554506
8554496
85544858
85544760
8554475
8554461m
85544602312
8554450
855445
8554441
8554411h
8554411
8554388
8554386
855438
8554364
8554356
8554349
855434241
8554342
8554333
855433
8554317
85542tnsvo
855427
8554269
8554265
8554257
8554243489
8554240
8554233
855422
8554215f
855421
855420
8554197
855418el
85541855
8554170
855417
855413522
855412j
8554123
855410020
855410
85541
85540919xthu
8554081*
8554080
8554060
8554037
8554018
8554013
8553wr
8553Danyel
8553997
855399
8553949
8553939
85539224
855390
8553889
855388
8553848
8553804
855378
855376
8553743
8553718
85536jimmy
85536918555389
855369
855368451
855367726
8553671
855366786
8553664
855365
85536496
855364
855363
8553627
8553620
855361beg
85535xmorp
855358966114
8553585
8553570
855355
855353
855348
855347
8553461
855346
855343043
85534130
8553411
8553405
8553395
855339000
8553382
8553373
8553362
8553353
8553308
85532OC
85532J
8553272
8553252
855323
855322
8553214
8553212
85532
855318
855317
8553155b
855314rockyou
8553148
855314021092
8553132
855312345.gaby
855312345.
8553122
855311
855308Bn
8553085
855306858
8553054862
8553028
855300
8553
8552tsj
8552talal
8552eiip
8552dc
8552davl
8552999
8552990
85529889
8552982
85529727
8552971
8552965b
8552931
85529
855289
855288
8552876
8552855
8552854
85528513
85528281
855282
8552808
85527873
8552775
8552774
855277
855275
85527393133799
8552724
85526jpqbw
8552695
8552671
855266
8552659
855263
8552624
8552623
85526192
8552614
8552607
8552601
85526
8552593
85525845
8552565
8552555
8552545
8552543
8552542
8552527
8552512
8552509
85524xvfsg
85524881
855247
8552460
8552459
855244
8552428111
85523918
855239
8552385
85523827
8552378
855237
8552368k
8552362s
855235
85523490
8552347
8552346h
8552340
8552333
8552331
85523115
855231
8552300e
8552291
8552285
85522803
855228
8552278
8552266
855226
8552246
8552237
85522260326644433555
8552209
8552200
8552191
855219
8552183mh
8552182
85521770
8552167
85521649
8552160
8552145
8552143
855214
8552123
8552106299
8552105
8552104
855210
85520ah
8552098
855209
8552084
85520820
855208
855207
8552064
8552060
8552055
855205
8552032
8552031
8552027
8552025
85520241
8552017
8552015
8552013140
8552011ff
855200
8551pa
8551hEESTERT
8551998
8551993++
8551965
855193
8551921
85519072
855189
85518551
8551855
8551846
855181929
8551809
855180
85518
855179
8551777
855175
8551749
8551748
8551739colvin
85517353566
8551732
8551731
8551707
8551703
8551700
85517
85516980198
8551698
8551673
855166
8551629
85516235
8551617
8551613
855161
8551593
855159
85515615
8551556
85515548
855153
8551519
855150
8551484
8551475jb
85514463
855144
8551433
8551429
8551423
855141
85514
8551378
8551377
8551363
8551343
8551331
8551322
8551321
8551304
855130
85512881309
8551285
855127
85512696162
855126
855125
85512345
85512306637
8551227
855122
855121845
8551216
8551214
855120
8551195
8551188
8551174
855117296733
85511700080392
85511700
8551166
85511474249
855113660
8551131
855113
8551127
8551126
85511238551123_
8551117
855111
8551104
85511
8551074
8551059
8551058285
855103KING
855103
855102290
85510204
855102
8551012
8551011rlc
8551010
8551002
8550knox
8550j7vc
855099750
8550986
8550983
8550969
8550950
8550942
8550921
8550902
8550901
855090
85508977032
8550889
855088
85508658
85508550
855085
85508439190
855074746
8550744
855074
8550738
8550723
8550675
8550660
8550656
855065
8550620
85505899k
8550584002107
8550580
855057
855055
8550535
8550507
8550500
855049
8550443
8550438
855042
8550417
8550410
8550407
855040
855039
8550377@
855037
85503590
8550350
8550345
855034
85503333
8550331
855033
855032
855030345
85502919
8550284004848
855027152
855027
8550269
8550258
8550239
8550238
85502369
855023
8550226
8550224
855022
8550217
8550202
8550199
8550198
855019
8550184
855017
8550169d
855016
8550153
8550150
855014
855013t
8550135b
8550134
855012
855011688802
855011
85501015
855010120866
8550099
8550092
8550084
8550061
8550058
855005
85500427
855004
8550039
8550038
8550036jim
8550036
8550024
8550016
855001
85500084
85500
8550++
8550
855-9364
855-7836
855-1159
855-0974
855
854uqtt
854tomass
854sue
854srces88
854songs
854runner
854roses
854robinson
854pkzrd22
854op
854ll54321
854jahlukrung
854ites
854ht2
854goiy
854gabc
854ever
854euclid
854cyecats
854cmu
854bohemia
854L@cy823
854A6445
8549dm
8549cvo
854996e
854996
8549950
854995
8549946
8549916
854991
85499
8549894
854989
85498648
85498549
8549850
85498099
85497niozv
8549784
854978
8549778
8549776
8549769
8549735
854972s
8549728
8549727
854972
8549719
85496jkh
8549670
854967
8549663
854965745
8549633
854963171288
854963
854962yo
8549624
8549610038
8549608
85495918
8549545
854954
854953900
854951107
854951
8549492
8549485
8549458
8549431
8549404
854940
85493925130567
8549388
8549387
8549359
8549351a
854932
8549300
854926123456
854925573
85492426n
8549237
8549235
854923
8549200
854919tt
854918996
8549173
8549168998
8549135
8549132n
8549127
8549106iya
85491
8549091
854909
8549046555
8549046
854903
85490205
854901ack
85490014geo16
8549
8548aum
8548agdg
85489911
8548971224257398
85489712
85489711
85489668
85489
8548877
85488685
8548858
854884
8548743
854871
8548688
85486789
854867
8548647
8548640
8548627
854861
85485812
854856940631
854856854856
8548567946
85485679
85485652159876363
854856521523
85485635125678iamdevil
854856**
854856
854854854d
854854854854
8548548
8548545
8548540
854854.
85485285688
854852856
8548521125
8548520132430377
854852
85485
8548498
8548470
85484585
8548447
854844
8548431
854840
8548398
854838
85483671m
8548342
854833
8548303
8548302
85482901
85482285
854822
8548219
8548218
85482008
85481909
8548176
85481300
854813
8548095
8548093
8548085
8548015
854801
85480
8547ujobmw325i
8547sb
8547qnwxz
8547jwd
8547dddd
8547ddd
8547coleman
8547W44PL
8547JEF06
85479l
8547991
854798
854796cml
8547966
8547965
8547964
85479512
854792
8547914
85478965478
85478965
854789
8547887
8547870darqeagle
854785695236
8547856952145236
8547856123
85478426
8547810
854780914
8547800
85478
8547721
85476964
8547696
8547676
8547670
854767
8547643
8547641
8547616
854759
85475842
85475716
8547551
8547544
8547540
8547529
8547518a
8547501
8547468
854745852
8547456965
8547444
8547402
8547386
854737uli
8547371992
854736937
8547341
8547323
8547301
8547290
854729
854727919
8547277
8547267g
85472639
85472542
8547232
854723
854722711
85471987
85471881
8547177
8547159753960031
8547157P
85471515
85471407
8547137
8547131
8547123
85471203v
854711
8547098
8547074
8547069tiff
8547034
854703
8547020
8547013
854700
8546r3p
8546llll
8546cj
8546IR
8546988
854698
854697654
85469745612
854697123
8546961
854695715346
8546955
85469533
854695175315346
8546946
8546936
8546935
854692p
854692
85469173
85469123
85469002
854690
8546887
8546874a
854687
8546854679
8546852
85468447
854682518
8546814121275
854679521346
8546791
854678925
8546789
8546780
8546778
8546775
85467595
854674789
8546743
8546742k
8546742
854671
854670
854668
8546664b
854666
8546652
854664
854660
8546591a
85465868
854658
85465728
854654809
854654627
854653266
8546532
85465317491
8546530
85465255
85465226548
85465213
854651
854650a
854646
854644
8546424
854641
8546408
8546401
85463iloveyou
85463995
8546396
854638
854637
854636
8546335
854633
8546317
854631254
85463016
85463
8546288
8546263
854626
854625446652448
854625
8546237
85462354201504518
8546233d
85462330
854623
854622
8546215
8546214
85462137
85462135
8546213+
854620b
8546202
8546197
8546187
85461866
854618
8546169
8546168
854616
85461444
854613j
8546137964
8546136
85461300a
85461253
8546124
8546120
8546106
8546102
8546053
8546027
8546015
854600a
8546002
854600
8546-2sex
8546!
8545s3
8545mv
8545ms
8545iizz87
8545di
8545abcd
8545997
854599
8545960
85459411
8545933
854592ls
8545920
854592
8545915
85458990
854589
85458899
854588
8545875
8545866
85458565l
8545851
854583
8545821
854581
85458
85457b2k
854579t
8545759515
85457546
8545744
8545735
8545721600
85457
85456699
854566
8545652a
854563192
854563
854562310
85456123
8545600
85456
8545591
8545584
8545577ro
854557
854555
85455464
8545545
85455
85454kuvgp
85454aekjm
8545496
8545487
8545481131S
854548
85454711
854547
8545454
8545434
85454334
8545431m
8545412
8545411
8545402
85454
854538m
8545376
85453755
8545357
854534
85453320
854532as
8545308
85453
854528274020138
85452799
8545245
85452363
854522
85452137jdi
85452009
85452
8545192
854517
8545155
8545152
8545147
854514
854513613
85451313
85451236
854512
8545050
854503
8545026
85450202
8545003
854500
8545
8544uiplp
8544msis
8544mo
8544ab
8544999
8544989A
8544965
8544959
8544947moscu
8544939
8544937
8544913
8544911
8544909
8544895
854489
854488
85448544
8544837
8544817
85448121
854480
85448
8544791191
8544765
8544750
854475
8544732
8544696
8544675d
854466
854464
8544638
8544637
85446321
854463
8544627g
8544604619
854458a
8544587
8544570
85445541
854455275
854455
854453
8544511
854451
85445094
8544506
85445
8544471
8544468
8544458
8544453
854444
8544418
8544414829
8544414823
854439
854438
8544371
8544367
8544325520
8544309
854429jaz
854429
854428
854426
85442546
854424
85442355
8544230
854423
85442147
8544214
85442112
854421
8544206
85441k
8544194
85441765
8544143
8544126a
85441257
8544121
854411
854410
8544081
8544080
8544064
85440412
8544024
85440213
8544014
8544
8543se
8543nlmr
8543m
8543lili
8543kjs
8543josh
8543jblt
8543;150
85439lmw
8543995
8543991
854399
8543989
8543984h
8543978715749457125
8543976
8543970
854394
8543928
8543915
8543900
8543889
8543868
8543862
8543853
8543849
8543830
854383
854382840
8543813
854380
85437809
85436_dila
8543684
854368
85436723ho
8543655
8543632
854361elix001
85435do
854358
854357
8543551
85435298
8543517
8543513
854350
8543493q
854347
8543469411
8543448
8543430
854340t
8543409
85434
8543397
8543396
8543382
8543381456321
8543381
854337
8543362
8543349
85433458
8543345
8543342
8543341
854333
8543315
8543302
85432fz
8543291
854329
8543289
8543288
85432701
854327
85432678
854325458
8543242
8543228
8543212
8543210b
8543210
85432019
854320
85432
85431993
85431545
8543154
8543151
854315
8543135
8543124
854310a
8543107
85431
854309
8543083
854307
8543051
8543008
8543.92
8542td
8542ojkiyd
8542mjhaum
8542kiki
8542jd
8542cdh
854299
8542989
8542970
854296
8542949
854293
854291
8542907
8542888
854286
8542844010484
8542844
854284
854282
85428159697
8542811
854277
85427611
8542759
8542700
85426fish
8542692
854269*358
854269
8542683
85426791bf
8542663
854265k
854265C
8542653
854265
85426415
85426397
8542638
854262
854261377
854261
8542608
8542594789
8542590nat
854259
8542577
8542572
8542571
854256355
8542560549351134
85425568
8542546
8542544
8542527
8542524
8542520
854251
8542507
8542495
8542485
8542468
854244Volimte
854243644113
8542420
8542417
854241
854240478
8542403785424037
8542397
8542394b
85423923
8542387
8542379
854236myy
8542369c
8542362
85423611
85423547
8542341
85423350
85423348
8542312
85423101
8542301
854230
8542290
8542279
854227
8542267
85422281
8542226
854222
8542211
8542203j
8542197
8542196
8542193rdz
8542189a
8542184j
8542175
8542169
854216
8542153
854215
8542134188
8542133
85421308
854212
85421196
8542118
85421175339015
8542114
854211
8542103
8542100
85421
8542069
854205
854203
8542020
8542015
854201352
8542001
8542
8541sw
8541r2t8.com
8541pj
8541dd
8541a742
8541993
8541961
8541923
85419131
8541901
8541896
8541881e
8541880
854187986amjad
854187
85418614
854186
8541856334
85418541fulya
85418541a
8541854
8541835
8541826
85418108
8541803
8541791
85417854
8541785
854178
8541765G
8541764
85417452
8541731
854169pj
8541698
85416792
8541677
8541668
85416523
8541652
854163life
854163
8541626
8541614
8541603
854159e
8541588
8541554
8541541
8541538
854152
8541514
8541513
8541510
8541488dangerche
8541485j
8541482
8541478
8541456
8541452
854144658
854143246
8541415
8541411
8541402
85413964
8541395324
8541376
8541368
8541364791
8541334
854133
8541328
8541311
8541301
854130
85412cami
8541293
8541290
8541287
854128045
8541273
85412517
8541244
8541243
854124
85412369
854123679
854123456789
85412341991
85412233
8541219
854121
85412
8541195153143
8541191
854118
8541170
854117
8541157
85411458
8541144
8541133
85411282
854111
8541101
854110
85411
85410928541092
854109
854106
8541059
8541055
8541050
8541045
854104
8541037mom
8541006793
8540mike
8540av
8540996d
854098
854097
854096
8540951
85409327
8540931z
8540929
854091
85409095
8540901220
854089
854086488756
8540860
85408398
854083
8540812
854080
854079
8540766762996
8540762
8540754
854075
854073
8540722
854071
8540703
854067
8540667
8540666vicky
8540655
854064
8540626
8540622
8540621
8540598
8540588
85405821
8540563
8540550
854051
8540508z
8540503
8540501
8540489276502
8540473
85404428514365
8540442
8540436
854043
8540403
854038
854037
8540353
8540347
8540345
85403327a
854033
8540304
8540288
8540285
8540260
854025
8540247
854023
854021
85402082
8540202
854020
854019
8540181
854017745
8540163g
8540145
8540137
8540123puta28gh
8540123
8540112
854011
8540102
8540095
8540082
8540057
8540046
85400401
8540034
854002014
854001232
854000rr
854000
8540
854-2662
853ydccd85
853xn29c
853vle
853tjqbw22
853teapa3tie
853qrazc
853pollok
853pie
853okok
853music
853ljc
853kids
853heyra53
853fb2rnpkj1
853estadio
853eohio
853ds!
853cskjm29
853carla271
853cadecd
853RECORDS
8539ugly
8539rp
8539eb
8539baby
8539abc
8539aa
853999
8539988
8539981
853995
853993858
8539923
8539914
8539907
8539902
8539900
853988
85398792lq
8539756
8539751a
853972
8539715
8539658
8539648
853964411
8539582
8539578
8539570
853955
8539545
8539525
85395
85394741
8539471
853945
8539427
853941
853940i
8539404
85393kkzwp
8539386
853937104
8539368
8539367
853934
85393310
853931
85392tuwro
853929
853928
8539276
8539241
8539234
8539233
853922
8539208e
8539146
8539142
8539128MOSE
8539120
853910
85390byd
853909
8539072
8539070
8539046
853902
85390132
8539
8538jsh
8538gsg1
8538GSG1
8538993
853897
8538923
853891
8538848
8538830
8538826
85387723
8538767
8538754
8538750
8538748
85387266
853872
8538713
85387056
8538694
8538668
853864
853860
8538597
8538587
853854
853853s
8538539
8538532853
8538530
853852
853851
8538504d
8538504c
8538503
85385
8538498
8538497
853849
85384841
8538470a
853843WAGMA
85384217
8538380
853837
8538360
8538352c
8538322
8538313
8538296
8538291
8538255
8538223
85382112
8538201+2
85381k
85381K
853819
8538183
85381612
85381552
8538132
8538126
8538123
85381
853805
8538047
8538025
853800
8537zz
8537oj
8537ey
8537d67
8537970d
8537967
8537964z
8537947pc
853794102
8537939
8537929
8537917
8537910eln
8537908
8537892
8537874
8537854456
85378537986
85378480
8537843
8537833
8537810
853780
8537798
85377881995
8537785377
853778
8537767542
8537745k
8537732
853773
8537711
8537710
85377
853769
8537682
853768
8537661
8537639
853763
8537623
8537616
8537599
85375962
8537568
853755
8537548
8537547
853753
8537528
8537523
8537517
8537511
8537508
85374dtxsn
85374910
8537471J
8537444
8537434F
8537431
853741912
8537417
85373keixm
853739APIA
8537396
8537393
8537389
8537381
853737yh
8537369
8537363
8537344
8537338
8537330
85372900
853725
8537238
8537218
853719
8537189
8537187
853718
853717
8537168
853716
853712
8537116
85371111
8537103
85370831866552
8537078
8537076
8537073a
8537070569
853705
853704
8537022
853700
8536pp
8536dc8536
8536cpl
8536colden
8536aocrd
8536amber
8536997
853697581a67
8536963
853694220
8536917c
853691
85369
85368877
853685
8536829
8536805
85367vrjfh
85367uebem
85367jgfye
8536795a
853679
8536789
8536778
8536771
8536765
85367347
853672
8536695
8536686
853668
85366721
8536652
8536642ds
8536642
8536637
85365948536595
8536587
8536584
853658
8536572
8536540
853654
8536512f
8536506
85364wxyz
8536461
8536455456
8536455
8536447b
8536439
8536437
853643
8536412z
853641
85364
8536398
85363751
8536358a
85363586
853635
853634
8536338
8536334
8536303
8536301
853630
8536299
853629
853627
853624
85362227
853622
8536214
853621
8536207
85361993
8536176
8536174
8536169
85361486
85361281
8536114
85360ulcinj
8536083
8536063weli
8536045924A
8536003
853600
8536
8535ka39
8535account
8535Phi
85359rcuur
853598
853596
853595j
8535951k
8535949
8535933
8535926
8535916
8535900b
853590
8535896
853587
853586414118290k
8535860
853585
8535841
8535824
8535816
853580
8535789
8535779
8535755
8535735
8535716
8535704
853570
85356947
8535682
853566
8535642
8535639
8535629
8535587
8535580
853558
853557
85355670
853556
85355485
853554
8535534
853553
8535525
8535522h
8535521
8535510
8535509
85355026
85355
8535482
8535457
8535456
8535454
85354501120
853544
853540
8535397
8535392
853539
8535388
8535371
8535369
853536
8535346963741852
8535346
8535339
8535335
85353221
853532
8535306c
853530038350
8535278
85352711234
853527
8535253
8535252
85352422
8535230
8535224
8535215
853520
8535181037
853518
8535148
853514181
8535140-7104328
8535133
85351316n
853512
853511
8535101
8535085
8535061735
853506
8535054854
8535025
853501
8535005
85350
8534kat
8534DDJ
85349m
85349d
853498
8534932
8534897
8534885
853484
8534833
8534830
853483
85348235
8534815
8534804
8534797
85347800
8534764
853475bun
8534746
85347200918874267124
853471
85346j
8534693
8534661
8534634b
85346259
85346129
853461
85346024elda
85345x
853459
8534580z
8534575
8534565LLC
853456
85345594131
8534555
8534540
85345171
8534508
85344t
85344830915
8534482
85344635
8534457
853444
85344282
8534415
853441234
8534407
853440
8534394
85343665
8534356
85343526
853434
85343104
853431
8534304
853428
8534252
853424
8534225
853422
853420a
8534207
8534205
8534202
85341drama
8534151j
8534147
8534141
8534140
8534121132
853412
853410
85340865653064
85340718
8534070
853404
85340123
8534012
853401
8534009
8533mz
8533jr
8533998
85339862
853398
8533968
8533964
8533960
8533958
853393
85339218
853392
8533911g
853390
8533898
8533886
8533824215
853382
85338
853378
8533768c
8533765precious
8533761
853376
853373510021495
8533720
8533710
853371
853370
8533680
8533678
853366
853365
853364
853363
853361
8533598
853358853
8533571
853357
853356
8533555
8533545
853354
853353
853352416
8533501
85335002
85334hckep
8533484
853347823284
8533467
8533465
8533457
8533451
853345
8533438
8533411
8533410
8533397
8533384
8533363s
8533350
8533347
853333
8533310c
85333
85332hc
8533298
853329
8533288
