71707cd
8717079
8717067
8717057
87170502
871705
871704
8717023
871702
8717005
8716la
8716dad
8716bays
8716972
871697
871694
871693734
8716937
8716931
8716909
8716907
8716905
8716892sd210414
8716885
871687168716
87168716
8716871
871687
87168628
8716851
8716837
871682
87168
8716787
871678589
87167811
8716770
871677
871671953
8716714
87166918
8716681
8716675
8716664c
8716649z
8716643
8716633
8716631
87166290
871662
8716586
871658522
8716560
8716547
8716546i
87165325
871652j
871652
871650
8716482
8716448
8716433J
871641
87164
8716393
871637
8716342
8716333
8716331
871633
8716328
8716317
8716308
87163
871629
871625
871624319
8716240
8716205
871618
8716167
8716162956m
87161446
871612
8716115
8716113G
871610ELI
871610
8716090
871608
8716077ms
871606
8716059
8716051s
8716051m
8716045
8716038
871603
871602
87160123
871600941
8716.2745
8716-02
8715rk
8715midland
8715lola
8715dixon
8715ccapsf
8715acuario
8715992
8715961
87159579
8715957
87159480
8715945
8715941
8715927
8715910
87159058
8715902
8715894
87158847
871588
871587
8715848
8715820
8715793
871577don
8715763
8715759
87157482
8715730
871572208
871572
8715709
8715701
871570
871569k
8715693
8715690
8715686013290
871567677
8715670000
87156654
87156387
8715629
8715623
8715606guy
8715604
8715588
8715587
8715586
8715570
8715564
871556
871555
8715544
8715536
8715531
8715530
8715522c
871551
8715477
8715475
8715474
8715466
8715453
8715452
871545
8715442
8715441f
871543194
8715415
8715408
8715400
8715398
87153508
871535
871534873325
8715312
8715311
8715310
8715304
8715271
871527
8715260
8715253
87152502
871525
871523452
87152329
8715211
871521
871520icaro
8715204
871520
87151994
871519
8715161
871516
87151489
871514
871513
8715128
8715117
871511
871510
87150b
87150872062937
871508
87150706
8715050
871504
87150395
8715028
8715025
8715017
8715005
871500
8714w6617
8714popi
8714nmr
8714king
8714im
8714goul
8714garh
8714chan
871497
871495040
87149301
8714915
871490767
8714876
87148714
8714862
8714834
8714826
8714822
8714820
871482
8714817
8714815
87148
8714785
87147748
8714772
8714769
871475
871473
871472
8714713
871471
8714695
871466
871465
8714649
8714637e
8714627h
8714625
8714587145
8714575
8714563
8714561
871453
8714518
8714514_gd
8714509
8714460
871445
8714426
8714416
8714407
871439
8714388
8714372
8714364
8714333
871433
87143219
8714321
8714312
8714297
8714295
871429
87142690
8714264
87142594
8714254
8714249c
8714239
871423
871421b
8714215
8714214002539
8714184
871418
871417
8714168
8714155
8714143
8714131666
871413
871412k
8714128
87141219
8714116
87141143a
87141143
8714114
871411253129drthe
871410b!!b
871410aa
8714109
8714085
8714083
871407df
871407
87140699
8714050
87140343i
871403
871401
871400vash
8714-a
8714
8713pumpkin8713
8713playboy
8713pg
8713mg
8713j15
8713deviant#
8713cuba
8713a1
8713a0075
8713Cruise
8713930
87139037
871390248
8713902
871390000
871390
87139
871389r
8713890
8713867
871385
8713841
8713819
8713810
8713802
87137l
87137802
871378
8713778
8713770
8713766
8713761848
8713743j
8713721
8713705
871369852
8713697maje
8713697H
8713682
8713650
8713643
8713637
8713626
8713617e
871361630
8713601
8713597
8713595
871359
8713548
8713545
87135319
871352
871351l
8713513
871350
8713497
871347
8713464
87134526
8713442
871344
8713437g
8713426
871341
871340935
871340927
8713400
8713399
8713394
871337
871334
871333
8713315
871331
871330
87132sexygirl
8713293
8713291
8713289
8713260sara
8713253
8713217987
871321
87131e
8713188
871318
8713160
8713157
871314183227
871313a
8713135
871312york
8713128
8713125
87131142205
8713113
8713104032341302
87130m,
8713087
87130840
8713071
87130637
87130564
87130360
871303
8713014
871301
871300542
8713000
87130
8713*
8713
8712yet
8712ss
8712ngc
8712kakin616
8712axelsergio
8712IJAA
87129wisma
871299
8712955
871295
871294
8712933
8712924
8712921
871292
8712917c
871291
87129087
8712905
871289
8712888
871288
87128712
8712869
8712858
8712854
871284871284
8712842
871284
8712811
8712807
8712806
8712804j
8712803b
8712785j
871277
8712768
8712757
8712756
8712741
871274
8712730
8712726
8712713
871269
8712687126
871268
8712677
8712663
871266
8712651
8712650
871265
8712648
8712645e
87126252
8712618
8712616837
8712616
8712609
8712601
87126
8712584
8712582
8712573
871256a
8712567
8712552
8712544
871254
8712538
8712520
8712518
8712517
8712511
87125
87124kimost
8712496
87124951
871245
871241a
8712408
8712378
8712371
871237
8712365
8712350966l
871234d
8712342725
8712329972
87123299
871231r
871231495762
87123119
8712311
87123055614
871230547
8712303
87123026
87123014
871230095118
871230086879
871230055335
87123
87122988
8712298
8712297288
8712296814
8712296
87122954909
8712293
8712290
8712287
871228496115
8712284
8712282D
871227_lia
871227496105
871227385165
871227145815
871227136214
871227015391
871226mao
871226f
87122654700
871226525437
87122634
87122621
87122604
871225mm
871225miriam
871225085871
87122503
8712250198710j
87122497920
87122468770
87122464936
871224565080
87122433
8712243101
87122391
87122378142
87122356912
871223565070
871223146001
8712231
871223055038
871223045147
871222ying
871222jh
8712228
87122243
871222355418
871222146165
8712220
871221599631987
871220z
8712208763
871220496217
871220235789
8712201
871220085602
8712200852158931
8712200654418912125174
87122
8712197330
87121954603
87121950594
8712192872
871219145698
8712190324
87121900
8712186
871218565076
87121851154
871218145125
871218115331
8712181
871217pu70marte
871217_ts
871217820113
8712176
871217235390
871217115217
871216leito
871216jhenifer
87121625
87121609
87121601992
871216/*-
871216-14-5852
871215ce
8712158
87121570
871215616
871215495279
871215123
871214fei
8712149
8712147
8712143.3.3.
87121423
871214136389
8712141
871213nuar
87121360380
87121359772
87121356218
87121351976
871213235887
87121323
871212aku
8712129635290989
8712129
87121266170
8712126011
87121259930
87121256515
871212525743
871212525241
871212235834
87121206
871211495124
87121111
871211085440
871210lplc
871210jzs
87121057164
8712103216
871210236040232
871210-55013
87121
871209beepo
87120960162_j
87120959830
87120953719
8712093p
8712092402
871209235390
87120919
87120910210804
87120907
8712090258m
871208ee
87120875
8712084271
8712083z
871208235495
871208115338
87120796
8712073101
8712073
871207146212
871207035379
8712065
8712064
87120619
87120577016
871205086009
871204ADRIANA
8712040499
871203m
8712039
871203495124
8712033
87120317
871203145386
8712031
871203045238
871203025915
87120258034
8712023039
871202146539
871202065069
871202.lindamujer
871201752620
871201665054
87120156
8712000
871200
87120
8712*2
8711rc
8711nefta
8711mitchell
8711lore
8711chafus
8711acdc
8711TNY
8711OjHh
8711Elm
8711998
8711995
8711988
871198
8711975
8711949
8711943b
8711940
871193
8711904627
87119018
87119
871189a
8711898
871189
8711880
871188
8711875
87118711bank
8711868ass
8711867
8711858898304096
8711857
8711850
871185
8711845
871184
871183976
8711830
8711821
871181103711
87118094meurycr
87118024
8711802
87117jeff
8711795
871179
871178
8711779
8711774
8711762
8711754
8711725
8711717j
8711716
871171
8711700
8711698
871169
8711685053
87116689
8711664
8711655
8711640
871164
8711637
8711628
8711626
8711610
871161
8711608
87116038
87116
8711587
8711572
8711559
8711558
8711549
87115366
8711527150
871152
8711510081e
871151
8711500641304
871150
87115
871149WW
8711463
8711456
871144
871143756
8711436
8711429e
8711414
871140
87114
8711370
8711363
8711361267
8711352
871135
871134
87113326
8711321
871130554053
87113052072
87113035123pig
871130145210
871130085238
87112kg
87112k
871129julian
871129eidra
871129830414
87112965490
87112954331
871129435433
87112920
871129115161
871128redox57891
871128ZHANGXIAO
8711285153
871128495510
8711282
87112800
87112763765
871127555
8711272555401
871127025824
8711260628
871125p
871125875008
871125871125
87112565
871125520
87112513
871125115682
8711250104
871125-14-5072
871124boy
8711246
871124495986
871124146356
871124145484
871124105749
871124035170
8711234
8711230656770
871122841021
8711226524846
87112223
871121871121
8711216
87112151212
871121125250
871121115036
871121075409
871121075193
871121026156
8711210016jap-
871120s
871120patriciapaolapinza
8711206
87112031
871120026007
871120025573
871119wai
871119andresvega
87111974800
87111963370
8711196
87111956292
871119146079
87111914
871119125163
871119085130
871119035256
87111884
871118236005
8711181D
871118105216
871118075037
871117y920617
87111774593
87111764563
8711168
8711164618alan
871116435676
871116145636
871115r
871115crxswi
871115congtou
87111566800
87111555425
871115355084
8711153
87111525
871115235891
871115146274
871114rR6365223
87111462745
8711144824
871114295075
871114145069
871114115695
8711140600
871113mocszd02
8711139n
8711137359
87111352788
871113045429
87111270234
8711126
87111256924
871112520
87111242
87111229
87111220
871112135676
871112105223
871111theng
8711118722
8711118711
871111495266
871111025328
871110a
87111051885
871110236609
871110235737
871110105377
87111
87110967126LUISluis
8711094966
871109146091
871109035375
87110900
871108a
8711089
87110857932
8711085
87110843
87110818
8711081698
8711077441
8711075226
871107055217
8711068
87110605
871106017
8711060
87110563050
87110561
871105457114
87110536425
871105061224
871104rds
871104d
87110498
87110472
87110467948
871104526124
87110449jgr
8711043210
87110414
8711034
87110323
8711032205qasw
87110322
87110320
8711032
871103125361
871103065098
871103025811
871103001
871102mg
87110269
87110262734
8711023633
871102115196
87110201s
871102-63110
871101ct
87110159305
87110154516
87110127
871101236471
871101145625
871101065801
8711007
8711002
8710wave
8710pop
87109863
87109579javi
8710949
8710946afriendster
8710937
8710934
871092c
8710924321
8710923
871090
871089
8710878013112
87108720S
87108720
87108710
8710867
8710859
8710836
871081437
8710808
87108
8710784
8710781
87107654525207
8710757
8710743
8710731
87107040
87107
8710697
8710669
8710663
8710655
8710654
8710643
8710642
8710637
8710636
8710625
8710622
8710602
87106
871058
871057
87105602
8710555
8710545
871054
8710526
87105255
8710485
8710474
871047070
8710469
8710460
871046
8710457
871045
8710449
871044848
8710431
8710425
87104245
8710415
8710348
871033an
8710336
8710333f
871031kt
87103160772
87103150
871031355036
8710313
871031025512
87103087
871030747
8710307
871030526366
871030355368
8710302291948
871030085839
871030015291
87102gaa
871029ave
87102958215
8710295567
8710295224
8710295
871028f
8710286695
8710285359
871028355115
871028055163
871027syzn
87102771379
87102771
8710271057
871027075082
871026Aa
8710265
871026125295
87102612524
871025n
8710256487
87102557962
87102555595
871025526708
87102540804080
871025085973
871025065761
871025-52-6126
871024i
871024cy
87102459561
871024235458
871023lyl0925
8710236_123
871023643078
871023355298
87102306662
8710230162089
871022na
871022man
871022_Jandro
8710225
87102219
87102208
87102205
8710218833
87102158898
87102150323
87102148
8710211231
871021086186
871020_52_6557
871020861112
87102059377
8710205
87102014
87102008
87102
87101986
871019235138
871019095024
871018565258
8710183491
8710181355
871018025243
871017sudjimenez
87101754810
871017495024
871017236081
871017235097
87101720221
87101718
87101708
871017045090
871016nia
871016naz
87101687
871016852
871016526482
87101650837
871016435847
871016145495
871016085824
871016085752
871016055289
871015vgr
871015sxy
87101573
8710154a
871015130
87101510
87101506
87101502
871014sek
8710147245685
871014305141
8710142189
871014025780
871014025705
871013g
871013anyie
87101387
87101366977
8710136
87101358249
87101357161
87101343
8710134012
87101316
8710126465
8710126
87101251240
87101251231
871012086598
871012085042
871011565511
87101155097
8710113203
871011305074
8710113..
871011025558
8710110
871010r
8710109
87101054282
87101054
8710105
871010236468
871010172610
87101001
87100l
871009a
871009NuNcAmAs
871009495390
871009236321
871009085121
8710090
87100865180
871008526423
871008525914
87100810
871007wdzyhm
871007iz
871007h
8710076750
87100760515
87100753470
871006jt
871006634
8710065
87100638
87100636
871006236449
871006035356
871006025756
8710060
871005385266
871005035610
871005015249
87100450567
871004065674
8710040
871003xyq
871003855017
8710036
87100333
871003235109
8710032
87100313
871003115289017
87100262973
87100257694
8710025325
8710025130
871002355707
8710023
87100198
87100164190
87100114
871001135219
8710008
8710
870travis
870olb
870nd3
870mudflap
870mcs
870magnum
870kkpjk
870k5UEj
870juggalo
870jac
870horse
870hillary
870gunner
870dsf
870cycok
870crip
870boy
870ale
870ONA
870MANDY
870J870
870Express
870CHICK
8709yng
8709sd
8709nucita
8709mail
8709hgs
8709cris
8709ccbgf
8709997
870999
8709989
8709983
8709977
8709958
870992
8709892
870987
8709867143
870986
8709826
8709806
8709799
8709780
8709773
870977
8709766
8709720
8709710
87097065
8709696246
87096871
8709679
8709667
8709600i
870958
8709522
8709520116
870951
8709496
870948
8709475h
870947528123
8709470
87094407
8709437358
8709420
8709410
87094095tay
8709407
87093911
870936
870935
8709345
8709310
870930lww
870930dayis
870930Wa25
8709308
87093060987barcafc
870930565083
8709305302
8709300039.arman
870929JOHANA
87092969396
8709295698
870929565991
870929565262
8709292
870929075263
870928brali
87092858709285
870928495274
870928435423
870928385438
870928-566159
870927x
87092735
870927025537
87092702
870926vane
870926ting
87092663742
870926025666
870925295111
87092507
870925025808
870924jay
870924andrea
87092460574
8709245
87092414263
870923infante
8709234857099
870922605057
8709224d
8709223
870921virgo
87092161160
87092152
87092130
870921&kh
870920wsb
870920mg
870920870414
8709207
870920105075
870919xp
8709191919
870919085628
8709182
87091811
870917jhg
870917565978
87091749
870917435639
8709171987
87091714
87091666713
87091664320
8709164nor
870916495891
87091630
870916145496
870915ting
870915anpf
870915a
87091561210
870915435272
870915355600
870914felipe
8709145
87091449
870914385373
8709141
87091403
870914025247
8709140205
870914*
87091391
87091378
870913435076
870913295288
8709132085879
870913146274
87091255454
8709122h
8709122381
87091217
87091215
870912065413
870911Ba
87091154771
87091153791
87091152558
870911045189
87091100
870910[hko
87091073712
870910145436
87091
870909s
87090956360
870909526629
87090950922
870909496263
870909435225
870909355321
870909115790
870909115125
8709091
87090909
870909085018
870908se
8709089
87090887
8709084
8709082
8709081463
870908026198
8709076m
87090763944
87090754899
87090754414
87090751
87090674
87090652565
8709064353
870905e
870905085969
870905055380
87090501372
87090501
870905-54121
87090451896
870904495448
870904385230
8709042852
87090413
870904025438
8709040025
870903elove
87090350
87090302
870902am
870902_29
87090252494
8709023348
870902145460
87090202
870902015906
870902015236
870901789
87090161
87090153259
870901305020
87090068
8709
8708yw
8708xgypz
8708hp
8708Iraq
8708993
870899
870898ll
870898960k
8708983522
870897
8708966
8708962b
8708949
8708924722
87089241
8708920290
8708911
8708904
8708884
8708882
8708865975
87088621
870885
8708819832
8708817
870881
8708809
8708806
8708798
8708763
870876
8708730
870873
8708725e
870871212002
870871
87086qxez
8708681S
8708672395
8708668
8708661798
8708650
8708644
8708626
870862
870860
87085559
870854
870852
8708509
8708497
8708485
870848
8708464H
8708463
8708453
8708450
870845
8708446
8708430
870841
87084005
87083pvkzd
87083868
87083835
8708360
870835
8708346
8708330
8708315201437
87083150295
870831025815
870830OMAR
870830035296
87082fvgek
8708294003
87082935
870829236109
870828_arcalius
87082874613
87082860710
870828495867
87082835
870828145760
870828085454
870827565042
870827435184
8708273
870827011596
870826871027
870826565286
87082655601
870826525911
870826500307797
87082610
870826095149
870826025327
870825beck
87082578
87082576
8708256193
8708256030
870824luis
87082469638
87082451585
870823jj
870823binbin
87082360911
87082351270
87082301
87082260585
87082256898
8708223
87082205
87082111
870820526649
87082051455
87082030
8708202005
870820145280
870820125239
87082001
8708200
87081972
87081964155
870819565149
87081954583
870819355563
870819125020
870819105599
8708190544
8708190308
870818shift.*+3
870818@
87081851962
870818157
870818105677
870818035509
870818025802
8708179
870817295085
87081700
87081672715
87081658917
8708155035
87081549
8708151071
87081508
87081507
8708147
870814105493
87081410
8708140355011
87081357
87081311
8708131
870812s
8708129
87081288
87081273446
87081256
870812135429
870812095164
870812016075
870812015953
870811mel
870811fan
8708119d
870811565259
870811115688
8708110956
8708108
87080971
87080959816
8708091111
87080857070
87080852
870808125316
870808105374
870807fyra
87080764837
87080756850
870807495083
87080722
870807045103
87080701
87080688
8708065893
870806045080
870805525904
8708055216
8708051053
870805015744
870804s
870804ed
87080470844
87080462865
87080460269
870804085476
870804045263
870803isaalejo
870803913264
87080370391
87080367609
87080356160
870803496564
8708034
8708032
8708030
87080268155
870802065383
870801cw
87080153166
87080128
8708002
870800
8707tuto
8707takjh
8707slay
8707ma
8707jj
8707jesus
8707cs
8707abc
8707AND
8707991
8707963
8707941s
870793
87078707a
870785l
8707851
8707800
870780
87077ugzn
8707789o
8707729
8707722
8707714
870770
87077
8707699
870769
8707687
8707685
8707664
870766
8707655400
8707655
8707638143
870761qp
8707610521
8707608
8707592217
8707585
8707577
8707540
8707535
870752485
8707524
8707514k
8707507I
8707502160387
8707472
8707464
870746
870742
8707418
87074145
870741189
8707407M!
8707404
87073926
8707385
870738
8707376
87073580
87073508p
8707340
870733v
8707331974
870733
870730145076
8707300689
870730045198
87072954058
8707295330
870729-10
8707288f
87072802
870727yahoo
870727er
8707278qw
8707276
870727495200
87072746
8707273
870727*00670+pachy
8707266
8707265470
87072653538
87072653074
87072652
8707265
870726235351
870726145620
870726085525
870726035202
870726025813
8707256817
87072560165
870725525760
870725435415
87072530
870724cxy
870724841003
87072455574
87072451579
87072367802
870723191
87072308
870722yhl
87072271
87072254919
87072235
8707222001714
87072205
870721are
870721115422
870721+
8707208m
870720825
870720405065
870720222
870720135544
8707201118
870720105118
870720085487
87071958980
870719105356
870719085017
87071905
87071901
870718_35_
8707187
87071859140
87071858055
87071855410
8707184
870718115093
87071809
87071804
8707177765
870717085806
870716caqk
8707167
870716025369
8707155c
87071556a
870715525919
870715105113
870714565142
87071335
870713065592
870713026315
8707127
8707124578
870712146278
870712085209
87071200
87071155402
870711495759
87071106
8707108
870710495909
87071046
87071028
870710145458
87071
870709p
870709435941
87070919
8707091
87070895
8707089
87070808
870707435016
870707385346
870707136284
8707071085261543
870707065801
87070667
87070649
870706135353
8707060031087
87070596
87070586
87070559046
87070505
87070468229
870704526246
870704495146
87070436
870704145478
870704145152
870704025732
8707036
87070357
87070356102
870703305003
8707032
8707028
8707021n
87070158
8707015
8707012
870701145499
87070058
87070021
8706yj
8706todd
8706tihd
8706slip
8706po
8706pj
8706pin
8706mm
8706fu
8706cmg
8706an
8706ajm
8706a
8706J@03K
870699
870698929
8706975c
87069750
8706972
87069634
8706957
87069410
8706941
87069296
8706928
8706927
8706900
8706898
87068975
8706897
87068809edison
870688
8706861
8706826
870682
87068183
8706792
87067830
87067746
8706772rc
87067539pasto
87067463
87067356
8706730
8706711
8706710
8706704
870670
8706693
8706688310
8706675
870665
8706639
87066251
8706625
870662
8706605
8706587
8706575
8706568
8706560486
87065491
8706548
870654321
87065290
8706522
8706519
870651432
8706504
8706500
8706498
8706488
8706463
870645089
87064359-5
8706420
87063crja
870639
8706389
87063843damage
87063722
8706369215487
870636428
87063618
8706335
8706330
8706308308
87063068320
8706306202
870630525936
87063038
8706301025
870629385331
870629355415
8706283470
8706283
870628115268
870628015056
8706279
87062778
87062688
870626729
87062671120
8706265
870626495391
87062594
870625851113ybz
87062582
8706258
87062550749cyv
8706249
8706245
87062410
8706239
8706238q
870623565323
87062343
87062338514656
8706233323
870623305062
870623135569
87062310
870623085389
870623045053
870622zik
8706227
8706225242
870622295296
8706222
870622125414
87062208
87062150929
8706215
87062138
870621345x
870621345pmglp
870621345n
870621345m
870621345j
870621345c
870621345b
870621345a
8706213457
8706213454ever
87062134509271985
87062114
87062109
87062103
87062099
87062055
870620155038
87062013
87062010
870620045189
87061956
87061953521
87061938
87061921
87061903
870619025412
870619*krmn*
870618613
87061860
8706185878
870618145535
870618105189
87061808
870618075215
87061759164
870617526192
87061743
87061720
8706171p
87061703
8706157050
87061566641MAX
87061562573
870615525575
87061531
87061514751387
870615145556
870615115584
870614jk
870614c
8706146
8706145
870614361
870614235613
8706141454
870614080220
870613245
8706131
87061277
870612495294
8706123
8706122
870611t
87061170
87061152
8706115
87061138
8706113119
870611086165
8706110
87061063550
87061011
87060962
8706094060
8706094029
870609125680
870609085016
8706090
8706086070
870608351
870608105572
870608015286
870607k7n
87060764
870607565024
87060713ys
87060706
8706070202
870606b
87060680
870606235138
8706060964
870606025739404662gap
870606025544
87060600
870606-54750
87060570270
8706054650970
870605355138
870605105112
870604mao
870604hop
870604b
870604at
87060478963
87060421
870604123
8706040160081
870603skyblue
870603hana
87060356
87060355
870603435
870603115333
870602jc
87060253615
870602435909
870602305098
8706023
87060212
870602016317
8706019,
87060152428
8706014
87060135
8706012478
870601235294
87060114
8706011353
87060076
8706005
8706002
8706
8705zai
8705ty
8705ts
8705tb
8705ppp
8705oneLov
8705nj
8705mz
8705ms
8705kb
8705kai
8705io
8705ew
8705cris
8705clow
8705chika
8705cd
8705ag
8705985
8705981116
87059657
8705960
870596
8705954620
8705932
8705921
870591373
8705888
8705871
87058705
870587
8705862
8705847nazareth
8705822
8705800
87057986
8705788
8705783
87057467
87057403vale
8705733
8705677
870567
8705660
8705651
8705642
870563
8705622
8705621625
8705620
87055a
8705594
8705591
870559
8705578
8705566
870555
8705537
8705535
8705534e
8705519
8705513
87055111915
8705510060231
8705501
87055004020
87055001
87055
87054xaxaxa123
8705474955
8705441
8705439
8705426
8705423
8705415
87054104646
8705399
870539707
8705397
8705373
8705365
8705357
8705341comet
87053344
8705330
870533
8705323
870531860206
87053102
870530jc
8705305
870530135252
87052crja
870529526192
8705291
87052850310
87052843
870528065662
870527cleonice
87052756713
8705266
870526095032
870526065757
8705260548
870525526793
87052551755
87052545
870525385265
8705248
8705241324
870524055491
870523hdf
87052349
87052317
870523145532
87052309
870522sc
870522clm
8705228yim
870522526464
870522136
870522025168
87052202
87052201
870521juank
870521086065
870521025959
870520723
870520565750
87052043131
8705203
870520086055
87051960899
8705196089
870519519
8705194
870519355289
8705193123
870519145214
870519145097
87051900
870518w
8705186599
87051863842
8705184390
87051830
87051806036
870518026264
870517luzz
87051761675
87051724
87051708
8705170
870516495075
87051619
87051616
870515706
87051556290
87051550453
87051544
870514526421
87051451021
87051409068
87051360
87051352023
8705135
870513105019
870513055373
870512lhs
8705127
87051258357
87051255281
870512295826
870512235444
8705122
870512146089
8705120650
870512026167
870511520
87051128
870511235485
870511040918
870510stiven
870510patito
870510karlos
87051066
87051064001
87051054782
8705102068
870510025953
87051
87050912345
870509123
870509065034
870509035978
87050880921
87050863466
87050859485
87050852839yaqui
870508465005
870508295305
870508145542
870508115597
87050808
870507nakg
870507hm
870507a
8705077730
870507155028
87050710
870506z
870506ds
870506E
87050661952
870506495477
870506305004
87050623
870505870505
87050585
8705054081
8705050587
8705045282
87050452431
870504135136
8705041
8705040
870503ly
87050362
870503355460
870503200
870503105701
8705030
870502n
870502il*
870502565087
87050255563
870502495242
870502355485
87050220314
870502145713
870502125241
870502115481
87050172323
87050164
870501313
8705012
870501085524
87050103
8705010
870500422sumaya
87050020
8704mayo
8704fjk
8704c
8704995
8704960
8704950
870495
87049396
8704935
8704924
87049090
87049027
8704897
8704886
87048803397097
8704874
8704859
8704857
870483
87048204
870482
87048175823438
87048
8704795
8704775213
870472
8704693
8704681
8704679
8704677
870465a
870465132
870464
8704611
8704610
870460
87045892
8704577
8704575
870456
870455
8704547
87045306
87045208
8704510b
8704506
87044890
870448
8704467yyeka
8704444
87044422
8704433
870443234
8704406
8704405
87044016
8704400
8704390
8704371
87043524
870435
8704348
8704341
870434
87043332
870433
87043156love
870431
870430n
870430810617
87043067
870430235547
870430085905
870429565610
87042950120
870429355357
8704290856
87042900
8