
8838668
8838660
883864
88386130
88386113
8838611
8838609
88386007
88386/7/361
883859nsp
8838585
88385583
8838552
8838551
883855
8838528
883852558335
883852
8838514
8838510
883851
883850668
8838492
8838490
8838480a
8838455
8838442
8838440
8838435
88384219
88384148
8838408
883839
8838380
8838373
8838334
8838332
8838326
883832
8838309
883830
8838298296
8838291
8838286
8838282
8838281
8838280
8838261
88382559
883824
8838239
88382212
8838220
883822
8838213
88381karen
88381903
8838185
8838173
8838148
8838142
8838129
88381234
8838116899
883811594
883811
88381024
8838100
88381
8838092
8838077
883807
8838063
883806
8838008
8838003
8838000
883800
8838*8willy
8837sxocd
8837pedrohc
8837den
8837968c
88379601
8837958
883793j
8837920
8837905NM
8837902
8837899
88378918292
88378867c
88378837
883788
883787
8837831
8837802
8837798
883778787
8837787
8837772
883776
8837749
8837748
8837721d
8837721
8837717
88377158
8837711
883769
88376741
8837666
883766
88376465
8837644
8837639
8837611
8837610
8837608birthday
8837605
8837602
88375jnns
883758
88375717
883754
8837526
88375043
8837503
88375
8837490
88374800
88374787
883747
8837469z
883744
88374272
8837419
8837408
8837403g
88373pa
883739
8837376
88373677
8837364
8837330354W
8837329
88373028
883729
883728
88372577250887
8837247
8837243
883723
88372220
8837221
883722
8837216H
8837216
8837211
88371996
88371939
88371882
8837183
883716
88371477
8837139
88371357
8837127a
88370971
883707
88370604
883706
883703
883702ty
8837020
883700
8836er68
8836alijo
8836SupaN0va
8836991
883699
8836984100
8836984
883698
88369770
8836958
8836951127
88369298
8836919z
8836917
883691
8836904
8836903c
8836903
88369
88368919
8836891
88368836
883688
88368768
8836848
88368449
88368448
8836824
8836811
8836774
8836770
883676vero
883676
8836759
8836754
883675
8836744H
8836744
8836732
8836730
8836726
8836697
88366797
8836667
88366619
8836613
883661
8836600
883659
8836587
8836584
8836580
88365785
8836570LALOCA
88365599
8836555
88365401
883654
88365306
8836522
883652
883651
8836507
8836492
8836434
88364188
8836414
88364028
88363918
883639
8836389
8836384
8836363
8836352
88363455
88363424
883634
8836334
8836322
883632
883630
8836270
883627
88362618
8836215
88362133
8836198
88361927
8836186
8836184
88361561
88361448
883614
88361292
8836129
883612
8836110
8836095
8836070
8836054
8836046
8836045
8836041
8836039
8836032
8836020
8836017
8836*eba
8835metalfoot
8835glts
8835efg
8835amg
8835958
8835953
8835922
88359022
8835902
883589
88358790
8835866
8835850a
8835833
8835817
8835805
8835802
883577
8835745
88357447
88357264
8835712
88356765
8835674
8835664
88356582
883562
8835612
88356007
8835596
88355926
883559
8835585
8835571
883557
88355589
8835556268K
88355517
88355310
88355266
88355169
883551
8835509
883550
8835478
8835470
8835461
88354596
8835457a
88354416
883544
8835426
8835401
88353986
8835364
883536
883535733
8835350a
883535
8835321
8835315
88353081
88353
8835287b
8835275
8835261
883526
8835250
8835241
88352304
8835228i
88352252
88352141
8835188351
88351853
8835169
88351680
883516
88351567
8835156
8835154903276
883514891
88351403
88351234
8835121
8835115
883511
8835104
883510
88350s
88350nyuwp
88350d
88350875450235
88350847
883508
88350647
8835059
88350500
883504
8835037
8835025
883502
883500195
8835001
88350000
88350
8834teresa
8834ever
8834debbie
8834999
8834998
883499
8834988
8834957
883495
88349458
883492
8834916
8834906
88349028
88348824
883487
8834868
8834855
8834853
883485191415
88348401
8834840
88348319
88348317
8834831
883483
8834829
88348
883477
8834761
8834743
8834739m
8834728
8834716
8834711
883471
8834702
88346guab
883468723
8834683
8834667
88346570
883465
8834643
88346425
8834641f
8834639athotmail
8834637
8834633
88346244
8834607
8834583a
8834574
8834572r
8834553
883454ap
8834547
88345423
88345364
88345325
883450sassy
88344pbqg
8834485
8834480
883448
883447
8834468
88344675
8834458
8834454
883445
8834443
883444208
883444
8834425
883442
88344188
8834414
8834413
88343881
883436h
88343662
8834351
8834335
8834333
883433
88343270
8834322
883430vig
88343084
883429
88342884
8834274
8834268
8834250
88342332
88342282
88342243
88341931
8834184
8834167
88341608
883415
8834149m
8834139
88341369
8834132
883413
8834107
8834106m
8834104
88340813
8834076
883406
88340592
883405
8834042
883404
8834038
88340257
88340000
8833yu
8833shot
8833neil
8833lilim
8833lee
8833kaleo
8833jw
8833cc
88339999
8833998
88339900
883398
8833974
8833972
8833971
8833952564
8833951
88339504
8833950
8833946
8833930
88339242
883391365v
8833890
883389
88338853
8833883
8833875
8833868
88338570
88338550
8833847
8833846
8833834
883383
8833822
88338184
883381
883380pg
883380
88337733
88337716
88337711
88337541
8833746
8833745
8833730
88337257
8833700
88336913
883369
8833676
883366m
8833668844
88336682
8833668
8833667d
8833656
88336421
8833636
8833633
883363
8833626
8833622
883361
8833589
8833588
883357f
8833576
8833571
88335611
8833555
8833554
8833542
883354
8833528
88335199
8833515
88335
8833499
88334944
8833493
88334878
8833487
8833457m
8833451-0
8833447
88334260
8833418
88334032
88334
883336
8833353e
8833350
883335
8833344f
8833338
8833328
8833323
88333
8833288
8833278
8833277
88332719
883327
8833253
8833250
883325
88332424
8833241
8833222016
88332211
8833197
8833196
8833195
883319038
8833173
8833166
8833163
8833160
8833155
8833147
8833139143
8833133akulawa
883313
88331276
883312449
8833123t
8833115
883310+7153723
88331
88330manu
8833088
8833086628
8833085d
8833069
8833057
88330401
883303388
883302
88330098833009
8833006
883300553311
8833005
8833001
8833.com
8833
8832viagy
8832spanky
8832sj
8832bwqqt
88329856
883298
88329724
88329685
883296
883295
8832946
88329023
8832900
8832898
8832895
88328888
8832871
8832870
8832857D
88328560
883285
8832844
8832829
8832816
883280
88327dg
8832799
8832785
883278
8832772a
88327705
8832770
88327643
8832762
8832755
883271
8832706
88327050
8832701
88327
88326kristy
8832684
8832667
8832661z
8832659
8832640
8832633
883263
88326288
88326106
88326092
88326068
883260
88326+1453
883259
8832588
88325806b
883258
883257
88325685
8832559
88325414
8832532j
88325276
8832527
88324M
883248a
88324752
8832475
88324622
883245641
8832446
88324429
8832434b
8832416
8832414
883241
883240st
883240dh
88324059
88323kid
88323irjkv
88323hnbbk
8832391
88323881024
883237
8832353
8832352
8832347
883234
8832328
883232286
8832322
88323140357987
8832304
8832301
88323
88322xhcm
88322qjezk
88322989923765
883229340
8832285
8832283
8832268
883226
8832251114906+38
8832251
8832250
88322447ass
88322447a
883224
883222
8832209
8832208
88322052
88322044
8832200
88321myspace
88321980
8832197
88321836
883218
88321738
883216794
883216
8832146
883214512312
8832142
8832123
8832117
883210848052807
8832106
88320edfdz
88320937
8832077
8832071
8832069
88320583
88320517
883205
8832040
88320098
8832009
88320000
88320
8832
8831ra
8831pr
8831love
8831kaylee
8831jimenez
8831b
8831999
8831997ta
8831984
8831979
8831977
8831973
883196
8831950
8831941
88319210
88319188
883190
88318831aa
8831880
8831838^
883182
8831818
8831812
883180404
88317904
88317885
8831770
8831760
8831755
8831720
883172
8831718
88317001
883170
88316756
8831648
88316465
88316152
8831590320
883159
883158
883157
8831557
8831544
8831533f
8831517
883150qwe
8831509
8831495palm
883148
8831471
883147008
88314551
8831455
883144gp
8831443
883143
883142677
8831421
8831409
88314047
8831400poppi
8831383
8831378
8831370
88313683
883136
8831352
883135
8831343
8831341
883133
88313274
8831326
88313221
8831320
883131
88313
8831299
8831291
8831258
88312550
88312526
8831244
8831236
883122883175
8831225
8831224
8831222
883121
88311741a
883117
8831169
8831151
88311418831223
88311404
8831140
8831136
8831123
883112
88311189
8831104
8831102ja
8831102
883110
88310nierfly
88310lamar
8831089
88310870
883108
8831074
8831072
883106
883105
8831046
88310396
8831035
88310300
8831010
883101
8831005
8831.89k
8831*boom
8831
8830xdsgn
8830vm
8830tnj
8830rain
8830opdf
8830fenkell
8830dkb
8830car
8830999
8830988
8830983
88309379
883093
8830907
8830899
8830893030
8830883
88308702
88308690
8830866b
8830850
883083
8830829
88308265
8830824
88308230
883082
883080
88307fergie
8830781
8830771
8830752f
8830722
8830705
88306969
8830673
8830669
883066
8830643
88306383
8830629
8830626
8830624
88306063
883060
883059008
8830582
8830580
88305662
8830561
883056
8830553
8830512
88305102
8830509k
8830495
8830491
883049
883047
8830448
8830421
883042
8830384
883037402
883037
883033
88303112
883030990
8830300
883030
8830274k
8830274je
8830272
883027
8830264
8830237
88302226
883022
8830195
8830188
8830186
8830184
88301832974902
8830183
8830179
88301785
8830177
88301566
88301514
8830120
88301128
8830112
8830100920
88300ussc
883009510
8830090
8830082
8830081
8830065
8830059
8830042
88300384
8830025
8830024
8830023
883001
88300063
8830005
8830002
883000
883-acm
883-43-15
883-4086
883-2465
883-1295
882xzrku96
882vivian
882ttgzy85
882show
882rph
882redwood
882mumanddad
882jymne86
882jecuq55
882jaakk
882hot4u
882gvjnk27
882great
882dreams
882crew
882chucho
882cape
882c5
882amlvr34
882aday
882_06031989=sim
882Winit
882TTB
882DPZDP62
8829tubz
8829kt
8829jake
8829cpc
8829JM
88299988
8829986
882998
8829944
88299365
8829933
8829930
882990
882988KUMICO
88298777
8829875
8829817
8829816
882981
882980
882979
882978nb
88297867
8829773
8829770och
88297671
882975
8829741
882973
88297216
88297214
882971
88297050
882968
8829661
882966
8829656
8829654
8829636
882963
882960
882959
8829585
8829580c
8829568
882956
8829548
8829546
8829530
882953
8829513
8829493i
8829490
882949
8829471
8829432
8829412
8829408-8829848
8829408
8829395i
8829394
8829393
882934
8829339s
8829336
88293188
88293078
8829305l
88293036
88292953
8829291z
882929
8829268
882924
8829234
8829233B
8829231
88292201017591
8829218732173962
882920
88292
8829199
882917j
8829157
8829154
8829145
8829142
88291218
882911m
8829118
882911
8829106
88290zmavm
88290mfixc
88290993
8829097
8829096
882908022
882908
8829074
8829071
88290706
8829062
8829058
8829054
88290512
8829050
8829046
8829044
882904
882903
882902
882901
8828yy
8828whd
8828wash
8828user
8828tucu
8828steele
8828fire
8828fh
8828ccc
8828akm
88289997
8828995a
8828990971
882899
8828980
8828964
8828952
8828901
88288bk
88288LMFVmefv
8828894
88288842
88288828j
8828875
882887
8828867
882885
882884
88288381
8828836
8828833
882882js
8828829
8828819
8828808
8828806h
8828802788964162
88287918
88287854
8828779
8828775
8828752
882875
8828737
88287363633
882872
8828712
8828710
8828700083
88286aleja
8828676
8828674..nm
882867
8828654
8828645971
882862781
88286234
8828618
88286116
8828600
88285gisuz
88285961
8828596
8828575
882857
8828562
8828555
8828553415662500
88285478828547
882853
8828509
8828497
8828496
8828494
8828490
8828474
8828473
8828470
88284671
8828459
8828452j
8828447
8828442
88284271
8828422
8828406b
882840592
8828402
882838
88283759
882837
88283560
8828348
8828341
88283313
8828331
88283290
8828326
88283203
8828312j
88282916
882829
8828288
882828466
8828282
882828
8828266
8828263
8828231
88282280
8828224
8828222
882822
8828215
88282130
882820
88282
88281911anerol
8828182*
882818
882816
88281589
8828156
8828142
8828139
8828138
8828130
8828127
88281230
88281201
88281132
8828112h
88281107
882811
8828109
88281064
88281
882808j
8828084
8828082
882808
8828072t
88280661
8828061
882806
882805
88280469
8828041
88280282
8828028
8828022
882801977
882800m
88280025
8828002
882800
88280
8828.aug
8828
8827td
8827ram
8827pbwow
8827nigga
8827millicallie
8827mar
8827dc
88279bt
8827996
8827993
8827992
882799
8827971
8827962
8827960421218827
88279521977
8827942
8827920
882792
88279017
88278ndmm
88278mt
88278785
8827862
8827859
8827850z
882781
8827796
8827785
8827771f
882776
8827741
8827704
88277
8827695
8827681
8827677k
88276751hp
882766j
882764ish
8827643
8827612
8827611
882761
882759
8827588
88275637
8827563
8827560
88275586
8827558
8827556
882753
8827523
88275075
88275002169705
882750
882747
882746
8827455
8827452
882745
88274468
882744
8827439
8827425
88274156
882739
8827388
88273829
88273824
88273694
88273685
8827361
882734
8827331
88273270
8827326e
8827313
8827309e
882730110
882730
882729
8827270
882727
8827268
8827264a
882726
8827254d
88272452
8827243
8827240
8827232
882723
882722
8827213
88272121
882720
88271991pdb
8827184
8827176
88271734362010
8827160
8827148
8827120
882712
88271199yoyi
8827114
88271119
88271041
88271018000
88270e
882708
8827068
8827057f
8827057
8827055z
8827053
882705
882704
8827030
88270154
882701
8827007
882700
8826youcom
8826wl
8826tc
8826ste
8826jg
8826iflh
8826c
8826ang
8826aiea
88269843
8826980
8826958
882693
882692a
88269292
8826921
882692
88269110
8826905
8826899
8826892
88268816
88268397
882682
882681
882679
88267693jake
8826758
8826739
8826720f
88267
8826692sma
8826671
8826666
88266651
882666
882664
8826630n
88266307
88266288
8826618
8826605
882660
8826592j
8826589*
88265824
882658
8826578
88265677
8826554n
8826543
8826533
882653
88265184
882647
8826454
882645
8826433
882643
8826417
8826415
8826409
88264008
8826400
88263rjyxr
88263850
882636a
882636
88263572
8826338
882631753
882631745
88263135
882631
8826307
8826304i
8826288
882627
8826265
8826264619
8826254
882625
882623300vdj
882621685v
8826212t
8826187
882618
8826160
8826156
88261532
8826153
88261519
8826145
882614
88261298
882612
8826117
882611159
8826111
88261108
8826101
882610
882607
8826066
88260571
8826052
882605
8826044
88260374
8826026
882602
8826016
8826005yjh
88260000
88260
8825weysq
8825tia
8825il
8825eee
8825berri
8825banchang2523
8825JL
88259999
8825996
882597a
8825969
8825959
8825949
88259451
8825943
882593639
8825934o
882591
88259098
88258835
88258825ira
8825867
88258660
8825861
8825856
8825853
8825838
88258373
8825821
88258
88257Aa1
8825770
8825761
882576
8825757
88257279
8825727
8825726
88257104
8825709
8825688
8825670
88256699mag
8825662
882566
882564JM
8825637
8825600
88256
88255abc
882558
8825569
882556
8825551
88255367
8825533
8825531
88255288
8825515
882551
882550twilight
88255042kilmer
8825496
8825490
8825473j
8825468
8825454
882545
8825439
882543259
8825430
88254263
8825408b
88254060
882539860
88253893
8825386
88253852
88253835
882537882537
8825371
88253636
8825361222537
882534742552
8825346
8825339
8825332
882531880
8825306
8825301
88252800
8825280
8825271984
882527
882526alf
88252627
88252624
88252588
8825252
8825248
882524
88252380
88252229
8825217
882519
8825167
882516
88251578
8825157
8825150
88251485
882514
88251308
88251157
8825112sa
88251039
88250915
8825086
8825085
8825082
882507
882505e
8825052
882504169
882504
8825032
8825031
882502
882501925
8825019
8825018
88250094123697
8825005
882500
8825##
8824zoom
8824xedb
8824moon
8824meche
8824marjq
8824marjie
8824jenn
8824jen8
8824g9
8824araceli
8824998
8824980c
882496
8824920
8824905
8824904
8824900
882490
8824896
88248904
88248868
8824885
88248800
882488
8824875
8824862
8824849
88248368
8824836
8824820aabb
8824810
8824791
8824784
882478
8824776
8824768
8824745
88247147
88247112
8824711
88247107
8824709
88246999
8824696mpn
8824694
88246925
882469100
88246903
88246880
8824679135
882467
8824661f
88246598
88246518
8824649
8824648
8824646
8824629
882462
8824600a
882460
8824594
8824588
88245707
882457
882456
8824558
882455
882453
88245287
8824524
88245195
8824509
8824505
8824499
8824496
8824483
8824478
882446
8824454
882444
8824436
882442
8824410
8824404
88244
8824389
8824384
882438
8824376
88243719
8824366
88243431
882433
8824317
88243067
88243027793766
88243000
88242moozw
882429
882428
8824278
8824275
8824271
882426lyl
882426
88242526
882425
8824233
8824225
88242234
882421
8824209
8824205
8824203
882417
88241699
8824169
882416
8824150
882415
8824120
882412
882409
8824087745
8824080389
88240769
882407
8824044125
882404
882403
882402
8824000
8824
8823wilmajean
8823vare
8823tigA
8823s1
8823mark
8823mana
8823jess
8823fjrwz
8823AA
88239983
882399
8823989
88239775
8823964
8823958
88239434
8823933
8823919
88239140
88238vcob
882389
88238816
8823877
8823861
882385
88238469
8823813
88238104
8823806
8823805
8823804d
882380
8823793
8823791
88237886
8823779
8823772
8823771
8823769amores
8823756
8823755
882375209
882375
8823736
882373
8823726
882372
88237156
8823713
8823711
8823709
88237
88236990
8823696
8823682
8823675
882367
8823654
8823643
88236394
8823633
8823626
88236198823619
8823605
8823598
882358
8823571
88235704
8823568
8823562b
8823553
8823545
882353
882352
8823519
8823515
88235070
8823502
88234omkbc
8823499
88234930
8823490
8823485e
8823483
88234769
88234619
88234516
8823440
882344
882342972v
8823421
88234141
8823408
88234011
8823400
88234
88233wy
88233sv
8823394
88233744365166
8823368
8823367
8823359
8823358
8823353
88233321
8823328
8823318
8823316
8823315
8823304
88233
882328
88232523
8823250
882325
8823245
882323b
88232388
882323
88232267
8823203
882320
88231an
8823192
88231894
8823164
88231588<3
8823158
8823154
8823146
882312jnm1
8823127288
882310
88230a
88230940
8823088
88230852
8823081907
882308082523
882307
882306a
8823064
88230633
88230476
88230395
882303713
8823004
882300280
8823
8822tata8822
8822sun
8822suarez13
8822snp
8822ot
8822octubre
8822life
8822lab
8822kxmtt
8822game
8822edgardo
8822dec
8822cl
8822ced
8822cd
8822babe
8822_obstetricia
8822US
8822Qu3st
8822995
8822993339
88229933
88229911
882298
8822978
882296
88229576
88229545
8822937pal
88229351
8822934406
8822922
882291iloveit
8822909
88229
8822892
88228900
882288ts
88228866
8822882
882288006666
88228770
8822876
8822874
8822872b
882287
8822866
8822860
8822859
8822858267
8822852
8822847
88228409
882283
8822827
8822823
8822822
8822820
882281
8822808
8822801
882280
88228
88227913
8822790
882277e
88227778
8822764
882276
8822759
8822741
8822740
8822729
8822715
8822712
8822711
8822709
882270
88227
8822694
8822692
8822691
8822686J*
8822679
8822677
8822675
88226722
8822671
882266s
88226677
8822665
88226644
88226630
88226611
88226559
8822654
88226500
88226464
8822643
8822639
88226349
8822624
8822621
8822620
882262
88226101
8822602
8822601089
88226
88225rka
88225992
882259
8822588
8822563
88225566
8822555
8822552
8822544
882254321
88225431880
8822543
88225400
882254
8822535
8822513
8822511
882251
8822506
88224900
8822490
882249
8822475
8822474
88224736
882247
882246aba
88224690
88224646babass
88224646babaselect
88224646BA
8822464691915
8822464691
882246468246
882246466428
8822464659
882246465768
8822464655
8822464653
882246462626
8822464626
88224646159
882246461313
8822464613
8822464612125
882244mm
882244882244
8822448
88224466917350
88224466557139
882244665500
882244665
8822434
8822416
88224139
8822407918
88224
8822357
8822354
8822349
88223368
8822330
88223120m
8822311
88223102
88223011
88223
88222bra
8822298
8822296
882229
88222834
88222829
88222811
8822274
882227
882225kung
88222556
8822242
88222288
8822227
8822212
88222051
88221986
8822194
882219
8822187
882218
88221768
8822174
88221738
882217
882215
8822145
8822138
8822131sns
8822130
882213
8822124
8822123
8822120
882211g
882211a
8822110034
88221099
8822109
88221
8822097
8822090
882209
8822086
8822083
88220808
8822072
8822070fzu
8822070f
88220709
8822062
8822058
88220451
8822041
882203
8822029
88220258
8822024s
88220185
8822013
88220112as
8822010
882201
88220088
88220
8822*/-1
8821space
8821rm
8821purb
8821jlm
8821granby
8821gbc
8821cs
8821canadian
882199
8821986
8821984
882197
882194
882193b
8821930
88219290789
882192177
8821919
8821913
882191
8821894
8821877
8821875
8821874
8821873
8821850
8821848
88218396
8821830david
8821820e
88218202jt
88218024
882178
882177h
8821779
8821773
882177
8821769
882176
88217597
8821755
88217230
88217223
8821719
882171882
8821716
8821713
88217123
8821711
882170
88217
8821682
8821680
8821675i
88216645
8821664
882165cmb
88216514
8821638
8821636
8821635
88216312
8821619
8821618
8821614
8821600h
882160
8821588
882158
8821566
8821563
882156
8821557
882154
88215390
8821539
8821530
88215241
8821505259419
882150
88215
882149
8821481
8821456
88214428
8821436
882142ypyl
88214270
882142
8821409
88214060
8821400
88214
8821394
8821391
8821384
8821366
8821332
88213250
882131
8821287
8821284
882127
882126k
88212633B
88212521
88212516
88212513
88212447
88212411
882124
88212343+ana
88212302
88212168123
8821211
88212002
8821200
8821198
8821176
882117
882116
8821155
882115
88211449
8821135188
8821131
882112lane
88211261DIANACAROLINA
8821125
8821122
882112
8821103
8821102
882109
8821079
88210752
8821069
8821062
882105
8821042
8821041
8821035
8821033
8821018
88210120
88210058
88210000
88210
8820zznn
8820trot
8820time
8820sm
8820honora
8820edi
8820dogy
8820code
8820cdc
8820aa
88209ma
88209959
8820988
8820986
8820972
8820948
8820931
882093
8820922
88209149
8820912298
882090004
882090
882089
882088jj
8820821
8820814
882081386
882081
8820804
8820797
88207574
8820751
882075
88207401
8820737
8820732
882072
882070
8820688gasme
882067
8820668
8820667
8820649
8820643
8820629
8820628
8820604
88206023
882060
88205fykix
8820582
8820579
88205747
8820543123
8820535
8820523
8820506
882050
8820499
8820484
8820453
8820443
8820422
882042
8820404
882040
8820387
8820381
882038
8820374
8820368
88203605
882036
8820357
882034
8820320
882032
882031
8820302
882030
88203
8820296hpg
88202937
8820293
8820286
882028
882027
8820256
882025
88202463
882024
8820235251
88202348971682
8820232981250
882020901
8820207
88202007
88201991
88201832
882017
8820168
8820149
88201313
8820124
882011n
88201131
882011
8820108820
88200ROSAE
8820093
8820090
882008lionking007
8820088
8820081h
882007mr
88200788
882006kb
8820049
8820045
88200424
88200320
882002KIVEN
8820023741
88200216
88200208
8820000
882-7437
882-2564
881upm
881sebxtati
881pizza
881pieqt
881mui903
881maylll
881john991
881jadhette
881h99y60
881gary991
881gab
881cafete
881_10-c
881L0977h
8819srg
8819san
8819panzasomar
8819nn
8819mary
8819look
8819ed
8819citgbb
8819DREAMS
88199968
8819995
881998c
8819986
88199770ilovesaul
8819973a
881996b
88199600
8819940dmc
881993J
8819932
881992cs
881992adri
881992205
8819922
88199211
88199203
881991y
881991m
881991loverashed
881991L
881991881991
8819916
88199126
8819912
8819911
881990aloo
8819908
8819907
88199031
88199027
881989biw
8819898877
8819892532
8819888
88198814
8819880022
8819880
881987date
8819876z
88198745
8819873e
881985amir
8819832008
881983.
8819826
88198227
8819811e
88198088
88198
881979rl
881977a
8819773
881977135
881976LG
8819764
88197623
88197556
881974pk
88197491
8819749
88197363
881972arby
8819722
88197178
88197173
88197172
881971291979
8819697
88196864
8819681
8819678
8819665
88196615
881966
8819642
881961p
881961frc
881961
881959babam24123
8819597
8819591
881959
8819585
88195805
88195786
8819575
88195728
88195689
8819565
88195525
8819546
881954
8819531
8819518
88195081
8819501i
8819501
881950
881947
8819464
88194577
881944
88194361
881943
881942023mariann
8819414
8819410
88193984
88193921
88193887
881937
88193628847
88193588
88193509
8819330
881932403240
8819324
88193203
881932
8819299
8819297d
8819292
881929
8819289
8819284
8819283d
88192800
881928
8819279
88192618
88192521
88192380
8819229
88192231
8819221
88192177
8819217
8819211a
881921
88192006
88191991
88191988
8819188TLC
8819187
8819186566
881917
881916
88191441
8819144
8819136
8819121
881912
88191152
8819115082
88191127
88191122_love
881910a
88191063
88191031
88190942
88190915
8819091
881909
8819081
88190715
881907
88190645
8819062
88190605
881905833
8819056t76wigses
8819056
881905
881904
881903425
8819027
88190251
88190226
88190177
8819011
881901
8819000
8819
8818sw
8818kemi
8818ALW
88189914
8818957
8818956688861966
881895
88189379
881893
881892a99
88189211
88189202
88189
88188997
8818897
8818892
881889
881888ms
881888ct
8818889
88188813
88188732m\\\\\\\\
88188722
88188408
881884
8818835g
8818835
88188302
8818829
88188188
88188118
88188082
8818801
88187992
881879
8818783
88187776
8818770
881874
88187398
88187349
8818711143900
88187107
88187094
88187087
8818707599860454
881870
881869
88186865
88186811
8818662ln
881866
8818652
8818644
8818635ver
8818626
881861
8818602
88186
88185868
881858
8818577
88185679
8818567
8818537
8818536
8818525
881852270
881852
8818518
8818506
88185
88184976
8818495
88184723
8818470
881847
8818403
881840
881839
8818376
881837560420
8818373
881837
88183616
8818357gu
8818350
8818340
8818328
88183226
8818320
881832
8818318
8818305
8818301
88182974
8818286
8818283
8818281
88182636
88182616
881826
8818253
88182518
8818241
8818239
88182208
8818220
8818216
88181h
8818195
88181910
88181862
8818181
8818178
8818170385
881816
8818156
881815
8818147
8818145
8818140
881813
88181212832243
881811043
8818109h
8818105
8818098
8818090
881808p
88180885
8818088
8818085
8818081
881808
8818071
881806
8818058
88180569
8818040
881804
881803r
8818032
88180248x
8818010
8818007
8818
8817opzt6724-
8817nizita
8817g
8817ed
8817djmk
8817dec
8817bunlop
8817blue
8817ann
8817995
88179861
881798
8817974
8817966
8817961
8817952fla
881794
88179381
88179377
8817929c
88179106
8817901
88178982
8817898
881789
8817869
881786
881785
8817833
881783018141
88178293
8817808
88178
8817780
8817768
88177629
88177456
88177412
8817739
881772
8817705
88177043
88176977
8817691
88176868
8817679
8817668
881765malu
8817653
881765
8817629
8817627
881760
88176
8817592
88175851
8817581
88175566
8817553
8817548
88175433
