992318
82992243
8299221727
829922
829921v
8299217960
8299216523
8299214837
8299214322
8299214
8299212235
8299211025
8299208209
8299206186
829920356
8299201982
8299201966
8299201
8299200479
82992
82991j
829919j
8299196349
8299194071
8299192399
82991879916
8299187249
8299187234
8299184054
8299181553
8299181513ruben
8299181370
8299180704
8299179
8299177632
8299175407
8299173079
8299171529
8299163074
82991630
8299158722
8299146239
8299144129
8299140759
829914
8299138449
8299137489
82991365
8299135286
8299133222
8299132531
8299132040
8299131329
8299130764
8299130309
8299129643
8299128537
8299127147dsa
8299126760
82991260
8299125820
8299123448
8299123
82991224081687
8299122191
8299120
8299112
829911
8299108adam
8299108547
8299107895
8299106564
8299103413
82991027
8299101865
8299101215
8299100792
829910
82991
82990c
8299098014
8299095753
8299094365
8299085618
8299085465
8299083
8299082369
8299081854
8299080267
8299078
8299077177
8299076617
8299074540
829907249+1
8299069662
8299066389
8299062725
8299061737
829906
8299059764
8299054679
82990510
8299050354
829905
8299039917
8299038873
8299037456
8299037327
8299035734
8299033449
8299030624
829903
8299026721
8299024695
8299024
8299023411
8299022347
8299020953
8299020276
8299019858
8299012487
8299011972
8299011179
8299010247
829900d
8299003
82990013
8299!!
8298wr27
8298lar
8298jm
82989m
8298999462
8298984791
8298984
8298982408
829897
8298961
8298936
8298935
8298925327
8298922933
829892
8298919421
8298912543
8298909938
82989099
8298907593
8298905643
8298905415
8298905228
8298904653
8298903620
8298901018
829890
8298895507
829888
8298871161
8298870956
8298869
8298866217
8298862893
8298862681
8298860338
8298859035
8298858709
8298856
8298855010
8298854411
8298854335
8298853
8298852952
8298852157
829885
8298848020
8298847550
8298843841
8298842024
8298841928
8298841069
8298839419
829883905302
8298838195
8298838141
8298837186
8298836194
8298833011
829883296514
8298832602
8298830644
829883
8298829450
8298826767
8298825553
8298821418
8298820242
8298820000
8298815825
8298815176
8298815002
8298807604
8298807260
8298807099
8298805263
8298800302
82987tc
82987s
82987des
8298790940
8298790057
829879
8298789537
8298787750
8298787580
8298786672
829878
8298779824
8298777780
8298776257
8298775320
8298774694
8298774272
8298773141
8298773
8298771361
8298770848
8298770436
8298768720
8298764809
8298764370
8298763978
8298763526
829876
8298750126
8298735
829871e
8298701girl
82987
8298697720
8298684740
8298674825
8298673599
8298673521
8298669793
8298669162010
82986646
8298664106
8298663473
8298656787
8298655jj
8298654971
8298651739
82986516621990
8298651093
8298644
8298640321
8298636530l
8298633377
8298633367
8298632943
8298632898
8298629718
829862941
8298627383
8298619717
8298617056
8298613598cel.
8298612492
8298611864
8298610290
8298609332
8298607759
8298607528
8298606
8298604543
8298603176l
8298601
8298600336
8298588450
8298587562
8298587380
8298574422
82985707
8298563056
82985630
8298560
8298557917k2
8298557
8298553000
8298550513
82985424
829853398
8298522T
829852
8298515376
8298514601
8298513615
8298512702
8298511
829851
8298509
8298506237
8298504303819
8298501402
8298497690
8298490818
8298489960
8298487680
8298485
8298484142
8298484015
8298483763
8298482537
8298482294
82984809
8298480444
8298478830
8298478802
8298477840
8298475281
8298472545
8298470125
8298466985
8298464864
8298464
8298463981
829846272
8298460269
8298452
8298451
82984464
82984
82983kat
8298389952
8298389335
8298389153
8298386271
8298385436
829836
829835
8298346330
829833gbdm
829833gb
8298308462
82983071
8298303
829830
82983
829829s
829829j
829829aa
8298299936021
8298290
8298277976
8298273
8298267778
8298266001
8298264664
8298260249
8298255
829825
8298230
8298209816
8298208100
8298207720
8298207517
8298206253
8298205505
8298202878
829820
8298195943
829818255
8298177169868
829816
8298153
8298148242004213
829814
829812977
8298109923
8298106520
8298105283
82981024
8298100893
82980aa
8298096
8298086367
8298085366
8298083952
8298082636
8298081932
8298081898
829808
8298072819
8298072301
8298068768
8298068102
8298066759
8298065289
8298063545
8298063063
8298060463
8298054097
8298050649
8298049726
8298048124
8298048066
8298046029
8298044391
8298041447klk
8298040891
829804
8298032055
829802
8298015751-
8298014314
8298010657aw
8297sp
8297oipt
8297cdhpdhhp
8297Lore
8297991633
8297979387
8297979
8297975052
8297974
8297973925
8297971133
829797
8297962
829791805
8297909568
8297909529
8297882
8297879912
8297877700
8297876677
8297873
8297871856
82978687
8297866733
8297842382
829782
8297816950
8297803403
82977988
8297797727
8297794691
8297794648
8297793616
8297792066
8297783
8297764
829775
829773
8297725366
8297708988MAMIyyo
8297703876
8297700815
8297700749
82976r
8297698
8297695
8297685223
829768
8297678
829766247
829766
829765
82976431
829764
8297631
829763
8297604154
829757
829755
8297544563
8297543505
8297543307
8297541361
8297541309
829754
8297534
8297533
8297522
8297478490
8297474608chelo
8297471361
829745
8297445700
8297442674
8297432122
829741
8297408066
8297403485
8297401432
8297401174
829739
8297385
82973759
829735
8297336112
8297323356
82973142
8297313009
8297312751
8297312660
8297310801980
829731
8297305143
8297304480
82973
82972caj
8297298832
8297293221
8297291621
829729
8297288964
8297283524
8297282831
8297277947
8297277600
8297276804
8297270949
8297269
8297265181
8297251657
8297239455
8297237776mami
8297237595
8297229128
8297223234
8297217608
8297214484
8297213338
8297212352
8297211213
8297201
8297200299
82971MRM
8297194856
8297190825jorge
8297189388
8297186721
82971863
8297183453
829718
8297168973
82971556
82971530
8297147263
8297145462
8297144485
8297143647
8297138106
8297136082
8297134389
8297131891658290
8297131462
8297130531
829713
82971236
8297121846
82971025fe
8297098556
8297094304
8297094
8297086
82970800
8297075432
8297075427
8297068991
8297061655
829706
8297059407
8297058966
8297058
8297056866
8297051645
8297045
8297043775
8297029988
82970266
8297022307
8297019558
8297018229
8297017817
8297015121
8297014827
8297010682
829700b
8296ewe
8296997736
829699
8296988
829698
8296976130
8296970874
829697
8296968
8296964759
8296961741yatik
829696046517
8296942674
829694
8296938
82969
8296883
82968755
8296868n
8296868315
8296863342
8296860765
8296860293
829686
82968584
8296858
8296840796
829684
82968393
8296821
8296818
8296784
8296783342
829678125
8296778
8296777136
8296773764
8296763694
8296761655
82967552
8296738
829672348108
829671
82966nic
82966ew
8296695920
8296695665
8296693848
8296692501
82966918air25919
8296690635
8296690429
8296672
829665
829664LDA
8296643
8296640111
8296635
829663474a
8296630746
829662571203
82966253sparky
8296624649
8296620446
8296620375
8296616216
8296609362
8296608212
8296606118
8296605480
8296604058
8296603
8296601482
8296600
82966
82965mjy
8296579
8296559
8296549280
8296548397
8296543888
829653800
8296536732
829652
829649
8296486
8296477693
8296463388
82964502
829645
8296444760
8296444617
8296444
8296443541
8296443397
8296412
829641
8296409
82964082
8296405181
8296404033
8296401322
82964
8296382
8296361
8296337145
8296333834
8296333187
8296332
8296330525
8296308466
82963067
8296300783
82962leigh
8296287
82962642
829625518
829624
829622
82962185
8296202
82961998
8296197
829618
8296170
8296162377
82961414
8296136529
8296136
8296135766
8296134
82961111
8296110
829611
8296107979
82960938
829608
8296061
8296059069
8296057924
8296056818
8296056008
8296050809
829605
8296045589
8296040593
8296039307
8296039125
8296037923
8296037759
8296035555
8296034851
8296034471
8296031250
8296027515
8296025331
8296024471
8296024210
8296022493*
8296021402
8296020552
8296017111
8296017099
82960160
8296013601
8296012361
8296010
829601
8295rab
8295oyksu
8295owla
8295music
8295millerstreet
8295ma
8295kiss
8295hi
8295citlalokis
8295airam
8295993
829598a
8295980
82959617
829593
8295919
8295893
82958798
82958764
8295874761
8295867
829586
8295854
8295845
8295809
8295802
8295799
8295782
8295781
8295775
8295754gia
829575191955
8295751919
829575
8295744
829570421
8295703
8295694433
829569
829567t
829567n
829567929t
8295649
829563r
8295632
8295630
829563
8295626485
8295600mp
8295592855
8295566
8295558
829555
8295540
8295534913
829553
8295506
82954yuon
82954mom
82954947537
8295472
8295465331
829546
8295450
8295442
82954419
8295431451
829543
82953aa1
8295375
82953723
829536cb
82953594595
82953441
8295342348
8295339
8295329
8295312765
8295304
82952njer
8295290354
829528
8295277q
8295270
829525
8295243072
829524
8295223
829522
8295219
8295210
829520
8295198295
8295187969
829517
8295168
829515
8295140308
8295135
8295099901
8295094
8295062144w
829506
8295050624
8295039
8295030
82950060
8295
8294tas
8294pafpg
8294mm
8294fkcrm
8294anitaTDG
8294BornFree
8294996055
8294986
8294982280
8294979
82949786633819
8294962
8294945521
8294931378
8294931235
8294931
8294926
8294898
8294858
829485
82948235
82948221
8294817
8294800
82947zzisn
8294795691
8294792
8294788210
8294784
8294766521
829476
829475p
8294758606
829475123tiamo
8294750
8294712
8294706191
829470
8294681
82946791
8294668027
8294663187
8294659158
8294656323
8294648
8294645396
8294623510
8294620
829462
82946150
8294609
8294602689
8294596
82945918
8294590markyjkorn
8294590190
829459
8294584221
829457
8294565401
8294565
8294563
8294561111
8294540
8294539d
8294530
8294518
8294508373
8294506735
8294506211
8294504770
8294503612
8294502
82944rfpnh
8294492
8294489990
82944888
8294487889ok
8294483944
8294481145
8294479815
8294479648
8294479248
8294475752
8294475068
8294474934
8294474848
8294472374m aria
8294472120
8294470
829446bans
829446496
829446
82944537
8294441-u.t
829444*
8294438440
8294435
8294431361
8294421675
8294419530
8294417
8294414533
829441088
8294408i
829440
8294392
829439
829438m
8294375
8294373128
8294359
829435176
8294336
8294329
8294321039
8294320435
8294312
8294298017
8294297
8294295723
8294294786
8294293699
829428937211
8294287415
8294285728
8294284963
8294278393
8294277
8294275542
82942740
829427
8294263825
8294255273
8294254288
8294252
8294250491
829423a
8294239
829420
8294199079
8294187466
829416404
8294164
829416
8294158s
8294120y
8294109941
8294107024
8294102103
8294101237
8294100549
8294100282
82941
829409
8294084
8294069
8294067964
8294059
8294051
8294049291
8294049
8294048515
8294047851
8294046509
8294043826
8294043237rd
8294041890
8294041464
8294017968
8294017266
8294015520
8294012018
8294012
8294011127
8294010506
8293mami
8293lazzy
8293klnluukwetst
8293d
8293aw
8293DVS
82939v
82939sjm
8293998575
8293998454
8293997
8293995969
8293993871
8293993788
8293991427
8293989091
8293987508
8293984149
8293984033
8293966981
8293964920
8293963340
8293962902
8293961
8293950761
8293949
8293942453
8293938873
82939382
8293938
8293928860
8293924
8293921
8293900717
82938evobm
829389mercedes0
8293897612
8293891773
8293891241
8293883T
8293883
8293879307
829386mucukmucuk
8293866651
8293866
8293864
829384
8293838780fm
8293835498
8293834
8293832144
829383
82938293
8293824199
829382
82938168293819
8293807451
8293803053
8293796887
8293795243
8293795096
8293794081
8293790268
829379
829378480
8293776632
8293772620
8293759329irak
8293757985
8293756599
8293751640
8293737401
8293733968
829372
8293718293
8293710177
8293709108
8293700
82936971
8293687821
82936877
8293685699
8293680
829367
8293668820
8293665821lomejor
8293660943
829366
8293652824jesus
8293648424
8293625
829362
8293611124
8293606589
8293602937
82936
829359r
8293599595
8293596523
8293592007
8293583697
8293578
8293577869
829357
8293567409
8293560
829356
8293555933
8293548361
8293544057
8293542973
8293540352
8293538989
8293535
8293534370
8293531960
8293528194
8293527654
8293527
8293517637
8293517247
8293510336
8293501460
8293500
82935-5682
8293478602
8293472360
8293448
8293436471
8293436400
8293432134
829342
8293413680
8293409
8293406622
8293400790
82934&@!BESO
8293398233
8293385
8293383
8293378866jorge
8293375082
8293371286
8293369977
8293369103
8293368722
8293365424richie
829335h
8293349930
8293346570
8293345574
8293339542
8293337574
8293335742
8293331107
8293331012
8293330353
829332
8293317832
8293311041
8293306_e
8293305
8293297a
82932944
829329
8293280762
829327
829326D
8293266
8293259
8293251291
829325
829324
8293239267
8293235071
8293232741
8293224942
8293220185
829321
8293206183
8293205
8293204115
82931989
8293190305
8293187772RI
82931848
8293184195
8293174016
8293169
8293166754
8293166045
8293165443ca
8293164058
829316
8293158122
8293153289
8293152
8293151546
829314
8293134
8293130277
8293128761
8293120
8293109
8293100
82930e
8293095
8293083913
8293083475
8293082023
8293082
829308
829306
8293055878
8293053223
8293050527
829305
8293048056
8293041
8293039
8293031387
8293028
8293019378
82930188489
8293018802
8293018255
8293015
82930
8293
8292zudvg
8292usn
8292kelli
8292kdm
8292joyce
8292jake
8292gilman
8292998913
8292996388
8292994957
8292993495
8292992684
8292991k
8292991797
8292991617
8292991094
8292988
8292981
8292979540
8292976575
8292976079
8292974587
82929702
829297
82929677
8292958
8292950
8292943456
8292939838
8292930421
82929282
8292927
829291204
8292909518
8292906749
8292905395
8292905017
8292902216
8292901766
8292899850
82928917lu
8292889574
8292873341
8292872582
8292866415
8292865212
82928615
8292860406
829286
8292855362
829284a
8292837008
8292830832
8292829
8292819413
8292814542
8292804321
8292797500
829279
8292788287
8292770802
829277072
8292764725
8292761758
8292753737
82927475
8292745904
82927458
8292742
829274
8292738199
8292731400
8292726368
8292723807
829272
8292718792J
8292710
829271
8292708910
8292704
8292702093
8292700538
82927
82926956
829268801
8292652
8292648316
8292647367
8292637
8292632301992
8292632
829263
8292625315
8292625043
8292622457
8292604875
8292604
8292602120
829260
82926
8292593
829259141090
8292576994yoca
829257
8292558
8292556541
8292546321
8292527879
8292527500
8292525
8292524604
8292524356
8292523562
829250857
8292506493
8292506
8292504149
8292486r
8292486
82924610
82924428
829239g
8292393
829238d
829237
8292362155
8292359
82923558
8292347
8292338770
82923333
8292332404
8292330958
829232stalinrafael
8292322500
829232
8292310
8292308
8292301588karina
8292301473
8292300892pau
82922smaq
8292287995
8292284701
8292282
829228
829227
8292265
829226
829224
8292236
829222jazmin92
8292218
8292216345
8292214507
8292214052 frank
8292214
82921kai
82921b75e4
82921992
8292185450
82921808
8292178940
82921693
8292160252
829215123
8292147483
8292147255
8292144940
829214
8292128816
8292128
8292120
8292119123
829210O
8292108870
8292108
8292102Jo
8292097146
8292096021
829209
8292080matt
8292060114
829205
8292049
8292047835
8292047632
8292045643
8292044205ricky
8292042055
8292040770
829203F
82920371
8292028823
8292016520
829200x
8292008
82920079
8292006
829200
8292
8291vv
8291pintainho
8291kg
8291hstu
8291hp332
8291hi
8291es
8291colenge
8291bb
8291azza
8291a
8291JeSSica!(*$
829199tb
8291997
8291996
8291993
8291992h
8291992aaa
82919912991421
8291990b
829199
8291988
8291987f
8291984
8291982
829198
8291979
8291968
8291960oz
829196
8291944
8291923
82919191
8291918
8291902
8291900
8291880
8291860
82918591
8291845
8291842
829183640
8291829
829182
82918
8291757
8291745
82917346
829173
82917136
8291699t
8291682jr
8291671
829166
829164
82916318
8291624
829161992
829161
82916
8291558
829154
8291508
82915051
82915
8291493
8291487
8291474
829147370
8291472
829147
829146
8291442
8291418
8291408
8291403
82914021
829140203
8291400
82914
8291398
8291397
82913911
8291370
829137
8291358
8291346
829131
8291294
829129
8291275
829126
8291245
829124
829123456789
8291231
8291211
829121
829120
82911921
8291190
829119
829118kpf
829115
82911349682
8291128
8291126
829112
829111gc
8291104
829110
8291083
829104042
8291015f
8291015
8291008
8290snowflake
8290sasa
8290pope
8290onot
8290nc
8290ml
8290ls
8290leslie
8290bench
829098829098
8290968
8290960
829095
8290935
8290898
82908716
829083
829082908290
82908290
82908261
8290824
82908
82907mrp
8290796
8290793
8290779
82907616
8290752
829074
8290733
8290712
829071
8290707
829070680
8290700
8290680
8290665
8290658
82906443
829063
8290613
82905rmd
82905j
8290554
8290544
829054
829052
82905
829048
8290463uae
8290440
829041356
829040
8290392
8290386
8290383
8290337
82903
8290299
829029
82902892
8290278
829025
82902478206
829023
8290216
82901wy
829019
8290185
829018
829016mama
8290153
82901422
8290139
8290138
829011
82901
82900lg
8290085
8290061
829005
8290002
829-603-4892
829-410-1996..
829-288-96766
829-262-0687
829,5121
828yda
828wall
828waikato
828urceko
828th78
828tbisY2b
828suzifootsies282
828stepper
828spiller
828sisa
828sc28
828rick
828rave828
828raa
828praise
828p71joker
828nna
828nikki
828min
828man
828love
828liss
828lingmu
828ladiva
828kenny
828joshua
828jos
828joe
828jmalj
828jlg
828jeffee
828javee
828jane
828house
828home
828gurl
828goo
828gangsta
828finest
828ella627
828drapmal828
828delta
828dalestuh
828cvana
828colombia88
828cazzidy
828camirain
828bxvxu92
828black
828arnold
828ally828
828ale
828MOMO
828Gold
828GOLD
8289hg
8289fly
8289des
8289deo
8289db
8289an
8289ake
82899tr
82899tm
82899g
8289996
828999
8289966
828995
828993
8289921
828990
8289873
82898662
82898491
8289842
82898289P
8289824j
82898215
82898073
828980
82897w
82897d
82897a
8289795
828978m
8289780616
82897272tatysasa
82897268
8289702
8289700
828970
82896malo
82896k
82896KENZ
8289697
8289658
828963m
8289639
828963
8289613
8289612
82896048
82896034
82895th
8289585
828958
828955
8289548
82894v
82894j
82894J
8289497
8289469
8289465dub
82894509
8289449
828944
8289430960625
82894280
828942
8289406
828940
82893tt
82893jnr
82893hob
828938229392
828938
8289373
82893679
82893344
82893318289331
8289312
828930
82892tay
82892angel50
8289294
828929
82892838
828926
8289257
828925
82892121219113
82891m
82891kad
82891a
82891982
828919
8289162692
82891420
82891212]
828912
8289117
82891101
8289100
82890emp
82890O
8289099
82890759
828907
828906
8289059
82890313
828903
8289024
828902
8289018
8289000
8288sg
8288mel
8288jc
8288fehn
8288ehh
8288denise
8288davee
8288ba
8288alex
8288_738
8288IGM
82889m
82889d
82889911
8288985
82889834
8288981
828898
828897ffb
82889720
82889717
828896csr
82889545
828895
828894
8288934
8288922
8288915aaa
828891
82889054
828890
82888uaxnw
82888lmd
82888828
82888799
8288865
82888528
8288850
828884577
828884
82888303
828883
828882vv
8288829
82888222m
828882
8288819
82888140
82887het
82887c
8288794
82887826
828878
828876
8288737
828872005
82887
828869_abc
82886918
828868
828866420
82886630
8288658
82886555
82885trs
82885983yd
828859
82885880
82885697
8288552
82885408
82885384
828852415
8288500
82885
82884sls
82884ever
828848
82884496
8288447
8288431
8288430
82884283
82884263
8288426
82884209
82884078288407
82883virgo
8288388
82883718
82883539
82883455
828834
8288326
8288318
828831
82882l
82882983
8288296
828828ben
8288282
8288276
828827
828825
8288224
82882219
828822
8288211
828820
82881MEL
82881988
8288197807
828818
8288176
8288172
82881532
828814
82881314
82881284*/
82881281
828811
82880jy
828808mah
82880816
82880713
8288066
82880608
82880599
82880431
82880310
8288019
8288012
8288007yhc
8288003
8288001\\\\
8288000a
8287ss
8287jm
8287jesus
8287ja
8287bk
8287Court
8287995
8287927
828792
82879171
828791
82879
8287892
82878915
8287881
8287879
82878781l
8287872
828787
8287864
8287851474
8287843
828782s
82878292
8287828
828782
8287816
8287808
828780
82878
8287788
8287777
8287773
8287770
828777
828774
828773
8287728
8287725
828771
82876pnqkp
828769
8287670000
828766419
8287662
828766
8287657128284723
8287650
8287649923
8287620
82876138
82876
828759
8287584
828757
8287558n
8287557
828750
8287497
828748
8287472
82874677
8287464
82874588
8287448
828744
8287417
8287412
8287402
828739
828737
8287356
8287353
828735
828734dj
8287327
8287325
828731553
8287274
8287272
828727
82872515
82872514
828725087
828724
8287233
828722r
828722g
8287223
828721686c
828713
828711690
828711
82871046
828709
82870722
828706life
828704
8287031
828702e
828702
8287019
8287008
8287004
8286mar
8286gbney
8286fc0506
8286amigoj
8286998
828699
8286964
8286951
8286942
8286941
828692
8286901908
828690
82868mouse
82868idfcd
8286873
828685
828684
82868286k
828682868286
828682
8286801
82868
828679
8286752
828675
8286696
8286688
8286672
82866586
828665
82866268
8286598
82865931
828658957
828658
8286579249
8286573
8286571
8286563
828655
828654
8286526
828651
8286509
8286488mn
8286464
828646
8286448
8286443s
828644
8286422d
8286412taytay
8286412
82863kab
8286389p
8286365
8286358
828634i
828634
8286338
82863264
828631310
8286311jl
8286306
8286300
828630
82863
828629
8286285
82862609
8286260
8286244
8286242
828623200
828623
828620Ar
828620
82862
828619
8286181
82861804
828618
8286176
828617550
8286161104
8286157
8286155
8286138
8286135
8286131
8286124
8286110
82860af
82860a
8286077
828607
828601
8286000
8285qtpie13
8285mamz
8285kids
8285franet
8285csjd
8285cory
8285CSJD
828599a
828599
828598
8285961
8285936479
828592806j
8285916
82859111
82859103
828591
8285899
8285880
82858781
82858694
8285848
82858285
8285822
8285821
82858
8285786
828578
828576
8285751
828575
8285737d
8285705
8285700
82856tree
82856jqbrd
82856bsgwi
82856997
8285697
82856923855207126/03/1994
828569
8285670
8285664221391
828566
8285659
82856518
8285651
8285647
8285623
828562
8285610
828561
82856
8285571
8285555
8285547
828554
8285538
8285526
828551
8285501
8285500
8285481
8285480
828548
8285479
8285470639
8285454
8285448
8285444
8285442
828543
8285369
8285365.
828535703
82853515
8285350
8285346012n
8285342
828534
828531
82853
82852662
8285262
8285259
82852478
8285230
828523
8285225
8285213
828521
8285206
82851c
8285199
8285176
82851542
828514578
828513575
8285115
828511
828510ania
8285102
8285100
828510
8285083
8285068
828506
8285056jj
82850406
82850305
828501
8285008
82850007
8285000
828500
8284tbt143
8284pz
8284portsmouth
8284mjb
8284mico
8284koko
8284kew
8284hmrc
8284fatrat
8284av
8284aquarius
828499
828497
828495
82849412
828492dm
8284916
828491
82849092
828489jrr
8284898
82848790
82848761
8284865
828485vv
82848587
828485
8284818
8284813
828481
82847mr
82847933
8284785
828478
8284756
8284748
8284744
828474
8284728
82847005
82846911
8284691
8284690
8284662
828466
82846432
8284634
82846316
828463
8284613983
8284611029
8284604
828459
8284582
8284577
8284566
8284563
8284552
828455
82845450
828453e
82845361
8284521
828450
82844843
8284455
8284415
82843681
8284364
828436
82843320
8284332
8284331186
8284321
8284319
828430604
82843054
82843040
828429
8284289510
8284287
828427mc
8284277
8284268
8284262m
828426
8284259
82842527
8284224a
8284224
828421youyu
8284217173
8284212
82842115
8284208
82842020
82842006raba
82842005
8284200
82842
82841982
828419
82841763
8284176
8284165514410320
8284165
82841565
82841556
828415
828414
82841307
828413
82841234
8284122
82841
82840a
82840916
828409
82840765
8284060
82840506
828404al
8284046
828404
82840392
828401
8283ttcmx
8283sc
8283kp
8283js
8283er
8283do
8283chiki
8283benjie
8283ba
8283Mike
8283Lickme
8283988
8283966
828396
8283950
8283947a
8283921
8283883
828387ok81
8283867
8283864
82838596
82838587
828384b
8283848
8283842
82838418
82838349dan7
8283834
82838283kb
82838
82837bug
828379
82837641
82837476
82837115
828371
8283659
82836541
8283639
8283625
82835t1
82835934
82835885
8283582835
82835721106
82835646617
8283559
82835542
8283550
82835442paty
82835283
8283523
82835168
8283505
828350
82834hdgag
828349
8283483
828347fiq
8283474
828343s
82834289
8283417
82834113
828341
828339
828337
828336855
8283367
82833564
82833526
8283349
8283333
828333
8283292
828329
8283288
828327t
82832732
82832676
8283245joy
8283245
828323439
8283232
828323
8283227
828322400
8283220l
828320
82831842
8283182958
82831821
82831752
828316b
8283161913
82831617robjr
8283155
828314990
82831435
82831333
82831314
828313
8283127
82831266
8283124727
82831234
828312
828311osa
82831164
8283066
828303
8283028
82830203
82830130
82830091a
8283
8282yiyi
8282mojito
8282mmkm
8282mj
8282jay
8282honey
8282emma
8282cube82
8282chris
8282chap
8282cat
8282c
8282am
8282a2
8282TW
8282FILAN
82829hspkb
828298
82829791
8282974
8282972
828297
828295
8282939
828292
828290
82828w
82828akuizzy
8282898520
8282889
82828780
8282876
82828726
828287
8282864
8282852
8282845
82828383
828282hot
828282c
828282a
8282828q
828282828282
828282452
828282**
828280
8282780
82827777
8282777
828277
828273
8282715
8282707
8282692
8282690
8282689
8282673131311993
828266
8282654
8282651
828265
8282642
8282633
82826262
82826183
8282614
82826028
828260
82825avs
828259
8282587
82825826
828258
828256
828255pin
828255444664
828255
8282549961
82825488
8282542
8282540
828254
82825335
8282529
82825247
8282523
828252
828251382a
828251382
82825115
828251
828249
8282472
828247098
828247
828246468624
82824646
8282463535
82824466
82824422
82824410
8282441
8282436
8282423
8282419
82824185
828241
8282406
82824
8282383
82823751
8282374
8282368
828235656
82823335
828232
8282317
8282312
828230
82823
828229
82822739
8282273
828227
8282267
8282260
828225748282
8282256
82822466
8282241
82822323
8282226179
8282199
82821982
828218
82821706
8282168
828216531
8282160q
8282160T
8282160KS
828216
8282154
8282150
828214367
82821417e
828213h
8282134
8282132
82821212
828212
8282116
82