60
72289245
7228922
722892
72289013
722890
72288meg
72288cdyqe
72288933
722889
7228862
722885
722884
72288310
7228831
72288274
72288227z
72288225332101
722882
72288181
7228817
722881
72287862.
7228784
7228771
7228763v
72287636
72287528
722875
722874
72287228
722871355
7228711
7228701
72286c
722868
7228674
72286666
72286330
72286322
7228622
7228609
7228601
722860
7228590
722858
722857
7228542
7228540
722854
722851
72285
72284897
7228487
7228473
72284531
72284439
722844
7228420
7228402
7228401
722840
7228392
722837438
72283470
722834200
72283244
7228324156
722832
7228316
7228314350
722831
72283
72282loveyoubaby
72282j
722829
722828a
7228284
7228280
7228271
7228267
722826177
72282528
7228247
7228244
7228232
72282134
7228210
722821
72282
72281keh
722819
72281720
7228172
7228171314
722817
722816
7228146
72281400
7228134
722813
7228125
7228124h
722811016
722810
7228091086
7228081
72280667
722804mpraz1970
7228027
72280181
72280065
7228006
722800
7228-shark
7227xx
7227sheng
7227sd
7227nudes
7227momo
7227love
7227life722788
7227kh
7227ido
7227cbgd
7227bjb
7227LOVE
72279ufsg
7227990
72279762
722796895
722796
7227957a
7227944
72279389
7227935
7227933082
722792
7227907A
7227907
72279
72278qbsd
72278981994
72278955
7227894
722789
7227882
7227870
722787
722785315
722785
7227846
72278320
7227816
72278146
72278127
722780pit
72277birth
722779
72277803
72277472
722772270
72277126
7227704m
722770
722769
7227689
7227682
722767as
7227659
7227657
7227653
7227648
7227638
7227615cumberlan
72275mamcf
72275862
72275830
7227578
7227565
722755
7227538832
7227538
72275363
7227532caru
7227524
7227510
7227506900
72274803
722748
7227471
7227468
72274624you
7227462
7227454
722744
722743
72274266
72274255
72274248
722742
7227415
7227400
7227395
72273908
7227370
72273594tigo
7227340
72273399
7227338
722732
7227314
72273024
7227296
7227288
72272874
72272756
7227273
722727119
7227267
722725609
7227254
72272513
7227250
722724
722721
72272081977
722719hentai
72271980
72271977
72271961
7227189l
7227186
7227185
7227184
72271819
72271795tony
72271767
72271716
7227168
72271407
722714
72271375
7227137
7227135
722713
72271223
722712
7227113
7227111
7227102
7227100
722710
72271
7227098
72270972
722709
7227069DD
722704
7227036
7227033
72270290
7227027
7227026
72270210
7227018
722701
7227005933
7227000
7226ss
7226poop
7226paam
7226pa
7226dr
7226cutie
7226KK
7226970
722696
7226950588
7226950
722695
72269258
72269237
72269
722686955
72268615
72268451
722683266
722683
722680
72267zqs
7226792
7226776
7226765
7226725190
7226724
72267226
722672
7226661
722665
722664
7226628
72266232
7226612
722661
7226598
72265869firpo
722658
7226570
722656
722654sfd
72265397226829716279
722653503
722650hhmn
72265030_DANIS
7226500
72264954
7226468
722646
72264560eren"
7226432
72264283sacnicte
7226424
72264133
7226412
7226393
722639
7226384
7226357
7226355
72263399215
7226333
722633
7226313
7226311
722631
7226304
7226303
7226302
7226298
722629724
7226283
72262724
7226266
72262529
722625
7226240
7226238
7226231
7226230
7226213e
722621
7226209l
72261961
7226188
7226186
722618
7226153
7226145
72261405
7226140
722613lt
7226135
722611
722610
722609k
7226088
7226072
72260706
7226070
722606
722603886
7226030464743
72260060
722600100
722600
7226**
7225ynuov
7225trouble
7225bj
7225adam
7225APONG
72259kcffck
7225982
7225964
722596
72259599
722595017
7225941
72259367
722592933
7225922
7225917xx
72259157
722591
7225884
722584
722583
7225829
722581932
722581877
7225815
7225812
722581
722580
72257heay
72257882
72257851
72257812
722577
7225766304
7225737S#
722573
7225726583
7225724
7225715364
72257080
7225703819
722569
72256876
722568
7225676
7225665
722566
722565847
7225652
722564pablo
7225636435
722563429
722563351
7225629
72256263737
722561tj
72256116
7225611
722561
7225605
72255sball
7225595
72255928
72255896
72255886
7225583
722557manu
7225575
7225572416
7225555
7225528
7225517
7225513
722551
72255008
722550
72255
722549
722548721720
7225464
7225462910
7225442
7225439
7225433
7225424
7225418
7225415
72254068
72254048
7225402
7225400
722540
72253973
7225379e
7225375
72253699
7225352
722535
7225339
72253009
722530
72252bm
722528952529
7225283
7225282
722528
7225277
7225262
7225256112
722525
7225242
7225238
722522322
722522203
7225212348
7225212
722520221
72251950
7225187
7225186942
72251706
722516
7225150
7225146
72251308
72251268
722511
7225094
722508
7225077m
722506
7225036
722502
7225019
72250
7224sukq
7224rp
7224rj
7224pzeyc
7224godslove
7224ddc
7224bitch
7224bank
7224ael
7224_paz
7224Rach
7224995
722497285
7224972
722497
7224967
72249472
7224930
722493
7224910
7224907
72248937
722487
722485
7224847
722483
722482
7224819m
72248136
722481
7224799
7224785
722476
7224757
7224750
7224741
722474
7224738
7224735
7224731
7224730
722472
72247
722469
722467private
7224666
7224654
722464769922
722464
7224628
722462
722461
7224605
7224594528
7224594
7224591935
7224591
7224574702
7224568471
722456839
722456349
72245615s
722456
722454801
7224517643
7224501
72244882
7224475a
7224464
72244610
7224446
7224443
7224433
7224427
72244209
7224416
72243950278952
722438
722437
72243679
7224366
7224361
722435r
722435m
722435M
72243557
7224354
72243528
7224341407
722434
7224339
7224334601159323
722433
7224326
7224318866
7224315620
722430110
7224300702
722430
7224294460
7224282
7224275
7224273
7224272
7224270131MARILU
722426
7224257560
7224252041
7224246257
7224245
7224239105VALERIA
7224235r
7224235
7224233f
722423
7224226
7224220
722422
72242123
72242
72241995
7224197629
722419
7224189
7224185
7224182581
72241722
7224172
722417
7224167
7224165
7224164
7224158290
7224158237
7224155574
7224150097
722415
7224141729
7224141
7224140
7224127
7224125449
7224124790
722412
722411
72241092
72241043
72240ek
7224096458
722409597
722409
7224089429
7224087434
7224086069
7224080770
7224073328IUEMLL
722407
7224064660
7224059033vlh
7224053334
7224052011
7224034056
722401
722400
7223race
7223mtt
7223mm
7223jcsdms
7223jb2
7223glass131193
7223d
7223becks
7223997a
72239950909729648
722399
7223989
7223971204
7223963
7223961
722396
7223957
72239561
7223955059
7223953
7223952
722395
7223939931
7223930579
722391pepino
7223910846
72239046
7223904167
722390
722389
7223888716
7223888004
7223887
7223884
7223881
7223878
7223869
72238687
7223868
722385
7223841
7223832
7223831
722383
7223829284
7223829012
7223820349
7223819310
7223818294
7223810133
7223807
7223805
72237m
722377
7223755
7223752059
7223749
7223744942
7223734
722373
7223719490
7223718401
7223714717
7223711889
7223711544
72237007223800
72236FE7
7223681642
722367
7223668956
7223668
7223666313
7223660507
7223654088
7223652998
7223644
7223640136karo
722364
7223638015
7223637942
7223637
7223636
7223635
722363
7223620881peson
7223616
7223611811adri
7223611358
7223606189
7223598
72235920309
7223592
7223591
7223571578
7223570244
7223567
7223555782
7223554
7223543437
7223542
7223537
72235311
72235140
7223512721
722351
7223509
7223503474mxwiz*
722349b
7223499994
7223495
7223493072
722349
7223486670
7223486081
7223479912naty
7223469
7223466
722346
7223459
7223456
722344
722343
7223425
7223406956
7223404
7223402
722340
7223394
7223382058
72233710
722337
7223361
7223347
7223346
722334
72233390203293
72233299
722331
7223285
722326222
7223261
722326
7223248
722324
7223231
722323
7223225
7223221321
722321988
722319andre
72231992
72231947
7223187
722318
7223164
72231560
72231513
7223147
7223145655
7223139
7223130402
722313
722312blackpink
7223116340
7223112
7223111
7223098458
7223088
7223082
722308
722307
7223056
7223053368
7223050
722305
7223048
722304
7223034456
722303
7223029010
72230226
722301
7223003359
7223
7222ydt
7222xstbv
7222sls
7222qwbpm
7222ohio
7222negro
7222dmb82
7222cd
7222beer
7222ap
7222Gil
7222995
7222985
7222977
72229708
722297
7222966
722295
7222949np
7222948
7222910
7222905
7222900
72229
722289q
72228903
7222890263
7222889081
7222888
7222882
7222873c
722286
7222848
722282
7222817
7222814378
72228133885
7222812049
722281001
7222741
722274
7222728
7222706660_miyu
7222704197
7222700
72227
72226c/o2007
7222696472
7222696
722269
7222673
7222662l
7222650
722264
72226352
72226241
722262
722261
7222608152
72225777
7222564
7222555
722255
7222540165
7222537597
7222532
7222529
7222525974
7222525
72225212
722251
72224tgpkv
7222498
722249
72224823519ja
7222480150
722247222
7222448
722243
722242
7222411
7222410331065583062
72224028
7222391501
7222391
722239
7222389
72223860
72223849
7222382
722236
72223531
72223517
722235
7222333697ojos
7222331
72223242
7222308
7222295
72222926
7222292093
722228
722226j
72222527
7222235
7222234
7222228
7222226
72222222
722221fc
7222214
7222211
7222201
72222
72221tj7
722219800174
722217
7222152
722215
722213
722212
7222115
7222106842.122
7222100
72221
7222081
72220711
7222062
7222042
7222039
7222038
722203
722202
72220191
7222008
7222007
7222006j
7222005
7222004
7222001
72220
7221tigger3656
7221belle
7221aug
7221am
72219t
7221999
7221998m
7221998
7221996nxl
7221996
7221993c
7221992ee
7221991androme22
722199113
72219834
722198
7221978
7221975boy
7221973
7221972cg
7221969
7221966
7221965
722196
7221956
7221954
7221953325
7221953
722195
7221949929
7221947
722194
7221937v
7221935
722193
72219215
7221891875
72218838
7221880
7221877
7221875
7221854
722183
7221827
7221823683
7221822320
7221818
7221814
722181
72218061
7221806
72218014
7221796
7221782446
722178
722177
7221769
7221752137
722175000r
722175
722174
7221739
7221735
7221733
7221732669
7221731
7221728839esmice
7221727830
7221726367
7221726
72217221b
722171
7221702
722170
7221695
7221683
722168
7221677jono
722167
7221669731mine
7221665069
7221660
722165
7221641
72216398
722163174
7221630
7221619864tania.
7221615293
7221610506
722161
7221609181
7221595632esmicel
7221585074
7221571975
72215692
7221569
7221562841
7221554096
7221554
7221544360
7221543
7221542900
722154
7221534
7221515583micel
72215149tar
72215048
72214lye
7221498
72214827
7221482556
7221482125
722148
7221462
7221458
7221454
7221451218
7221441019
7221441
722144
7221435
7221417
7221407893casa
7221407
7221404750jjmjj
7221399jo
72213697
722136
72213583
722134
7221334p
7221334
7221326
7221319s
7221317870
7221314
7221311
7221303112
722130101
7221285
72212827
7221273K
7221273
7221270
7221260f
7221245
7221244
7221218
72212165
72212135
722121080
72212
7221197
7221194850
72211934
722118
7221157980
72211527dtm
7221131019
722113
7221128057
722111m
7221117
7221116
7221101m
7221101ab
722110
722109neyo
7221096
7221094
722109
7221081
722108
7221079
7221074281
7221072213
722105
7221045
72210421
722104
7221030
7221028312009
7221025
722101q
7221009c
72210
7220xvbbv
7220tntagus
7220ida
7220fri
7220fr
7220detroit
7220ab
72209985
7220992
7220972
7220970
7220967
7220966
7220959
7220953
722094
7220938
7220925
722092
7220908
72209078989789
722090
72208yaz
72208jcl
72208babi
722089811
722088
722087
7220863
72208568
7220854
7220846
7220818
7220815
72208
72207love
72207LOVE
7220796
7220759
722072as
7220719
7220707
72206love
72206jk
72206fe
7220670
7220660
7220639
722063
722062
72205ba
72205943
7220594
7220574
72205700
7220563
722055860
7220541m
7220540
722054
722053
7220508
722050762
72204love
72204kdbg
7220493
722048lia
722045
7220422
722041
722039485
72203890
7220377n
7220377
7220370
7220357
72203210
72203201
7220314
7220310
72202jb
7220279
7220278s
722027
7220260
7220247
7220208
72202
7220199
7220198
722017220172201
7220164
7220163
722016
72201517A
7220144
7220142355270
72201314
722013
7220125
72201229B
72201229
722012
7220119
7220117
722010c
722010
722009
72200833
722008251607
7220062
72200577
7220050
7220047
722003
7220018
7220006
72200000
72200
722-xmc
721yy423
721ywc
721yao
721yaNNy
721xx88
721wallrd
721tracy
721tocbar
721tamlilt
721tabu670
721stnrotc
721spook
721snail
721shin
721shawn
721sam
721rxyl721811728
721rockyou
721plattst
721pennys
721olo
721nin
721nata
721musik***
721musik*
721mob
721mel16clara1314
721maxine
721max
721maria
721macon
721m63o
721lrh
721liezel
721kmg
721kbc1982
721josh
721jo
721jlw8493
721jen
721jbp1979
721isaedan
721iluvu
721ib
721guess
721gregary
721grande
721football
721eptyw
721dumond
721dji
721dgv
721danog
721cty
721cfd5b
721cedar
721cats
721bxj
721bryan
721bouba
721bkprin
721bgms
721baung
721baby91
721ann
721alexis
721ae45
721adamm
721adam
721abcd9
721a8173ba
721Tiki#1Baby
721NENA
721HKA
721ELE
721Autumn
7219vm
7219tc
7219or
7219one
7219nus7219
7219kubi
7219kath
7219herman
7219cancer
7219blb
7219998
721999
7219967
721994dan
7219946
72199411
721993bc
721993721993jessica
7219932012
721992fri
721992721992
7219925
721991s
7219918
7219917
7219916
72198kc
72198ajd
721989paddydiver72
721989descobre
7219896
721988000
721987cun
721987_acuario
72198614m
721985ahmed
721984rs
721984RS
72198410
7219834
721982mm
721982ht
7219817
721980120
7219800
721979ELIZABETH
7219796
7219792
72197891
7219783
721977
72197459
721973t
721972sm
7219722
721972
7219711
7219706
72197
72196vashea21
7219698
7219686
721967
721966
7219653
721965
7219634
7219632
721963
721962
721961xnjp
721960
72195m
721959
7219589
7219553
721955
721953
721951rd
721951r
721951k
7219512
72195112
7219511
721950658
721950153487
7219500
72194nicole
72194n
72194allstar
721947DM
72194719
72194694
7219466
721946
72194561918
7219452
721945
72194403
721944
7219427
721942
7219415
72193july
7219395ja
7219360
721934
7219333222
7219323
7219315
721931
7219308
72193034599
72192pb
72192m
7219295
7219263
7219261002
72192528
72192458
7219243
721924
72192399
72192253
72191mh
72191ana
72191a
7219192
7219191
721918a
7219182887
721918
7219158
7219153
7219144
72191393
72191209
7219114
721911387
721911
721910
72190eve
72190ar
7219081
72190795
7219078
7219072190
7219042
7219038
72190270
7219026a
721901035
7218xinita7218
7218gm
7218e0
7218centeary
7218am
72189m
72189eie
72189e
72189ct
72189am
7218994t
7218980
7218969
721896
72189569
7218951
7218934
72189301
721891
721890854
72189034
7218902
721890
72188kg
72188ab
721889
7218888
72188744
721887
72188592
7218838
721883293
7218823
7218821
721881o
7218810
7218804
72187hc
721879
7218780
721878
7218776
721876
721875
721873
7218721
721872
7218717s
7218710
7218700
72186lf!
721867893
7218651
72186350
7218632
721863
721861111
7218604
72186025
721860
72185eb
72185a
721859
721857
721856
7218555
7218551
7218530
721850am
72185
7218487
7218482
7218461
72184531
721844
7218418t
7218416
721841
721839
721838300
7218382
7218346WW7218346
721831
7218296
7218264
7218254
721824
7218234
7218221
721822
721821437
7218200416
721819813
721818392
72181826
7218181
721818
721816
72181562
7218144ishmai#
7218142
72181217
721811china117218
7218117
721810
72181
72180tuk
7218088
721807
72180537
721805
7218030
721802
721801
7218000141
7217vc
7217so30thst
7217moe
7217lalo
7217kg
7217brat80
7217bandera
7217aj7
72179935
7217972179
721796803
721795
72179463
7217944
72179277lethy
7217920
72179
72178ds24
721789
7217870
7217869
721786189
721785jl
7217812
721780
72177mfs
721778
7217776
7217774
721776
721775926
7217758
72177566
721774nabs
721774
72177397
7217726
7217721721
72177136
7217710
721771
72177
7217681
7217680
7217664
7217655
7217649
721764
72176373
721763
7217626
721762
7217611
72175yamaha
7217594
7217593
72175907
7217582
7217577
7217565
72175641
7217562
7217540
72175213
7217517
7217510
7217501
7217494
721748
7217432
721743
72174023
7217402
7217396
7217372
7217355
721735467
7217324
72173
7217292m
721729
7217279
7217274
72172735
7217267
721726
7217251
721723456
7217222
721722
721721721
72172172
7217211
72172100
72172077
72171640
721716118
7217159
721715
721714932149
72171492
7217148
7217146
72171259
7217124la
72171112
72171
721709
721708
721707
72170535
721703
7217021
721702
72170185
7217018
72170154
7217013
7217012
72170032
721700
72170
7216kick
7216btonyo
7216bailey
7216as
7216anh
7216C.S.I.1202
72169998
7216983
7216975
7216974
7216972
7216963
72169530
721694551993
721694
7216930
721691
72168999
7216892
7216886
721688
72168737
7216872168
7216866
72168610
7216850
721685
721684100
7216832968
7216824
7216822
72168215
72168162
7216811195
7216809
721679
7216786
721678
721674
72167216
721671763
7216710
721671
721667jh
7216656
721665
72166190
7216601
7216600
7216590
7216583
7216573
721657
7216545362189
7216532
721653
7216528
7216518
72165117
7216505
7216493058
721648
7216470a
7216454
721645
7216444
7216430ye
7216427
7216423
721641694
721641
7216400
72163901
721635lj
7216356
721630
72162weikuilian
721629
721628
7216262
7216220
721622
7216219
721618
7216163
7216155
721615
72161389
721612
72161120
721611
721610lee
7216108
7216102
721607
7216067
72160612vrz
7216050a
721603
721600hh
72160025
721600
7216**bzl
7215jha
7215jacs
7215caio
7215Duley
72159910
7215988
7215982
7215965
721596018439
721595
72159423
7215931j
721593
721592
721591
7215909
7215904
72159
7215846
7215835
7215815
7215812
72158082ch1
72158079
7215788
721577
721575721575
7215757
721574843
7215734f
7215720
721572
72157118
72157084
7215696
721569
7215658
7215657j
72156412
721563228
7215617
7215606
721560
72155angel
721559
7215589
7215575budur
7215567
721556213
7215561
721554
7215539
721553
7215516
7215514
7215505
721550
72155
7215491
721548a
72154862
721545
7215447
721544
7215413
72153926
721539
72153860
721536
7215359
721534022
7215340
7215335
721531827
72152886
7215272a
7215269
7215247
721523erin
7215237
72152321
7215231026
721521775899.
72152177
7215211314
7215210
7215207758990
72152
72151844
72151773
72151734
721515
7215131
721513
7215121989
7215114
72151116
721511
721510v
7215099
7215060
7215043
7215041
721504
72150130
72150
7214a786
7214_marcita
721497
7214961
72149585
7214952
7214933
7214926
7214920
7214903
72148wr
72148873
721488
721487
721486
7214840
72148332
7214814576
7214814575
721481
72147963
7214781
7214751
721475
7214748
7214746
72147423
7214732crime
72147312
72147295
721472
72147
721469428
7214692
7214690
7214688
721467
72146621z
721466
721465
721463
72146012
7214569
72145660
72145563
721455144
7214536
7214535
721452n
7214521
7214520
7214513lorena
72145133
721450
7214496
7214494
7214490
7214489
7214482
721447
7214451
7214431
72144165
72144127
721438011
721438
7214346
7214325
7214312
7214311
72143095795245
721430079202
72143
721427
7214269
72142658
72142611
721426
72142586
7214237
72142277
72142190
7214204
72142007
72141827
72141783
7214171
721417
7214165
7214160
721416
7214159
7214150
7214131
721411
721410
7214092
7214089m
72140851
7214072
721407
721406207da
72140607
721405
7214044
721404
72140324
72140195
7214012847144
721400981
7213afdf
72139bc
72139999
7213972
721396
7213954
72139473
721393
7213906sight
72139
7213891
721388
7213876
7213872
721387
721386
7213856
721385241
721384
7213833
7213808
72137leizlk
72137834
72137824
721374
7213731
721373
7213720
72137109
72137100
721371
72137
7213699
7213691
721369
7213688
7213686
721368
7213674
721366
7213658
72136455512
7213642
721364
7213639
7213636
721362
7213609
72136013
721359
721357
7213558
721353651
7213533
721353
7213520
7213516
7213505
721350
7213464
721345cg
721345
7213448
7213436
7213431d
7213426
7213415
72134079
7213402
721339
721338
7213376
7213374
721337
721336
72133528
7213347
72133444
7213333
721331A
721331941
7213312
721331
72132dulce
7213280
7213278
721327
721326987654321
72132673918264
72132575
721324fg
721324721324b
7213246
721324
7213229
7213227
7213215
7213212
721321
7213203
72132010
721320
7213197
72131941
721319
7213185740
7213181
721318
7213154
7213150
721313
721312
72131122
721311
7213102
7213101011
72131
7213088
721307
721306
721305538v
7213030
721303
72130248
72130202
72130201
721300
72130
7212pin
7212notyou
7212ml
7212kj
7212joe
721299
7212989
721298
72129764
7212973
721295d
7212957
72129300
721293
7212918
7212916
7212909
7212903
721290
7212878
72128682
7212857
7212836
72128304
721282sj
7212820
7212804
72127903
7212787
721278
721275415
7212749
721273
72127135820
72127006
721270
72126th
72126834
7212682
721268032
721268
7212672
721267
72126437
721264
721263
7212623
721262
7212610
72126
721259865
7212591a
7212579
721256@
7212566
7212553
721254
7212539*k
72125350000
7212533
721249
7212480l
7212472
7212467
7212466
7212465
721245
7212449
7212445
721242
7212418
7212413
721241
72124048
72124020
7212402
721240
7212390a
7212371
7212363a
7212361
721236
721233632
7212336
7212332
7212317124
7212312
7212310
72122o
7212299
7212298
721229
7212289
72122859228458
721228
721226
721225928
7212257
7212253
7212237
7212236m
721223
7212227
7212221147gurung
721222
7212211438
721220
72121cn
72121b
7212198018952734
7212196
721219121
721219
7212187
72121818
721217a
7212178
7212172
721216
7212156160
72121314
721213022
721212nj
721212bili1995@yahoo.gr
7212125
7212122
721212121
72121200
72121147
721211412150
72121119
72121112
721210
72121
7212097
721209568
7212060
7212055
7212053
72120444
7212044
721202674
7212020015
72120184156
7212015
7212003
7212002
7212001
7212
7211tc
7211srr
7211sex
7211raton
7211perv
7211oluap
7211cd7211
7211amir
7211ace
7211SEXY
7211N17
7211998
72119970
7211993
72119922010
721199
72119885323671rg
7211987C
7211982dg
72119820
7211982
72119813
7211980
721198
7211973m
72119730
7211973
7211972
7211971
7211967b
7211967
7211966
7211965
7211962
7211956
72119557
72119526
721195
7211949
72119449
72119432
7211941
721194
721193
7211927
72118889
7211886
721188
721187000
721187
7211853
721185
7211836
72118220
721182
72118152
721180rockyou
721180
721177ab
7211778
7211765
7211763
7211738
721173
7211728
7211721
7211720
7211716
7211701
721168
7211677
7211665
7211656
721163
721162
7211598
72115915
7211590
7211588l
721156
7211555
721155
7211544
721154
7211539
7211538
721153721153toy
7211536
7211531085
72115308
721153
72115011
7211489
7211483
721145922
7211452
721145
7211430031
72113926
7211392
7211386
7211381
7211371
721135jenni
7211344
721134219
72113343
72113340
721132
721131888
72113125
721131
7211307kupşra
7211306
72112kv
7211286
721128
721126
72112429
72112407
7211237
72112340
7211234
721122815
7211221
7211216
72112108387
7211201
72112
72111k
7211192
72111856282857
7211181
72111724
721116pm
7211161
7211134
7211128
72111234
72111213
72111117564
72111010
721109558
721109
721108
7211068
7211061
7211059
7211046
7211044
7211042
72110415
721102883
721102812
721102533
7211025
7211021@+gato
7211010
721101
7211009
7211008maracay
7211004
72110
7210qa33
7210pz
7210pati
7210mxl
7210mc
7210ab
7210;diego
7210982
7210976
7210966
7210957
72109520
7210933
72109316
721091996
7210910ok
7210893
7210890
7210881
721087
721085
7210845
7210826s
72108199
7210813
72107nv
72107N
721078
721077
721075
72106mywiji
72106840
72106650
7210656
72106504
721064
7210621b
721060jt
721060
7210595
721059
7210584nov221993
721058
7210577
7210562
721056
7210544
7210542
721053
721052220
72105220
7210505m
7210505
72105.m
7210495
7210470
7210455
7210453
7210449
72104400
7210439
7210436
7210427
7210410
7210401573
72103dylan
72103butch
7210388
721037
72103530
7210346
72103458382232
721033
7210325
7210315
7210314
721030
72102ac
7210295
7210291
7210290
721029
72102884
72102869
7210278
72102729
721027
72102644j
7210261
72102502nb
7210241
721023m
721022emerson
721022530
721022115
721021av
7210208
7210204
72102003
721020
721019051025
721019
7210180
7210177sp
7210173_gil
7210171
7210169
7210160
721016
72101488
7210138
7210134
721012
7210116
72101121
7210103
72101+61
72100m
721009179
721008viri
721008
72100795
72100790sexo
7210072
721006qq
72100648
721006
721004NA
7210046
72100408
721003
7210025
721002055129
72100127
721001085537
721000j
72100000
7210
721..amor
721-3017
721
720zokqh
720ylil
720xswoo
720xjtm
720trisha
720sock
720slrk
720roro
720ray
720pure
720p1080
720nst
720nalvord
720mle
720mhl34
720malan
720main
720mag
720lpe
720lovely
720lol
720lisbon
720lexa
720lex
720lcp
720joseph
720joker
720joan
720igd
720iehau
720glendz
720gerardo
720ganstersla
720gangsta
720fulham
720fsu15
720fom
720d007
720cornflakes
720cool
720choque
720cheer
720cfe
720cari
720calico
720bmc
720bm
720bloodnwater
720angel
720acl
720_cluvj
720SOCK
720SENNETT
720NAVIL
720@6444@5
7209no
7209m12
72099ggfib
7209991
720999
7209988
720998
72099602
720996
720994mb
7209944
7209942
720993
72099184
7209907
720985
72098482
7209811
720981
72098
720978danger
7209770
720976
720975
72097213
72097086503526
72096gaby
7209681a
7209672
7209671
720964
7209626
72095puebla
72095dqn
72095944
7209589k
7209584
7209568
720956
7209555
72095455
7209517
720950302
720950
72095
72094js
720948b
7209489
72094480
720944
7209435
720941925
7209419
7209410380
7209409
7209401A
72093lore
72093b-day
7209397
7209378171
7209378116
720936
7209358
720933
7209320
720932
720930754
7209301
720930
72093
72092adl
72092999
7209286
72092577
7209232
7209230d
7209230
7209223a
72092187
7209216
7209214829
7209214
72092014
720920
72091bday
720919
720918
72091721
720917
7209146
720914
72091300
720912
7209101
7209100
72090s
72090j
72090eb
7209096
720908
72090698
720906
7209051
7209042
720904
72090313
720902
7209017
720901
7209009
7209000
7208lore
7208gage
7208bs
7208boys
72089cmh
7208983
72089685
72089651
720895
72089372
7208915
7208909
7208904201
7208900
72088t
7208898
720888
720887
7208869
7208862
720884
720883
7208812k
720881
72088016
720880
72087jml
72087cws
72087bc
72087984
7208757
7208745
72087208
7208703
72087
72086s
720869
7208682789
720868
7208672086
720865
720863
720861k
720861418
72085sae
72085fucknick
7208596
72085