956
6844955
6844912
684490b
684490
68449
68448996663358
684486624426
6844865
6844858
6844845
6844816
6844809481297
68448024
68448
6844799
6844796
6844771
684477
684472
6844709
684470
68446922
68446844
6844678
684467
6844658
68446552
6844590
6844586
6844583
6844543
6844537
6844530
6844524
684452
6844517
6844516019
6844501
6844489
684448
68444662
684446
684445
6844431
68444212+c
6844421
6844411
6844397
6844390
6844389
6844388
68443873
684438
684437
68443639
6844354
6844353
6844346
684434
6844329
6844323
68443114
6844298
684429
68442706
6844255t
6844247b
68442411T
6844241
684424
6844228
68442246
6844224
684422
68442122
68442
68441840
6844181
68441635
6844162
684414
6844132
6844127
6844124
6844115
6844113
684411
6844105
684410
68440986
684409
68440888
6844086086
6844084
684406ana
68440527
6844049
6844014
68440106
68440101
68440089986
6844004
6844003
68440
6844
6843zs30
6843ycwtj
6843veots
6843b9efec36f428deabce22c0fc1805
684399
6843981
6843958sc
68439500p101
6843948
68439377
684391j
684390198
684389
6843871kj
6843839
68438370
6843810
6843794
6843762
6843757
6843746
68437420
68436843
6843681
6843618
6843608
68435pbqex
6843599741
684359
68435818
6843537
6843528
684352
6843511
684351
684350
6843497
6843472
6843470
684346rbd
684346
6843427
6843424
684342215
684341J
6843410
684341
6843408
6843395
684338mp
6843344
6843332
684333
6843316b
684329a
6843299
6843281
68432647
68432425
6843220
68432195
6843211729883
6843205
6843203
684320
6843190
684319
684316
6843159
6843146
6843122a
684311
6843068
6843038
6843023
68430124994
6843005
6843003
6842vali
6842sqbyw
6842galbraith
6842d
6842cs
6842KIESTA
6842971350
684297
684296
68429573
6842950
6842943k
6842938
684291684775
6842910
6842885
68428665
6842863
6842822
6842804
6842793
6842791n
6842777
684277
68427575ad
6842753951
68427505
684275
6842747
6842735
68427237
68426987
684269
6842685
6842684kl
68426842k.
6842684265
684268421
6842684
684268
68426696
6842668426
6842663812345
68426633
684265
68426461996
68426260101
6842623
684261
6842597103
68425897139
6842585246
68425780
684257
684256
684255ady
68425568425568425568
6842541
68425402017
6842537913
6842528347
6842521797
6842513
68425085
68425002
684250
68424990
6842498
6842477
6842474
6842463
684245921
6842449k
6842435
68424268
6842422
6842417
6842409
6842397155
684239715
68423971
6842390715CarO
68423822
6842380
68423711
684236
684235719m
6842357
6842346
6842335
6842327
6842326
6842317950
6842317902587964
68423170
6842316
684231336
6842311b
684227
684226
684222
68422
684219375.
6842183
68421824
684218
6842175
684217
684216
6842159
68421579
6842139705
6842123
6842112
68421031
6842103
68421012
684210
68420v
68420siwgr
68420ma
68420m
68420ku
6842086
684208
6842072
684206
6842045tlt
6842045
6842020
684202
6842018k
6842013
684201
684200l
68420038
68420037
68420
6841dylon
6841973m
6841971
68419576
6841953
6841946st*
68419276
6841910
6841903
684187f
6841875
68418540
6841844
684180
6841782
684178
68417714
6841764
6841756
6841754862
6841746
684174
6841732
6841725
6841719
684170
684168
68416798
6841666
684164
68416370
6841628
6841618
6841614
684160
68415987
6841587
6841584
684158
684156151221
6841557
6841538t
684152
68415
6841474
6841473
6841465
684146
6841457
6841444
68414256
6841411
684141
6841355
684135
6841330
68413238733119
6841269558I
68412546
684122
6841214
684120
68411k
6841161
6841137
68411365
684111
684109
6841084
68410622
684104spd
68410216
684101
68410078
68410076
684100
6840tam
6840pisciana***
6840992
684099
684097
6840966
6840937
6840933
6840915n
6840914
684087
6840866
6840856
684085
684083
6840822
684082
684081
6840804
6840781
6840760
684075
6840719510
6840701
68407
684068400
6840683
684068
6840658
6840657@6414968
6840651
6840626
684060
68405assza
6840591
6840577
6840568
6840524s
684051
6840472
684046gary
6840458
684044
6840429
684042
684040l
68404
68403669
684034
684031
6840276
6840269
6840238
684022
6840219
6840208
6840202
68401922
6840163
6840138
6840127
6840121432
684009
6840065
6840055
6840031
6840024
684-7785
684-5515
683v683v
683usefull
683sukkia
683rubi
683river
683qidri
683lima7oly
683kyklb22
683hjm9t
683elm
683e628
683dog
683bvz
683bob
683aza
683PR9N35
683HAPPY
6839rod
6839ngj
6839mob
6839meade
6839hrcjt
6839931
683993
6839923
6839908
683989
6839855
683985
68398433
68398425
6839837140
6839813
68397xshfq
6839773
683977
6839763
6839759
68397308
6839710
68396839
6839672
6839667
6839644e
6839641
683963m
6839614
6839600
6839585
683958
6839517j
6839508
683950
683949c
6839471
68394159
6839406
6839393
6839321
683930
6839275
6839254xx
68392489
6839246
6839229karen12
6839155
6839143
683914
68391224
683911
6839108
683906003
6839024
6839013
6839009
68390
6839
6838sus
6838omea
68389j
6838989
6838971
683892
68389108
683888
6838866
683886
6838848s
6838848
683884
6838825215
6838822
6838821
6838819
6838803
683880
68388
68387962
6838789
6838782
6838774
6838738h
68387343
6838711
6838699
68386838
683868
683867ab
683867
6838637b
68386138
6838599
6838588
683856
683851
6838505
68384d
6838475
683847
68384609
683843
68384138
68383chevy
6838397
68383893fjh
68383699
6838364
6838357
6838355
6838342
683832
6838315
6838312
6838293
683829
683827
683826
683825
6838228
6838225
6838221
683822
6838199
683819
6838185
683814959853
6838148
6838141
683813
6838122
683812/mar
6838089
683804
68380
6838
6837ns
6837ggg
6837asshi
6837918
68378cgats
6837899
6837891
683788
683785
683784
683783
6837796
683778
68377745
6837770
6837727
68377225
683770z
68377082
6837680
683768
6837677
6837628
6837617
6837610
6837557
6837550
683750
6837489
6837458
6837447
6837425
6837423
683742
6837414
6837372
68373715
6837361
6837337
68373363
683727E
6837253
6837241739
6837226
6837224000
68372179
6837217
6837201
6837176
68371738
683717
683711452
683710
6837094
6837073
6837055
6837010
683700
68370
6836jj
6836jc
6836gab
6836HG
6836AA
6836982
683698
683691jp
68368942erbil*
683689
683687
683685
683684
6836833
6836826
6836809
68368011464
6836795
6836760
6836759
6836749
6836728
68366851
6836680
683667
6836664
6836643
683662
68365bjyq
6836555
6836545
6836544881989
6836517e
6836501
6836486
683647
6836441
6836429m
6836428
6836422
683642
683641
68364
6836399
68363821
683636540901
68363654
6836349
68363434
6836341
6836330
6836298
6836291
6836283
6836281af
683628
683627s
683626
6836255
6836250
6836202
6836186
6836175
6836145
683612y
6836117
683611
683610
6836099r
6836074
683607
6836046
683604
683603773
6836035
68360311
6836000
683600
68360
6835yamr..
6835ttp
6835plymouth
6835b5
68359yjrjs
68359jypng
6835993
683599
6835983
6835952
683594
683592
6835915
683590
68358jfccs
683589love
683587ally
683587
6835843
6835841g
6835805
683580
68357968
6835791
6835790
6835778
6835764
683573
6835727
6835706
68356g
6835677
6835667
6835629
6835626754
683561
6835589
68355812
6835558
6835512
683550
683549
6835480
68354633
6835449
6835444
6835420313
6835395
6835367
6835351989
6835349
6835301
6835290
6835263
683526
6835258a
6835257
683522love
6835175
6835170
683517
6835159
6835142
68351197
68351
683507
6835048
6835024karen
68350244a
683502
6835011
683501
6835006
68350
6834nrns
6834lae
6834jmp
6834goon
6834cong
6834973
683497
683493tango
6834877
6834854
683480
683477
683474
6834723
68346@orw
6834652
68346401
6834610
6834598
6834593
683458
68345678
6834554
6834542
683454
6834513
683451
68345
68344dqaem
6834477
6834465
683446
6834429
683442
683441k
68344169
68344
6834383
6834378
6834344
683434
6834335
6834315jj
683431147
6834307
6834293
683429
683428_18194
6834249
6834227
683419
6834145
683414
683411635174
6834116
683405
6834047
683404
683401
6834005
6833sswko
6833qudfp
6833ppk
6833nell
6833ed88
6833bcfc
683399
6833975
6833966
6833935
6833929
6833924
683390
68338rain
6833882
6833880
6833859
6833820
6833775
6833761
683373
6833696
6833690
683369
68336833a
683368
6833669
6833668
6833661
68336567393966
6833654
6833637
6833631a
683363
683362
68336108
6833602
683359
683358
6833579
6833564
683355
6833549
6833545
6833515cc
683351
68334994
6833498
6833475
683346
6833446
6833444
6833443
6833435
68334332
68334321
6833431
6833375
6833372
6833361
683335r
6833359
6833358
6833342
68333360
6833331
6833329
68333142
683331
6833302
68333
68332piyqk
6833290
68332888
683326
683323
683321
6833201
683320
6833188
6833153g
6833147
6833137
6833122535
6833107l
683310
68331
68330spain
6833099
6833075
683307
6833041
6833010
68330058
6833002
6833
6832mufc6832
6832mew
6832kin
6832Zz6832
683299
6832958jessica
6832944
6832939125897
6832933a
683291
6832898
6832887
683288
6832878
6832873
683285
6832825
6832816
68328135
6832789
6832769
6832764
683271
6832708
6832703
683268Ol
68326858
68326832c
683268326832
683267
683265
68326353
6832615
6832610
683260n
6832598
6832594
6832557
683253
6832522**
6832520
6832517
6832510900
6832467
6832466
683245487m
6832422
6832421
6832420
683242
683240
6832388
683238
6832373
683236969
6832368
6832348
6832335
6832315najamjeff
6832308
683230115
68323
6832263
6832259
68322342
6832229
6832221
6832215
6832213
6832211
6832207
6832201
68322
6832198
6832186
683218
683217818l
68321696
68321667
68321615
683213734
68321234
6832118
6832104
6832102
68321
6832091b
6832068320
6832058
68320514
683205
6832021
6832014
68320135
683201
68320052
68320
6832
6831eq
6831987n
683197
6831942705
683193206
6831931
68319
683187
6831866
6831843
68318318y
6831816
68317536
683174
6831732
6831719
6831703
68316nena
6831698
6831675
6831663
683166
6831658
6831652
6831643
68316426831383
683164
68316391
6831637
683156NV
6831557
683153552112
68315169
6831514
68315047
68315
68314791
6831466
683144
6831438ul
683143
683139
6831379
683136
6831325
6831317
683131
6831301
68313
6831262
6831251969
683125
6831226
68312105
6831201
68312
683119
6831189
6831184
683114
6831125
683112431
6831122
683111
68311087
68310m
683108=bones
6831074
6831051
6831033
683103
6831020
6830yzppr
6830sv
6830kgy
6830jp
6830jez
6830bb
6830996
68309937
68309821304
683096nano
683095
6830929
683092
6830915
68309122
6830908
6830899
6830882
683088
6830844
6830832
683082
6830817
683077
6830731
6830725
6830701
68306rdi
6830696abc
683069
683068k
68306520
6830651
6830626
6830625
6830606
68305m
6830598
683053
683050g
6830459
6830441
6830418
683041
6830407
683039
6830386
6830383
6830341
683029
6830272
6830261
68302329
6830223
6830217
68302160
683021546
683021
6830209
6830200
683020
6830178rb
6830170
6830158
6830143
6830138
683013
6830123
6830116
683011
683010
6830093
68300658
683006/mylove8
6830049a
683004
6830037martha
6830031
683003
683002115
6830003
6830000
683-1628
683-1444
682xjzs
682vtjtb
682unaay690
682tfb1q
682shell
682rpane65
682r682
682nxbta46
682ncrzu28
682mvb
682m75
682m365965
682lqser87
682king
682hsbc650.
682house
682golde
682crw77
682boiz
682ah1995
682aehvn99
682Hadisa
6829qurn
6829nl
6829ngwmb
6829million
6829mag
6829halo
6829bUn8
6829_abz
6829975
6829956
6829944
6829940
68299391987
6829933
6829931
682993
682989
68298878m
6829886
6829855
6829840
6829833
6829829
68298133
6829803
68297kdwvx
6829789
6829757
6829749
6829742
6829721
682972
682971ab
682971
682968
682966rrb
682966
6829644
682964
68296301
6829626
6829622andrea
682962
6829619
6829583
6829539
6829525
682952
68294CLA
682948
6829464
6829447
6829425
6829415
68294141
6829340
682933
6829304
6829282
682928
6829263
682926200
6829221
6829216bh
68292108lucy
682921
6829208
68292
68291997
682917467
682917
682915
6829124
682912
682910
6829095
682909
6829079
6829032
682903
6829012
682901
682900
6829-31029
6828mjk
6828it
6828hardball
6828girl
6828WO
6828995
6828986
6828975
68289512
6828947
682894
6828936
68289
682887
6828847
6828839
6828835911
682883
6828808
6828806
68288
6828759
6828756
6828742
68287
682869
682868
6828670
6828662
6828614s
682856
6828558
682855
68285499
682854
6828517
6828465
6828450
6828402
6828392
6828391
6828389
6828380
682837
682834590
68283438
6828341
6828338r
6828333
6828330g
6828330
682833
6828326
682832
6828315529
6828302
68282j
6828289
682828
6828272
6828261
682826
6828231
682822
6828205
6828197j
682819
6828189
68281786
68281478
6828135
6828130
6828129a
6828123
68281224
6828118
682811
6828085
6828083
682807
6828055
6828053
682803
6828010
6828009
6827teresa
6827qmjgr
6827da
682799
6827984
6827983
6827961
6827945
6827905
6827897
6827878
6827872
6827856
6827820
682777676
6827746a
6827721
6827707
6827701
68276tsujy
6827699
68276900s
682769
6827681
6827680
682766
6827612120
682759
682757895138
6827550m
682754
682753217
6827505
6827497
6827481a
6827468
6827461katy
6827400014
6827387
682737
682736
68273262
6827322
68272hfbxe
68272797
6827270
682726
6827259
6827250
682725
682724
6827234
6827231
682720
6827161
6827158
6827144
68271421
682714
6827130
68271234
6827120
68271151
6827109
6827107
68271052326
682710
682709
6827086
6827075
68270721
682704
6827030
682703
6827029
6827028ok
6827027
6827012
6827003
6826kacy
6826972c
6826932
68268ozzey
6826898
682689
6826880
6826877s
682686j
6826832e
682682ww
682682957
6826811
6826810
682679
682677
6826737
6826735050704
6826721
682671
6826697
68266931
682669
6826682
6826679399
6826669
6826662
6826640
68266370
68266360
6826633
6826631
6826618f
6826587
6826574
6826571
682656
6826548
682653
6826522
682651s
6826510jk
68264701
6826460
6826458
68264190103749067
6826385
682638
6826369
6826360
682635
68263391
6826338
68263312
682633
68263202616
682631
6826300
6826291685
6826284
682628
682626
6826257
68262286
68262233
682622
682620
6826192
6826188
682618
682616
68261356
682610
68261
682606
6826027
6825oy
6825kc14
6825er
6825chad
6825ca
6825NZ
6825COHN
6825998
6825993
682599
68259576
6825947
6825945
682594
6825929
6825918
682589788120579120
68258920
682589
6825874
6825873
6825865
682585
6825841
6825825a
6825811
6825800
682580
682573baby
682573914
682573
68257248264570
6825709
682570
6825693
6825654
6825650717
6825650
6825649
6825637
682563
6825625
682562
6825613
6825612
6825611
68256
68255vvodt
6825594584
6825594
6825591
6825581
6825576
682557
6825566
6825552
682555
6825539
6825538857
682552n
6825526
6825525505
6825520
6825500elvis
68255-00200#
68254u
6825482
6825419
682541
682539
6825386
6825380
6825361113
6825352
6825347
682534
6825330
682532753324
682532
68253193
682530381
6825292++
6825292
682529
6825284
6825277
6825256
6825242
68252384857240
682523
68252228615
682519
6825186
6825180906
682516
682515
6825147
6825144
682513
682512
682511
68251035
6825094
68250900
6825085
682508
6825068
682505
682503
6825028
6825015
6825014
68250080
682500
6825
6824wb
6824na
6824mia
6824m
6824fbhbk
6824denise
6824dd
6824Baby
68249910
6824979
682497
6824963a
6824951
68249457789
682494
6824938
6824937146
6824930
6824926
6824925
682491
68249057
682490
68249
6824892
682489
6824864
6824836
682483
6824814
6824810
6824789d
6824789
6824788864
6824761
6824737
682473
6824728308
68247272
68247177
682471
682470
6824692
682469
68246891991
682468241
68246824
682468
6824650
682460gl
6824606
6824596994296
6824593
682459
682457
682456s
6824560
6824546
6824532
6824524j
6824517
682451323a
6824513230
682450
68244baby
6824499
6824492mat
6824476
6824465
682444
682442
6824413
682440612437
682440
68244
6824395
6824391
682438
682437
6824361
682436
6824351
682434
6824330
6824319
6824306
6824305
68243
68242jop
6824299
682429
6824266
682419573
68241700
6824167
68241620
6824150
6824128
6824117
682411
6824109e
68241052
6824105
682410200
6824101
682410
682409
6824086
682407
6824067
6824054
682402321
6824023
6824012
682400p
6824004
6824,e
6823nbv
6823conejita
6823b
68239808
6823974
682394
682393
6823903
682390
68238fzknx
6823888
6823881
6823880
6823878
6823877
6823876
6823826
682381
68237936
68237877
6823773
6823752
68237252525
68236848
6823681
682368
6823665
6823664
6823662
6823655547
6823649
6823623
6823607
68235uecrw
6823598c
6823593
682357
6823565
6823553123654
6823515
6823504
682350
6823473
6823459
6823455
6823440i
6823435,,
6823428
6823371
6823366
6823354
6823353
6823350
68233301
6823310
6823296b
68232956
68232677
682325
6823246
682323
682322
6823193
6823191
682317
6823168
6823143
6823138
6823119
6823105
6823103
682310
68230ykqac
682309671306
682308
6823069
6823062
6823057
6823055f
6823048
6823012
682301
682300vv
6823007
68230069
6823+++
6822navida
6822jaz
6822iloveut
6822highlandroad
6822andkris4ever
6822ajo
6822aj
6822Drg
6822AG
6822969
6822963
6822959
6822958j
6822930
6822927
682292
68229133
6822910
682291
68228na
682288
6822860
6822859
6822853
6822850
682285
6822834
6822814
6822801
682278et
682278
68227673
6822761
682273346
6822726
6822682574
68226822
6822676
6822675
682267
6822667
6822646a
682263
6822625
6822614
682257
6822564960810
6822553smw
6822552
682253
6822525
6822519
682250
68224ragen
6822497396
6822490
682248
6822475
68224687
6822460
6822436
6822431225677
682242003
68224173
682239
682238
682235
6822347b
6822345elche
682234
6822316c
682231
6822280
682228
682227334750
682226
6822254227
6822245
6822214
6822213
68221955
6822193
6822187
6822169
6822167
682216
6822145
68221442
6822142
682214
68221295
682211L
6822119
682211
682210540
682210
6822082
682208127
6822077
68220683
68220548
682205
6822032080
6822023
6822013
682201
6821n
6821canyon
6821b2
6821Jblue
68219ls
68219913
6821977
6821975o
6821975
682196
682191
682190
6821872
682187
682186
6821855
68218351
6821817
6821812
68217821
6821763
682176
682174
6821711
682171
682170z
68216ami
68216a
6821689
68216658l
6821650
6821640
6821610
6821595
682158
6821568
682156221496
68215610
6821560
682154360
68215416
6821537
6821518
682150daya
682150
68215
6821499
6821493
682146
6821458
6821435
68214300
68214
6821398
6821394
682137
6821369
6821345
6821337
682133
6821325
682132
682130iveta
6821305
68212891
6821288
6821278
68212527
682125
6821245
68212345
6821230
6821228
6821227mccabe
6821225
68212128
682121
6821207
6821175
682117
682114346821
6821123
682112
6821118
682109
6821060A
682105b
6821043LAMEGA
6821034
6821012
6821011HJT
6821011
6820sun
6820lemoine
6820986
6820980
682098
6820955ara
68209523
6820952
6820901
68209
68208grjvr
68208a
6820891
6820884
6820881120
6820855
6820840
682080263
68208
68207724
682076
6820700
68207
682067477
6820652
68206339
6820619
68206074
682060
6820595zz
682059
682058j
682058
682055m
6820523
6820521
6820514
6820507
6820502
68204m
68204960
6820489
6820487
6820480
68204560
6820445
6820440
68204354
682040
6820391
6820381
682038
6820370t
6820338
682032
68203166
6820302
68203013
68202wed
6820297
682028
682027
6820268
68202496820249
6820236HFO
6820232
68202234
682020
6820175
682017
6820164
682016
6820144
6820124
682010mama
68201
68200enforce
6820099
682005tj
682005fh
68200511
682005047
682005029
6820042
68200403
6820039
68200304125
68200300
682003
6820016
68200
682-0031
681wash
681stamp
681spiek
681reed
681r2132
681pap
681mopar
681mon
681maranh@o
681kaytee
681f9ac
681c413
681besh
681badding
681abc
681FLUTE
6819lover
6819kay!
6819gina
6819dr
6819aji
6819abc
6819YHVh
68199z
68199w
681999wolf
681998os
681994mela
6819946709093
681993m
681993josely
681993j
681993b
681993aj
6819938
681992681992
681989e
681988t620
6819887
681986ahmedshams
6819852
681984189
681983x
6819822007
6819811
6819789681
6819782
681977lml
6819751hanklgg
6819751hanklarry
6819741
6819739
681973
6819721321980
681971
6819704
68196969
68196944
6819690
68196819sj
681968
6819674
6819669
681966
6819657
681965
681962aa
681961d7
681961
681960
6819590
6819583
681958
6819569
681955&beto
681955
681954014
681954
681953
681952v
6819519
6819488
681948
6819456
6819446
681943700
6819400
681938
6819338
681932
6819278
681925
681923
6819221
681922
6819204
6819176
6819171
681916
6819153
6819120g
6819106632
68190m
6819093
681907128
6819067
6819055
6819052
6819037
6819
6818morton
6818loise
6818josh
681898amc
681898
68189641
6818935
68189
681888
6818833
6818818
68188143
6818811
6818776
6818775
6818769
6818765
6818761
6818754
6818722july
6818719
681871
68186868
6818681
681868
6818670
681867
6818622
6818606
68185asa
681859853155
6818574
6818572k
681857
6818558
6818553
6818539
6818524f
68184877
6818477
6818471
681846
6818449
6818445
6818435
6818425
681842
6818388
681838
68183798
6818376
6818371
681836
6818338
681833
681830dre
681829
6818287
681828
68182675
6818241
681824
681821
6818208
68182010
6818197
6818193
6818189
68181886
6818184
6818181
681818
6818167
68181607
6818159
681814
6818138
6818132
681811M
6818116
6818102
68181
6818087
6818080
68180733
68180451
6818037
6818030
6818027fernando
6818016
6818005
6817f193
6817PA
6817JOVANY
68179c
681798487
6817934
681793
6817929
6817922z
681792178
681792
68179
6817885yessuly
6817867
6817859
6817854
68178499
6817849888W
6817848
681781
6817789
6817767
681776
6817746
681773a
6817712
6817704
68177
68176817
6817653
681765
6817636
681763
6817624
681762
681757
6817558
6817551693
681755
6817539
681746
68174595
68174498
681744
681743
6817423
681742
6817415
68173852
6817375
6817359
6817353
6817326
6817300
681727
6817254
6817250
6817238
6817223
681720
6817193
6817186
6817175
68171637
6817148
6817130
681712
681711
6817101
6817091
6817066
6817064
6817050
681705
681701
681700715
681700
68170
6816mojo
6816choppy
6816983
68169707
6816963
681696
6816923
68169
681687
6816866
681685
6816849
6816847
681683
6816827
6816817
681681681
6816815
6816812
6816794
6816793
6816776
6816762
6816753
6816732
6816726
6816713
68167089
681670
6816689
6816682
6816681695
6816671
68166618
6816622
6816615
681661
6816588
6816582
6816567
6816563250
6816548
681654610239
6816544
68165406
6816536
681653
6816528
6816523
681652
6816513.p
681651
6816508
68165
6816488
6816478
6816455
6816446
6816428tw
681641.
6816383
6816379
6816354
6816339
6816334
6816331
6816264
681626
681625274047?
6816247
6816238
6816228final
68162222
6816215
6816201
68161898
6816188
6816180
681618
6816170
681617
6816156
6816147
6816121
68161209179008805
681611ewicka
681611
6816094
6816081
6816070
6816068
6816057
6816052
68160360
681603
681601314
6816012
6816011
681601
6816000
6815susan
6815sowf
6815pat
6815jazma
6815998
6815993
6815990
6815986
6815979
6815969
6815963
6815956
681595
68159483
681593571
6815919
681591568241933
68158914
681589
6815851
6815813
681581
6815803
68157jl
6815792
6815753
681573b
6815730
6815722
6815707
6815705
681566
6815640
6815639
6815628
68156159
6815615
6815598
6815589
6815581
6815577
6815572
6815557
6815550
6815546
6815542
6815541
681554
6815517143
681551647515049
6815501
681550
6815490
6815486
6815479
681544
6815418
6815417
68154114
6815402
6815388
6815387987
6815377
6815368
6815339
68153344
68153271089
6815325
6815266
6815260
681525
6815239
6815220
681522
681521
68152005
68151980
681519
6815185428
68151822
6815176
6815158
6815155
6815142
681513jr
6815130
6815123028
6815122
6815116
681511
6815109
6815100
6815084
681505
681504
6815032
681503
681502540
681502533
681502494c
68150201
6815017
6815004
6815
6814jp
6814freedom
6814eleni
6814conley
6814cj
6814bmjg
6814bitch
6814991
68149866
68149752
681495827012
6814953
681495
681493662
681492711
6814920
681491je
681491
681489
6814879
681487
6814868Mariana
68148686814868
6814868
681485619
681485
6814845
6814833
6814813
68148123
6814802
681478
681477
6814760
6814757
6814722
681472
6814714
681470
6814695
6814685
6814683
681468
68146698249
6814661
681466
6814649
6814648
6814619
6814600
6814590
681458
6814563s
6814546austin
681452868
681451377166
681451
6814498
6814487
6814431
681443
681442
68144144shmike.
6814401
6814390
6814349
6814321
681431291486
6814302
6814292
681429124916
6814283a
6814283
681427y
6814279v.
6814266
6814260894
6814259ABY
681423
681422kaka
6814224cl
6814222
681422
68142164166
6814201
68141slovea
68141924
6814168
6814166
6814165
6814153
681415
68141460
6814143dd
6814142
6814132enero
681413
681411
68141
68140994
68140937
6814088
6814060
6814051
68140407
6814038
6814037
6814032
68140201
6814013
6814007
6814
6813tafi
6813rock
6813mid
6813jtgb
6813isabela
6813holidaylane
6813974
6813967
681396
6813958
6813953
6813951
681393
6813915
6813902
6813896
6813894
6813886
681386sd
6813843
6813842
6813802
68137DRR
6813799
6813782s
6813767
6813762
6813706
6813699
6813592
6813575
681357
6813568
681356
6813559
6813555d
6813542
6813501
6813492
681348
681347
6813466
68134619
6813460518
681345s
681345
6813445
681344
681343
681341889
6813406
6813401
681340
68134
68133g
6813390
6813388
6813381
6813376
6813372
681336
6813354
6813346
6813325
6813322d
6813312
6813308
68132t
68132e
681327w
681327m
6813274
6813271
681327
681326
6813251
681325
6813249
6813248756
68132482
6813248
6813241
6813227
681322
6813215
6813213
6813209
68132009
681318
6813176
6813168
6813158
6813146
6813134
6813107RMA
68131071
681308
681306
6813058
681305
6813047
6813046
681304
68130250316
681302461
6813024461057
681301
6813006
6813000
681300
6812bm
6812991
6812974
6812960
6812952
681295
681294
681293169881
6812922
681289
6812886
6812883
681287
6812866
681285
6812816
681280c
68128011
681280
68127d
6812799
6812741022
681274
6812720me
68127
681269
6812688
68126812
681267
6812666
6812660
6812635
6812607
68125a
6812595
6812565
6812557
6812553
681255
681254
6812514
6812513
6812512
6812505
6812502
68124scout
681249
681248t
6812487
6812485
681248
681247
681246mar
6812468radic
6812432
6812425
681241lll
6812373
6812372
6812366
6812365
68123567
681235206
6812345
6812342
6812330
681233
681232gm
6812324241
681231eird
68123
68122808
681227
68122600
681226
6812258
681225
6812238
6812236
681223
6812221
6812219
6812209
68121993
6812194
68121907
681218
6812179
68121