57
6931568073
6931567797
6931566120
6931562208
6931562
6931561460
693156
6931549055
6931545274
69315396
6931535649
6931534035
6931531666
6931530350
6931529047
6931528931
6931512003
6931505281
6931504053
6931501862
69314952
69314916
693149
6931487722
693148
6931469021
6931467823
6931462441
6931458556
69314570
6931451737
693145
6931439880
693143
6931424230
6931416026
69314156
6931414
6931413828
69313m
69313730
6931370518
693137
6931367335
6931365
69313496
693134
6931337527
6931328576
69313169
69313105a
69313075
6931305183
6931301
693130
6931282
69312680
693126162
6931260
69312564
6931242140
6931238010
6931227
6931226001035
6931223
6931222
6931214
6931211
693120
6931199b
69311976
6931189438
6931176292
6931176
6931173665
6931173
69311577
69311569
69311532
6931150325
6931132102
69311318
69311312
6931130
69311285
6931124214T
693112007
6931101871
6931101
693110
6931097
6931095823
6931095095
6931093
6931084
69310807
6931065
6931061
6931059
693105
6931016
6931000
6931
6930ygsr
6930wsp
6930work
6930su
6930loveelle
6930999785
6930964323
6930922
693091812396
6930909
6930907
6930905
6930899935
693089
6930888j
693087
6930860
6930851600
693084
693081
6930805
693080
693079
6930786627
6930776
6930742
6930716
6930709
6930699
6930671106
6930655
6930580@im
6930580@giss
6930565dinoluis
6930565dino
6930554285
693055
693054
6930524242
693050122164
6930491488
6930481281
6930478158
69304718
693047
6930468zapato
6930466145
6930464
69304424
6930440935
6930440356
6930428
6930420
6930408353
69304
6930392812
693037
6930318
6930299
6930263
69302510
6930250
6930246
6930230480
6930222630
6930213
69302100
6930204
69302
69301nebraska
69301d
6930192
6930180
6930164
6930152
6930149606
693014
6930117
69301125
693010
69301
69300887987717
69300801
69300690
6930064
6930045301012
6930044
6930012
6930000
6930
693-c4985
693-3176
693,.tl
692xy5
692usffq25
692tydwry
692times
692table
692sexy
692quhde45
692password
692ojfvy
692nite4sure
692napa
692kai
692jimmy
692hwdad
692hui
692hmapg69
692gppkp29
692felix7645432
692ekmjc96
692ejj9860
692dun
692drgck44
692cBU99
692cASS
692c39233
692anacapa!@#
692alex
692OUT
692AWYPX49
6929jokinha10
6929992
6929981997a
6929956
692994
6929928
692991d
6929897
692989
69298232
69298
69297qjuq
69297f
6929797
6929792
6929776la
6929774
692975130
6929741
69297180
692970
6929698
692969296929
692969
6929674
6929633cel
69295vfomc
6929592248
6929588
6929529
6929466
69294475
69294
692937
6929351c
692935
692933
6929328
692930s
69293
692929454
6929288
692925
692923
69292200
6929207
69292006
6929200
69292
69291s
6929190333
692915812
6929157
6929154
69291395fucking
69291306
692913
6929124
69291221
692911q
69291116929111
69290933
692909
692905
692903
69290
6929.19888.1900
6928pan
6928ln18
6928fish
69289nord
69289928
6928968
692894
692893m
6928935
6928928
6928926
69289133
6928884
69288794
6928846
69288
69287iowpvx
6928796
69287640
6928747
6928727
6928721
69287008
692869
692867584
6928661a
6928648
6928635
6928633jennifer
692862
6928601
6928595
6928573nica5322167
6928564
692855488
6928525
6928460
6928458
69284569
69284450
6928433
6928394
6928392
692838412
692838
692836
69283488
6928339
6928327
6928322
6928310
6928305
692825123
692823622
6928135
6928134
692813
6928118569
6928107
69280wxjzm
6928096
692808
692807as
6928077
692805
692802
69280
6927yzsob
6927smokey
6927rpttj
6927rb
6927nt
6927mvpwt105
6927loveV
6927lm
6927fran
6927blanca
6927996
692795
6927928lupita
69278mxwsx
69278jrqei
6927880
6927875
6927870
6927860
692785
69278207
692777m
692777
6927765
6927755
6927754
6927715
69277
69276jpeae
692767
692766
6927640g
692764
69276325
6927596
6927595
6927544
692754
6927538
6927513
6927504
6927465
692746409
69274630
6927441
6927436
6927432
69274303
69274278N
6927427
692742
6927362
69273600
692735
692734
6927335
6927333
692733
6927325
692730
692729
6927269272
69272527
692723
69272241
6927216
6927207romi.
6927174k
692716
6927158
692714
6927123
69271213
69271013groovy
6927099
69270881
692707
6927053
69270511
692704ni
692702
6927018
6927014
6927000
6927-cl
6927
6926964
6926961
6926939123
6926934
692693
69269269
6926926
6926925
6926883
69268713
692683
692682
692681
692676
6926751t
692666
6926650
692664ever
69266476801202
692662125
692660
69266
6926589
6926563
69265597
6926557
6926540
6926528
6926525
692650
69264miel
6926491
69264874
69264853
69264680
6926461209
6926435
69264
692631
6926298
6926284100080
692627
6926269262
69262535
6926244
6926243
692623312
6926231karito?
6926218
6926216
69261915
692617
6926131
6926118
69261070
6926095
6926092
692606
6926059a
69260177
692601
6926
6925kngt2020
6925kbe
6925iris
6925i!
6925dnwk
6925bzb
6925SE20th
6925996a
692598
692597y
6925976331129
69259368
692592
69259164217521
6925910
6925896
6925887
69258806
692588
69258785
692587
6925865a
692586
6925849
6925846
6925842
6925824
69258147n
6925800
692579a
69257939
6925793
6925765
6925761
692575
6925728
692571
6925702a
6925691
692568701
6925663
6925660
6925640
6925624
6925623
692560777
6925582
692555699
692555
6925542
6925520d
69255150
69255101
69255
6925493
6925451
6925442
6925428
692541
6925406
6925366
692536
6925355
692535/a
692534
6925323juanpablo
692532191
692532
692531hpbdnat
69253108
6925298
6925275w
69252727
692526
692525pass
692525.racha
692523t
692523
692522lovezheza
69252111
6925211
6925209
692520440
692519
6925137
692512
692510
692506
6925053
692505
692504j
6925014
69250001995
69250
6924wood
6924sw7
6924mwah
6924eg
6924996
692499117
6924980
6924954
6924944
692494064*
6924929
6924919
6924916
6924909
69249
6924885
6924877
692485
6924848
69248162
692480
69247nah
69247fuck
69247911
692479
692478910
6924788
6924777916
6924772
692476mami
692475
692472
6924705
692470
6924688
692468111
6924678954
6924668
692466469
69246607bingo
6924649
692464
692463
6924626
6924621
6924619
69246+
692456
692454692
6924544
6924490
6924481
692446585
692443
692441
6924380
692437758
692436
6924353
692434
6924331
6924323
69243-06871897
69242gmb
692429381
692429
692426
6924252
692425
6924233
692421
692420
692419
6924189
692418
6924179
6924175
6924173
6924163roberto
6924155
692415
6924140
69241315
692412873199008
6924125051195
6924124
6924113
69240MEE
6924098
6924087
6924064
6924062
692406
6924037
69240369
6924022y
6924022
69240000
6924
6923ted
6923roxy
6923lr
6923forever
6923cdcgf
6923Babyg
6923986
6923985
6923984q
69239633
692395abc
692395a
692395100
692392
6923889
6923883
69238726
6923820
6923800
6923794
69237552
6923755
692373m
69237115
6923708d
692370
692369cp
6923658
69236436
6923607
692359626
6923587
6923584
69235769
6923576
6923574810fig
6923571
6923569235
692356
692355
6923531
692353
692347
6923462
6923408
692340
6923396hh
6923385
692338
6923371
6923360
692332
6923309
69233014896
69233
692327
6923259
692325
69232120
69232108477
6923203
69232
692319
692318
6923158
692315
692314
6923137
6923130678
6923127
6923121
6923100
692307
692306
6923036
6923031
6923013
692300892
6923006
692300
69230
6922sgqt
6922love
6922hb02
6922ct
6922carolina
6922984
6922977
6922957
6922932
692293
69229008
6922888
6922886
692287N
69228648
6922862l
69228624
6922858
6922855
6922823l
6922808
6922800
6922743
692274
6922716
692269da
69226969
6922682
6922678
6922671
692267
692265
6922630
692263
6922624
692261
6922603
69225393
692253
6922528
69225257
692252244
69224ever
6922470
692245
6922444eq
6922442
692244
692243
6922426amy
6922425
6922411
6922374
6922356
6922334
6922332
6922328
692230
69222s
69222959743433
6922295
692229
6922282
692228
69222680
69222529
6922251x
69222518a
6922251*8
6922239
6922231
69222305
692223
69222269CKM
692222
69222
6922198
6922184
6922157
6922143
6922129
6922126
6922115
69221123
6922107susaninha
6922097jo
6922096
6922079
6922032
69220304
692202
6922000nt
6922
6921tb
6921rsa
6921puppylove4
6921mom
6921me
6921mail
6921lmd
6921jt20
6921jr
6921jd
6921deb
6921cg
6921ba
69219921980
692199
6921987a
6921976
6921969
6921941
692194
6921938
6921931d
69219162
6921915
69218ong
692188lm
692187
69217D
6921793
6921759
6921745
6921720
6921703
692170
6921698
69216921kx
6921688
692168
692165756
6921657*
6921654
6921640
692163
69216231
6921617
69215992
69215620
6921546
692154
692153
69215209
692152
6921510
69215
692147008alexandra
6921451314
6921444
692142
69214
69213j
692136513
6921357
692135
692134a
6921329
6921317
692130
69213
69212810
692126
6921258
6921254817
6921243
69212368
6921228
6921227n
69212169
69212071
692120
6921195
69211816
69211756
69211469
69211338
692113
692112
692111
692110cv
6921105
692110
69210mte
6921088
6921086
692107a
6921064
69210120
6921007
692100
6921
6920yrws
6920rl
6920oysap
6920msxxz
6920ej
6920dkjc-
6920churu
6920981
692095
6920949
6920912
6920909
692090
69208xcwdd
692089
6920871435
692082
69208
692077
6920742
6920741
6920722245
6920719
6920707
692070
69206920
6920681
6920678
6920648
6920595
69205921
6920591
692058
6920570
69205512
69205
692047501
692045093
692040
69204
692038
6920375
692036
6920340
692034
6920339
69203306
6920326
6920301CJ
6920297l
6920293
6920278m
69202777
6920259
6920244
6920235
692023
69202241
6920223
692021
69202
69201h
69201966
6920195
692019
6920189
6920153
692013
69201234
69201146920114
69201087
6920104
692010
69200922
69200816
6920076
692006am
6920054
6920048
6920042123
6920042
6920031
6920029
69200269
69200162
6920013k
692000star
692000a
69200000
6920
692/54kit15
692..12
692-3498
692-2943
692 jlu
691yarrum
691wajr
691tinker
691terek
691sol
691serepein
691sel84
691pokoz
691peggy
691pa0
691p19
691milf
691mcn
691manakakiz
691latex
691kep
691k7bbb
691hkl
691finif
691azp2
691ahira
691AItong
6919tu
6919kulthida
6919988ste
691997244
691997196
6919944CT
691993great
6919930
691992t
691992j
691992295
6919918
6919911
691990tabi
691990jctr
69199
691989h
691989fish
691989143
6919886663
69198828
691987fm69
691987almi
69198769
6919873
691986523
691984m
691983s
69198226
69198111
6919810
691979mike
69197800
69197732
691976936
691976
691975A
691975  amr
6919749
691974216192
6919699
69196969
69196944
691969
691967
691964jm
69196469
6919643$
691963romi
6919637
691963
6919620
691962
69196027178
691959
69195716
691957
691953
69195269
6919525
691951911
6919511
6919500
69195
6919497
6919494
6919489
691948505
6919480
6919477
691947
691946
6919437L
6919413
6919405
6919319
691931
691927881
6919265
691926093310
691925853
6919242
6919240
691922
6919204
6919190
6919171
69191523
69191401
691914
6919135
6919133
6919130465
6919122
6919120
6919115
691910
69191
6919098
6919083
6919059
69190316
6919023
691902
691901012
6919007
6919006
6919005
691900
6919.nlc
6919*qya*
6918xcs
6918therock1
6918otp
6918ok
6918ea
6918983
691895
6918922
6918896
6918875
691887
69188291
691879
691878724
691877
69187580
691875384
691875
691874781
691872615
691871189-+
691871
69187002
69186918
6918669kl
6918658P
6918641
6918637
691863
691861601
691860br
6918581
6918569s1d
691854
69185190
6918518
691851
6918482
691845
6918420
6918396
691838
691837565bg
6918354
691834
691833
6918317
691830
691829dv
6918293427
6918273645
6918250300
691823dc3c
6918237
691823
69182213123
691822
691821
6918207
691820477
691820
6918192929
69181920
691819
6918179
691816
691815537
6918142
6918135
691813114
691813
691812603
6918116
691810823
6918099
691808
6918056
69180521
691804
6918037
6918030
691803
6918023
6918013204665
691800
6917wlb
6917sex
6917saskia.com
6917pete
6917julian
6917hh
6917collins
6917966
6917964
69179617
691794
6917915
691789
691788
6917862
691786
691783
691780
69177918
6917769
6917751
6917739
6917738
691773
69177253
69176917
691768
6917677
6917674
69176567
6917650
691761
691760690_
6917606
6917596
691757923
6917516
69175
6917494
6917459
691744
6917411
691741
6917396
6917378
691735k
6917355
6917354K
6917354
69173355
6917313
6917294
691729
69172862109
691727482
6917265
6917260
6917255
6917250qwm
691723691723
6917228
6917225
6917205
691719556
691718e92a
691716
6917139
691713
6917121
691712
6917113a
691710l
6917100
691708879
6917063634
691706137
6917057
691704
69170324
6917016
6917014
69170136
69170067mdon
691700
69170
6917
6916rdp
6916moon3633
6916kell
6916baby!
691698
6916970
691697
6916956
6916950
691693
6916920
691692
6916915
6916913
6916912
6916911347
6916910355
6916900
691690
69169
69168803
691688
691686412
6916847
6916838
69168171
6916809
6916806
691680
6916780
6916748
6916720j
691672
6916706
691670
691669love
6916699
6916691o
6916678
69166760
691665
691662
6916612
6916568
6916559
69165525
691655
691653a
6916533
6916524
6916517
6916506
69165008
6916499
691642
6916394
6916345
6916340
6916334
6916323
691631730
69162man
6916295a
6916282
691626
691625493
6916251
6916238
691622
6916212
691621
6916202158
6916202
691620
6916187
69161722
6916142
6916140
6916059
6916048
6916046
691603903
691601946es
691600268
6915sv
6915klm
6915kast
6915dio
6915ctu
6915975
6915909
6915903
6915861
691584
6915834
6915829
6915823
691581hs
6915802
691577590
6915758426
691575
6915696
6915692
69156915
691569
691568
6915669
6915661
69156606
69156421907
69156399
6915598X13
6915571
691556
691555
691553
6915520
6915499
6915485
691548
69154443322
691544322
6915433
691542430
6915417
69154154
6915411
6915407
691540
6915376
6915366
691535
69153453
6915336
691533129568
691533
6915326
6915315
691530
6915277
6915253
691525286506
691524
6915232
691523
69151985
69151983
6915178
69151756915175
6915165
69151632
691516227
6915162
6915158asdasd
6915143
691514
6915121
6915119
6915118
6915102
69151
69150H
691509452+
6915076d
691507
6915058
6915000
69150
6914tori
6914rojo
6914life
6914coca
6914cdm
6914PRINCESS
6914992
6914979
69149628
6914962
691493463
691493
691491
6914899
6914898
691489060
691488
6914863
691484
6914832
6914795
6914780
6914773
69147705PeeM
6914752
6914751
691474970
6914744
69147417casa
691472
691471
691470929
69146914
691461615257
691456217
6914560
691454
69145369
6914528ss
6914528s
6914528S
6914515
69144842525
6914484
6914473938
6914451
691445
69144312
6914411
6914410
69143d
69143856394
6914380
691437
69143698
6914367691436769
6914346195442
6914346
691433
69143247
691432280
691432()liz
691432
6914300
69143
691428a
691426
691425
69142387
6914235
6914228
691422714
691422
6914200
691417
6914169
691415
6914143
6914140
691414
6914127
69141151
69141130
69141022
6914096
6914076
691406
69140499
6914046
691404
6914021
6914000j
6914000
6913yc
6913sm
6913sex
6913sam
6913hlv
6913green
6913boo
6913KD
6913996
6913981
6913968
6913958
6913956
691391080
6913909
6913890
6913887
691388
691386
691385
691384
691383
6913813
691381
69138
691379429788124
6913783
691377
6913757
6913740
69137322
6913720
6913712
691371
69137
69136977
691368
6913666
6913640
6913630
6913628
6913609kong
691360
6913556
6913545
6913523
6913522
69135151
69134s
69134lif3
69134785d
6913467
691344077
6913413
6913390
6913373
6913366
6913343
691334
6913333
691331502
691330070
691329
69132667
6913265
691324
691323D
6913212
691321
691320618
691319
6913173
691314i
691314
69131369
691313506
6913135
691313
69131296
6913126
691312
6913082
6913075pat
691307
6913058
691304
691303066
691302
6913016
691301
6913009
6913001
69130
6913
6912tkb
6912tk
6912matt
6912jk
6912dps
6912dpmyurena
6912dan
6912cn
6912cac
6912_pys
6912967
691296
6912941
6912906
691289
6912880
69128647
6912854
691285
6912832
691282
69128004
69127_brule
691279
6912786
691278
6912778
6912753
6912746
6912744
6912741510943
691274
6912731
6912711
6912709
6912694
69126823219069
6912673
6912661
691264
6912629
69126279
69125jz
69125jw
69125890
6912586
6912556
691254523
691254518
691252000
6912516
69124er
6912494
691249
691248
6912479
6912453
6912452367
691244657
6912436
6912420
6912412
69123r
6912376
691237
6912365
6912328
691231106239
691230
69122x4
69122977
6912288
6912287
6912278
69122606
6912260
691226
6912258
6912257
6912242
691224
691222a
6912213
691220LN
691220
69121961
691219
69121741
6912161
6912158
6912135
6912132328
69121321475
6912131
6912125
6912114
6912098
6912097
691209
69120888
691206502
691206
6912046
691204
691200
6912--.+oz25x*7
6911ttcl
6911tcft
6911ph
6911june
6911bs
6911becky6911
6911ac
6911ZE
6911996
691199424cris
6911986
691196
691195
69119474
6911940
6911917
69119151
691191
6911900
6911898birna
6911897
6911888
6911878
6911870alf
6911857+
691185
6911841
691184
6911836a
6911826
6911820
69118169
6911790
691179
6911772
691174
691172@
6911727
69117199
6911716
6911707a
69116ln
691169j
6911694
6911692
6911682
691168
6911679
6911677
6911668
69116658
6911662
6911635
6911619
69116
69115a6d
6911595
691159
6911584
6911579673
6911557:P
6911515
6911499
691149
691144
691143
691141530
6911381
691137927
6911351
6911347ahmad
69113408
6911337
6911329
691132
691131
6911301
691130025667
691129014
6911288
691128502
6911271
69112610
69112588
69112525
69112511
6911225
6911220
691121
691120Bp
69112007
691119703
691118
6911151
691115
6911146
6911141
6911140
691113
6911129
69111223
69111222
691112
691110
691109vart
691109a
6911097
6911094
69110899
691108
691107
6911051rc
691104512
69110377
691103
6911016
69110125
6911009
69110026
6910sofi
6910morgan6910williams
6910lau
6910giantman
6910drf
6910calle
6910bacalhau
6910an
6910aa
6910KIDS
691099741
6910954
6910924
6910909
69109
6910896
69108665
691085318
6910835
691080912
6910807a
69108
691077
691075p
691074
6910727
691072
6910711
6910704
6910690
6910620jenn690069
691061
69105leto
69105758426
6910557
691055
691054
6910537
6910532rs
69105207
691052
691051
6910503o2
691050302
691048
6910416
6910414
691041
6910391
6910381
691037rd
6910356
6910344
6910341
6910333
691033
69103199110cj
6910309
691030711
691030
69102poochy
6910277
6910270
6910262
69102599
6910247
6910241
691023238
69102266
691022025619
691020anak
6910203040
691020
69101pimpette
69101fme
69101ame
69101985
6910196yahoo
691019
691018125262
6910171
6910165075080
6910165
691015
69101469
6910142
691014
69101321
69101173joc
6910115a
6910113
691010L
691010914
69100ograd
6910097javier1
6910093
691007
69100563sr
691005
69100467
691004
6910025
6910019
691001
691000
6910!
691-2462
690zbbop
690wegym
690top
690oct
690muffy
690mi790
690mgr
690lwrd
690jdu
690jazz
690i47
690hfs
690guitar
690fykm269nb350l
690bjh!!
690apple
690aidous
690ROMA
690KTM
690A/*-+17
6909rc
6909pang
6909pam
690999
6909979
6909968618
6909931
6909909
69099
6909875
690985
6909841
6909818
69098150714
6909809
69098
6909778
6909753585/*-bi
690970
69097
69096909t
6909689
69096682
6909655920
6909654
6909620
6909604
6909600
690960
69096
69095c
6909594483L
6909574
6909572
690956447
6909547204
690954
690953369
690953
6909522ny
6909515
690949
6909470678
6909442
690940666
6909406098
6909396
6909356
690935
690934
6909312
6909306806
690930
6909291
6909290
69092771
690926
6909251
6909222
690922
690920r
6909208
690919
690917roha
6909175030
6909164909
690916468
690916
6909158k
6909152
690915
69091252
690911955
69091019
6909093
6909090
690908t
6909084
690906213
690905
6909045
6909036
690903
6909023419
6909021
690901mnm
6909018402
6909011132
6909003
6908joya
6908dawson
6908cjt
6908chew
6908963
6908957697
6908948
6908943898
6908943
6908893260
690887
6908865
6908857
6908826
69088
6908797
6908780644
6908773
690873
6908721o
6908713713
6908700
6908696
6908684th
6908667
6908622
69086
690858
6908579
690857
6908562
6908502
6908481871
6908474435
6908466t
6908465
6908452489
6908419
6908391
6908388
69083725
6908297
69082900
6908271
690826
6908256
69082414
6908216
690821
690819
6908185
6908172
690817
69081664
690816
6908150
690814
69081290
690812
690811
69081010
6908089
6908086
690807
6908069080
690806
6908028538
6908026
69080211
6908014
6908007
6908003
6907lve
6907ank
6907985
690795122
690792668
6907907jolin
69079
690786287
690786
6907848
690783
690780
69077891
690777124
690777
690776641
690767744
6907677
690766724
6907658
690765284
6907646
69076369S
6907633
6907614
6907556
6907552
690753686
69075298869212
69074991
6907460
6907455
690745257
6907449
6907448
6907443
6907434
690740929
6907403
6907398
6907377
6907375
6907348
6907342
690732
690730145
690729
690728
6907259
690725690707
6907244
690723684alex
690721
690720
69071a
690719764nomads_2
6907190a
690719
6907184
6907172963E
6907170
690716
690715roco690092
6907150
6907147
690712r
6907128
69071252
6907117008
6907110
69070bqdip
6907094
690709
69070840
690708
690707ab
690706
6907054582
690704
690701
690700
6906pa
6906na
6906ip
6906ac
69069yyvcd
6906990
6906979
6906972621C
690697
6906957
6906946
6906936
6906917
6906913
690690s
690690enter
6906909
69069069
690689
6906881
690687
690686
6906858
69068414
6906841
6906830
6906820
6906799
69067715c
690677
6906750
6906730
690673
690670
69067
6906685
6906677
6906672_rodrigo
6906672
690666
6906639
6906624
690661!A
6906599
6906589
6906547
6906517a
690651
69064uezwt
690649828
6906472
690645
6906444
69064141
690639996
6906348
6906342
690634
6906326
690631
690629
690627690627
690625
6906215
690621
69061pepe
6906181
6906169
690615
690614jc
6906147
690614690614
690613
6906120
690612
690611jal
6906112
690610460-v
690610
690607
6906051
690605
6906038
690603
690602
69060017
6905woon
6905seth
6905scs
6905rl
6905kl
6905king
6905jon
6905jlm
6905jamye23
6905hc
6905daven
6905cmouf
6905cm
6905NORTH
6905Layton
6905CB
6905970
6905958
6905943
690593
6905926
69058cufyy
6905870
690581888
69058
69057666
6905686
6905651
6905580
6905571
6905562
69055451
6905515
690551
69055
6905477
6905463
6905450p
6905433a
6905420weed
6905351
69053212
6905321
690532
690530
69052upbtn
690529
6905285205088
6905284
690528
69052569
690524z
690524
690523l
6905237
690523
690522
690521
69052
690519
690518
690513v
690512
690509
6905088
6905080
690506
69050573
6905055
6905039
6905032
6904normast.
6904ml
6904mill
6904melody
6904hoyle
6904ek
6904cagi
6904bu
6904br
6904TD
6904Kenosha
6904989
6904978km
6904925
690492
6904891.ELI.YOP
690489
6904874
69048409
690482
6904813
69047xyhhw
6904775
690477
69047594
6904744
6904729
6904699d
6904690
690469
69046771
6904656
6904650
6904648
6904622196508
6904622
6904604
69045pee
69045jkxjx
6904592
6904588M
690457004
6904554
69045518
6904539
690453
69045117b
6904505
69045
690449
6904484
6904483990
690447
6904454
6904444
6904441
69044366
690442
6904350
6904344
6904338
690429
6904284
6904270
690427
69042672
69042511
6904231779
690422
690420
690419
6904189
69041770
69041666
690416
6904141017
690414
6904138579
6904133
69041243271269
6904118
6904115dec
6904115
6904107
690410438
6904102
6904081
690408
690406
6904053103.CHAL
6904052a
6904050
690404
6904030
6904011d
690401
6903shocker
6903mLjC
6903la
6903chigwelct
6903Wedding
690398o
69038a
69038790213
6903873
690387
6903864
690385
6903846
690384217
6903821
6903815mg
69038157z
6903804
6903801
6903789
690377
6903738
690373454
6903734
690373
690372967
6903716
690369
6903676
69036477
690358
69035547
6903542h
690353710tkd
690353684
6903535
690352
690351189
690350l
6903493
690348181
6903459
690343
690341622
6903412
690341
6903402
690336181
6903327
69033269
690332184
690331
6903309
690330608
6903304sa
690330441
69032h
690328
690327
690325kk
690325
690324
690323
6903229
6903219
6903212
6903208
69032065timberwolf
6903201
690318
6903173
6903168456
6903159
690315
69031234
6903115
69031
69030869
690306
690305
690304817
690304114
69030403
690304
6903021ekl
6903010
690300
6903
6902prvzf
6902pbl
6902lala
6902cp
6902callen
6902996
6902992
690298247lilo
690297135
69029666
690296
6902951
690295
690292503
690290897
690290
690288377
6902881
690286m
6902859
690285
6902845
690283213
6902810
69028096
6902800
6902794yilva
69027701
690275950
690275360
690272656
690271880m
6902716
690271214
690271
69026902ll
6902689
690266690266
6902648
6902640
690263
690261
6902607
690260154
6902598a
690258624
6902586
690258089
690256
69025235798
69025
69024819
690248017207
6902456
6902455
6902450
690241819
6902409
690240
690234
69023356
6902324p
6902318574137
6902311
690231
69022j
6902288
690228
690226086080
690226+136792
6902213
6902186
6902185
69021822
690217773
6902169
690215065209
690215
690214658
6902146
6902143
69021390a
6902137z
6902132
6902123
690210951
69021063
6902100
690210
6902095
690209
6902088
6902080
690207111
690207
6902068
690206397
69020622
69020406
690204
690201t
6902014
6902012
69020100
6902
6901rpc
6901psp
6901mvmb
6901mix
6901me
6901june
6901horses
6901gol
6901bapr
6901always
690199
6901972
6901924
6901904
690190
690187
6901854
6901848
690184142
6901838
6901814
690180102
6901798
6901783
6901777
690173077mb
690172803
69016901b
69016901
690168890
6901674
69016676anna
69016662
6901644
6901630
690159
6901574
690157
690153616
6901525
6901491
6901487515A
6901447
6901424
6901411
690140
69013anairam
690137
690136harlie666
69013510
6901339929
69013379
6901333
690133
6901316
6901300
690129
690126065063
690125
6901241
690124
69012345
6901230
690116
690115
6901144
690114012
6901134
6901127
69011255
69011108
690110639
6901106
6901100
6901071
690107
6901069
690105551
6901050895
690104
690103399
690103
6901028
6901016
69010101
690100179
69010
6901
6900ww
6900watitdo
6900vill
6900vg
6900valley
6900trees
6900reduv
6900kbkb
6900joe
6900fm
6900chick
6900ad65
6900RE
6900LUNA
6900HAY
6900Gail
6900GRL
6900BLOK
690097106
6900968
690091jb
690091533
6900904
690090126
69008l
690089b
69008934
690089
690088p
690088
690087
69008687
69008506
690083
690081123958
69007r
69007da
6900770
69007597
690075
6900741
69007269
69007132
69007117
690070mia
69007007
69007
690069nk
6900692k9
6900690a
6900683
690068
69006675
6900655off
690065
6900641
6900610
690060689
6900580am
