74994
5749926
5749924
5749919704
5749915
57499118
57499047
574990
57499
574989dvd
5749898t
5749897999
5749890
574988968
57498803
574988
574987759
574987234
5749859
5749857102030
5749857
57498463
5749845
574984321
5749843
57498240
5749813
574981037
574980
5749796j
5749781
57497764519525
57497631
574975886
5749755
574975
574974
5749730
574972
5749718
5749697
57496963
5749682
57496811
5749671
5749662
574965151
57496464342
57496428
5749637
574962740
574962
574961545
57496052
57496024817120
574960
574958
57495750
57495749
5749574
57495680
5749561
574954
5749525
5749520
57495184o
5749513
5749495s
5749484
5749465
5749464
574945564
5749454
5749451
5749448
574944
5749438ml
57494365
5749431
57494300
574943
5749422melany
57494159
5749413r
5749400
57493l
574939j
5749374
57493704
5749358
5749328
5749322040297
57493029
57493009619rika
5749291
57492868
574927951
5749273
5749272
5749258
57492543317
57492318
574923095823316
57492268
5749218401091985
57492174
57492052
574919001
5749187m_
5749180
574917
5749168997496914
574913421
57491336
57491277
5749123
574912
5749100
57490950
57490949
57490948
574909
5749085
574906957308030161969283
5749053
574904059
5749038811
5749031
574903
574902291
574902
5749015
57490102992
5748njld
5748ma
5748krit
5748am
57489923
574897
574896321
5748962
5748961
574896
5748958
57489574
5748950192985
5748939
5748926
5748907
5748905
574889731
574889
5748882f
5748877
5748876
5748875
574886944z
57488687
5748859
5748855
57488450
5748842
5748837
574880j
5748805
5748801tuti
57487989
574878
5748772
5748766
57487511
5748740
574874
5748730
57487299090
57487221
5748717
5748716771988
57486j
57486amnwm
5748695tavy
5748695124
574869321
574869
57486888
574868
5748678
5748669
5748668
574866013
574866
5748654
574865
5748639j
574863
5748622
574862159
5748584r
5748569
57485633
574856
5748553
57485405
574854
5748537
5748536
5748530
5748529
57485275+
5748516
5748487
574848/65
5748475
574847
5748469
574846031
574846
57484569
574845467
574845363a
574845300
574845162
574844425
574844362
5748442
574842333ssn
5748415
5748414
5748393!
574839
5748386
5748370
5748357
5748352974
5748344
574833
5748321Sam
5748319
57483185
57482mama
57482826
574828
57482760
574827
574826293
57482601
57482596
57482308
574822
574821084
574821
57482021
574820
574819a
574819
57481649
5748157
574815
5748149
5748140z
574812
5748116
574811
57481050
5748105
5748104
5748090603
57480906
574809
57480795
574807948482123
574807947
5748069
574806
57480584
574804666
574802c
5748025
5748023
5748018
5748014
5748012211
5748
5747ti
5747luvs2526
5747kris
5747kern
5747kas1
5747enanusky
5747bill
5747SH
574799
5747987
5747986j
5747960
57479588
5747953
574794k
5747942
574794
57479061
5747905
57478qcdps
57478hguog
574789kk
574789_kpc
5747887
574787
57478616
574785247
57478463568568
57478463
57478426
574784
5747836w
5747836k
574782j
574782iv
574782439
5747824
574782
5747819
574777
5747762c
5747749
57477410r
5747733
5747723
57477
57476952
5747692
574768643
574766115
574765luisaykissman
5747651
574763
574762345
574762
5747617
5747610
5747606
574759772
5747593
5747580
57475783
5747576
57475747c
574757471
574757100
57475646
5747563236547
5747551
574755
57475420
57475143
574751
5747509
57475
5747499
57474846
57474779
5747470
574747
5747469
574746363
5747446
57474395385416
5747432
5747428l
574742
57474110
574741060j
5747395
574738
5747360
57473569
5747350
5747341
5747316
574731
57472569
5747256
574725
5747246
574721397943742
574720285r
5747201
574720
57471979
5747188
57471711
5747169
5747163
57471518
574714c
57471471233
5747119
5747112
574710
5747098
5747093
574707
5747040
574704
5747039
574702
5747008
5747005851
57470
5747
5746q
5746mi
5746bk
57469861
5746979c
574697111
57469611
574696
574694
5746931
5746921
574692
57469178
57469111
5746901
57469
574689920
574689
5746862
5746847
574684178
574683
574682c
5746819
574681501
5746815
574679686857
5746786
57467520
5746742
5746728pl
5746725a
5746722
5746720
57467128
57467113
57466xhynw
574669
5746683
5746674
5746669010.
574666
57466529e
5746637
57466320
574661724
5746614
574661134
574660
57466
5746598
57465801
574658
57465747
5746571
57465395
5746521
5746514
574651
57465
5746499o
57464985754204
57464968
5746496
5746485
5746478
574647523
5746474
57464700
5746466
574646
574644930
5746428016
57464224
57464160
57463fjvfi
5746391
574639
5746386
574638
57463700R
5746369
57463658
5746352
574634b
5746343
57463422
5746342
574634
5746330
5746321980
57463150gerardi
5746314
574630
57462955
57462912
5746290
5746288
574628570
57462802
5746257462
574625
5746246
5746239l
574623944
57462350
5746234
5746230
574622tl
57462248
57462242
57462015carmen123
574620
5746171
5746156
5746155
5746123
574612
57461155
57461110adanis
5746106
5746097
5746084
574608
5746076
5746071
574607
57460637
57460601
574606
57460397
57460310
5746025
57460220popo
57460163
57460154
5746013
5746011
5746007
57460036
5746000
574600.mel
574600._tr
574600
57460
5745ti
5745ryan
5745rob
5745matt
5745kate
5745js
5745faka
5745as
5745_kk
57459761
5745974
574597
57459685
57459679
57459570
574595
574594
5745925a
5745906
5745905
57459031
57459023598
5745902
57459013
5745898
574588
5745872
57458551
57458494
574584
5745819
57458
5745798
5745790
5745788
5745775lwvhlhg]kdh
57457733
5745766
574576
5745750
574575
5745746565
5745744sm
57457369
5745728
5745724889
5745723
5745713010366722
5745711
5745710
5745707
57457029
57457014
57456gmnuo
5745698
5745695
5745683
5745674
57456727
574567
5745662
57456583
57456570
5745646
574564
574563
5745629
574562
57456127
5745610
5745567126
5745555
574555
57455492
57455357
57455330
57455317
5745520
574551K
57455154
57455076
57455054
5745505
57455015
5745500
574550
57454896
5745488
5745475
57454727
5745466top
5745459
5745454
57454459.
57454367
5745426
574542
5745410
57454024vicente
5745390
574538
5745365497288
5745357
57453520
5745340
5745337
5745335
57453349david
5745334
5745317
57453053
57453052
57452cpssx
574529
5745286
57452851
57452777
57452678
57452580
574525
5745245
5745243
57452417
5745231
574522
574521708982
57452
57451891
5745186
5745173
5745172
574516
57451552
57451502
5745146
57451415
5745134
5745133
57451317
57451281
5745123
57451229
5745121
5745119
5745116
57451127
574511
5745107
5745102
57450916
5745068
574506
5745054
574505
574503311
5745031
574503
5745023
5745016
574501
5745008
5745006
5745005
5745*
5744thrice
5744smy
5744jrn589
5744grand
5744ash
5744MALLY
5744997
57449827
5744974catalina
57449635
57449583
5744945
574494
5744936
574493
57449239
5744922
5744920
5744911007
5744909
574490
57448951
574488
57448780
57448700
574487
57448443
5744842
5744841
5744836
5744833
5744813
57447e
5744793
57447811
57447710
57447468
574474
57447228
5744711
574471
5744709
5744701
574470
574469
5744684
57446831
5744667
5744663v
57446601
57446533
574465
574464
574462ck
574462
57446185
5744615
5744610
57446041
574459
57445846
5744581
57445683
5744566
57445614
574456
5744556031
57445447
574454
5744538
5744537
57445209
5744519
57445106
57445
57444968
5744492
5744488
57444847
5744479
5744465
57444529cena
574444
5744438
57444270
5744418
574441
574439640
57443945
5744382
5744380
5744378
5744373
5744368
57443633
574436
5744356
57443489
57443472
5744327
574431367
574431
5744308
57442VQA
574429706
57442900Kp
57442900
57442557
57442524
5744250
5744249
5744237
5744221236
57442155
5744208
57441945
574419
57441612
5744144
5744141
5744137
57441126serkan
57441042
57441
57440kqqii
574409
57440735218
5744062
5744055
574405
57440322dalia
5744024joha
57440193
574401910504
57440139
57440134
57440121
574400
5744.4
5743yg
5743xarci
5743shit
5743qzorm
5743nc
5743ja
5743cdac6812
57439944
57439861
5743980
574398
5743966
57439574
5743952
5743946
5743944
574394
5743926
5743915
5743895
5743893
5743892
574388
5743866
5743865
574386
5743853
5743844
5743834
57438319
57438122
57438025
5743798
5743795
574379
57437873
574376
5743757
57437448030888
5743715
57437004
574370
5743685
57436783
57436743
5743671
5743670
5743662
574366
5743654
5743652
57436475
57436440
5743644
57436265651200
57435svoia
5743595
5743588
57435650
574355
5743547jjj
57435447
5743533
5743531
5743523
5743520
57435170
5743504
57434mvmob
5743496
5743467
57434562
5743455
5743445
57434351
5743434
5743432
5743430
574343
5743429
57434239alan
5743418
57434050
57434000
5743385
5743357
5743355
57433498
5743349
5743341
574332
5743315
57433120
57433064
5743299
57432893
57432832154328
57432816
5743281
574328
5743277
57432743
574326198
574325341991
5743235000
57432310
574323
5743221
5743219
5743217h
5743216
5743200_smp90
5743198
57431937
5743185
574317
57431600power
5743156
574315572
57431483
5743140
5743128daya
5743125
5743121
574311j
57430977
57430893
57430868
57430848t
5743084
5743070
574307
5743038
57430357
5743024
5743010
5743003
574300
5742tufmp
5742i5633
5742home
5742dredogg
5742978
57429643
57429538neto007
5742947
574294
5742933
574292
574291568
5742904
57429030
574290
5742899solido
57428987sarai
57428952967
5742888
5742884
5742874kmv
574286
5742849
57428316
5742829solito
57428240
574282
574281m
57428152
57427e
5742780
5742766
574276549
5742745
57427365
57427294abue
574269tbm
5742698
57426973
57426955
57426951
5742690
574269
57426893
57426860
5742681p
5742669
5742665
5742659
574265
5742638
574263
5742628
57426252
5742615
5742611B
5742605
57426014
57426006
57426
5742597
57425929
5742580
57425783
574257421
574257
57425633
5742557
57425517
5742550123
5742544
57425362
574253
5742527
57425245
57425210
57425113
57425035
57425033
57425011
57425
5742465danielita
5742457
574245
57424444
5742438d
5742433
5742427
5742426
5742412
5742385
5742351
5742345
5742342821
5742317
574231
5742304
57423007
574229
5742269914d
57422522
5742241
574224
574222a
57422258
5742211
57422091Jjony
57422
5742197
57421910carman
57421888
5742188
574218
57421643
57421600
5742143
5742142
574214
57421375
5742134
5742133
57421256
57421240
5742118
57421064
57421026
57421010
57421
57420MASARYK
574209
57420812
5742079
5742074496
5742068
57420608
574206
574205
574204
57420363
57420331
57420284
57420258lo
5742025
5742021
574201314
5741west!
5741vdvd
5741tb
5741sh
5741ricki
5741luci
5741cs
5741DANN6023
57419775
5741960
5741956
574193alo
5741938276
5741936
5741931
574193
5741925
5741921
5741912
5741911
574190
5741892
5741888
5741882
57418790174974423
5741874
5741866
574184
5741829nt
5741819
5741815
574181
5741807
5741801
5741797
5741793
5741784
5741782
5741778
57417752071291
574177
5741763
5741762
574175et
574175
5741740
574174
5741715
574171
5741705
5741692
5741691
5741690
574166
5741651
57416486
5741642
57416388
5741626
57416229
57416222
57416217
574159123
574159
5741574d
57415742
5741574120
5741568
574156
5741523
57415208713
574151K
57415102
574151
5741498
5741485
5741476
574147
5741457
5741451
5741439
57414345radha
5741418
5741416
574141
57414005
574139de
57413950
57413918
5741385
5741371
574136
574135164
5741347
57413461
57413367
574133
5741304
5741301
574128693
574128
5741258
57412506
57412474
5741243
57412403931202
574123698
57412307
574123
57412193
5741213
57412021
5741202
5741201
57412
5741196885
5741195
574119
5741148
5741124
5741119
57411182
574111
5741109
57410872735956
574108
57410709+
5741049
57410420
574101239
5741003
5741002
5741000
5740momdad8880
5740mo
5740jt
5740force
5740dr
5740994
574099
5740979
5740976
5740953asmaa
5740948
574094
57409278
574091
57408932
57408891
5740879
574086496
5740832
5740830
574083
5740827ASDF
5740827
574082
5740816
574080739b
5740801tk
5740776
5740767
57407420
5740741pamela
5740737
5740724
5740720
57407147
574071
5740702
574069
5740658
574065658
5740655
574065
5740640
574064
574062710070
57406261
5740623
5740622
5740611
5740596
57405862
57405740
5740567
57405628
574055
5740549
5740542
5740539
5740529m
5740516
5740513
57405
57404909
57404881
57404856
574046780
5740459
574045575
574044514
574044465
57404348
57404245
57404239
574041179a
574041179
574040597
5740382
5740379
5740376
5740362
57403530
574033521212
57403278
57403264
574031290
574031
5740304
5740300021
57403
57402994
574028282
5740282
57402814
574027117
57402681
574026
5740256
5740254
57402459oi
574024357
5740243
5740242
5740240
574022656
5740224
574022158
57402200
57402046
574020128
57402000225
574017
5740168
5740166
5740163
5740162
5740157
574015
57401345801
5740133casee
5740127
5740124
5740123
5740100054778
5740100
57401
5740080
57400799
5740064
5740057400
5740053
5740046
57400348
57400324s
57400315
574002d
57400267
5740020
5740012
5740002fer
5740
574-jgn
573yesko
573vty4eve
573v3nwunu
573sqlgf
573rsc81
573rod
573qmtcn42
573qbrgu
573ph4n3
573ph3n
573pgddh
573pepper
573paolita
573lt25q02
573fg33
573ffj0n35
573ff1
573f4ny734m0
573east
573dy2
573dolly
573df2cb
573crm
573bobo
573NBH
573BITCH
573@msn.com
5739ziebby
5739sally
5739oized
5739jssik
5739amber
5739929
5739920
5739866
5739837s
573983
573981
5739806saydla
5739771
5739764
5739756
5739730
57397135265813
573967007
5739670
573966200
5739639
5739637-marmar
573962
57396122
5739606
57395830
573957395739
57395739
5739569
573955aj
573954
5739531
573952
5739512846
5739512
57394953350338
5739491
5739483
5739481713
5739476
57394716
573945goodcharlotte
573945benji
57394490
5739444
57394317
5739418
573941
57393pzax
5739387
5739385
5739366
5739360
573935
5739343
5739338alc
5739303
5739299
5739291
5739287
573928
5739269
5739264
5739258
573924a
5739234
5739230
5739218005
5739206380
57392
57391f
5739196
5739195
57391744
5739171
5739158246
5739157351
5739156
5739152
57391445
573914
5739128
5739125
57391248
57391234
5739123
5739118
5739104628
5739101
573910
573905
57390420j
573903
573901I
57390
5739*041
5738usa
5738rs3
5738rs
5738park
57389974
57389926
5738992
57389623
573896
5738952
5738949
5738937
573893249
57389197
5738919
573891046
57389016214
57389011
573890
5738898
5738897
57388820
573888
57388769
5738873677
57388692
5738863
57388600
573885
57388418
5738827
5738823
5738816065
57388110
57387960
57387922
5738755
5738754
57387504
573874
5738739mlw
5738733
57387173
573871
57387088
5738696
5738675
57386740
5738671
57386490chosto
5738633
573862
57386016
573859924
5738599
5738598l
5738598
5738591blanca
57385738
5738568
57385666
57385599
5738556
573854
57385373h
573853
573851008
5738507
573850655
57384884
57384744
57384722
5738472
5738471
5738455
573844698091785
5738442
5738435
5738432
5738431
57384291
57384244
57384239
57384233luis
57384121
57384044
5738389
57383861
57383857f
57383838
573836
573835414
57383490
5738325
57383127
5738303
57382924
573829
5738280
573828
57382799
573827
5738268
5738254
5738253wayout200
57382527
5738237
57382250
57382132
573819
5738189m
57381302
573813
57381232
57381217
573812
5738105
57380969
573809
5738082
5738076
573807
5738063
5738048
573804
5738038
5738028
5737toon
5737josh04
5737fsds
5737bhutan
57379fgfoj
5737980
5737969
5737942
5737928
57379191rcl
5737902
5737883Maryanne
5737883
573788
57378669
5737853
5737850417
5737846
5737840
573783j
5737833557
5737823
573781
5737808
57378031
57377darlin
5737788
573778
573777t
5737752
5737750
573774
5737731
5737711
57377
57376809
57376771
5737677
57376720
5737670
5737664
57376424244
5737636
5737635
5737617
57375wseyc
573759
57375869000
573758651
5737583
5737577
57375732
5737556
57375515
5737543900
573754
5737520
573752
573751
57375004
5737471335
5737470212
573747
57374660
5737463915
5737458
5737385
57373589
57373534
573735160304
57373424
5737333
573733
57373259
5737319
5737296
57372959
573728
573727
57372646
573726
5737254
57372272
573722003
5737213
57372098
57372040
57372
57371832
57371788
57371749
57371463
5737145
57371386fer
573712
57371096emo
573710380t
573710380
57371023
57371
5737092
57370813
57370662
57370656
5737041
57370240
5737018/
5736new
5736kbbws
5736cchsur
5736alin5736
5736CL
57369855
57369843
5736968
5736966
5736958
573694592
573694
5736911428830956
573691
5736907d
57369027
57369011
573687
5736862
573686
5736858
57368557
57368410
573683
57368133
5736807
57368
57367mn
573674714
5736726
57367214
5736717
5736712
5736707
57366ยบ51606
57366897
57366836
573668
573667
5736666
5736650
573665
57366490
573663holla
57366340
5736627
57366252
573662
5736614angel
57366141
5736600
5736598
5736594
5736591
5736581
57365736
57365735
5736572
57365688
573655aylin
57365561
5736540
5736538
5736536
5736534
57365165
5736514
57365021
5736502
57365014
5736500
573650
57364835
5736478
5736470
573647
573646
57364500
5736447
57364420235
5736439
5736438
5736422
57364048
573640
5736395l
57363931
5736388
57363858
57363762
5736375
57363725
5736371
5736370
5736367
573636
5736344
5736338kg
57363373HOLA
5736315
57363125
57363075
5736303
57363
57362768
5736276
5736266mdcicpna
57362612
57362441
5736243
573624
5736236
5736235
57362348
573621
5736204
573620277
5736200
573619654
5736183
57361778
57361726
573616
5736136
5736132
5736123
5736120
5736112
57361094
5736106
5736102
57361007
57360930
5736090
5736061
5736052
5736048
573602492
5736020
5736018
57360085
5736006
5735zzzrb
5735wavalon
5735tx
5735cody8823
5735clary
5735cl
5735an
57359950
5735993
5735983
57359711
5735966
573595786902
5735957844
57359505
573595
573594
5735929025
5735920
573592
573591603
573591582
57359155
5735914682
5735905
57359044asvan
573590316
57359022
573590
57359
573589
5735886
57358808
5735876nadiamilusk
5735872
5735871
573587
5735869
57358540
57358350
57358239
5735819
57358109junior
57358102
5735806
57358
57357994
57357891
5735785
57357719
5735771
57357686
573576747
5735764
57357625
5735760
573576
573574982
5735726
5735720
57357190
5735711jr5424585
573570
5735696
57356877mj
5735679
57356656
5735661
5735655
5735643
5735637
57356350
5735626
5735618jo
5735617
5735615
573560525011086eros
573560
5735596
5735591
57355898
57355868
573556150501
5735551
573555
57355254
573551573551
5735513
57355100
573551
5735501
5735496
573549
5735471
5735463468
57354623
5735460
573546
57354537
5735447
5735445
57354435
573544
57354364
5735419
5735411093
5735411
5735407
57354035
5735401
5735374
5735367
5735355b
57353524
57353491QOH
5735348
573533
57353287
5735318
5735314
57353117
573531
57353
57352xdfrx
5735296
573529
573527426
5735262
5735257
57352569
5735255
5735252
5735245
57352399
5735231
5735224
573522
57352097
5735202
5735201
5735196car
573519648b
5735195465820
5735192
573519
5735188
5735184
5735181
5735179patrick
5735170
5735163806
573516
57351554
57351452
5735143u
5735141793
573513s
5735137342
5735135
5735121
573510
57351
5735091n
57350905
57350749876
5735074
57350688
57350643
573505325372882
5735044
573503
573502
5735012
5735005
57350
5735
5734paseo5734
5734mikp
5734999
57349955
5734995
57349871
573498
5734979
57349626
57349620
57349466
57349464mel
5734918
57349084
5734900
573488
573487
57348659
5734861
5734839
5734823
57348206
573481713
57348042
5734781
5734762
5734743
57347388
5734731
57347260
573471
5734706madenci
573469
5734688
5734652
57346512
573465
5734648
57346367
5734632
57346315256102
5734631
57346307
573463
573461808
57346112
573460
5734586
57345734
573457
57345650
573456
57345506
5734534
5734517
573450
5734445
573444460
573444
573442nic
5734425475
573442
5734407ASBR
5734400
573438
57343683
5734350
57343401
5734338
5734331223
5734324
5734315
57343116
573430
57342rjwgx
57342891226
57342708
5734269
5734255
5734242
5734238
5734218
5734216
5734206
57341994
5734198l
5734198
57341944
573419
5734178
5734173
573416
5734159
57341557
57341471
5734129
5734125
57341208
573412
57341183
5734112
573411
573410slc
5734101
573410
5734072
573407
573406982
5734068
5734062
5734053
573403
57340238
5734021
5734015
573400
5733zcsgx
5733v-0
5733la
5733en
57339985j
5733987
5733985
573398
57339762
5733952
57339516
57339512
573394
5733936
5733932
5733923
57339200
5733919
5733910
5733900
57339
5733891
5733887
573388
573387617810
57338707
5733865
57338213
5733820
57338157
57338151
5733811
5733805
5733796
5733791
57337899
57337878
573378
5733776
5733732
5733725070
57337228
573372166
5733705
57337
573368
5733671
57336656
57336629
5733654554411564
5733643
57336414
57336255
5733625
5733624
5733621
573360
57336
57335k
57335960
5733594
5733591699
573359050loveu
5733585
5733582735
5733580
5733577
5733568
5733566199
573355
5733541
57335385740016
5733531
57335285
57335241
5733517a
573351
5733504
573350
57334zredp
5733495
5733489D
57334841
5733475
5733469
5733459
57334422
5733441
5733434s
573343
57334283
5733422
573342
5733413995
5733411
5733401
57334
57333981
5733374157333741
5733366
57333548
57333430
5733341457000789
57333331
5733317.,devil
57333082
57332jayfe
57332954
5733289
5733288
57332687
5733266
573326
5733254910
57332455
5733244
57332382
5733230mc
5733226
573322
5733216
57331937
5733193
57331761
5733175
57331721
5733169
573316
57331533
5733145700
57331350
57331152a
5733110!
573311
5733108
57330q
5733094
573309
5733078
5733066
57330598
5733057
573303
57330269
57330267
57330116
573301
57330041
5732wynn
5732sudise
5732scars
5732red
5732mz
5732lo
5732ja
5732iiwou
5732eee
5732cc
5732992
5732990
57329726
573296
57329559
5732955
57329530
573295
5732919
5732914
573291230
5732905
5732891
573289
5732883
573288
57328714
57328711
5732870
573287
573286YA
57328663
573286
5732854569
5732850
5732841
5732831952118690
57328264
5732817
57328132
57328005
57327795
5732779
57327670895
573276
57327533
57327473
573273
57327257
573271662231303
5732712r
5732712
5732707944
5732689
57326845+a
5732683
573268
5732675
573267
573265
5732646
5732632
573262frank
5732619
57326184
57326176
57326168
5732613
57326077
57326010981
57325956
5732585
573254
5732537
573252ppo
57325137
57325132aha
57325085
5732500
57324886
5732474
5732473427
5732466
57324615
573246
573245478
5732446
5732444
573244
57324331
573243
57324062JoE
57324041
5732393613
5732375
5732364
5732355
5732351
5732345
5732337
573233
57323250dehecho
5732324
5732323
5732309
57322942
5732279
573227
5732265271
5732264
57322603
57322532
573224a
5732242
573224
5732239
57322286
57322071
5732205
5732199
5732198
5732193a
57321933
5732190
5732184
5732181
5732180
5732178
5732172
57321709
5732168
5732163
5732148713
57321469
5732143
57321429
573214121
57321324
57321293
57320ugtjk
5732090
57320899
5732080473
5732075
57320556
5732052147
573205
5732032811
5732032
573203
57320290
57320288
5732028
5732020
573201
5732009balot
57320085
5732001
573200
5731wood
5731ls
5731ht
5731997
5731987
5731985
5731975
57319582
5731953
573195
57319386
57319299
5731922
5731917
57319110
573191
5731907
5731904
57319039
573190
57319
573188261
573188
57318795748500
57318629
5731860
573186
5731853l
5731839
5731821
573182
57318191
57318120
57318106
573181
5731809
57317963
5731788
5731782
57317795lAS
5731778
573177
5731754A
57317454
573174
57317255
57317105alan
57317
57316856
57316656
57316638
57316569
57316412
573164
5731636
57316293jorsh
5731627
573162
573159
57315897
5731585
5731575
57315709
5731568
5731566!!
5731530
573153
57315290
57315270
5731522
57315217
5731514
5731513
5731506d
57314x
5731490
57314898
573148689
5731479
5731469
5731468
5731460
573146
5731414
5731407
57313jcn
5731396
57313817
5731376
5731368
57313595luis
5731356
5731352
5731350z
5731324
5731321
5731316
573131575
573131
57312963
573129
5731287
5731281
573128
57312783
5731278
5731275
57312683
5731264
57312614
5731255
5731254
573124
5731237
573121
5731209
5731199
5731194
573119
57311899
57311896
5731189
5731187ziko
57311879
57311860
57311751
5731174
57311680
57311592_
573114iw
573114fs
5731147
5731146
5731132
57311317
57311297
5731116
5731105
5731100
573110
57310b
573109
5731084jb
573108
5731078
57310715
573107
57310457
573104
57310315003092120778210
573103150030
5731026
5731014
5731012
573101183
57310106
573101
5731009
5731005
57310003
57310
5730yz
5730td
5730pw
5730peg
5730lj
5730knm
5730fenix
5730adik
5730ab
57309bj
57309948
5730991
5730988
5730982
573098
5730979
5730974
5730969
5730933
57309279
57309260
5730918326W
5730917
5730900
573090
573089aj
5730893
5730886
5730877
573087
57308656
57308586
5730830
573083
5730829
5730826
5730824
5730812
5730809
5730806
5730802
5730781
5730766256
573076
57307586.
57307416
57307192
5730715
5730707
5730706
573070
57306wncrh
57306wice
57306c
57306842
57306592
5730643
57306406
5730636
5730622
5730592
5730583
573057
5730567
5730558
57305516
5730546
57305252
57305235
57305040barajasa
573049-t
5730468
57304649
573045
573044
573043
5730424
57303843
57303825
573038
5730378
5730375
57303474
5730323
573030t
5730294
5730280
57302525
5730247
5730235
57302129
57302
573017
5730165
5730144
5730135
5730133
5730131
5730119
573010487489
5730100034823
573010
57300dgpix
57300964
57300901
5730085120788
5730080
5730074
57300678
5730065
5730063
57300558
5730051
57300507
573005
5730045
5730043
5730033
57300301
57300274EHILYN
5730017
573001
57300056
57300009
57300
5730
572thss
572star2
572sstahoe
572sophie572
572rat
572p14
572jose
572gci
572gaproad
572chevy
572caq
572bowtie
572bigblock
572appleschool
572anan
5729love
5729candy
5729999
572999775
572999337
572999148
572997
5729952
57299496
57299390
5729903
5729868
57298540123456
5729840haa
572983633
57298309
5729812
5729785
5729781
572977
5729764*
57297624
5729716
57297109
57297102
57296949
572969
572968
5729624*
5729573
5729556
57294fdzfp
57294748
5729472
57294408
572943kh
5729437
57294103
5729390
572937KR
5729363
5729361
572934721
5729334
57292977
57292802
5729242
57292315
57292309
572923
5729226
57292232
572922
5729202
57291901
572915265
5729142857291428
57291428
