8852795
58852697
58852696
588526
58852596
5885255
5885254
5885247
58852439
5885243
58852417
588524
5885239
5885233
588522dcr
588521593798
5885212
588521
58852091
5885209
58852077
58852073
588519bt
58851990
5885199
58851987
588518
5885178
58851655
5885165
588515
58851447
5885143
5885138
58851353
58851313
58851233
58851227panda
58851201
588512
58851199
588509
58850883
58850853
588507985977-4
58850795
5885079
58850714
58850462
5885041love
58850355
58850321128
588503
5885029
5885019wstc
58850182306
5885013
58850068
5884vk
5884hiro
5884djdej
5884YS
58849921
588499
58849842
5884978
5884977
5884969
5884958
5884939
5884930
58849283ohg
5884925
588492
5884908
58848jvp
5884894
5884891
588489
5884885
5884882
5884869
588485l
5884857
5884855
588485
5884845
58848349
588483
5884826
58848234
5884805
588479
588476812
5884761
588476
58847598
5884752
58847387
58847169
58846909
588469
58846832
58846739
5884636
5884632
588463
5884620
58846058
58846018
58846002
58845993
58845882
5884585
58845741
58845626
58845567
5884554
5884542
58845372
58845240
5884511423
58845
58844934
5884488
5884478
5884475
58844747
58844686
58844607
588446
5884457
5884445
58844440
588443
5884423
5884413
58844065
5884378
58843714
58843681
588435361129I
588434
5884339
5884337
588433
5884323
58843217906
5884312
58843
58842971
5884289a
588427
588426653+
5884262
5884253
58842513
58842147
58842104
5884203
5884201claro
5884189PIK
58841834
588418302028
58841771
5884162
5884160
5884151
58841419
5884141
588414
58841321
58841117
58841064
588410
5884061
58840555
58840544
58840535
5884051
588402
58840000
588400
5883seewh
5883rox
5883mimi4695gil
5883app
5883adi
5883999wwy!
588399
58839810
588398
5883975
5883966
5883953
588394
5883933
588393
58839174
58839066
588390
58838cl
5883881
5883879258691730
5883878
5883869
58838202
58838200516876
5883807
58837983
58837971
5883794
5883789
5883782
5883772
588377
5883732
58837306
5883712
58836940
58836887
588368
5883666
588366
5883648
5883640
588363951
5883627
5883624
5883621
58836150
5883596
5883589
58835836
5883570
588357
5883556036D
58835481
58835407
58835288
58835033
58834945
5883494
5883485
58834464
5883425
5883423
5883417kmt
58834079
5883403
58833598GATA
588333
58833250
5883322d
58833165
5883314wil
58833147
588331
5883300
5883283ass
5883266
588326
58832551
5883235A
5883234
588323
58832293
58832285
5883215158
5883214
5883207
5883203
58832007
5883182
588317mum
58831767
5883168
5883153
5883152
5883146
58831444
5883124
58831224
5883121
588312
588311jh
5883119d
58831186
5883118
58831055
588310
5883092
588309
58830891
58830731
5883072887
588306
5883043
588304
5883037022
5883033
588303
58830265
58830212
5883011
588301
588300189j
5882ufs
5882rzfcw
5882pj
5882nc2982
5882mpg
5882dyzyq
5882ds
5882dr
5882cityboys
5882993
58829326
5882921
58829203
588292
5882910454400
5882910454
5882910
58829096073
58828884
58828669
588286575658
58828542
58828466
5882826
5882821
588282
58827hjscf
5882787
58827786
588276
588274n
588274N
58827387
5882718
58827141
58827128
588271
58827017jair
58826917
5882679
58826753840658826
588266N
5882658
5882632
5882631
58826303
58826298
58826268
5882614
58826085
5882606
5882605
5882602
58825pcno
5882585
5882584
5882576
58825723323
58825584
58825561a
588255
58825485
58825417
58825394
5882517
5882493
58824877
5882485pimpy
588247
58824688
58824573
588245
5882447c
5882440
58824350l
58824297
58824286
5882411
58824
58823P
5882397
5882390
5882388
58823865ale
5882383
588238
588236
588235585721
5882351
58823434
5882327
5882319
5882315
58823072
58823005862
588230055882300
58822941
58822610
58822515
588225
5882243010
5882237
588223503
588223
588221r
5882213
58822118
5882210
58822000
588220
58822
58821994
588219
5882188
5882169
58821605
58821436
588214
58821298
5882115
58821034
58821020126280752
5882090
588209
5882088
58820845
5882075
58820710
5882062
5882048
5882047
5882041
588203n
5882033
58820284
5882026217948400
58820218
588201
588200
5882.edel
5882
5881mi
5881jc
588199608
5881993
5881987
58819786
5881974
58819712
5881955
58819519
588193eu
5881939
58819347
588193
5881918
5881899
588189352
5881849764P
58818458
58818411
588183tg
5881839
5881830
588183
5881821
588182
5881817
5881812
5881810
588181
58818087
5881807
588177
58817679
5881749
5881745
588174
58817231
5881721
5881704f
58816945
58816898
58816845
5881674
5881673
5881662
58816592
588165
5881649
5881642
5881631
58816286880
58816277
58816263
588162350
58816208
58816120
5881606
58816039
588160
58816
5881598
5881585
58815815
5881572
5881567
5881558
58815519
5881548
5881535500
5881534
58815264
5881525
58815222
58815217
5881507
58815047
5881499mhi
5881490
5881485t
5881456
5881447
58814341
5881431
5881427
5881414
5881413
5881408
58814017
5881394
5881386
58813685
58813579
5881355
58813400
588134
58813386
5881334p
5881324312
58813222
5881320
5881315
58813
58812964
5881286
5881282
588127
5881265
58812630
588126
58812517
588124
588123
5881213532932400
58812133313
5881213
58812114
58812113fjbcrn
58812113fjbcr
588121
58812089*130112209
58812089*130111205
58812089
58812077
5881204
58812008
588120
58812
58811914
5881186
58811785
58811752
5881172
5881165
58811634
5881157
588115
588114A
5881129
58811251
58811248
5881123
588111tuyyo
5881115
5881113
58811097
5881105
58810958
588109119r
5881087
5881082k
588108
58810636
58810487
58810472.la
5881031
58810149
5881002
58810005
5881
5880yvotn
5880rr
5880rk
5880olddixie
5880foos
5880cisco
5880_sis_15
5880998
5880994
5880992
5880991
58809896
5880981
588097cal
58809606paco
5880945
5880940
5880935
58809304
5880926
5880914jay
588091
5880904
5880897
5880896
5880889myc04
5880889
5880888
58808870
5880880
5880862
588086
5880858
588084iva
588084617170
5880832
5880828
58808270032971
58808243
5880821
5880816
588080243
58808
58807992
58807873
58807872
5880787
5880782
5880781
5880778
5880774
5880770
5880767
58807595
588075805
5880752
5880748
5880720
588072
588071a
58807179
58807143oi
58807110
58807044
5880692
5880688
5880684
5880677
58806735
588067
5880643
58806319
5880621
58806045
58806024
58805880
5880588
5880585
5880582
5880577
5880574
58805736
58805616
5880549
5880538
5880532
5880531
588053
5880525
588050l
5880503
58805020
58805
58804990
58804929
58804911
5880486
58804804
5880466
5880461
5880456
58804524
5880452
5880447
5880443
5880439
5880421
5880414
5880410
5880407
5880406
5880404
5880395
588038
5880356
5880350..
5880331
58803301
58803221
58803185
58802992
588029171
58802911
588027
5880265
58802525
588025
58802445
5880236
588023
588021
588020EJ
5880208
5880201
58801987
58801934z
58801890
5880188
588018
58801753
588016xt
58801588
58801528
58801449
5880143
58801384
5880134
5880128
588011a
58801105
588011
58801070
5880102
588010
5880095
58800869
5880086
588008351907
5880079
58800716
58800623
5880054S
5880052
588004171768
58800166
5880011
5880000000
588/01/15
588-bhg
588+1177
587tyb!
587seneca
587pmeu
587pimp
587parron.g
587mar
587lily
587kgha
587jojo4516
587hec
587harvey
587delarbourchester
587chari
587bly
587atm
5879ng
5879ms
5879lada
5879jamie
5879az
5879amery.52
5879994
58799804
587997
58799545
5879933
5879912l
58799117
58799077101
5879904
58798898
5879887E
58798758
5879857
58798545
587985325521654
587985
587984aud
58798354
58798349
5879828
5879825EDE
58798224
58798216
587982
58797967
5879790
58797762
58797738
587976
58797583
5879752131
58797399
58797334
5879725w
58797215871452
58796b
58796980
58796934
58796902
587966
5879650742
587964231
587964123321yue-
58796412
587964
587963346429
587963343
5879632
5879621
58796203
58796160
587961134446326
5879610
587960s
587960a
58796061
5879602
5879601
5879597o
5879592
58795868
587958
58795777la
58795673
587955
5879545
5879544
58795422
58795380
5879538
58795213j
5879517
58795049
5879502
58795
58794b
58794938
58794915
58794860
587946123123
587946
5879451
58794430
5879436
587943
58794263
5879422
58794123
58793889
5879388
5879384
5879368
587936
58793599
58793541234
587933andres
5879333
587933298734
58793229
58793
58792811
5879266ic
58792427
5879232
587923003
5879230
587922
58792174
5879212321
5879211a
58792110
58792032
5879196
587918
58791790
5879170
58791575
58791559
58791546@..
58791414
58791377
58791375
5879135
58791313
58791096
58791016
58791010
5879091
587908
58790790
5879077
58790651
58790518
5879043
58790402
587903
58790208
587902
58790199
5879019
58790
5879
5878yong
5878satx
5878pp
5878nutz
5878ncs
5878kurt
5878klk
5878je
5878calli
5878ben
5878991j
5878987
5878981
587895dis
58789595
5878934747
5878909
58789021
58789
58788tactf
5878894
587889
5878888
5878881
5878879
5878875
587887
587885
5878848
5878815
587881178cew
58787uywr
5878788
58787858
5878780
5878770
587877
5878758
587875
5878728
5878717
5878716m
5878716
587869
5878687
58786858
587868
5878647
5878646
58786403
587864
5878637
587863
5878620
587862
5878605
58786
58785929
5878587858xyxy
587858
587857
58785696
5878569
5878568
58785627
5878562
5878553
587854532626435
5878536
5878527823474
58785278
5878526453
5878524
5878503
5878491
58784723
58784704
587846juan
587846jmm
587846jd
587846711493
587846587
58784642
5878464
5878463jc
5878462
5878460
5878445
587844
58784281
58784266
58784165
58784156
5878410
58783853
5878372
5878369
58783445
587832
58783130
5878302kwang
58782920
58782885
587828
5878273
58782658
58782649
587826
5878241
5878239
58782312
587823
5878228
58782262
5878220971193418
587822
587821l
587821
58782019
587820
58781997
58781893
587818
587817
5878161618
58781571
58781540
5878152
58781464
58781442
587814
58781387
587813
5878128
5878122
587812
58781162
58781119o
5878103
58781012
587809
5878089
5878083
5878077
5878075mama
587803
587802369
58780203280322
587802
5878008
58780067
58780035
5877vhv,
5877ughmx
5877gwen
5877green
5877giggles
5877devil
5877960
587795
5877929
587792013
58779113
587791
5877900
587787lia
58778794
587787
5877851
587785
58778409
58778373
58778363
58778331
5877828
58778272
58778246
58778228
5877807
58778044781149
587780
58777949
587779
58777883
58777872
5877771012
58777619
5877761+mamita
58777423
587773533
58777256
5877722
58776eush
5877676010
58776664
58776652
58776599
5877652
58776462
58776353
587763123
58776310
58776157
587761
58776025975
58776
5877599cc
587759511
5877582
587758
58775787
58775671
58775536
5877552
587754740ks
58775363
5877534
5877513
587751
58774963
587748
5877477
5877473
587747
58774696
587746
587745PILAR
58774562
5877446
58774286
5877425877
5877417
5877411
587741
587739582
587739350
587739222
5877388
5877384
587738
587737
587736040
5877355
58773480
5877347
5877341
58773377
587733059
5877316
58773122
587731051
587730472
587729
58772712
58772679
58772636
5877251H
5877241
58772346
5877220
58772094
5877205
5877204
58772019
58772
58771996
58771921
587718715
587718206
58771780
587717461s
5877171
5877169
587716837b
5877165
58771601
5877154
58771521
587715000
587715
587714184
587714111
58771405
587714045
587714
587712595
5877123
58771225
5877122
5877121453002047
5877120
587710206
587709
587708
5877069
5877068
58770675
58770610
58770602
5877059
5877053
5877052
58770484
58770335
5877010037553913
5877003
58770021
5876shumin
5876mwjr
5876kc
5876jn
5876bf
5876bb
5876acxgy
5876994
5876979
587697805
587696910
5876961
587695184e
587695
587694787
587693959
5876935E
5876935
5876929
587692488
587691883
58769151
587691196
5876908
587690781
587690768
587690316
58769
58768989
58768958
5876890
58768843
587687
5876823
587682
58768190sp
587679
587678722
5876784
58767690
58767566
58767557
587673402
587672818a
5876721
587672
5876716
587671306
587671
587670466r
587670
5876692
5876681
5876672053105562
587667
587665hi
5876655
587665
587661g
5876618
58766144
5876612
5876611jj
58766001
58766
58765pftdj
587659511
58765941ivan
58765888
587658296
5876581
587658
5876578ppz
58765692
587656726
58765664
5876564177989
587656273
58765555
5876543
587654
5876531
587653
58765228
587652213
5876522
587651776
587651601c
587650812
58764cbh
58764955
58764935
58764659
587646
58764460
587644046
5876427
5876423578452
58764220
5876419
58764114
587641
58763958
587639485
587638911
587637741
58763711
58763703
5876365
587636
5876357
587635341
58763525
58763524
58763510
587634389
587634
58763389
587633810
58763380
5876335
58763346
5876333
587632828
587632812
587632463
587632110
587632
58763156
5876309114
58763
58762873
58762769yyo
587626b
58762631
58762605
5876259
58762573
58762522
587625
5876244
58762431e
5876234
5876223
5876216
5876207
58762036
58761986
5876185762
5876182
5876174
5876167
58761511
5876145
58761374
5876135l
5876123
587612
587611
587610621
58761059
5876102
587610
5876099b
58760900
58760867
5876067
5876047
5876040
5876032
5876030
587603
58760264
5876026
58760209
58760
5876
5875z
5875gzznk
5875girl
5875ch
5875b162ff
5875RVJB
58759j
587599010
587597197
58759673
587596654
58759549
5875940
587594
5875936350
5875930
5875925
5875919
58759044
58758ssgt
58758ki
5875898
587587d
5875878
5875877847
587587587
5875873
587587179599
587586
5875852
587581
5875805
58758
58757clua
587579a
587579116
5875789
5875787
5875786
587578320
587578204
587578
5875773
587576251
58757592
5875751
587575
5875739
5875737
58757363
587572642
58757111
587569kad
5875690
58756876oesed
5875687
587566jeff
58756655
587566
587565a
587564
5875631k
58756295
5875621
58756159
5875611
58755959
58755892
587558430
587557
5875565
58755615
58755573
58755517.0
5875546735
58755375
58755316
587552201
58755190
58755131
587550
58755
5875487587
5875487
5875478
58754756
5875466
58754521
587545
58754432
58754305
5875417
587541
58754
58753944
587539
58753865
587536451
5875361
5875350
5875339
5875336
587531668
5875316
58753020
58752gna
5875289poli
58752838
58752706
5875262
5875260k
587525dzy
5875249
58752461
587524
587522sl
58752283
587522563
58752211
587522
5875214
5875208
58752025
587520
58751996
58751985464
5875198
5875184
58751836
58751707
587517
587516
58751472
5875147
587514185
587513864
5875136848J
5875134h
587512545
5875120
587512
5875117
5875109
5875107
58750925
5875082
58750782718
5875070
587503
58750167
5875010
587500
58750
5875
5874tr
5874steve
5874rle
5874lol
5874hcfs
5874erik
5874cp
5874bon1440rev21
5874JT
5874HM
587499
5874983
587498
5874969
587496321
587496
5874958749
58749538
5874903
58749
5874881
587487
5874859
58748531
58748148
587481
58748022
587480
5874789
5874764
5874758
58747388
5874726
587472
587471
5874703
58747
58746izzy
58746822
58746741
5874670
58746641
58746610
58746601
58746560
58746507
58746426
58746399
58746294
5874628
58746177
58746116
587461
5874604
5874602
58746
587458214588
58745799
5874576
5874566
587456325
58745621458
58745614
587455434
587455
5874540n
58745353
58745259
5874523l
58745163
58745013
587450124
58745
587449
5874489
58744772
58744638
5874461
5874448
58744381
5874433
58744321
58744311talia
5874430
587443
5874429
5874427
5874408
58744028
58744020
5874399
5874390
587438500
5874371
58743680
5874361920110291
587436100
5874358
5874356
58743271
5874326
5874323mel
58743216
5874310
58743087
587430
58742dfex
5874297
5874294
587426985
5874269
58742663
5874265767L
5874263
587426
58742499
58742184
58742153
5874212
58742116
5874210
5874208
58742078alcohol
5874202d
587419
5874178
5874175
58741661987
5874165026
587416
5874159
5874145
58741327
5874132
587412koc963753
5874125
5874123n
587412396
587412369S
587412369
587410
5874097
587409
587408
5874060
58740440
5874028
58740176
587400l
5874001
5874
5873lh
5873lb
5873kon5873
5873amenomenkdy
5873ai
58739920
587399
58739895
5873988
58739755
5873974
5873973
587396
5873958
5873950
58739452
5873915
5873913
5873912
58738jj
58738952
58738935
58738859
58738815
5873873
58738630
587386
5873852
58738456
58738425
58738420
58738305
587383
5873829
587380a
587380
5873793
5873786
58737623
5873749
58737473
58737407
587372sammantha
58737230
58737052
587370
5873699
5873683
587368
5873679412
58736618
5873655
58736512
587365
58736435
5873631J
58736300
5873628
587362469
5873620
5873596
587358697
58735852
587358
58735793
5873571
5873548
58735443
5873544
587354
5873533
58735278
5873527
5873526
5873521
587352
58735141
587350
58735
5873489
5873488
5873486
5873483
58734750
5873470o
5873470a
5873470
5873465
587345
587344
5873431420
58734314
5873431
5873422K
58734206
5873412
5873396
58733794qiqi
58733725
587337
58733576
587334789
5873330
5873323
5873317
5873315
587330759
58733047
58732953
58732869
5873280
587328
5873279457061104
58732723
58732594
5873256907305
58732410
587324
58732363
58732225
58732196
58732195
58732183
5873214
5873213
5873196
58731935
5873191
58731842
587315
587314
5873133
5873126455
58731223
5873110
5873101
58730957QSCQSC**
58730807
58730720
58730667
58730665
58730621
5873041
58730406
58730397
58730311
587303
58730286
5873018
58730134
5873007
5873
5872udwiv
5872main
5872kb
5872blue
58729980
5872995e
5872986
5872982
587296907
587295
58729448727682
587293639a
58729363900
58729317
587291r
58729147
5872913
587290a
5872902
587290
58728bppjb
5872896
58728876
58728847
58728805nr
5872854
58728528
5872845
58728408
5872782
5872770
58727694
587276
5872756
5872751
5872746*rascal
5872746
5872741
587274
5872739
5872731
587273
58727225
58727218
5872719
58727102
5872709
58726a
58726925
58726917
587269
5872685
587266
58726581
58726543
58726513
5872650
58726491
58726480
58726400casa
587264
58726361
587260
58725944
5872590
5872582
587258
5872571jb
5872569
5872561
5872556
5872551
58725496
58725473
5872544
5872533
587252639
5872526
58725259
58725256464
5872524
5872522
5872507
58725
587249
5872485
58724834
5872477
5872474
5872466
587246
5872453lo
5872451
5872436
587242
5872408
5872402
5872400
58723893
58723658
58723656
58723625
5872352
58723338
587232
587230aa
58723
5872297
5872292
58722870
587228
58722737
58722704
587227
58722631
5872253
58722522
5872235
5872234kate
5872232
5872223t
58722190
58722109
58721e
58721c
58721987
58721963
5872177
5872172
5872163
5872154
5872152
5872149
58721443
58721285
58721249
5872123i
587210la
5872104
587210135
5872100
5872099
58720916a
58720831
58720764
587206
587205819
587205
5872045
5872016
58720127
587201
5872004431
5872004
5871cat
58719942
587199
58719881
5871987
58719823julio
58719809
58719748
58719431A
5871932
587192
587191411993
5871904
58719008
5871889
58718882
587188
5871865
587186
58718484
5871842D
58718421
58718295
58718280
5871828
58718228
58718221
587182
5871813
58718129
587179
5871779
5871778
5871766
58717641
5871759
5871750
587174900
58717383
58717328
587173
5871716s
58717139
587171
5871670
58716635795136987
5871658
5871657
5871656
58716556
58716493
58716425andreS
587163
58716208
58716205
5871602
58716009
58715871
587158
5871569
58715680
58715665
5871566
58715487
58715485za
58715479
5871546
587153737
5871528
587151
58715
58714997
5871486
587148400
58714715
587147
5871459
5871457
587145**
5871437s
5871424
5871422
58714124
5871412
58714025
5871397
5871395
58713848
5871359
587134
5871331
58713222
58713214
587130
587124156
5871225
5871217
58712142
58712050
58712003
58711894
58711800
58711745
587117
5871161
587116
58711551
5871155
5871152
58711427
58711405
58711378
587112
587111h
5871114
5871111f
587110e
5871101
587110
58710ww
58710954kust
58710816
5871080
5871064pma
5871064
5871042
5871036
5871034
587102K
58710211
58710184Nery
587100
58709wfjmh
5870997
58709750
58709599pc
58709198
587090606
58709032
58708mtuvy
5870896
58708941_j
587088
5870877
587087
5870821l
58708144
587080
58707964
58707875
5870785
587077
5870748
58707316
587072
5870718
587070
58706j
58706eimyc
58706951
587069
58706589
587064213
58706402
58706243
587061
58706045
5870602
5870558
5870555s
5870550
58705464
5870544roje
587051
58705030
58704qqukw
58704mvio
58704life
5870498
58704544
58704540
5870453
58704130
58704085
587040
58703774jaqueline
587037
5870365nc
58703627
58703610
587034
58703250
5870321
5870317
5870310
58702829
5870272
5870270dj
58702580
58702514
5870249
587023y
5870230
587023
5870222592
587021
58701995
5870185
5870173456
587017
5870152377
5870147
5870142
587014
58701352
587013
5870124
58701116
58701097
5870100749
58701
5870085
58700836rami*
587007
5870068
58700627
5870057
5870036j
58700201
58700170
58700166
58700147
587001
587/2/15
587-6244
587-2257
587-0114
586ryd
586regit
586pros
586orcdt
586monkey
586leal
586kimijj
586joker
586ff24
586dsm1..
586declau
586davdjr
586chepis
586cfefj36@
586a97
586JOSE
5869nellynebuna
5869mex
5869graham
5869dsa
5869dp
5869chase
5869RD
5869RB
5869POLKAUDIO
586999kd
58699865
58699810
5869980
58699629
5869961991
586996
58699390
58699303
586993
58699246
586992
586991
586989384
58698834
586986988s
5869863954
58698625
5869856
58698480
586984390G
5869841
5869827
586982043
586980520
5869801
58697845_
5869774
5869767
5869763g
58697561
5869751
5869738
5869737
58697368
5869730
58697262
58697030
58697
586969
58696882
5869688
5869669
586965870a
58696544
58696434
586964263k
58696369
586962870
5869628
5869615carl
58696159
58696153
5869605
58695968
58695911
5869591
586959
58695886
586958693
5869579
586956a
5869568p
5869561A
5869559
586954k
58695424
5869536
586953310ur
5869530
5869524
586952
5869510c
586950
58695
5869495
5869490
586947ki
58694752
5869471230
58694704
58694641
5869463
58694605633132
58694578321
5869445
586943617j
586943
58694276
586942162
58694180
58694176
586941315
586941111
586940562
586940340
586940288
586939398
5869390
5869389
5869354
586935
58693412
58693400
586934
5869335
5869328995
586932147
5869321
58693158
586931
58692irgqy
58692968
58692910
586928410
586928
586927
58692642
5869258
5869250
586924
5869234
58692314dani
586923
58692138
586921232
58692120
58692041a
5869188
586917h
58691737
5869171991
58691706
58691574
5869143
58691381
58691310
586913
5869115
58691065
5869102
58690m
5869097
586909
586908822
58690695874491
58690552
58690527
5869042L
5869041
5869028
586902347
58690171
586901371
586901
586900611
58690039
5868vdhvz
5868pap
5868eiza
5868dp
5868athina
5868Nfdj
5868998
5868997
5868978
5868969
586896
5868953
58689517
586895123
586895
58689297
5868922
586890ml
58689041*rubi*
58689
58688805
58688678
5868865
586886046
586886
586884903
586883264
586881710
5868815
586880789
58688042
586880
5868793210
5868787
5868786
5868756
586875
5868743
586873za
58687210
5868714857
586871
58687022
5868701
586869621
5868691
58686875
5868681946Q
586868
586867855
586867
586866
586865391
5868648
5868636
58686315
5868627
58686136f
5868613
58686121
5868610
5868609
58685986
58685868
5868582
586858
586857490011
58685624
5868561
586855
58685472
586854569
5868541
5868501
58685
58684976
586849165
586849093
58684905
586848796
5868485
5868480847
586848
5868479
586847847
586847763
5868477
5868470brayan
586847
586846555
58684651
5868463
58684581
5868451
58684499
58684491
5868426159874
586842
586841g
5868419D
58684171paty
58684146
586841
58684026
586839
5868380d
586837m
586837
5868369
5868357
58683172
5868316
586828305
58682675
586826643
58682643831241
586826
586825821
58682571
586825534
586824949
58682383
586822ll
5868222
58682202
586821846j
586821000
586821
586820943
586820085
58682007
58681992
58681932
5868182
5868180
5868167
5868150
58681464
5868144
5868136
58681332
58681111
58681060
5868102
586810
5868097
5868077
5868076
5868074
586805825
58680506
586804956
5868041
58680401
5868040
586803419
586803257
586802958
58680205
5868015
586801
586800951k
5868006
58680059
586800427
5868000
586800
5867family
5867boy
5867ap
5867ab
5867AN
5867979
58679617
586796
58679521
586794969901
5867921Aamanda
58679017
586790
586789689
586787349j
586787063
58678584
586785130
586785
586784525
586782426
5867819
5867816
586781572
58678143
5867788
586776carollinaa´
586776
58677503
586773
586772
586770
586765l
5867659s
5867655
586764723
586764642
58676437
5867640247
586763
586762582
5867625
5867615
58676092
58676071
58676068
586757
586756
58675570
5867538
58675102401250emmanuel
586751
58675029
58675012216
58675
586749638
586749608
5867493
5867488
586748062
58674621
58674572
5867454
586745
586742761
586742454
5867423413
5867422
5867418
586741350
586741
58673873
5867376a
5867365
58673530
58673511714
586734
586732
586731jj
5867317
58673096
5867306
58673006
5867297
58672930
586729
5867288
5867271527
5867266
58672410
58672407
5867234
58672305
58672261
58672
5867197
586719
58671782
586717
58671602
5867145fg
58671427
58671345
586712
5867117
586711
58671
58670bakrr
58670998
586709
586708
58670763tania
58670742
5867067
5867066lesly
58670550
5867035
58670177k
58670032
58670000
586700
5867
5866segedi
5866dbzrq
5866cute
5866ab
58669985
58669825
5866961203
586695b
5866956lc
58669413
5866940
586694
5866932006
5866932
586693
5866925
586692
58669055
58669032
5866868b
586685272
58668476
5866843158668431
586684137
5866827
58668078
58668066
58668060
58668008
586680
5866790
586678
5866776
5866773
58667728
5866772
586675l
5866741754
58667243ea
58667210
58667
5866699
5866696!
5866677
5866676
5866672j
58666658
5866648
586664
5866632
586662
58666158
5866610
58666066
586659boys
5866589
58665868m.
58665802
5866568
5866558
58665527
5866548
586654
58665393
58665310
5866531
586653
5866521e
586650
5866491
586649
58664719
58664699199127
5866456
5866454
58664467
586643
58664267d
58664
58663915
586637
5866368
5866365
58663534
5866343722
5866340
5866335
586633
5866322
5866314
58663090
58663034
5866293
586627dan
58662742
5866274
5866254
5866252
586624
5866238
58662210
586618103
5866175
5866167
58661626
58661615
586614
5866126x
58661263
58661248
5866115
58660910
58660769
58660707
5866062
58660536
58660527
58660