8
597359735973
59735912
59735860
5973581d
5973553
597355
5973549
5973527
597349704
597349544
597349053
597348864
597348166
597346501
59734537
597345039
597345
5973440
597343
5973429
597342567
597342445
597341502
597341
59734090
597340418
59733877
5973382
59733819
5973363
5973355
5973347
59733456
59733364
5973334
597328843
597328038
597328
59732699
597326587
597325r
597325500
597324805428
597324554
59732415
5973236
59732349
597323068
5973227
597322519
597322
597321991
597321443
59732136
59732081
597320556
597320396
59732010
59732001
5973196
597319
5973186
597318
597316kg
597316842
59731654123
597316482
59731586
59731489
597314789
597313j
597313
5973129
59731245682
597312
59731
597308700
597306972m
59730631
5973055
597304823
597304121
597304023alexis
597304023
597303974
597303246
597303
5973025
5973022
597302042
59730194
597300746
597300156y
597300156
59730
5972zvhux
5972sw
5972luv
5972kly
5972hogwart
5972forever
5972cat
5972999w
5972997
59729710
5972969s
5972962
597295
597292
5972912
5972910
59728jytop
5972895
597289245v
597289107
597288198g
597287033
597286289
597286
597285bh
597285b
597285759
5972852731990
597285044
597284304
597284169
597283805
597283673
597283617
597283134
597283
597282686
597282521i
59728217
597282
597281506
5972814
5972811
597280865
597280737
597280415
597280016
597278
5972763
59727442
5972742
597273
597272
597270
59726m
597269mz
5972699
59726976601250wx
597269200
597269014
59726873
59726864
59726838
597267891
59726725
597267
59726673
59726521yoker
597264k
59726495
597264474
597263976
597263020
597263
597262897k
597262593
597262302
597261441c
597261441
597261177
59726105
597261
597260559
5972594
59725696
597256530
59725643
5972563
597255
597254803
5972545
5972530
59725297
5972511
59724tt
59724anelice
597249171
59724885
597248777
5972486
597248405
5972478
597247
597246499i
59724596
5972455k
597245406g
597245161d
597244620jose
597244477ss
597244
5972436
597243450
59724345
597243240m
59724312
597242918
597242886
597242845
597242613
597242199t
597242199l
597241992
597241566
59724120
597241106
59724097
597240816
59723chiquis
59723913
5972368
5972367
597236435056
597235
59723399
59723320
59723157
59723146
5972310
5972304
5972300
597229707
597229202
597229032
5972289m
597228964e
597228620
597228545
597228
597227386
597227182l
5972270
597226829
597226347
59722599
597224468
59722346
5972226
5972223
597222273
597222002
597221732y
5972214
597220892mary
597220772
5972203
597220
5972199r
59721992
59721979
59721808
59721807
59721718
59721637
59721590
59721458
5972143
5972126
597212
59721151
597211
59721053
59721023
597209a
597208
597207255m
597207254
597206927
597206149
597206
597204853
5972044
597204163
597203961
5972035
59720329
597203204
597202068
597201502
59720119
597200962
597200795
5972005
59720
5972*rosi
5971sexy
5971s15i3361
5971s15
5971jess
5971jc
5971geliebt
5971blanche
5971amwpm
59719975
5971986
5971977
5971958
5971941
5971937
5971925
5971903
5971902
597189951d
597189811
5971898
5971896
597189555
59718952
5971885
597187910n
5971872107
597187020
59718623
5971862213542002
597186168
597186155
597185
597184879
5971841
59718207
597179
5971785
59717632
59717466vazquez
5971743
5971738
5971722
5971707
59717067804382
59717048
5971698
597169106
59716827
59716762
5971676
597167589
5971671
5971670
59716698
597166887
5971662
5971659
5971644
597164
59716343
5971633
5971630
5971612t
597160734
5971605
59715992
59715971
597159
5971589
59715728
59715710207
5971570
59715435
5971540
597154
597153
59715283
59714ro
5971483
5971482
597145742r
597145116w
597145116
597145
59714494
597144765
5971437
5971431
597142594
597141393
597141333
59713ademsahin
59713a
5971390
5971387
5971377
59713725
597137
597136hell
5971368425
5971356..
59713516
5971350
597134891s
5971345869
59713455
5971341
5971339
59713334
597133
597132468
597132
597131
59712mt
5971296850623
59712938
597129368
5971287
597128685
59712835
597128
597127859
597127786
597126934
597126290
597125984
597125504
597124433
597124323
5971227
597122168
597122
597121501
5971213
597120929j
5971205
597120020a
597119kjd
59711991
5971192
5971185
597118
59711781
59711689
59711395_amor
5971135
59711318
59711315
5971113
597111
5971100
597110
597109
59710889
597107001
597107
597106600j
597106600
59710651
597106430
597106329
597105034156
597104803
597104581
5971043
597104116
5971032
5971030
59710278
597102381
5971022
597101220
597101
597100591
597100
5970tps
5970eb
5970bbr
5970affa
59709k
59709hkifs
597099812
597099329j
5970989
59709864
597098
597097654
5970973
597096
5970953905966847
5970951
597094z
597094740
597094
597092027
597091736
59709100
59709075
597090681
5970863a
59708630
59708538
597083
5970822
59708084
5970799nan
597079496
597079408
59707913
597078752
597077770
597077199
597076924
597076783
597075910
59707576
597075637
597075602
59707515
597074935
597073503
597073205
5970731
597073
59707218
5970717w
5970716i
5970713
597071189
597071110
597070j
597070d
597070993
5970707
597070584
597070
5970693118213647
5970693
59706578
5970655
5970652
597064
59706238
597059a
59705970
597059249MUNRRA
59705887
5970584381986
597058205
597058051a
597057852h
5970570
597056164
5970560
59705596
597055371
59705515
597055
597054839
597054200
5970533
597052294
597052109
597051/me
5970487
5970465
59704645
5970431313
5970430
59704063
597039817
597039654
597039212
597039008
59703885
5970388
5970382
5970373
5970372
597036546
597036389
59703576
59703542
59703508
597035
597034753
597033
5970325
59703085
597030
5970287
5970247
597024
597023
59702089
597019
597018214
5970180
597018
597017885
597017749AYJ5983
597015863m
5970147aubers
5970137
597013307
597013175
597013040
597013
597012826
597011
597010396
597010054ssr
59701
59700887
5970076dl
5970061
5970013
597000
597/0
597-36-1381
597-36-1098
597-14-2517
597-07-3764
596ymx
596water
596tv
596shyna
596quiktrip
596mary
596mar
596jfal806
596gw4
596efc
596cld
596buksh32
596bry
596bebo
596aramoix
596R.S
596COOL
5969mmk
5969me
5969hg
5969Brth
596999
596998
59699596
5969939
596991104
596990
59699
596988
596987
5969864
5969858
59698359
596981
5969807
596980001697
59697a
59697989
596978a
5969742
596972A
5969721
59697120
5969693
59696913
596966k
596966977
5969648god
5969638
5969632
5969598
59695977
59695974858
5969593
596959
5969564
596956
5969551
5969548
596952
59695142
59695060
5969505
5969496
59694954
596949
59694721
596944j
596944
5969428
5969421
596941
596939
5969371
5969356
5969352
596935
5969337
5969318
596931638
59693097510038
596929d
596929
5969274
5969263
596926
5969244
59692433
596924
5969219
5969218
5969205
5969197
59691864
5969169
596915
5969126
5969125
596912
5969097
596906
5969011
5968mupfr
5968gab
5968_014780554
5968996
596899
5968957
596895
59689410
596894
59689294
5968918
5968900
5968867
596885
59688483
5968824
59687q
5968786
5968777
59687486
596874
59687321
596873021
5968716
5968714
59686949
596869
596868
5968674
59686607
5968651
596865
5968642
59686410
596864
596861710271991
59686151
59685973
59685968mai
596859680
5968591
596859
59685880es
596857
59685696585
59685581886886
5968554
596854
596853
596852
596850
5968479
59684788
596847
59684592
59684579
5968452
5968434
59684286
59684284
5968428
596842
5968417ctf
596840r
5968400m
596837
59683693
5968363
5968349
5968340
5968310
596831
596829p
596827
5968242
5968240
596823012
596822LA039*
59682213
596822
59682149
59682048
596818291
5968143
59681350
59681261
5968123ty
5968123
596812
5968111
5968098
596808
59680605
59680602
596805
5968035
5968032
5968024
59680199
59680151
596801
596800
5968
5967sereiamarta
5967kitty18
5967hsh
5967es
5967R71c
5967994
59679888
59679843
596795021
59679144
5967889
59678741
596784
596782684667
596781151
59678100
596781
596778
596776
5967753j
5967745
5967727
596770
59676yhvxp
59676mavi
59676alex
59676898
59676850
5967676
5967607
59675967Q
596759
59675556
596755
5967547539
5967545
5967530
59675036
5967493j
5967493
5967492a
5967466
596742b
5967411
59674
5967377
59673711
596737
596736ry
5967356
5967352
5967341
59673295
5967256
596725
59672481
596722
5967218
5967211
596719
5967189
5967187
5967178
59671704
5967155
59671320856gs
59671320856
596713
5967119
5967104
5967095
5967088
5967082
596708
596707
59670354
5967024
596702230
5967013
596701
5966zlg
5966tlh
5966t2
5966slk
5966lynn
5966jwmktw
5966er
5966b
5966ave
5966994443378
5966991
5966990Javier
5966960703048
596695317
596695
5966945
5966921me2
5966916
5966910202
5966891219
596689
5966836
5966832
5966830
59668196
5966819
59667934
5966777
5966775
596676
5966735
5966721
596672
5966688
5966673
5966662
596665
59666401
596664
5966638506
5966634
59666270
59666065
59665yzjoj
59665983
5966596654
59665960
5966591
596659
596658209257
5966582
59665750ag
596656
5966558682P
596655
59665
59664835
596648
596646
5966446
5966445
596643
5966418m
59664122
59664080
59663824
596636835846
5966365
5966359663
5966356739
59663536
5966333
59663299
59663230
5966323
5966321
596632
59662jzqtu
5966286
59662744
596625612
5966254
5966248
5966245
5966218
59662
5966170
5966166
596616577
5966153
5966151
5966143
596614
596612
5966119
596611
596609
5966074
596607
59660681
59660355
5966016
596601
5965rg
5965mg
5965kmook
5965jess
59659979
596597debsnicky
5965966
5965964
5965956
5965942
596593
596592
596589
5965880
5965871
59658687549
59658659
596585
59658497
596584
59658330
596583
596580804c
596580804
59658
596577
59657420as
5965736
596572
59657
5965697
5965685b
5965662
5965656
5965645
59656388and
59656
59655695
59655373
59655
59654939
596548
5965432
5965413029
596541
5965392
59653654
5965360
5965342
5965329
596530o
59653
59652knqdd
59652752
596523
5965225
5965216
596521351
5965189
5965168
5965129
596512
5965108
59651010
5965087
596506
5965006
5965
5964mia
5964lai
5964kdbj
5964cely
5964azirah
596498
5964963
596494
5964936
596492j
59649177
59648694
596486
5964829866
59648285
5964823171
596482
596481779
596477
5964760
5964755
5964736
5964722
5964717
5964692
596466ws
5964667
5964660
596465
5964647
59646392
5964634p
59646334
596460955
5964606
596459
596457
596456456
5964563
59645244830951
5964501
59645
596449347
596446774
596445826
596445719
59644532
59644530
5964449
596444572
5964432
596443164
596440966
59644
59643rbick
5964326
5964321401995
596432013
596431
59643
59642774700
596427
596426722
5964258911763
5964250602rimi
59642468hmk
596423j
5964231
596422230j
5964210z
5964205
5964201
59642
596419
5964179
5964171240485
596417
5964160
5964144
596414
5964124cca
5964123
5964108mcr
59641
59640ga
596409707
5964078
5964064
5964058059258085970
596405526
59640335017
596403
596402662b
59640210
5964016
596400
59640
5963yr
5963nunke
5963kvp
5963kj
5963k322
5963bigd
5963987mr@
59639709jose
596396
5963936katherine
59639284
5963928
5963921
596391
59639053
596388714
596388
5963878
596387
5963861
5963857
596385375
596385
59638494
596384240
59638388
596381283j
596381283
59638120000
596380827
59638
59637jwtym
59637719
59637680
596374
5963739
5963730
596372597331
596371
59637049
596370
59637
59636932
596369200
5963688zix
596368606
596368520
596368105
596367530454
5963675
596367124
596366793
596366625
596365905
596365254
596365
5963646
596364369r
5963631
596362368
5963617
596361101
596360267ernie
596360100
59635741
596356
5963544
59635410
596353m
596352
596349828
596349820*
596349224
596348A
596348977
596348944
596348809
596348436
596348261
59634700
59634649
596345843
596344103
596344008prieta
5963433
596342999
59634161
596341321
596340512
596340181
596340054
59633gpiws
5963375
5963354
596333
5963310J
5963310
59633
59632883
596328597
596328414
59632783
59632771
596327263
596326226
596325662
596325524
596325523
5963255
59632526
59632491
5963249
5963245jgr
5963245j
596323213f
59632260
596322477
5963221
596322
596321sy
596321m
596321576
59632154
596321478
5963210
596320875c
59632085
5963202
596315
5963142
5963117
59631139ABC
596310130
5963099
596309
596308380
59630819
596307971
596305569
596305144ee
596305
596304786
596304160j
596303peru
596303567
596303168
596303
596301s
596301352
5963011094149531
596300617
5963-00
5963*hatcher
5962lwjj
5962k
5962jcns
5962LWJJ
596298411
59629796
5962974
5962965
596296
596295
5962940
5962922
596292
59629191
596290
59629
596289636
596289407
596288
5962879394
596287585
5962875678
5962874822
596287382
596287
596286ash
596286214
596286
5962858890
596284714
59628386
596283511
59628286
59628255b
596282411
596282005
596281304
596281104
596280756h
5962803
596280
596279
5962771
596277
596276
59627546
596275
596274
59627324
5962728
596271
59627
596269685
596269
596268945
596268872
5962685
596268130
596268008Stephan
596266796
596266366
596265946
596265771
596264950
59626426
596264146
596264068b
596264
596263806q
5962629
596262680
596261912y
59625962
59625820
5962581
5962571
5962569
5962562
5962557h
5962557
59625568
59625517
5962551
5962550
5962530
596252
59625062
5962503
59625
596248545
596248152
596248
596247732
5962475p
596247578
596247
596246977
596246690r
596246431
5962464
596246092
596244928
59624449
596244335
596243651y
596243546k
596242951
5962429
596241858j
596241707
59624138
59624132
596241135
596240907
596240294
596240097
59624
59623lubomierz
5962390
59623846
59623771
5962374
59623512
596235
596233
59623278
59623009
59623
596229504
596228770
596228
596227597
596227550
596226742
5962267
596226201
596225
596223245
596222073
596221352
59622004
596220
59622
5962193
59621672
5962162
59621508
5962148
596214
596211a
5962116
5962115
5962106
596209316
5962091
596209070
596208a
596208684
5962081
596207995
596207775
59620701
596206164
5962053
596204937819043
596204708
59620400
596203945
596203444s
596203
596202807
596201503
596201494
596201063
596200489
5962003
596200123
5962000
5961tito
5961ju
5961jst
5961gl
5961bb
5961985B
596198
596197
596193
5961919
5961915
59619092
596190
596189579
5961895
596189425
596189075
596187k
596187092
59618693l3
5961866
596186271
596185671
596185532
596185151
596185104
596184989
596184791
596183
5961829
59618030
596180004
5961762
5961761
5961758
596173
596171
596170
596168662y
596168652G
596168294
5961680
596166925
596166455x
596166344
596166281
596165066
596164875
59616482
5961640
5961629
59616219
5961621
596162
596161
596160686
5961595
596158
596149831r
5961497
596149511
596149299
596149
596148732
596148586128591415928
596147908
5961473
596146474
596146185
5961461
5961456
5961452a
596143711
596143706
596143188
596142281
5961422
596141942
596141853
596141123
596141
596140rockyou
5961400405792
5961399cw
59613656
5961357
59613525
596135
5961330
596133
5961288
596127314
59612530
596125290
5961250807
596124260
596123718
596122675
5961223
596121
5961206
596120158
596120
59612
59611940
59611758
5961168
5961131
596109981kt
5961099
5961098
5961096
59610851
596108116
596107807
59610695
596106554
5961063
59610614
59610612
596106006
5961047
596104126
5961039
5961030
5961020
596100920
5961007l
596100
5960ybm
5960lm
5960ky
5960fr7
596099856
596099804
596098l
596098985
59609752
596097091
596097
5960966
59609644
596096417
596096279
59609597koay
596095
5960948l
5960948
596094452
5960940434835764
596094
596093976
596093246
596093041
5960928
5960924i
596092372
5960918
59609096
596090943
596090
59609
5960896
59608684
59608655
59608487
59608294564
59608286
596081
59608092
596080
59608
596078918
596078058
596076455
596076176
59607610
596076
596074892
596074258
5960737
5960719
596070035
596069
59606897
59606810
596067
5960669
5960633
5960629
59606166866949
59606162
596060
59606
5960595
5960590
59605896
596058637
596058017
596056965
596056389
596056
596055
5960544
5960540
596053736w
596053736W
596053646
596053415
596053002
5960521
59604911
5960478t
5960435258
5960415
596040
59604
59603r
59603fvcvi
59603bpdow
596039905
5960399*
596039895
596039658
596038835
5960383
5960377
59603575
596035432
596033849y
596033323
596033103
596033072
5960324
596032
596031315
5960311
596031
59603008
596030001955900
5960300002427
596029
5960286
5960274
596027
5960262
5960242
596024001-330
5960240
596022
5960213
59602
596019919
596019
5960187
596018190
59601690
596016845
596016075
596014781
596014643
596013540
5960133
59601327
5960132
596013085
596013035
596013
596012676
596011199
596011
596010871
596010664a
59601
59600n7
596007
5960069
59600400
5960025
5960021
596002
596001s
596001659
5960014
596001
5960007
596-7623
596-2470
596-09-9165
595zgccv89
595tfl
595sugar6301
595sexy
595s9042c
595s44
595s234
595rung
595pgf10
595ob4me
595naty
595lkd
595h05h05h77
595gtbgrandp
595god
595deer
595accxe49
5959zha
5959xkdl
5959ssnr
5959rlf
5959pink
5959lds
5959lbf
5959kevin
5959jh
5959flpa
5959dart
5959coca
5959caw
5959alexaris
5959LDP
5959DCFI
5959978
5959959
5959954
595995
59599388
5959909
59599007
595990
595989
595988
59598741
59598620
595986
5959856
5959854
59598530
595984820
5959848
59598459
595984
5959829+
59598264
59597979
59597881
5959788
59597824
5959771
595976
5959735
59597285
59597135
595971
59597070
59596jyjwc
59596959
5959691
59596812357
5959681235
595968
5959677
595965984x
59596565.
5959653
59596506
595964
595963214
59596256
595962559
595962080
595962
595961850904
59596154
595960
59596
59595hall
595959gb
595959@
5959599
59595988
5959597
5959595959
59595955
5959595
595959**
5959588
595958173123
595958173
5959574691
59595735
59595656
59595626
595956
5959559
59595504
5959550
59595478
5959537883daniel
5959536065
5959527062
59595152
5959515
595951076009
5959509
59595!f
59594FD1
5959499
5959493
5959489
5959479102531rek
5959477
5959476
5959470
595946
5959455
595945
595944
59594321
59594102
5959405
5959402200
595940
59593ruqpv
5959399
59593942
59593863
5959380
595938
5959377
5959373
5959371
5959359
59593480a
59593480
59593381
5959319
5959296
5959294
5959291
595929
595927
59592684444
5959260
5959259
595925343
59592508
5959224
595921
59591983
59591960
595919
59591821
5959176j
5959140627
59591330
59591281
595912345
595912
59591100
59591
59590952
5959092
595909
595908619
5959084a
595908
5959070
5959048
5959046
5959038
595901831
59590105
595901
5959006
59590059
5958zc
5958monita
5958kinder
5958???
5958??0
5958999
5958997
595899
595898
5958967E
5958967
59589613
595896
5958944
59589324
59589261
595892105
595892
59589125
5958885
595888
59588709
59588681
595886206x
5958857
59588549
595885119b
595885
5958848
59588375omar
595882561
59588220zoniama1
59588199
5958819
59588179
595881339
59588025
5958786
5958783tigger
595878
59587752
59587700
595877
5958751
59587416
5958739
5958738
59587218
5958720
595872
59587196
595871
59586864
595868098
595863646
5958633
595862285
59586210v
595862
595861
595860
5958595
595859
595857m
59585754
59585736
5958572759585727
59585701
59585652
595856
595855k
595854manu
5958548
5958547
5958544
5958532
5958507
5958493
5958471526
59584700
595847.
595847
59584525
59584510
595844jj
59584470
595844091
5958420ca
595842
59584133nubia
59584102
59584
5958372
595837
595833
59583268
5958320
5958316
5958306
59583047
595830145
59582901
5958282
595827922301
5958279
595827314
595825771k
5958228r
5958225
595821
5958195
5958191
595818921393987
5958185
59581795352713
5958179
5958141
5958119
595811
595809
59580743
5958073
595806358
595806340
595805
595804600
5958042
5958037
5958032610
59580326
595801
595800
5957wave
5957tl
5957995
5957988
59579672
5957961
59579586
5957957
595795
595789
59578870
5957879
5957874
5957865
5957863
595785921
595785
595783fair@
595783417X
595782648
5957824
595781723
5957789
5957777
5957749
595772ap
59577250
5957721
5957714
59577041
595770
595768059
5957674
595766969
595766685071
595765334
59576432
595763
595761980
595760763P
595760224
595758262425
5957575859
59575673
59575436
59575351arr
59575314
595752
5957516
5957515313
5957474
595747066
595747
5957461
595744p
5957414
5957404
595738
595737
5957364
59573601p
5957319
5957306
5957288
5957284
5957283
5957270
59572607
5957259
595723
595720890
5957207bebo
59572
5957197
595719
5957188
5957157
5957137
595713
5957127
59571263
59571234
5957116
5957109
595710
595709487
595709
5957085
595708088
59570721
595704
595703
595702b
59570116
595701
595700624s
59570023
5956bamz
595698
5956962
595696
5956914
5956912
5956901
59568ag
5956895
5956879
59568778
5956874
595686
5956842
59568396
5956835
595683493
595681571s
595680998T
595680998A
5956802
59568
5956785
5956768
59567555
5956748
59567224
595672
5956704
59566B
595669623
595668664
5956679
59566383
595663214
595662596
5956603
5956599
5956598
59565957b
59565957
5956571
595657
595656909a
5956566
595655
59565352
59565113
5956503012
59565
59564813
595646
5956456
595643244
5956414
5956412
5956411
59564052
595640124
59563m
5956396
595639
5956385
5956362
595636
59563414
595634
5956323a
5956317
595630245
5956267
59562666
5956259
595625065
595624940
5956247896321
5956242
595623
5956227310
595622
5956216AA
595620122
59561864
5956164
595614
595610m
5956107
5956104
595608815
5956040
5956036
595603196
5956030
595603
595602
5955tj
5955milica
5955hakim
5955gina
5955drm
5955biibs
5955aihmn
59559hb
59559959
5955995
5955981
5955975
5955972
595596253
5955952
59559500
5955931
5955910
595591
59559
59558frp
5955899
595589682
5955894
5955882
5955868
595586680
5955838
59558257
59558144
59558073
5955807
59557at
59557AFA
595578
59557766shit.
5955761
595575
5955738
595573
5955692
595568293
59556745920
595566937x
5955651
59556444
59556290
5955620
5955619
59555995
5955595
595557
59555465d
59555395
59555189
59554809
595547576
59554744ab
59554700
595546
5955455
59554532
5955445
595541
59554097090
59554070
595540
5955392393271980
5955384
5955359553
595534
59553174quique
595531465
595531
595529
595528
595527
59552469
5955225
5955216
595521055
59551993
59551965
5955195
595519
5955150
595515
595514j
595511
5955096k
59550630
595506
595500A
5955
5954zachary
5954boom
595497
5954958
5954946
5954911
59549
5954898
5954893
5954890becas
5954890
59548791
595486hotel
5954866
595486529
59548545454
5954853
595485214
5954815
595481193
5954802
5954780
595478
595477
59547487
5954744a
595470038
595470
5954673
5954670
595462
5954619
59546016
59546
59545954
5954582ali;
59545580
595455
595454
595452
595451475
595450394
59544xgedd
59544965
595444sg
5954449
595443
595442Js
59544179
595441
59543k
59543933
5954389
595437ja
59543777
595437497
5954359
595435886
5954297874
5954292
595429
59542726
59542641
5954264
5954251
595424704
595423578
5954232
595423
595422572
595422097
5954214107859542
595421208
595420210
5954201
5954195
59541812
595415
5954138
59541324
5954129
5954125vanessita
5954123a
5954121
595412
5954116mota
595410
59540ibggg
5954090
5954074
5954070
5954054a
595405
595404
5954018
5954001
5953westdakin
5953wellbo
5953talia
5953sm
5953mgsl
5953libra
5953ky
5953kgt
5953kde
5953jm
5953gj
5953fx
5953dubz
5953bond
5953bayramalper)
5953ashg
5953ah
59539ryiof
59539lt
5953992
5953969
59539
5953893
5953884
595388392
595387424
595384392
5953836
59538291
5953827
595381
5953807
5953766
5953765
5953742
5953739
5953733
595373
595372j
5953726
5953714
5953708
59537
59536934
595368cd
5953684
595368
5953672
5953665
5953661
595366
59536563
5953650
595364195
5953636
595363
5953628
5953626546456
595361372037
59536
59535b
595359
595356
5953555
59535333
5953526
595352
59535157
5953503m
59535034
5953496
595348871
595348
595345
5953444h
5953440
595342205
59534166
595341241
595341
595339
5953368
595336321
5953363
5953324
5953320
595330783
59533
5953296
595329
5953280
595328
595327584
5953273
595325189
595325
595324
5953230
59532286
595322549
595322373
5953215
595321
5953202
59532012
59531m
59531801
595316t
595316460
595316446id305
595316
5953158
5953150589
595315
59531414
59531402
595312
59531150
59531
5953061
59530460
595304
595302
595300
59530**
5952sasi
5952ky
5952ayuuk
595299
59529844
595294
5952932
595293085jp
595293
5952926
5952924
5952919
59528nas
595289
59528813
5952881
595287
5952843
5952839
595283882
595282
595278
595276
595273
595271569
5952705
595269
5952651
595265
5952642
595263211
5952627
5952626
5952599
5952598
595259748
5952595
5952570
595256
595254463
5952537qwe
5952530
595253
5952526595
5952525
595252180
595252
5952514
5952509
595250142
595250041
595250036
59524926
5952491
595249
5952474
5952446
595244
5952431
595243
595242552
59524197
5952400
59524
595238705x
5952385
595238
5952376
595237
595236
5952342za
595234
595232652e
5952323
595231954
59523
5952296
5952276
5952266
595225
59522454
595224
59521n
595219
59521851
595218
595216666
59521609841
595215346amg
595214739
5952147
595214
59521218
595212
595211
5952108
5952105
59521009
595209715
595208109
59520726
5952061
5952057
595205058
5952050
595205
5952045
5952036
5952034
595203
595202284
595202
595201
595200jl
595200
5951ff3e
5951cim
5951999
595199469
595198
595197501
5951971
5951967lnb
595195a
595194824
595193n
595193kj
5951932
5951928
595191930
595190595190
59519
5951893jg
595188
5951864
5951845
5951843
5951841
59518303
5951800
5951793
595178
595177943a
5951771
5951762
5951754
5951750
595173587e
595172115
5951712
5951700
5951685
595168
595166
595165
5951617
5951602
59516
5951594
595159
5951585
595157535
595156
5951552
595155148
595155
5951548
595154
5951539
595153
59515267
595152520
5951517
5951513
5951505
595148@
59514858
5951474248
595145
595143s
5951429
595142452
595142
5951414
5951403
5951401
595138159
595138
5951368
5951332
5951319
5951312
595131
5951309
595130
59512957
5951294
595127152
595127
59512618
59512536
5951252
5951249
5951245
595124
595121012al
595119150
5951185
5951181
5951169
5951166