572914
572913987
572913665
572911pp
57291176
572910
5729084
57290830933
572907200
572907
57290000
5728zima
5728wcpt
5728nikki
5728dchi2
5728age
5728T
5728989
5728941g
5728941
5728937
572892936
57289
57288888
572888
57288102
572880
5728783
572878
5728769
5728750
57287309
572872
572871
5728705
5728696
572869
572868
5728676
5728643091
572863
572862
5728605
572860
57285758
572857
572856
5728541
572854
572851
57284now
572849551791
572849
572848002033vbr
5728475
572845
57284465
5728444
572840
57283631
5728363
572835190
572835
5728348
57283289
57283072
5728304
57282myqc
5728283
572827
5728250
5728247
572821
572820
57281989
5728178
572814936
572814552b
572814
572813537
5728130
572812
5728106
5728105
57281001
572810
57281
572808
572807
5728060
572806
5728054
5728014
5728010
5728001l
5728
5727ryan
5727rock
5727n56
5727hugo
57279nkmnu
57279aiden
57279969
5727987
572797
5727967
5727962casa
572794628s
572794
57279327
57279265
5727857
572784
57278
57277nic
572778836
5727782
57277135727713
57276jxwmc
5727686
57276824
572768
572767
572762
572761h
572761
57275835
572758
57275605
5727558
5727538mom
5727532
5727528
57275278265
5727527
5727523
5727510
5727504
57275
57274985
5727486
5727476minor
5727473carter
572747
5727465
5727460
572746
572745
572743
5727429
57274215
5727371
5727369
572736
5727323
57273055
5727300
572730
5727273
57272527
572724
5727227
572722
572721
572720r
5727200
57271967
57271944
572717
5727167
5727147
572714
572713307
572713
57271127
57271
572706
5727055
572704
5727038
57270000
5727
5726tdb
5726ta
5726suzieq
5726nat
5726jsbm
5726jana
5726aks01
5726985
5726970
572690
57268zxgwd
57268997d1985
5726898
572689
5726883
5726861
572685
5726818
5726793
572679
5726755
572673
572672783
5726657
5726651/as
572662
5726615
5726600
57265923
5726581
57265726
5726572
5726570
572657
5726551
5726550
5726547
5726527
5726526
5726522
5726510
572650811
572650
5726496
572649
572648913
572648
5726467
5726463
572646
572644
5726438
5726436
57264346
5726410788
572641
5726390
5726389417
5726389
572633
5726317
572631
572630
572628
5726273
5726270
5726263
5726256
5726254
572625
5726241
5726239
5726232
572623
57262232
5726191
572619
5726181669
5726172234
5726162
572616
5726156
572615
5726148s
5726148
5726140
57261348900
572612
57261140
572611
5726105111011
57260hrcmv
572609elsa
5726081
572608
5726071
572603
57260241
5726010
572601
57260
5725yizuz5725
5725willan
5725al
5725945k
5725938
5725932
572585
5725774
5725751
5725747
5725742
572571
5725702
57257016
572569
572568
5725668
5725644
5725637
5725626
5725612
5725610
57255rdvpk
5725594
5725582
5725564
572555
572554281709
572554
5725533
5725523
572550489
57254KLM
5725499
572548
5725479
5725458
5725442
5725439
572539
572538
572537
572535
57253400
5725336
57253356
572532239a
572532
5725319
57253129102534
5725306
5725298
5725295
5725290
5725288
57252722
5725270
5725266
5725264
5725258
5725253
5725250000
572524pk
5725245
5725230
5725222
572520915019
5725197sjz
5725184
572518
572517
572516
5725154
5725136812
572513
572511ad
5725111
572511
572510
572507
5725061
572505
5725041
5725039
5725035
5725028
5725027
5725024
572501
572500sm
5725
5724martien
5724k8
5724hr5c
5724elmer
5724alejita**
5724ab
5724998700
5724989
5724988
5724987
57249856
57249853
572498
5724972
57249711
572497
5724920
572492
5724919
57249183
572491
57249004
572490
5724887
5724872
5724870
5724862
57247900
5724777787
572477
57247629
572475
572474
57247269
572472
5724700
572470
5724695
57246333
572461
5724578
57245730
57245724a
57245724
5724532ja
572450
57245
57244924
5724480
5724470
57244558
57244500
5724436
5724427
5724418genesis
57244
5724368
572434649
57243
57242k
5724299
572429155
5724281
572427
5724262
5724251123
572425
572423
57242207
5724211095
5724202
57242
57241990
572418
5724166
5724159
572415
5724143
5724142
572414
572412cg
5724121
5724116
5724114
572410
57241
57240j19
5724081
57240730
5724070
57240662
5724066
5724063
572406
5724029
5724026
5724013
5724002
5724-98
5724
5723sv
5723st
5723se
5723rvb
5723jurie
5723jrad
5723catherine
5723annykim
572399
572397
5723969
572396
57239268
57239210mma
5723916
5723912
572387
5723869
5723842
5723841
5723825
5723803
572380
572377abc
5723776
5723773
5723751
5723750
57237207
572372
57236HOLAGEO100
572368
572366420
57236623
57236610
57236545
5723647
5723631
572363
5723623
5723600
57235baller
5723586
5723583180
5723581
57235723
572357
57235672
572355
5723525
57235190
5723518carol
572351
57234701
572347
5723457
572345389
572345
5723440
5723430
572343
5723427e
5723420
5723413j
5723413
572341
57234
57233ctofk
5723388
572338
572337
5723362
572335186
5723349
5723347
572334545
572334
5723331
5723298
57232802
572328
572327i
57232707
572327
572326a
572326
57232508
5723236
5723220
5723216
5723208t
57232046
57232000
572320
57232
57231f
5723199
57231985
5723195
572318a
572317133
57231705
5723164
57231637
5723157
5723150
57231450
5723144
572313
572312177
57231087
57231025
57231018
57231
5723084
572306
5723040
5723034345
5723032
5723027
57230246ALE
5723021556
57230194
57230123
57230081luigi
57230
5722olive
5722lipp
5722ilovetom5722
5722hdg
5722da
5722chesterave
5722988
5722986
57229778
5722976
5722962
57229613
57229578
572295
5722942eva
5722921
572292
572291995
5722917
57229144..
57229
572288
5722879
5722869
5722853jhon
572284
572283a
5722821
5722819
5722813
57228082g
572279
5722789
5722787
5722782
5722771
5722747
5722742
5722730
5722717
572271
572270
572269575965
572268
572267
5722663
5722656
5722640
572264
5722638
5722636
5722630888193490
572263
5722623
5722617
5722603
5722602
5722600
572259
5722578
572257
5722567
5722561240184
5722534
5722531
5722529
5722526447
572252
57225106
57225032
5722501j
572248408
5722461
57224518
5722449
572244
5722432
57224289
5722426
5722419
57224095
5722407
572240
57223k
57223jrmc
572238
572237
572236j
5722355
5722351
5722345
5722342
57223225
5722322
572231d
5722319
5722318789
5722301
57222904
5722286
5722281
5722253
57222529
572225
572223922741583
5722238
5722235
5722212
57222014
5722200
57221elmo
572219
5722187w
5722178
572217
5722169d
5722168
57221551
57221498
57221433
57221357
5722126
5722110
57221088
5722108
5722106
5722102
5722093
572208
5722060
572206
57220524
5722041g
5722033
5722011440
5722008
57220015
5721rj
5721pin
5721buda
5721anjo
5721amr
5721998j
5721993
5721989
5721980564337000
572198
5721978
5721970
5721944
5721939
57219274
5721923
5721913
57219120
5721909
57219
5721895
5721894
5721889soigenial
5721887
57218391003
57218078
5721807
572180
5721774
5721735
5721724
5721716
572170
57217
5721676
5721662412
572166
5721648
572164
5721639
5721635
57216338vv
5721615
57216010
5721588
572158
572156592021
5721550
5721546a
5721536dp
572152
57215
5721495
5721494
5721457
57214545ma
572145
5721442
5721408z
57213a
5721395
5721389
5721386
5721383
57213753
572136
5721332248
5721323
5721316
572131
572130798V
5721306
5721304
5721302
57212956
5721295
5721276
5721275
5721256
57212493
5721245
572124
5721221
5721215
5721213
57212078
57212007
5721196
5721171
5721164
5721155
5721154
5721143
57211400
5721133
57211314
5721128
5721121
5721106
5721099giovanni
5721095
5721060
5721059
57210577
5721057
572104kk210449
5721041
572104
5721037
57210299
5721022
572102
5721017
57210123
5721010
572101
572100a
5721009
5721##MGmm
5720tt
5720rockyou
5720ngskj
5720dqcof
5720bato
5720b0
5720SA
5720C
57209928
572097
5720966
5720962
5720945I
57209354
5720935
5720929
5720926
5720924
5720921
57208888
572085840
572085
5720817
57208120910
5720802
572079
572078
5720779
5720771
5720745
572074
5720700036240
572070
5720686
5720680
572068
5720660
572066
572062
5720615jil80002
5720613
572061
5720607
5720600015917
572060
5720593
572057
5720567
5720550
5720547
572054
57205377
5720532mj
5720532
5720504
572049
5720487
5720482
5720462
572046
5720455
572045
572044
5720422
5720418
5720411
572036
5720357798
5720354
5720329
572032
57202949
5720291
572029
5720283
5720273
572026
5720257
5720255
572023
57202273
5720225
57202206
57202201
5720203
57202025
5720201
572020
5720191
5720163
572016
5720148a
572014
5720138
5720136
57201314xx
572011d
57200king
57200c
572009
57200777
5720066
5720060
572005
5720037
5720031
5720028
5720020
5720012
57200044
5720002691994
5720000
5720
571wiwowds
571uuu
571tlh
571rocker
571nitika
571nicole
571mpco
571lover
571jacquie4936
571hl7ygr3
571fatih571
571dr72
571clubs
571blood
571b632n.
571ALEX6102
5719rk
5719mm
5719kom
5719jd
5719UT
5719SouthQuatar
571999ar
5719991
5719971
5719960
57199531
5719945
571993j
571993b
5719936549809
5719932007
5719931941
5719931
571992red
5719926
571991a
5719908
5719907075
5719884
571987ben
57198577
5719856
57198524
57198442
5719841
57198400
571983nemi
571982a
5719825
5719810a
571980me
571980j
5719784
571977christie
57197769
57197483
5719748
57197457
571971
5719708009
571969
571967
5719657
5719650
57196366
57196232
571962
571961ahbo2
571961
571959
57195719pg
57195719
571957
571956k
571955
57195491
5719545
571954
571952047
57194ever
57194852
5719480
571947
57194630
57194485
57194430
571942
5719415
5719412352
57194093
5719408
5719403
571940
57193tp
571936553r
5719356
571935409
57193540
57193519
571934753
5719339
5719320
5719300
571927
5719269640PERUGABY
57192564den
5719252
5719248
571924229
571924
5719224
5719221
57192024
57191994
5719192
5719184
5719182
57191569
57191379
5719110
571910
571909
57190423
571902
571901
57190015
5719000
5719
5718mg
5718ladybugs
5718eyaj
5718cm
5718992
571897
5718962341014
571895BABY
571895
571892
571891464
57189107
571891068
5718904094738721
57188ttt
571889524298645
5718878
57188474
571884
5718835a
5718824
5718814
5718808
5718807612
57188054
57188050509
5718805
57188019
5718797
57187905
57187884
571877
57187610
5718758085I
57187522
571872433
57187155
5718707
571870517l
5718689
5718686
57186435
57186292
57185lb
571859974
57185951
5718591
5718576
57185518
571852
57185108
57185072yl
571849
571848
57184775
5718466
57184636
57184619
57184592
571845
5718445
571844
57184260
5718426
571841118
5718400
571840
5718390
5718387
5718377
57183668
571836166
571836
571835772
571835
571834385
571834
5718327
571831250s
5718303xx
57182ak
5718263
57182576
571823
5718207
5718202
57182004
57181986yinling
57181928
571819
57181697
571816
57181535
57181514
5718149
57181461
5718143p
5718143
5718139829
57181368
57181326
57181312
5718118
57181103
57180909
5718088
5718087
5718084
5718073
57180609
5718057
57180358
571803
5718..
5717aojgs
5717995
571797
571796442
5717963
5717955
571795
57179172
571790
57179
5717896
57178955
5717895
5717891
5717886
571784tm
571784
571782
57178178
57178
5717797
57177954
5717791
57177783
5717777
571777
571776441
5717761
571775
57177449
571774
57176979
571767
5717667
5717661
571766
5717635
5717630
571762
571760
571759
5717582
571757210
57175717m
5717557
5717549
571753651
5717530
571753
571752
571751
57175051
571750
571749
571747
571746
57174208
5717390
57173824
57173689
5717361
571735878l
5717345
571733
5717329
57173098
5717292a
571727
5717251
5717250
571725
5717240
571723
571722
5717197571522
571719
571717
5717158
5717155
57171537
5717151
57171506980
571715
5717133
5717129
57171201
571712
57171116
571711
5717088
57170731
5717039
5717031
571703
5717022
57170101
571701
57170097852123
5717006bshr
5717000
5717
5716iyd8y[
5716buzzer%&!^^&
5716999
57169921
571699015
571697657
571691992
5716895
571688m
5716885
571687
5716848
571680
5716777
5716759
571674
5716738
5716730
5716711930
5716691
571669
571666
5716657166
571665
5716622796
5716606
5716562
571650781
57164983
5716498
5716448
57164385evelyn
571642600
571641
57164076
5716398m
57163968
571638
57163709
57163689
57163513
57163340
57163227
57163096
5716306
571626
571624
57162189
57162054
57162007
571620
57162
57161znm4f
571617973
5716177
57161692
5716162
571616
5716158
571615
5716137
57161329
571613
5716115
5716110h
5716108h
57161057
5716096000
571609
571608
5716053
5716052
57160116892
5715wpatterson
5715ann23
571599394
57159862
5715983
571598
57159663
57159645
57159603
571596
57159481
57159457
571593645
57159324
57159208
571592
571591mt
5715918
571591
57159
5715897
5715891
57158865
571586l
57158681
5715851
5715847
57158457
571583
57158177
57158150
57158007518500
571580
5715797
571578129
5715781
571576995
57157643
5715762
5715758
57157559
57157536
57157475bv_
571572
571571b
5715718ro
5715714
5715712
5715708
5715705
57156921
5715691
571569
5715662
57156368
5715632
57156311
571563
571562d
5715611
57156032
57156
5715598
57155927
571559
571558
5715575khalid-
5715567
5715555
571555033k
5715528
57155279
57155175
5715494
5715492
5715472
5715467
57154547
5715454
5715441
57154207017
5715414kg
57153962
571539
57153892
5715389
5715378a
57153743
5715357153
5715348a
57153396
571533620114
57153312
57153302
5715321
57152910
5715267
571525700
57152406
57152356
5715233
57152311
571523
571522811
5715226
571520
5715199
5715193
5715186
571518103
571518
5715177
5715151
571515
5715147c
57151340
57151335
571513
5715126
571511singhking
5715119
5715117
57151073
571510
5715097
571509
57150790
57150782
5715075
57150621
571506
5715059
5715043
5715026
5715019
571500w
5715005
5715
5714pipi1404
5714luvme1
5714lolym
5714kg
57149755
5714971
57149678
57149622jair
5714958
57149522
57149307
571493
571492
571491
57148963
57148955
5714885
5714881
57148776
57148756c
571487
571485
5714849028
5714833
571483
571481
571478
5714778
57147727
5714716010
5714706
571469
571468
5714677
5714675
57146533
5714638
5714635
5714631
57146281
5714602
57146+41
5714599485
571459
571456977
57145645
5714561
571456
571454
5714530
571452652M
57145161
57145121
571451081
5714503
57145012
57145
57144992
5714495
571449
5714468
5714464
57144569
5714444
5714430
571442j
5714424
571440
57143914
57143867
5714385b
5714384
571437
571436
57143577
5714351
5714349
5714348
5714347
5714343
571434
5714336152P
5714334
5714323
5714321023
57143204omar
571432
571431
5714304
5714302
571429
571428
5714271993
5714264109
57142624753
571426
571425s
57142531
57142515
571424
5714229
5714226
57142250
57142137
5714213
571421
57141989
57141914
5714181
57141800
57141751
571417
57141643
57141637
5714162
571416
571415k
57141598
57141582
5714156
57141530
5714150
5714146c
5714130856S
5714125aaa
5714100
57140960
57140860
571408
571406ms
57140546
57140529
57140421631
5714030
5714020
571400ju
5713rocks
5713nmb
5713motas
5713jg
5713datsme
5713as
5713adamna
5713TEAMO
57139hi
5713986
5713980
571397
571393336g
57139256
57139205713920
571392
5713913m
5713902
5713896
5713893
5713892
5713882pipe
57138586
5713857
5713856
5713846
5713835
571380
57138
57137mm
5713775
57137525228
5713741
5713726..
5713725ao
5713722
5713719
5713707
571369a
5713699
5713698201
571369
5713668fercho147
5713632
5713622
571361
5713607
5713604
5713600
571360
57135788
571357
571356
5713547
571354
5713528
571349a
5713494avril
571345dsh
5713449
5713443
571342571342
5713414
5713388
571337spider
5713365
5713360
5713351
571335
5713340
5713337
5713330
571332
5713319500
5713316
571329ja
5713298
571325tar
5713244
5713243
571324
5713231
571322000
5713212723
571320
571319
571317
571315456
571315
571313
5713122s
5713117
57131123093
5713109zaidlovea
5713103
5713088
5713069
5713059
5713048
5713047
5713035435713035
5713026miguel
5713023
571302
57130198
571301
5713009
57130.
57130
5713
5712yaya
5712wg
5712lmacblue
5712lane
5712cw
5712ct$
5712aa
5712a7c5a5
5712AS
571299
57129852
5712985
5712980
57129744
571297
57129609
5712960
5712954
5712951
5712941123
5712923
57129166
5712915
57129133
571291
571289
57128840
571288
57128735
571287
57128540
57128493
57128486abi
5712841
571284
57128339
5712831
5712826
5712817
571280182
57127949
5712767098
5712763
5712742
571271
57127092
5712707
57127017m
57127
5712688
5712674
571266
5712657
5712653
57126509
57126417
5712631435
57126313
5712627
5712626
5712612
5712597
57125969
5712587
5712586
57125712l
571257
5712558
5712541
57125281
5712519
57125145143ZD
57125137
5712512796
57125104cruzazul
5712509
5712492
57124706058696
5712470
5712468951541
57124606
5712458c
57124583
5712451
571245
5712443900
5712437139
5712436
5712435484
57124321olafofo
5712427
57124253536
5712410
57124058
571240
571239
5712387
57123834
57123719
5712371116
5712371
5712369
57123636
57123586
5712350_c
571235
5712331
57123299
57123240
57123203
571232
5712317
57123123
5712307
5712304
5712303Le
5712303LE
571230
5712280
571228
5712277
5712273
57122725
57122722
571227
57122692
5712266
5712264
57122632
57122612
5712260
571226
5712257
5712250
571225
57122429paco
571223popoi
57122350
57122345
571223
5712225
5712224
5712220
571221s
57122179
5712217
57122128
5712211
5712207a
571220
57121963
5712194
57121924
5712192124
571219
5712187
5712183
5712179
57121775
5712168
57121635714478
5712152
5712151666
5712151
5712142
57121394
571213901234
5712134
5712108421
5712102
571210103
571209512357
57120941norma
57120812
571207s
5712074
5712073lao
57120682
5712067
5712064
571206
571205945094
57120534
5712045
571202d
5712025
5712016
5712012
5712011
5712010
5712008
57120074
5712003
57120
5711usmc
5711jonny
5711jf
5711abu
5711aa
5711998jh
5711992
571199
5711986
571198
571197
5711966@@@
571196
57119591
57119432820
57119378
57119221
5711922
5711911n
5711907
57119030
5711903
57119007
57119
5711861
571185b5
571185
571183495348378
5711832fiore
571183
5711822
571182
5711804
5711798
571179702
571178
5711770
5711750a,v
57117349
5711734
57117111995naty
5711710
5711701
5711680
571165
571163
5711625
57116115
571159
5711587matt
5711568
5711552
571154
5711536
5711517
5711516
57115088
571150
571149
5711487
57114850
5711474
5711472
5711470
57114681
57114531881
571145300
5711452
571145126a
57114382
571143
57114183
57114119
5711402
57113922
571139
57113848
571138
57113708
5711351
571135
57113434
571134
5711330
5711329
571132
5711317957140
57113179
5711312550
5711310
571131
5711306
571130
57113
57112967
571129
57112866411944
571128-
571128
5711278
5711271388
571126997
5711263poon
57112618
57112592
5711232
5711231q
571123
5711217
5711206
5711205
57112034
57111982
5711198
57111850osito
5711182278
5711157
57111569
5711156
5711152
57111451shamankin
571114
5711131974
571113
5711121617203
571112
5711103
57111001
57110eliana
571109611021982
5711087
57110817
571108
5711074
571107
5711067
57110637
5711053
5711046
5711032
57110314242326
571102
571101v
5711012
571101
571100m
57110029
571100
5711
5710nEpTuNe1057
5710gl
5710drusila
5710daz
5710cjah
5710Trust
5710993
5710989
571097v
5710973
571096
571093j
5710928251070492
5710927
57109260
5710897
5710896
5710894
5710886
5710882
5710872
571087
57108537
571084
57108373
5710825
5710824
5710818
571080018863
5710765
5710764
57107627
571074ar
571074
57107393
57107266
571072
571071
5710702
57106966
5710695
5710692
571068sp
5710677
5710671
5710666
571066
5710643
5710642
5710635
5710633
571062054m
571061550
57106036
5710599
571058336
5710580
571057109
57105710
5710558
5710554
57105463516
5710532
571053
5710526
57105071
5710502
57104ff
5710497557104975
5710493
5710492jua
5710491
571049
5710482
57104802
5710472
571046KL
57104528
57104453
57104328
57104313
5710431
57104221
571042
5710413
571040c
5710407
57104000
571040
57104
5710393
5710390029526
5710390019415
5710384
5710381
5710370
5710362
571036
57103505
5710346e
57103291
571032419
57103033
571030
5710297
571029
5710286
57102812
571028
571027112533
5710271
5710259
571025722
571025
57102498
57102427
57102377
57102333a
57102333
571022sedi
57102296
57102243
571022022
5710220
571022
57102125
57102050
5710203013
571020
57102
5710188
5710186
571018192031
57101778
57101715
571017
5710157
571015
5710145748
571014
571013
57101290
5710123456
5710111
5710105
5710100
571010
5710098657
57100977
5710090
571009
5710085
5710081AMIT
57100738
5710072
57100704
571006
57100537
57100444
571003
5710027
5710023
5710017
5710002
5710001
57100000
5710000
571000
571/41
571-9151cc
571-1536
571 9664
570tbcs
570nicole
570mcroad
570mck
570marie
570maoc
570kar
570jefferson
570ivushich
570interior4
570ikkiesmeralda
570dowse
570cqk
570cckingbffl
570bbasm
570ajax
570adn4215
570HOWARDSTREET
5709warringtondr
5709ti
5709nr
5709kp
5709guava
5709dragon
5709KAn
5709Ann
57099964e
5709994
57099914
57099836
57099815
5709973
5709959
57099396
570992
5709917
5709910
57099
570989
57098848
57098426
5709828
57098202
570981729
5709804
5709800
5709788
570978729
57097527MNXQVACA
570974483
5709744
57097369
57097311
5709722
570971
57096967
570969
57096677
5709655
57096509
5709625manuel
570962
5709602
57096
5709589
570956
5709525
5709495
570949
570946
5709455
5709415
57093igyhh
5709395
5709350457093504
57093475
570934570934
57093282
5709321
5709320
570931
570930
570929
5709285
5709284
5709280
57092651
5709257
5709254
5709243
5709222ghanem
5709207
57092069
5709205
5709200
5709195
570919
5709188
570916
570914373
5709132
570912920310
5709127
5709120
57091120
57090sksjy
5709075
570906
5709054
5709047
5709044
570901
5709006
570900
5708taozf
5708mila
5708jr
5708edwa
570896kp
570894706
570894
5708933
5708928
570891524s
570890ij
5708897
5708896
5708887
5708880
5708875
5708869nickolas
5708865
57088595
5708850
5708821267
5708820
570880
5708799
5708713
5708712
5708679
57086620
5708624547
570862
5708602jnp
57086
57085vczif
5708574
57085708z
5708570
5708568063
570856
570850
570849
5708476
570846
5708435
57084301
57084169
5708406-salem
57084
57083wzzuj
570839455
570839
570835d
5708355906
5708325
57082onfqy
5708299
5708292
570829
570828
570827
570826
570825rual
5708259
570824886
570822
5708212
5708201
57081745
5708140
5708101
57081
570809ame
5708095
57080942
570809
5708083
5708070
5708065
570806
57080569
57080542
570803
5708025
5708006
5707tn
5707rhea
5707mg
5707mcr
5707kwdr
5707cts
5707ILF!
5707999
570799
5707988
57079660
5707966
5707936
5707909
570787
57078510vasa
57078441
570784
5707815
57078
57077rmwfr
5707795
57077882
5707787370
570776
570774
5707707
57076806
57076626
5707651
570765
5707644
5707641
570762
5707611
5707609
57075940
5707577
5707554
5707545
5707537buby
5707537
5707526
57075216
5707483
570747
57074659
5707442
5707441
570743
570741
57074032c
5707399
5707381
5707350
57073428
570732
5707302
5707289
570728
5707272
570727
5707268
5707231
570722isabel
570718850119
5707177
5707171
57071490
570714175
570714
5707138
5707133
5707129
57071234
570712
570711456852
57071128
57071086
5707104
57071021
57070tab
5707059
57070580
5707051
570705
5707044
5707035888
5707027
570702
57070099
5706wjrd
5706ssss
5706pl
5706love
5706fishey
57069green426
570698
57069744
5706972
570693
57069046
57068593
5706857051
570685
570684
570680008
57068
5706789
570678151
5706735986
5706727
570671
570670530
570670
5706659
5706656207
570665
5706631
57066075
570657130h
57065638
5706550
5706540
5706533
570651363
5706487
5706483rbmsh
5706482
570646
5706456
57064537
5706410
5706403395
5706402
57063856
570638
570637944
5706345
57063383
570633
570632
5706306
570628mak
57062801
5706274
570626
570624
570623
5706225
570622
570620
57061902
570619
5706183
570617
570616
5706157
57061560
5706155
5706153
570615
570612429
57061202
5706110
57061
570607
5706067
5706037
5706030963
570603
570602981
5706011
570601
5706001
5705cgspk
5705bmpt
5705999
5705983
5705971
570597
570596
5705955
5705950465
5705943
5705924
5705914c
5705914
5705893
5705885
570588187
5705874
5705838
5705831
570582k
570581rachel
57058198
5705816
57058
5705780
570576
5705758
5705726
570570waugh
5705708
57057
57056ass
5705689
57056801
5705637
570563
57056165705616
5705609
5705597
5705591
5705585
570558
570557k
5705571
5705568099a
570556
570553
570550
57054972
57054860
570548
570547
5705466385
5705446
5705434
5705413
570541
5705404
57053988
5705373
5705360
5705344818
570531107
5705309
57053060
57052814
570528
570525luar
570524
57052234
570520a
5705201314
570520
57051m
5705195
5705194
570519068
5705181292319787
5705155
5705143
570511
5705106
570510
5705093
5705090
5705083
570507
57050669
5705064657
5705057
5705051
5705048
570504303
5705035
5705025686
570502014
5704tg
5704noonoo
5704nel
5704lisa
5704jnl
5704faareya
5704em
5704buff
5704bitch
5704ac
5704a22
5704957
5704930
5704906isabel
5704903
5704884
5704871
570480ida
57047997
5704793
5704781
5704771carolina
57047642
5704706
57046783
5704652
5704647
57046398
5704625
5704615
57046142
570461
57045833
57045755
5704570414
5704570
57045695
5704567
570456
57045576
570454985
5704537
5704532
57045277
5704513
5704512
57045047
570449o
570449
570448
5704479245
5704470
5704440
570444
5704435312
570443
5704429
5704427
570442
5704411
570441
570440
5704391762
57043803
5704366
570436
5704350
570434
57043384
5704331
57043260
5704325
570431820
57043007
570430
57043
57042shad4
570429
570428
57042591
57042588
570423
570422557
5704220000
57042068
5704175
57041697
57041690
5704153
57041512
570415
570414
570413
570412
57041147centemo
570411
57041093
5704102
57041
57040986
57040965
5704092
570407
5704060
570405
5704049
5704038a
5704019
5704018876
570401
5704007
57040042
57040012
57040006
57040000
5704000
5703rdr
5703mv
5703gs
5703avril
5703atx
5703anaduarte
570399690
570399073
57039845
570395888
5703940
5703922
570391
5703907
57039
570388
5703878
570387
5703857
570384
570381
57038
5703789s
570377570377
5703771teamo
57037687PA
57037506
570374
57037340
5703725
5703717
570371
57037087
5703673
5703661
5703644
570361
570360
57036
57035773
57035625
570356
5703555
570355
5703544
570354
5703535
570353
5703527
57035261
570352
57034dd
57034d
570349
570348
5703