05167
60516688
605164
605163
6051610
605160negro4920
6051572
6051542
6051531
605153
605152a
60515212
605151932
6051518
60515144
605145652
605144
60514378
6051432
605140
605138282
605138
60513670
6051367
605136
60513560.+
605134400.
6051342
60513242
605131925
605131237
605130
60512949
6051292
605129
605128
605125
6051229
6051213143344
605121
605118
60511797
6051141
60511407
6051134
60511234
605111999
60511
6051096
605108
6051071
605104up2548
6051042548
6051027
605100532
605100487
6050ste
6050sn
6050north
6050luv
60509stc
60509a
605097
60509295
60509202
60509015
6050876
6050870
605087
6050859
605084925
605084440000
605083540
60508257
60507atc
6050799
6050794
605078
605076
6050749
6050741
605072
605071m
6050715
60507033
6050700
605070
60507
605068
605066
6050649
605063969
605062
605060011
60505jf
6050599
605058
6050578
605056830
60505560031
605055
6050542
60505370
60505141
605050956
60505020
60504grtmh
60504b
60504Als
6050480
6050471
6050458
6050450
605045
6050449
6050442s
605043a
6050431
605042
605041567
605041
605040ab
6050403020
60504030
6050402
6050401L
6050401
605039
6050378
605036414
6050331
605033
605031SaRaIaH
6050308
6050306222
6050304
6050300
60502994
605028
6050264203516
605026
605025
6050233
60502250
6050222
6050219
605021
6050206
60502010
60502007
60502004
60502
605018
6050159
6050155
605012
605011
6050106
60501
60500hnnhk
6050097712
605009
6050069
605006
605004
605003703
6050031
60500070
605/130
605(coacalco)
604wt0855
604trast
604tictac!
604szf/
604shorerd
604shifty90
604rak777
604pr2550
604pine
604opagnisa
604now
604nelly
604mrWAD297
604mfa
604lok
604lkp
604lieke
604kme
604hog
604gunnazent
604gay
604fiy
604ffm
604dora
604diana
604dee
604dada604
604d651
604creek
604chica
604charles
604carver
604c88
604buddy
604bhit-
604baby
604alex
604WILLIAM
604Jeremy
604GUNNAZENT
604Bry189
604BSP
6049994324
604998
6049961
604995
604994
6049928
604991310136
60498899256
6049879155
6049871kris
604982
6049817
604981409
6049812
604981
60498
604979c
6049791
604979
6049726
60497160
6049689
6049666
6049665
6049660496
604964j
604964b
6049648
604963270
60496
60495l
604957
6049558
604955368
6049530986
60495288
6049516704
60495
604949127
6049418643
6049412
60493tpszb
6049354
60493312
604933
6049320
6049311473
604927
6049265
604922
604921
60492
604919
60491766
60491610
6049158
6049151
60491258
6049119
6049067
6049058846
6049055
604903jp
6049034
60490281112beguym
6049016
604900
6048wmgxp
6048paul
6048beqwi
60489tim
60489906
604899
6048987
604897
604894
60488inmemorable
604888
6048844
6048833papa
604883
604882
60488
60487x2
60487822
6048778
6048774
60487717
6048770175
6048725438
60487213
604871
6048703288
604869
6048680881
604868
6048679249
6048669
604866
604864
6048633
6048607
60486048p
60485d
604859m3
604859450
60485674
6048566
60485610
60485454
6048485
60484843
6048479o
604847
6048466
60484598
6048431567
6048421
6048412
60484
60483izixx
60483868
6048369448
6048367
6048364560
604836
604833828
6048333
604832R
6048323
60483014
6048301
6048299138
6048291
6048272
604827
6048245
6048237conrad
604823
6048227
60482005
6048191754
604817
60481506
6048147
6048141
604811
6048105
60481
60480ywgfa
60480dv
604809
60480688
6048015
604800greg.
60480099
6048
6047tjnuno
6047swhipple
6047kutef
6047hujan
604798
604797em
6047969189
6047927
6047921861
6047893
6047878
604787
604785
6047821500
604782
6047810099
6047808782
60478
60477ae
60477a
604779j
6047799
6047798466
604779466h
604779466K
6047777
6047771
604777
6047769
6047744
60477402
604770
6047695
6047688
604768092
6047679
6047666
604765gotta
604765230100136
6047646619
604764
6047639ma
6047639
604760761
60476002
60475th
60475J
604756
6047500
6047491
604749
6047489TJ
604748
6047474
604747
6047447
6047446
60474281
604740
60473a
6047352
604733
60473215487
604732
604731LX
6047246
60472343
604722
604721
6047158
6047154
604714
6047118
60470LEIDY/*-
6047086
604704duh
6047048015
604702
604701
6046rwbxj
6046pbxuu
6046ivnmd
6046ia
604697
6046944
604693
60468eyyjm
60468844
6046875as
6046870851star
6046863351
604685
6046849
6046828
6046814
604678s
6046777
6046773812
604677
604676
60467522
6046751
6046749
604673
604672
6046714
6046707
60466901
6046646
6046643
604662
6046616
6046610d
6046610
604660
6046579
6046560
604653
604651XD
6046516
6046505
6046493206
60464844
604648
6046444
6046432889
6046411
604641
604640
6046390O
604639
6046369
6046351
6046350488W
604634
6046286
604626
604625516
6046244
604622
604621
6046195808
604619
6046189688
604618
6046143
604611
604610
6046060
604604604
6046042
604603954
6046037008
604601
6045zaim
6045yaodd
6045swolcott
6045sweet
6045sk
6045penn1106
6045mned
6045fearcheer101
6045cn17
60459eogvj
6045998
6045997351
6045993
6045968884b
6045901320
604589877
6045897k
6045892505
6045888190
6045888
604588
604586
6045859
6045857023
6045851646
6045850051
6045847485
6045839618
6045839120
6045811312
6045802
604580
604577
604575599574
60457
60456cm
6045687
604567648
604565
60455rucdm
60455bulldawgs
604557987
6045576971
6045566
6045552
6045548
60455205
604552
6045514
60454588
604545
6045432322
604543
6045424j
60454177
6045405551
6045404374
6045404
60453p
604539
6045381E
604537
6045362
6045344
6045317
60453015
604530
604529
604528121
604527505640
6045274
6045269988
604526600
604526
604524601721
604523al
604522077
60452204
6045210206
60452013
604519
60451446
604513
6045102
604509
604507
6045058l
6045045422
60450339
604502667
6045019504
604501865
60450071586
6045001
604500
6045*/*
6044xlm23
6044mustang
6044kmh
6044kch
6044cr
6044che7618
6044ada
6044903
604490
604488faamaa
604488FAAMAA
6044888
604486
604485523949171
604485
60448
60447zuvu
6044763
60447501
604474300
6044741
60447384
6044730r
604473
6044710jt
6044701
6044675
6044672
6044670
6044666895
6044665136
604465meme
604464ss
60446451diana
6044645130046475
6044645
6044615
60446134
604460821
60446060
6044595
604458
604456
604455
604454894
604454891
6044540263
604454
6044531838
604453
6044520
604451
60445
60444mtz
604449
6044480044368322
604447991
604447
6044455
604444
6044429
60444265
6044399
6044391599
6044388798
6044388312
6044388
60443771
6044363097
604435d
6044351406
604434262
6044329187
60442sk
60442hjcfi
604429
60442808rt
604428
60442559
60442472
604423
60442290
6044222652
6044206
60442033
6044193
60441825
604418
6044179
604417
6044166
6044164
6044148
6044140
604413
604412373
604412
6044110thpl.
604411
604410
60440t0at0
6044069
6044063
6044055
604404
604403017
604402
604400386j
6044-2jp
6043pol
6043nkfbz
6043fujida
6043TOTY
6043RR
6043MATT
6043CMP
6043996arlis.
604399
6043939
604393
604391
60439022
604388
6043868
604386040
6043836
604381
60437j
6043799
6043745
6043730
6043718
6043703
60436phnam
604369
604368839
6043653
6043636
60436044
60436043beborules
60436043
60436
60435j
604359
604357
6043543
6043536700
6043519369
6043518
60435
60434sw
60434j
604349m
6043491
60434355
60434337
6043430ue,,l
60434
6043396190
6043396
6043393973e
6043383608
60433766
604336
60433576
60433473
604333
6043317430270
6043312
6043308
60432902
604329
6043288
604327881
6043259616
6043258626
6043255850
6043253195
6043250932
604325
6043246366
60432410
6043231175
6043227
6043225
604322
6043216
6043211587
60432012105
60431954l.
6043192916
6043178
6043175081pass
6043164stanleyMR
604316
604314
6043121108
6043113
604310
60430lol
6043097
604308
6043074
604307
6043068
6043065957
604305
604303
604302
6043010095
60430058
604300
6043
6042tp
6042ni
6042lan
6042knztk
6042flora
6042995
6042993
60429831
6042966
60429568
6042949231
604294373
6042921
604289
604287dc
604287
604286882
604285rem
60428551
6042798296
6042797
604276111niebelung
604275k
6042758
6042755
6042745555
6042741880
6042735
6042727
604270581
6042702t
60426GDN
60426GD
60426881
604268
6042679175
6042676
6042672979
6042671621
6042667246
604266613j
6042664
604266
604265809l
60426512210
604265
60426164
604261
604260416
60426
6042588
6042554410
6042553722
604255
6042543
6042541824
604254106
604254
6042531
6042529610
6042527
6042521
6042513
6042497
6042495
604248
6042479
60424433
60424300708
604242634600
604241f
6042419414
6042400
6042361e
6042353
60423494354114
604234
604233e
6042337
6042332
6042325
604231
604230
6042297
60422959
604228
604225
6042249
6042247404778677
6042244
6042239
604222
604221a!
6042219796
6042215
6042207
6042203_
604218
60421673
6042150166
6042150117
6042142
604212
6042092
604208527
6042081
604207912
6042074ELdusa
6042066
6042061
6042056
6042053
6042049
6042046
604204
604203812
6042023
604202
6042010
6042007
60420067
6042004
6042002
6042001
604200
60420
6041salyan
6041cb
6041998
6041996
6041994
6041988
6041978
6041975
6041972
6041965
6041935
6041932
604192
6041914
60419136205
604190
60418914
604188923
6041881
6041879
60418678
60418484
604184
6041831
6041821
60418148100
6041803072194
60417jw
6041786
604178
6041750
6041745
6041732
6041719
6041713
6041711
6041710
604169943
6041696
6041695
604168
6041675
60416663
604166610
6041646
6041640
6041620969
6041616
604160519
60416042
60416
604159
604158
6041575
604156
6041555
6041552
6041528
604150x
60414p
60414875
604148
60414646
6041457
604144
6041434
6041416
6041415
6041394
604138705
6041384216
6041379
604137
604134271
6041330
604132
6041288
6041281
604128
604125994
6041258
60412568456
6041247
60412345
6041217
604121099
604121
604120392
60411a
604119
60411439
6041132
60411315
604113
60411215
60411
604109
604107lu
604105ts
60410523134
6041023
6041014761
604100
6040vernon
6040tc
6040sgsg
6040mexico
6040jlp
6040jb99
6040fvcjj
6040clarke
6040agsh
6040Girl
60409p
6040978m
6040973
6040875
6040874
6040870
604081994
604080cs
6040807
604080385
60407734
60407124
604071
604070471
604070340
60406bi
6040689
6040676
604067473
604066
6040649
6040622
604062
6040618
6040609
604060
6040580
604057580776
6040575
6040543
6040533
6040506
60404801
60404800
604047lv
6040458
6040451
604045
6040445
604042
6040409
6040406
60403onfgp
6040398
60403555
60403498
604034
604033_nambi
6040336a
604032a
604030940
60403
60402nr!
60402867
6040286
60402527
604024
6040234
60402317
604022005
604022
6040211
604020295
604019811981
6040194
604018
604016
60401
6040092386
6040086
60400720
604006040
6040054735
6040040
6040031
60400258
604002
604001
6040009373
604000
604/298
604,iboli,4161
604*-cho
603woodlawn
603street
603squadron
603pooh
603otb
603onl
603moulton
603moates
603mexico
603me
603kzf
603kps
603jaden
603j12345
603hanna
603gernade
603fairdale
603evreyday
603da225
603butternut
603boy
603babyboy
603baby
603aes54
603_amor
603STAMC3yo
603QUANQUAN
603KONZA
603Donnie
6039mcfly
6039maluckbest
6039bis
60399841
6039938
603991
603990kn
6039895
60398934
6039885
603988
60398756
6039869
603986
6039856
603985
603983
6039821
60398090
603979
6039783221
6039776
6039772
60397656
6039761
6039744blue
603974
603972651918
6039722
60396536
60396482
60396336
603963
6039620
603961
6039589
603957
60395445
603953ann
60395287
6039515
603951
603948
6039475
603946
603945
6039436
6039413
60394110
6039411
603940424
603939jk
6039396
6039390
603939
60393795
6039375
6039371
6039330
603932700
603932680
60393201
603930737
6039300
60393
60392998
6039290
603929
603928
6039265
603925j
60392179
6039202
6039192
60391859
603918
6039166isa
6039158274
603914tay
60391496
6039149
6039136
603913
6039126354
603911270
6039072
60390577302
603905
603904j
6039049210
6039044
6039027
603900
6039+4251
6039
6038usun
6038rock
6038dn
6038ct
6038cmr
6038apxfe
60389pfxz
60389bj
60389alejandra
603899
6038953
6038944288
603893019227954
603892
6038917
603890
60389
60388vong
60388MYLIFE
6038897267
6038886
603888
603887
6038864
603883
6038828
6038827
6038824
603881kissez
6038812z
60388109
60387abc
6038794
6038781
603876
603873
60386679
6038663
6038656
6038641
6038610
603861
603858968
603856
6038556521012
6038553
603854
6038529
6038521
603849
603848e
603847
60384696
6038461
603846
60384156
603841
6038375880water
603832a
6038312
603831
60383
6038285
603828
603826t
6038267
60382441
60382406
603823
603822s
603820787
60381984
60381564
60381510
6038132
60381297
6038125
603812
6038109
603810792
603810520
60381
603809
6038075
603806
603805
6038034
603801
60380
6037ts
6037sabjung
6037b6037b
60379rpqxd
603797054k
603795
6037904
603790308cr
60379
60378aqegf
603789312039yu06
603789
6037886842227
603788
6037878
603786
6037853358
6037846
60378370151820
6037810
603781
603780
6037794
6037786
603778084
6037746311
6037726864459602
60377161074
6037711
603771
603770751
6037705
603770219
6037673
603766
603763
603760
60375t
603759
6037561a
603753
60375
60374d
60374b
60374687
603742
6037412
603740429
603739
6037378cmc
603737
6037312
603731
6037309
603730432
60373027356
6037266
603726
60372290
603722
6037178
6037167
6037161
603715
6037141
603713
60371149
6037110
603709
6037086
6037079
6037065i
60370489
6037043
603703805
6037034
60370254
603702
60370097
603700
6037-6
6036virgo
6036ufgyi
6036hrtit
6036dm
6036KL
6036996
6036994
60369881
6036979
60369482
6036947
60369400
6036934404101020
6036904
6036889
6036876
60368315
603683
6036827
603682
6036813
60367pass
6036792
603678
6036764
6036735
60367268
603668j
60366830
60366816
6036676
6036673
60366699235662jm
60366666
60366550
6036649
6036639
603663
603662
60366104
60365951
6036588
60365863
60365690
6036565
60365446
6036522
6036521
6036516
6036503
603650
60364l
6036487nony
6036473
603647
6036469
6036459
603645
6036426
60364
60363811
60363752
603635d
60363481
60363304
6036328A
60363172
603631
6036304
603630116
60362979
6036284
60362819
603626
60362382
6036230wp
60362278
6036223652
603622123
6036220
603621
603620k
60361964
603618
6036163
603614s
60361252
6036122
603612
603610
60360866
6036073
603607
603606
603605
6036048
603604
6036037m
603603603
60360360
6036034342
60360303
60360242
603602
603601
603600
6035bre
6035bere
60359kv
6035982
603596
60359369liliana
603591
603588l
60358790
6035877
603587
603585
6035803
603580
603579a
6035797
6035770d
603577
603576
6035756544X
6035733
603570630
60356htr
6035691534
6035684
603566
6035629
6035623
6035616473
603560647
60356035k
60355pnxx
6035592565
603558v
6035582
603558
6035549
60355484
603554
603553
603551658
60355143
60355141
6035512988
603551126
603551125
60355044
6035488
6035479
603538
6035379
6035365064
60353560
60353
6035295171
60352941
603528
60352643
603525*
603524
6035238383
6035225
603521
6035205
603520222
6035194
60351919
603519
603518
6035147
6035146
603514
603511
6035108
6035102
6035100
603508
6035052
603504629
6035045
603504
60350328
60350
6034tmfg
6034sue
6034eddie
6034colonial
6034ab
60349511
6034949
6034944
603494
60349323
603493
6034885
603487588
603486
6034855
603485
6034826
6034820
60348133
6034811
6034803
6034792
603479
603478
6034747
603473
6034727
603472119
6034712034
6034691
6034690
60346300
6034607
6034606
6034603
6034567890
60345630
60345577
6034555
6034550
603455
60345471
60345445
60345414
60345306
6034502
60345
60344a
603449006
6034481814
60344808
603447
603446
60344447
603441
603440
6034393
603431hb
60343173
60342fvafc
60342976933
60342720ak
60342493
60342455
603424
603423
6034219
60342027
60342
60341erya
603419cocopig
6034199
6034179
60341311
60341310
6034125
6034116
60340991
60340950
603409
6034068
60340459
6034045
603404
60340365412
6034022
6034007
6033vt6091
6033swi
6033mervyns
6033lab
6033joseph
6033jhk33
6033deza
6033blair
6033ag
60339`
6033997
6033987
603398
6033975
6033944117
60339036
603390
60339
603389215
603388932
6033887
6033884
6033871
60338674
6033846
60338212
603381
603380964
60338021
6033773
603376951
60337435
6033715317863611
6033699
60336861
603367
60336582
60336536033653
60336504
6033647
603363
603362
6033611
6033600a
603359
60335768
6033573
60335694
6033556
6033549
6033541
6033536
60335352
6033520
603351
6033503
603348790
6033468
6033456
60334544
60334481
60334299jmnasser
60334122
6033407
6033386k
6033382822
603333y
6033339
60333254
60332831
6033274
603325
6033238
603323250c
6033230
6033229
603319mah
603319
6033186
6033183
6033177
60331352452...
6033134
60331339
6033130
60331238
60331230
603311xy
60331185524
60331007
6033100
6033086
60330785612159
60330622
603306213
60330614
603305
603304467
6033044
60330224546105
60330205
603302
60330178
6033016
6033002
603300
6033
6032m
6032egep0246
6032dt
603299719732
60329920309
60329586
6032898
603289
6032873
603286
6032850
603285
6032847
60328428
6032763
603273
6032715
60326rbvf
603268
6032667
603265766
603265
6032626
6032621
603261
603260874
603259
60325888
6032576
60325677
60325643
6032552e
6032552
603255
603254cd
60325359
6032529
6032520
603252
6032515
60324c
6032469
6032465
6032454
6032453
603245175
603245
6032448
6032440771
603244
6032437
603243
6032426law
60324
60323licyq19913v
603238
603236290
6032328
6032301
603230
60322994703
60322734
6032271
60322575
6032254
60322387
6032221w
60322207
603220633
6032201
6032190
60321854
603217
603216
603215
60321375
603211j
6032111
603210516
6032100
603208z
603207187687
60320712
6032071
60320689
60320509
6032031575
6032029579
60320280
6032006
6032005
6032002
603200
6032
6031mmiddle
6031jasmine
6031efej
6031HILLCIRCLE
6031DF
6031ANISAL
60319katy60222amy
60319chii
6031997
6031995
6031989
6031988
6031986
60319859
6031981
6031980
6031976
6031970
603197
603196e
60319202
6031914
6031912
603191
6031872
603184
603183
6031821
603180
60317j
603177r
6031766
6031760
6031746
603173m
6031698
6031693
603169
6031662
60316590
6031625166
60316231
60316168
6031615
6031603
603157012
6031548
603151j
603149va.76
60314959
6031495688
6031494
603149
603148
603147sm
603147133
603146
60314446c
603141842
60313bo
603139HV
6031389
60313833
603137606
603136gp
6031358
60313540
603135
60313419
60313412
603133037
6031323
6031320
6031312
603131
60313056ellen
60313022
603129796
6031295
60312628
603125749a
60312512
6031241
6031240123
60312314
603122505
60312239
603122
6031219
603121497
6031195688
603117j
6031169
6031161
6031151
603114
60311306
60311268
603112
6031117
60311
60310948
6031089
603105
6031047
6031022
6031007
603100
6030maverick
6030bv
6030Ars
603099s
603099
603097251
603096
6030949
603094
6030939
603093
6030910152
60309
6030897
603088
603085
6030848
6030845
60307863
603078
603075
60307371
603073
603071
603070
60307
603069
60306621763
60306538
6030640
60306307
6030630
603060
60305yugtu
6030590
603059
60305660
603056
603055
603054975
60305422
603052
60305198
60305069
603050
60304_d
603049c
6030488
6030470
603047
6030449
6030438
603042mm
603041
6030398
603039
603038
6030365
60303401
6030331
603032
603031
6030305
603030
60303
60302khxqu
6030290
60302871
6030287
603028
60302389
6030234
6030231
6030225605elr
603020050
6030196
6030195
603019
603018669
6030157
603015
60301349
6030132
6030123
6030110
6030103
60301000
60301
60300603
603006
6030047
6030033
60300229
60300210
603001mi
603001d
6030015
60300
6030
602x1023
602ww
602wow
602weed
602vs213grisel
602tillidie
602swan
602suns
602sexymami
602sexy
602ray356133
602raven
602pops
602pm1023
602pimpin
602phx602
602phoenix
602pandalover
602palmln
602mcmagic
602maria
602maint
602magic
602lis
602lanoitan
602kuslers
602kike
602kali
602joliet
602janethycris
602j627
602idh
602i6i348
602hongsar
602hamster
602h311
602guamuchil
602gmz
602forevr
602folyfe
602emmet
602cwd
602chillin
602blue
602bitch
602bcl
602azteca
602az1
602ashton
602a46
602Secretariat
602SUNS
602PHX
602Mu603
602MOMMY
602LCCGAL4LIFE
602Jalisco
602JDoggs
602DREAMER
602CUCU
602CACA20
6029wwjd
6029whitley
6029thug
6029st
6029nigga
6029kh
6029feawe
6029cc
6029993030
602998484
60299828
602995a
602993
6029895
6029893
60298870
6029886
6029866
6029855
6029832
602981
602980238
602978
60297512
602973
602972
602963az
60296297
60296263217789
602961
60295474
602950p
60294A
602949927
6029488
6029479
6029451l
6029449
602943a
602940
60293g
6029393
6029388
602938
6029368
60293636
6029363205
602934
6029327
6029311
60293
6029294
602928
6029272
602926
60292382
6029234
60292
60291974
602919
60291617
602916
6029150485
60291427
602914
6029135
60291292
60291029
6029101
6029100
60290JLR
60290825
6029076
6029054
60290200
60290123
602900
6029
6028lucy
6028josh
6028corsi
6028capdm
6028btxux
6028NBN
60289fp
60289ande
60289980
602896
602893
6028925
60289204anak
60289149d
60289
60288900
6028878
602886240
6028861
602886
602883193
602883
6028823492
602882022
602881
6028791
6028759a
60287437
6028742
6028733zc
602873120
602871
60287
60286988
60286885
6028686
6028666
6028647436
6028646
602864
6028638m
6028630B
6028627
602861a
60286110494
602861
60286001
60285997
602859
602857j
602853
6028525
60285070
602850
60284jun
6028494144
6028480583
602847711k
6028474
60284596k
60284427
6028418717
602840628
602840036
60283947
6028371
602836
602835
6028330
60283185
602830
60282932
60282834
6028283
60282763
60282507
6028250
6028220
602820
6028191453
60281842
60281454
602813
6028109609
6028085
6028081y
602807
6028063
6028062
602806
602803
6028021
602801MH
602801
6028002
60280
6028
6027tin$
6027skies
6027kinara
6027jedgu
602799z
60279934
6027970113
602795
602794c
602792cr
6027925
602792
602789
602788nh
6027874804callme
602787
602786
602784
6027833
60278269
6027818
602781
60277o9
6027798
6027783
6027771
602777
6027758895
6027752
60277512
6027744
602772
60276963
6027691941
6027660
602765
6027645
602764
6027637
602763382
6027619
60276
602758
60275722t
60275304410095
602753
60275190
6027499352
6027488
6027487998091270
6027481535T
602747
602745m
6027450
602745
6027419841
60274159
602740034846484
602740
6027391
602737
6027350
60273417
60273319
6027326
602729Lb
602727
6027246taz
6027230361
602723
6027228
60272167
6027204
60271993
60271990
602717c
6027169
6027146
60271373
6027108
6027107063
6027106
602709
602708
6027076
602703
6027024750
602701
6027007209
60270040
60270
6027$$db
6026tzzht
6026tee
6026rhyme62
6026phx
6026eariq
6026cjm
6026994
602699
60269852
60269669
602696
6026947
6026939
6026932b
602693
6026927
60269263
6026919s
60269070
602689
602686
6026850008068863
602685
6026847524
6026838793
6026838
60268134
6026811
602680
6026788
6026775
60267748
6026770
6026767
602674
602672210
602672
6026713.
6026710
6026702
6026694
602668
60266685
6026666
602662mp
6026628
60266196
60266127
60266026d
60266026
60266
6026598jd
60265869
60265647florance
60265636
602655
602654
60265264
6026522
60265149
60264kxoeu
602646
602645
60264481summy
602644
60264207
6026400
60263linda
6026383
6026370
602636
6026353
602633
60263
60262ujhju
6026288024
60262789
6026267550
602626414
602624blueberry
60262332
602623
6026222903
6026203695
602619B
60261839
6026166
6026158
6026141202
6026136
6026133934
6026114
602611
6026103
6026102
6026088
602608163
602607wwjd
602607608
60260700
60260505
602605
6026034c
6026034
602602ws
602602M
602602602lks
6026025
60260238
6026.451126
6026
6025zqyrf
6025sj
6025purple
6025pi
602597
6025954
60259444
602592s
602592
6025912
6025840
602584
602583
6025786
6025775a
6025755675
6025753
6025751
6025749394
6025744
602570
60256rose
60256milena
6025692
60256897
6025684
6025651
602565
6025644
6025638
602562
6025619513
6025609
60256077
60256044
602560
60255ls
602559440
60255745jek
60255745JEK
602555
6025542
602554
60255112
60255034
6025498854
602545765
60254559
602544j
602544b
6025441058
60254400
60254233
602541
60254021
60253025
602530
60252p
60252j
6025258
6025254
602524
602523
602522310
602521
60252072
6025183327
6025180408
602518
602517
6025148
6025133138
602512523
602512
6025119
6025118
602510
60251
60250993
60250763
6025071
602507
6025062
602506
6025058921
602505387
602505
6025045
60250433
6025040
602503
6025006
60250
6024ybh
6024mango
6024kelly
6024keke
6024hudson
602499
602498804803
6024981
602498
6024958884
6024958
6024953c
602493
602492
6024913
60249107bm
60249029
60248999d
6024895
602489
6024885787
6024857980
6024852
60248435
602483444
60248147
6024800
60247899
602477a
6024779881
60247785
602476
6024759142
6024757
6024756324
602475
602474
602473057
60247143
6024714
60247000
60246905218682
6024688
6024687
602468
6024668n
6024667509
602466
6024657052
6024644
6024626
60246026
60246024a
60246020
60245skw
60245m
6024599
602459
6024572
602457
60245673
60245655
602456
6024554323
602454love
602454loe
60245338
6024529
6024511
6024479
6024473
6024467589
602443
602441347
602440
6024392
6024378
6024364
6024362
6024350902
602435
6024346
6024344672
6024343263
6024335
602433
6024323
60243157
602430
60242htryt
602428
6024262
602426
602425
60242424
6024236500
602423083
60242301
6024214
6024203
602415l
602415798
6024156160
6024151603
6024150892
602414755
602413
6024128353
60241212
602412
602410
60241
6024046
602403883
6024014
602401
602400
6024-apa
6023m516
6023as
6023ag
6023JJ
60239897
602398
602397hmb
602396
6023941
60239236023923
602392
60239177
6023910kk
602391
6023889
60238732
6023863
6023850
602385
6023845
6023810
602378
6023759
60237319
602373
602372552
60236tiger
6023677
6023674628
6023673757
6023672486
6023665525
6023628
6023617
602361650
60236156023615
602361
602360343
6023581
602358
60235340
602353
6023518
6023504
6023500
6023499954
6023485972
6023481668
6023481303
602347d
602347
6023463
602345kj
6023452
6023443
602344
602343
6023416
602341
602340
60234
60233kope
6023397102
6023397
602338cv#1
60233825
6023368v
602335j
6023343251
602334
602333
6023322
602332042
602331ff
6023317
60233151
6023307007
602330
602329s
6023299
60232960
602329
602328
6023271
6023262a
60232513
602325
6023232
6023217
602321
6023197
6023195130
6023185411
60231717
6023162
60231569
6023156
6023135
6