wy
5615honda
5615colm
5615code
5615980isa
5615966
561595044
5615950
5615946
561594
56159368
5615931
561593
56159203
56159159
561590709778
56159027
561590
56159
5615890
561589
56158899000
5615881
561588
56158654
5615862948
561586
5615854
5615851
5615846
5615839
5615836
56158350
5615827s
56158270910
561582
5615818
5615813
561580
5615771
561577
5615767
56157652
5615754
561575
5615748690
5615731
5615726
5615717
5615712588
56157086
5615707
561570
56156967
5615692063
561568l
561567
561566
56156525
56156499
5615647
561564
5615638
561563561061
5615634
5615626
561562563
5615621
561562
561561j
561561561
5615614
5615611
5615610
5615609
5615591
56155891
5615586
5615580458
561558
5615564
561556
5615551
5615549
5615545
5615543
5615539
5615534
5615533r
561553
5615526
5615516
5615481
5615446
5615443
561544
5615437846
56154257
5615424
56154231
561542
5615404
561540
56154
561539794
56153979
5615394
5615385
561538
5615379a
561536
56153530
561535
5615349
5615342525
5615324
561532
5615313
561531
561530687
5615301
561530
56152952
561529
5615288
5615284=adhikari
56152674
56152626
5615246
56152428
5615237
5615236
561523
5615225
56152239
56152172
5615215
56152106
561520ed
561520903
561520
56151989
561518359
561518309
5615183
561518021776
5615180
5615179
561517106
561516980
561516
56151552
5615132
561513
56151287
5615125
56151224
561511121990
5615104
56151037
5615102
5615096
56150875
56150871
5615074
56150608
5615049
561504
5615032
561503
56150221
5615020cm
5615019g
5615016
5615007
56150042
5615000
5615
5614rm
5614oktober
5614ns
5614life
5614josh
5614bj
5614ab
5614LIFE
5614@cC
56149dulce
56149999
5614993817
56149861y
5614967+9
5614964
5614962
56149542
5614943
56149376
5614936
5614933
5614925
56149199
5614917140695
561490
561489k
561489
5614874
56148664
56148589
56148539
561484
5614837
5614836812
5614829
56148232
5614823
56148222221
56148222
5614819ae
56148176
56148125
5614809
5614805
56148
56147abi
5614795
56147932
5614793
561478j
5614789
56147820
56147726
5614763l
561476
5614759
56147563421
5614754
56147471
56147322
56147298
56147037
561469
5614688
561468714
561468683
561467
56146626jj
5614656
56146516
5614644
5614637
56146365
5614636
5614631
561462
5614603j
5614600
56145866
56145843
5614582
5614581123
561458112
5614579
5614575abc
5614574485verga
5614572
56145692
56145677
56145660
56145659
56145625jessy
56145616
56145614t
56145614a
5614548
5614525
5614519
56145134
56145124
561450[]
561450
56145
56144994
5614493
5614483785007181
5614470
561446f
56144699
56144610
5614458856132015
5614455
5614452
561445
56144450
5614433g
56144241
561441g
56144183
5614405
5614403
5614397aw
5614392
5614387
5614382
5614376me
56143642
56143620
561436
56143362
56143351
561432654
5614323lei
56143185615744
56143119
561431
56143066209380
5614292829
5614285
5614284
5614278
56142743
56142723
5614260
561426
5614256
56142520
56142458
56142416
56142405
5614239
561423
5614216
561420nj
561420339
5614202976
5614200
56141982
56141954
5614189
56141866
561418
5614177
56141767
5614174
561417
56141587
56141535
56141489
5614146pink
56141456t
561413561413
5614132
561413
5614125
5614122
561412
56141189
56141138
56141130
5614103
5614101
56141
56140J
5614099
56140925
561409
5614088
56140843
5614070
56140697
561406
56140556
5614055
5614050
561405
56140405
56140376
56140271
5614027
5614026
5614024
5614022anp
56140200
561402
56140180
561400fiolili
5614004
5614000
5614
5613us
5613s4363
5613pm
5613leojl
5613laurien
5613af1972
5613Bohuslan
5613997
56139919
561399
56139875
56139801
56139792
56139616
5613961
5613958
56139575630465
56139563
5613954
561395
56139480
561394
5613934
56139334
5613932
56139310
5613930
5613929
5613922p
561391
5613903
5613901
561390
561388
5613877
5613862
5613856
5613855704
561384
561383599
561383
5613805
56138
56137869
56137828
56137799
5613769
56137619
5613757
561375
5613746
561374
56137335
5613732
5613723mery?
56137202
5613717145
56137161
5613711
5613704
561370
56137
56136997a
561369
5613682
5613681
56136771
5613675
561366six
5613660
5613658
5613654
56136445
5613641imara1802
56136279
5613621
5613617
5613614
5613612
561361
5613609
561360
5613588
56135873
561358488
561358
5613576
56135663
56135585613558
5613558
56135523
5613551
5613549
56135454
5613531
5613523
56135200
5613519
5613515
56135117
56135098
5613504
56135001
56134947
561348
56134733
5613466
5613460562
56134513
56134483
5613443e
56134416
561343813
5613433
56134277
56134207
56134200
5613414
5613411
5613409
5613403
56134000
56134
5613397
56133962
5613394
5613390
561339
56133865
56133835623383
5613381
5613375
56133560
5613346
5613333
56133237
5613321
5613316
56133122522
561331
561330859
5613303
56132x
561329b
5613297
56132856
561327l
561327
5613266
5613260
5613256
56132541
561325
56132422
56132408
5613240
56132350
5613234
5613230
561323
5613227
561322
56132141
56132122
56132092
5613209
5613206
5613205
56131985
5613193051
56131905
56131799
56131775
56131681
561316
56131561
561315
56131464
56131433
56131428
56131412
561314
5613137
5613134
5613133
561313
5613120
5613118
56131104manutd
5613109850
5613098
5613093
5613075
56130710
56130687
56130678
56130619
5613061
561305a
56130594
56130579
5613057667
56130560
5613055
5613053
5613042
5613040
5613035j
561303344871821
5613033
56130329
561302
5613018a
5613013
5613012
5613006
5613005
5613000
56130
5612za
5612worley
5612ninie
5612kl10
5612hott
5612dorjen
5612destino
5612dd
5612add
5612ABC
56129886
56129783
56129773
5612976j
5612976
56129754
5612974
5612973
5612971
561297
5612958
5612953
56129472
561294
5612931
561293
5612923
56129214
56129158
5612913
56129114
5612911
56128k
56128969
5612885
5612882
5612881
5612865
561286
56128576
56128561
5612843
561284
5612837
5612835
5612829016
5612828
5612827
5612824
56128182
5612813
56128
5612790
56127803
56127780
56127740
5612773
5612772
56127708
561277
5612758
56127539
5612747
56127430
5612740
561273705612893
56127279fany
56127276
5612726
5612723L
5612715
5612711
5612706
56126888
5612683
5612680
561268
56126713
561267
5612669
5612667
5612664scarlett
561266228
56126519
5612641
56126375
561263636
56126298
5612627
5612618
5612603
56126014
561260
56125harvey
5612597
5612596
5612583
56125615
5612560
5612558412
56125558
5612554
5612552624
5612551pongsaya
561255
5612546
56125403
56125399
56125342
561253
561252mc
5612524
56125236p
56125210
5612521
5612520
56125057
56125001
5612499
561249
5612485
5612481796
5612470
561247
5612463
5612461123
561246
56124582
561245
56124489
5612443
561244
561243739472
5612432
5612430
5612421k
5612421
56124163
56124097
5612405
56124021
56123wod
56123kl9
56123b
5612395
5612390
5612389
56123862
56123818
56123789
561237
5612369
5612363
56123621
561235614879
5612352
561235
5612349
561234789
5612347
561234682231
56123456789
56123445
56123399
56123373
5612337
5612336
5612334
5612330
5612329
56123275
5612323
5612319
56123123
5612308
56123065
5612304789
56123.0
56122835
5612280
5612278
56122702+-
56122693
5612267
56122617
561226
5612256
56122558
5612251
5612249
56122388
5612238
56122303
561223
56122206
5612219
56122189+
5612217
5612216
5612214
5612213
561221227
561221
56122072535308
5612204751
56122037
561220
56122
56121972alex
56121934
5612181
56121803
5612178
56121692522
5612169
5612168
5612165
56121628841171
5612161
561216
5612156
5612152323
56121495
56121428
5612137
5612136
561213
56121258
5612122
561211c
56121145
56121130ABC
56121111
561211
561210peace
5612108
5612101
5612100
561209ms
5612093
5612090
561209
561208ar
5612080
561208
56120768
56120762
5612073
561207
5612066
5612065
56120627
561205c
5612053
561205
5612047
5612041
5612040
561204
56120215
56120207007
561202007
5612019
5612018
5612015c
56120123456
56120123
5612007
5612005
56120002
5612-8gr88
5611yx
5611ne
5611naza
5611louis.-
5611lilac
5611kisho256
5611bmw
5611Vista!
5611@hotmail.com
5611996
5611995
5611990
5611987
5611967
56119592
5611941
561192a
5611924
5611918
5611914
5611912
5611908
561189693694
5611893
56118882
5611886
5611871
561187
5611868hola
56118684
56118647763893
56118646
561186
5611859
56118571
56118514
56118492
5611837
561183
5611821
561181
5611803-6735
56118029
56118016
5611800
561180
56117e
56117742
5611769
5611768
5611766
5611758
5611757
5611752
5611744
5611735
56117331
5611729
5611728
56117273
5611708
5611703aa
561170
5611698
5611685
5611682
5611672
561167
5611668955825669
5611665528
56116605
561166
5611654
5611645
561164
561163l
5611633
561163
5611622
56116148
56116049
56115741
56115725
561157
5611562maya
56115611t
561156111
561156
56115554
5611549
5611521
56115203
5611516
561151439
56115104
561150713
56114ever
56114eva
5611495
5611491
561149
5611487
5611477
561147
5611464
5611454
56114519
5611431
5611426
5611417
56114139
5611402
561139
561138
56113703
561137
56113500
56113395
5611333
5611331
5611324
56113225
561132
5611318
561131483711
5611313
5611312562
5611310
5611309
5611303
56113023
561130
56112971y21230856
5611293045
5611293
5611291
5611288
56112853
5611282
561128
561127rock
5611277di
5611275
5611273
5611272
561127123456
5611260
561126
56112556
56112510
561125
5611245633
56112427
561124
5611234567
5611234
5611226
56112188
5611218
5611210229
56112083
5611207
5611206a
561120
56111994
5611195
5611191
561119
56111899
5611185
5611181
5611180
5611178
56111623
5611158
561115770
56111521
5611148
5611147
56111336
56111315
5611122
561112
5611111
5611110
561111
5611106
5611083
5611082
5611071
5611063
561106034
561105m
56110495
561104
56110309
56110269
5611018
56110142
5611013
56110018
56110.gio
56110-0861015774
5611
5610xx
5610signal
5610ra
5610kj
5610jj
5610fm
5610fe
5610cl
5610alex
5610___5610
5610LUAN
56109927
5610985
56109573
56109542
5610954
5610950
561094
5610932
561093
5610924a
56109201
56109151
56109015
561090
56109
5610899
56108911267
5610890000102
561089
5610888
5610872
5610841
561084
5610838
5610835
5610823
5610819
5610814
56108072
5610800
5610792c
5610789
56107876
5610777
56107722
5610771
561077
56107625
5610754
56107473
56107423
5610734
5610733
5610732aj
561073
561072
5610716
56107124
5610705
5610692
56106815
561066561066
5610661
561066
5610652
561064
56106369
5610634
56106300
561063
5610616
5610614
5610610
5610606
561060
5610597
561059000
56105860
56105821
56105805
5610574
56105666
56105646a
561056
5610543cel
56105300
561053
5610526
5610520sn
56105207
561052
5610508
5610500
56104903ame
56104903
561048937
5610487
5610479
56104773
5610477
56104741
561047221994
561046b
56104634
5610453
5610449
56104453
56104408
5610436
56104354
5610434
56104296
5610424
56104197
56104192
5610405060203
5610402
56104
5610391x
56103892
5610387941
561037CM
5610376
5610363
561036
561035
5610340
56103245
561032
5610315
5610310
561031
5610300016374
56103
5610295
56102944
56102799
56102773
561027
5610266
5610263
5610260
5610256
56102551
56102526
5610250
561025
5610241
56102386
56102255
5610223
5610219
56102150
5610212
561021
561020cm
561020
5610192...
561019
5610183
56101820
5610173
56101721
5610163
561016
5610156
5610153
56101523
5610150
561015
5610149
56101459
561014522678
5610145
56101423
561014
5610138
56101329
561013055474
56101303723461
5610130
5610127
5610123
56101225
56101168
56101167
56101055
56101047
56101028
5610100
56100kl
5610090
56100891
5610089
5610080*
5610080
5610072
5610061
56100446
56100444
56100428
561004
5610033
56100309victor
5610028kudos
5610027
5610020jmm
561002
561000o
56100027
5610
561.boy
561-9990
561-2438
561
560zorra
560y690
560uwrm
560uczrx
560toma26
560spider
560speedfreak
560smile
560shoti
560sexy
560sacto
560s27
560niggaz
560macedonio
560les
560kgui
560kaan$
560hkvrx
560grieson
560eaaadc
560dolphins
560ac45
560A5A
5609papy
5609fkczv
5609ERIC
5609990009321
560999
5609982
5609973
5609972
5609971
560996
56099517TIAN
5609936
560993
5609926
560992
5609905452
5609905
5609903934
5609903244
5609903141
5609903113
5609902419
5609901556
5609901
5609900933
5609900183
560989025
560988jj
560988
56098755957585ma
5609874
56098723
5609872
56098640
5609864
56098608
5609856
560983nate
560983
5609829
560982
5609804770
5609804228
5609804140
5609804045
5609803311
5609802915
5609800488
560980
56097965
560978
560976
5609720
560971
5609705664
5609703524
5609703236
5609703156
5609701072
56097009
5609693
5609691
5609688
5609668
5609656
5609651a
5609650
5609617
5609611430676n
560961
56096069
5609604417
5609603299
5609601802
5609601756
5609601292
5609601013
560959
560958936
560957219
5609563
56095609
5609560
560956
5609559
56095508
5609518123
5609507002
5609503409
5609503099
5609502395
5609502346
5609502237
5609500445
5609493
5609491
5609490
5609484
56094787
560947
5609459
560944
5609435
5609422
56094147
560941
5609404130
560940
56093zgo
560939
5609384
56093655
5609350
5609338
56093328
5609304231
5609301h5
5609300624
56093
5609287
5609279+a
560927720
560927
5609268
5609258
5609249
560924
5609236
560923
5609215
560921456
560921
5609204
56092
56091G
56091992
56091988
56091946
56091934
560919
560918
560917h
5609178
560917
56091611
560915me
5609158
56091506
56091467
56091214
560911sjm
5609118
5609116
5609104
5609101
56091009
560910
5609091971
560908a
560908
5609079
5609064
5609059
560905
5609043
5609039a
560903
5609027K
5609021
560901
560900
5608mm
5608m3
5608kregf
5608hDHd
5608emily
5608cwc
5608CONN
5608993
5608990
56089861
56089776
560897
560896
56089547
5608944
56089358
5608930
560892
560890381
56089012
560890
56089
5608898
5608878
56088669
56088585
56088477
5608840
5608824
560881808
56088170
56087996
56087989
5608793
560879
560877869
56087710
56087646
5608752
560874607
5608735
56087324t3
560872988
56087197
5608716
56087135
56087082
5608704
56087003
56086957
5608695
560869
5608676
5608662
560865
56086430
5608633
5608611
56086027
56085902
5608570
56085683master
56085633
56085630
56085608
5608552
560854
560852
5608518
5608512
56085092
56084widy
56084880
560848
560846
56084454
56084405
5608422705
5608408
5608404
5608402309001
56084013
5608386
5608382
5608379
5608371
560836811
5608361
56083364
5608330
56083210
5608320
5608311
560830op
560830j
56082994ukiro
560828
5608270
5608265
5608258
56082542
560825047
5608240
5608234
56082268
56082199
56082198
5608216
5608210533
5608209
5608196
5608192
560819
56081870
56081680
5608158
56081416
5608140892
5608123
56081220
5608122
5608120
56081
5608086
56080782
56080740
560807
5608052563
56080525
560805
5608038
560803
5608015
560801
5608-acn
5607sl
5607s
5607o
5607kmy
5607996
5607974
56079319
5607929
5607925
56079047
56078913722081
56078907
5607890
5607865
56078631
5607861
56078501
56078470
56078424
560783
5607829
56078249
5607820
560782
560781
5607800
5607799
5607772
5607769
5607761
560776
5607757
56077555
560774
56077365
5607722592
5607721
56077173306
56077086
5607703
5607694
56076790
56076733
560767
5607666
56076635
560766
56076324
5607632
5607631win
5607631Win_
56076275
5607623
560761
56076065
56076043
560760
56076
5607588dc
56075840
56075814
5607577
560757
5607568
560756
56075519
56075516
560754
56075317
56075265
56075214
560752106
56074938rta
56074912
560744
56074286antes&
5607426
5607420
5607418
56074162
5607416
560741
5607396mk
560738p
56073840
5607384
56073742
56073630
5607348r
56073472
5607346
560733076
56073163
560731520
5607307
56073052
560730119910220
56072m
560729
560728
560727Bank'
56072731980
5607260
560726
56072568
5607255
560724
56072398
5607234
56072317
56072304
560723
560722
56072195371137
56072175
56072072
5607203
56071u
56071973
560719591
5607193
560718
56071797
56071770
5607170
56071618026
5607157
56071564
56071554
560712
5607105
560710
5607097
56070883
56070879
56070866
56070815
560708
56070686laura
56070644
56070641
5607046teamo
56070414nancy
5607032
5607020
56070067
5607
5606yeah
5606sm
5606rock
5606nick
5606nelson
5606ls
5606kit
5606ja
5606bkc
5606billy
56069982
560699
56069831
56069826
56069789
5606962109
560696
56069550
5606953
560694875l
5606933
5606919560
5606918
56069141
5606911001
560691
5606903
5606883
56068788
560687
5606869
5606861
56068561
56068534
56068483
56068446
560684
56068337
560682
56067883
5606775
560677
56067689
56067525
5606748123
5606728
5606723
5606721
5606719
5606717c
5606717
5606710
560669
560668jow
5606680010010
56066687
5606656
5606650
56066493
56066409
56066402
560662
560661980
5606611
560660and
5606608
56066003
56066
5606586
5606584
560656rd
56065609
56065606bj
5606556
56065522
5606547
5606535
5606512
5606511
560650
5606479
560646
5606440
560644
5606438156
560642
56064186
5606412
5606403
56064016
5606400
56064
5606392
560639
56063869
5606380
560638
56063733
5606370
56063690
5606362
5606361m
56063584
5606356
56063553
5606341
5606340
56063229
56063167
56063117
560631
56063000
56062822
560628
560627
560626
5606256
560625
5606217304031990
56062173
560621
5606197
5606185
5606181316524697
5606167
5606160
560616
56061532
560615
5606147
56061442
5606142
560614
56061382
5606131957957170
56061293
560612
56061174
560611
5606094
5606090
56060809
560608
56060770
56060606
56060588
560605
5606041000976
56060385
5606031
56060249
5606024
5606013poto///*
56060076
560600
5606
5605sp
5605pvvyq
5605mellinda
5605mel
5605ma
5605kilala
5605hbqph
5605flex
5605amir
5605Nany
5605995
5605994
56059725
5605962
56059591
5605959
5605955061405
560595
56059365
560593
56059290
560591465sm
56059045
56059013
56059
56058DT
560589
5605886
5605878
56058718
5605862cd
560586
5605858
5605857a
5605848
5605845
56058296
5605829074
56058286
560582
56058080
5605804
560580
5605791
5605785
560578
5605779
5605778
56057772
560577
560575
5605747
5605743
5605733
56057277447849
5605719
56057150
5605713
5605708
5605698m04
5605696
5605688
5605687k
5605685
56056801
560568
56056739
560567
5605667
5605666
56056502
560565
5605644
56056376
560563
5605618
5605616
560560p
56056087
56056071
560560560560
5605596
56055916
560559
5605585
560558
5605579
560557600101
56055755
5605575
5605574
5605573
56055710
5605554
560555
5605540
56055361
5605535
5605515
5605508
56054e
5605482
560548
56054640
5605460455092154
5605448
5605446
5605440
5605422
560540932
5605409
5605399
5605390
560539
560538
560536
560533
5605328
56053264
5605314190
5605302
560530
56053
560529
56052837begos
56052752
56052749
5605272
560522er
5605221889
560522
56052102
56052101
56052006
560520028172
5605196
5605195
5605192
560519
56051822
560518
5605173
560516
560515
560512
560511
5605104
5605087
5605086oli
5605066b
5605066
5605061
560506
5605050
5605048
5605047
560504
5605037
56050172fczg
5605016
56050063
560500
5605
5604vrd
5604shyshy!
5604rf
5604malo
5604ltt
5604jackie
5604hwteb
5604hec
5604girl
5604fun
5604bebelila
5604al
5604Manuel
56049929
5604981
5604962
5604940
560494
5604927
560492
56049080
5604904
5604897
5604890
56048887
5604882
560487
5604858
56048570
5604851
560485
560484nb
560482
56048193
56048084
56047875
5604785
5604783
5604774
560477
560476dr$
5604769
5604757
5604735
560473
56047205
5604715
5604713001207
560471
5604705jn
56047019
5604686
5604665..flower
560466388
56046569
56046407
5604633
560463
5604624
5604606
560458je
5604585
560458
5604572
5604561
56045604s
5604556
5604530
56045250
56045235
560452
56045107
5604502
56044ufgbd
56044buogq
56044926
5604488
560446
5604450
5604434ester
5604433
5604423789
5604418
56044088
560439dramontoya
56043604
560436
56043569
5604343
56043352
56043184
5604306
5604292
560429
56042897
5604285
5604279
5604273
56042669
5604266
56042610
560426
560424ag
5604238
560423719
5604235
5604233
560421ura
560421026
5604210
56042075834747
5604206
560419
5604177
560417
560416313
5604162
560416
56041425607411
560414
5604134
560413
5604129
5604120
560410
56040th
5604065
560406
5604055
5604051
560403
56040268
56040258hola
5604007
5603x1lp
5603win
5603washington
5603vmv
5603queen
5603qXJ4
5603king
5603fred
5603[dahlia]
56039747
5603957I
56039207
560392
5603917
5603916
560390405
5603903
560387
5603868
5603862
56038589tufon
56038553
560385
56038285603828
5603822
5603792
5603779
5603770
56037591
5603748
5603739
5603730
5603713
5603699
56036930
5603684
56036510amor
56036311acr
5603631
56036303
56036138
5603610
56036064
560360
56036
56035968
5603583
560358
56035637022
5603563
560356299
56035603T
560356
5603555
5603547ok
5603539
5603510
5603507
5603493
56034822
560348
5603479L
560344
5603438
560343
56034263
5603424
56034127
560341026555467
5603409
560340
56034.6.s
560339854
5603384
5603377
560337
5603365
5603361
560336
56033534
560335
56033410
560333
5603326
560332205
56033217
56033141
5603304584
56033020
560330
560329c
56032989
56032913
56032900
5603290
5603285
560328
56032749
560326
560325h
5603252
56032489
560323
560322c
56032099
560320
56032
56031976
56031507
560314d
56031412
560314000
5603134
56031234
5603122333
560311
5603106
560310
56030dpons
560308A
56030883
560306
560304r
560304150
5603038
5603032
5603023
5603022
5603019
5603005
560300
5602simm
5602sc
5602iwuyojhy
5602asd
5602ab
5602JAHSIAH
5602ColinA1030
560299623
560298
56029717
56029712762893
560297
56029624
56029609
5602960
5602956
560295
56029455
56029429
5602932
560293
56029288
5602916
56029159
5602911
56029017
56029003
56028ttygw
5602894lasmami
56028901
560288ana
56028842
5602870
560286j
56028658
5602863
560285
560284
5602835m
5602831
5602830
56028209
5602818
56027m
560279bp
5602799
5602796
5602792
560279
5602789
56027710
56027699
56027651
5602760
560276
56027505
56027470
5602741
5602736
56027359
560272
56027153
56027141jaja
56027141
56027113
56027106
56027093
5602705
56026aqarq
5602693
560269
56026859
5602683
560267
5602656vallejo
5602643l
5602642
56026312
56026203
560262
560261
5602606175009
5602606
56026051
56025974
5602588KH
56025809
56025732
5602573
5602569
5602561
56025515
56025455
5602537
5602528
5602525
56025175
5602516
5602515
560251408
56025128
5602497
5602489
56024869alejandro
5602478
5602477
56024640
56024600
5602454
5602450000
56024433
5602441
5602433
560243
56024261
56024205602420
5602420
560242
56024199
56024048
56024025
56024
56023993
56023915681123
56023875
5602371
56023707
5602368
56023613
56023612
5602356023
56023436
5602340
560233f
56023321
5602331
5602327
5602325
5602322
560232
56023107
5602307
56023037
560230
56023
56022994
5602291
5602287
560228
56022786
56022678.
560226
5602250
56022390
56022316
56022292
56022252
5602216
5602206
56022
56021962
560218k
5602189
56021807
56021797
56021782
56021765850432..
56021741
56021718
5602166
56021649
56021638
560215
5602147
56021466
5602141
5602140
560213mallan1976
5602133
56021298
560212
5602115
56021129
56021076
56020983
5602094
56020901
5602082
56020807012239
5602079
5602072
5602066
560205
5602045j
56020419
560204
5602035
560203
560202
560201
56020066
5602000
5601xxx
5601wegg
5601wainwright
5601tan.,
5601savoy
5601r8
5601dj
5601cox
5601az.,
56019891
5601980
5601968
560196
56019536
560194t
560193504359
5601925
5601922D
560191
560188
56018706
5601870
5601833
560183
56018222
5601822
56018190
5601802
56017r
5601786
560176
5601750
5601747
560173
560172Bhuyan
5601718
560171
56017
5601665,esme
5601664
560166
56016592
5601656
5601652
5601640
56016399yeah
5601639
5601635
5601626
56016236
5601608
560158
56015752
5601571
560157
560156015601
5601560
560155
5601548
5601542
5601535t4
560153
5601516
5601515
560151
5601508
5601500
560149
5601478523695601
56014575
5601457
56014493
5601421443H
5601421
56014205823535u
5601412
5601410
5601400n
560140
56013963
5601395
5601385
56013691tato
5601362
5601336
5601329
5601312
560131
5601304
5601303
56013
56012ss
5601290
560129
5601288
56012855
5601284
5601282303
5601265
5601262
56012527
560124jw
56012415
560124
56012388
5601230g
5601222
5601221
5601216
56012120
5601203
5601201665857001
560120
56012
56011818a
5601180
5601175
560117307
56011622
5601154
5601148
560113001
560113
56011207
560112
560111
5601100137853
5601100037395
5601100020476
56011
560109sdh
56010838
560108
5601072
560106256
560106
5601058
5601048
5601033
5601032
560102j
5601017
56010148
5601004
56010024454
5600nget
5600nanxiaoli
5600lk
5600lh
5600kok
5600dd
5600curtis
5600ch4235xz9865gh
5600TMC
5600BLK
5600999
5600998
5600986
56009813
560097258811
5600969
5600961
5600951j
560095
5600949
5600948
560094667
560094
5600924
5600918
5600908
56008budjb
5600896
5600890009762
5600890
560088
560086
5600847
5600840D
560083z
5600830j
56008225
5600811
560081
5600805
5600802pac
56008015
56008
56007gara
560079
56007856
5600772
5600760
56007520
5600749
560072s
5600704
56007
56006818
56006806
5600669
5600654
560065
5600646
56006349
5600629yeyeye
5600620
56006128
5600611
5600598
56005966
5600595
5600592
5600587m
5600583
560058
56005773
56005656
56005427908
5600536me
56005305
56005207120
5600512
5600511991
5600502
5600501
5600492
5600470
560046
5600458k
5600446
5600443
5600439
56004321
560043
5600426
5600424
5600422
560042
56004153
5600400
560039
5600386
5600385
56003816
560038
560037
5600364
560036
5600349
56003459
5600344
5600332xxt
5600328
560032
560030
560029
5600286
5600285
5600282
5600280
56002782
5600275
5600273
5600268
56002524
56002369
56002315
56002284
5600227
5600211r
5600206
5600203a
5600202
56002
56001938
5600190
56001886
5600182
560017900
56001729
56001716
56001685
56001683
5600143
5600136
5600132
5600129
5600123456789
5600121haha
560012126
560011984
5600112233
5600112
56001109
5600106
5600100048094
5600100044153
560010
560009964a
56000963
560009
5600088
5600078
5600077
5600075
56000609
56000397
56000208
560002
56000162
5600013
560000076
56000000
5600000
5600
560/04
560.qyz
560-9831
56/ถ/ึ/2ๅ-ต
56/6050066080
56/41pod
56/09/06/2007