4
562smile
562sin
562ru561
562rigos
562rider
562prefect#1
562pr9
562pnw
562playboy
562pimp
562pi249
562peter
562peta
562otis
562oreofish626
562op247
562okland
562o407465
562nigga
562nana
562mike
562mh
562mer
562melissa562
562maydos
562loved
562longb
562loka
562lcj
562kyle
562krew
562k041
562joe
562jjc
562jeff
562jason
562jadnj77
562htnne32
562hoe
562heart
562headhunter
562green
562giwc
562girl
562fsr
562fp4lfl
562fello
562fazendas.
562erick
562dude
562dts
562da90
562cordova
562chris
562bss
562blue
562befun
562babydoll
562babe
562angel1990
562alu
562Wilson
562TRISTE
562TITO
562TINY
562Slgmf
562LOS1WAY
562IVE
562IMPORT
562HAIDE
562GOOFY
562CORDOVA
562CAM
562BABY
562BABIEDIPZ
562AKS562
5629tanu
5629kl
5629kkbalto
5629kessel
5629free
5629cs
5629brst
5629boricua
5629adadstb
5629LZ
5629968
5629967
5629962
5629961
5629958
5629933
562993
56299085
5629906
56298pr
56298f
5629898
5629884
5629880513++562
562988
5629875
5629866
562986495
5629841
5629809903
56298
562979m
56297994
5629779
5629762
5629749r
5629749
562974311118
5629729
5629711
5629710
56297062
5629689
5629688632
562967
5629653
56296506491961
5629650
56296445ingosper
562963741852
562963
5629620
562961
5629606
56296
562959487
5629582
562958
5629575
56295646
5629557
5629554
5629552
5629551
5629548
5629530
562953
5629518
5629515
562949291
562949
5629484598
5629478
562945633
5629451
56294432n
562944
5629436554
5629433
5629427you
5629427502
5629427
562941thi
5629414310
5629409
56294042
5629400
562939e
562939852
5629395
5629393
5629386
5629384
562938267
562937
562934
562933E
5629328756
5629309
562930
5629299983
562928e
5629283
562928
5629279
5629277
562927
5629267895
5629267
5629262
5629259253
56292531
5629243BALLETa
562924121883
5629237
5629234501
562923402
5629221
5629208
5629202
5629201
56291ys
5629190
5629186
562918
5629177
56291712
5629171
562916
562915903
5629156291
5629150
5629147
5629144
5629141
562914
562913356
5629132
5629130
562912707
56291234
5629120878
562912
5629119686
5629117
562910863856291
56291-a
5629098
5629082
5629062
5629047830
56290404
5629021
56290106
5629002
56290003
5629000
562900
5629.love
5629
5628ta
5628t+d
5628sl
5628oo
5628kobe
5628jgfmn
5628home
5628for
5628dfsw
5628ap
5628=)
562899
5628987
56289675
5628965245
5628965
56289564
5628941
56289400
562893944
5628934
5628925
5628922l
56289207k
56289207K
562891
562890ja
562890065
5628897*v
5628895077
5628894
562888
5628877
5628872
5628867
5628818
5628817769
5628799
562879
5628783
5628772
562877
5628768
562876
5628759
5628751
5628746
562874110
5628741
562873910522
5628725
5628717123
5628715
5628714
5628697191
5628695
5628689
562868321
5628680935
5628652
562865
5628620
5628619265
5628605
562859430
5628588
562856539
56285562
56285555
56285520
5628552
5628548
562854
56284sdxca
5628496324
56284863
5628474
56284673
562845
56284476
5628440
5628434
562843
5628418
5628416542
562840
56283qpmks
5628393
56283923179
56283911
562839
562837c
56283670123
5628364
5628360123
562836
5628359s
5628359
562835
5628344
56283369
5628321
5628316
562831
5628292
562828
5628278
5628272
5628260m
5628252
5628251
56282505
5628248
562823
56282292
5628215829
56281994
56281962
5628191
5628190
562818653
56281819
5628168
56281604
56281524
56281497
562814225
56281404720583
56281212
562812
5628117
5628111
5628109311
5628107750s
56281018
56281
56280long36901
5628089
5628079
5628076
5628045250286
5628045
562804
5628033
5628016
5628015
562801
5628004noy
56280000
56280
5627sr
5627pt95
5627one
5627jenny
5627erpny
5627dimondring
5627dc
5627blue
5627bk
562799486
562798
562797956249585632935
562796
5627933
562793
5627922
56279100
562790528820bobby5627
562789o
5627898
5627896
5627882456
5627879
56278603
5627860
5627858
5627854
5627850
562785
5627843
5627842
5627806
5627802
5627798
5627774235
5627773587mmmm
562777
562775064
5627747
562773001
5627717
56277057796917
562770
56277
562768
562767
5627669
5627664
5627663
5627662
5627650
562763
5627626915
56276262
5627620078
5627619
5627593
562758
5627572
562756601
56275613456278
5627561
5627537
5627532
5627527
5627509
562750
56274931
562747
5627466
5627464
5627460rieL
5627455
5627440899
562744
562742
5627417406
56274162
56274141
5627410
5627407
5627404
5627402456
5627402
5627395
5627382
5627369
5627358
562735
5627342
5627340
562734
5627329
5627325
562730917
5627302
5627293037
562729
5627280k
5627274
562725
5627236
5627234192530
5627227
562722
562721014
562721
56272
56271996
5627189tm
5627172
562717
56271610
56271604
5627155
5627153
562714f
56271497160933
5627138
562713644
562713!n
562713
5627124
5627122269
56271215
56271212
562711
5627103077
562710
56270940601
5627086
5627076
56270750500
5627072
562706flores
5627062
5627023
56270170
5627014
56270138
5627009
5627002
5627001
5626vera
5626sokyee
5626password
5626nigga
5626lakers
5626kai
5626joan
5626db5626
5626bec5
5626ba
5626accra
5626Victoria
5626LEIDEN
5626@jsm
562699salte
5626983
5626982
5626981
5626975859
5626969
5626966718
5626966
5626958086.me
5626958
56269486
5626944
562693ae
5626931
56269173
56269
56268857
5626882
562687j
56268759
5626869
5626855
562685
5626822899
5626821
5626820
562682
562681
5626798
5626790
562679
5626786
5626784
5626783
5626780
5626778131
5626776
562676635
5626765139
562676
5626736
562672
562671TuBa
5626716777879956
5626712
5626707
5626702
5626701
5626695
56266900
562669
5626688
5626684
5626682
5626680
5626660
5626657
5626652
5626647
5626642
56266301
562662boo
5626626
56266207
5626615
5626612
5626611
5626610
5626607
562660
5626596
5626595
5626593
562659
562658erj
56265784870
5626572
562657
5626569
56265688819
5626562286
5626557
5626556
5626552
5626550ks
5626546
5626541
56265400
562654
5626537
56265323
5626526
5626518
56265115672125
5626511
562650415
562650
56265
56264dcedr
5626498kb
562649
5626489
5626479338
56264758
5626471
5626463r
5626443
5626439
56264343
5626420
5626415
562641
5626380123
562637622937
5626375P
5626373
5626372
5626369
5626364
562636348
5626362
5626352
56263508das
5626345
5626335315
5626332
56263304333
562633
5626326928
562632669
5626325
5626323
562632252
562631893
562631
562630805
5626307
5626305
56262aa0
5626294
5626286
5626278678536
5626262
562626
56262580
56262540
5626252
5626251
5626249
562624852
5626245
56262422895san
56262330
5626231
5626229
5626225
5626223
5626222622028395
5626217
5626210
5626206
56262.
56261988
562619757
56261969
5626188
562617gomez
56261724
56261635
5626163
56261484239
5626148
5626141
562614
5626136
562612195
562612
56261188
5626112
562611
56260r
56260dxorz
56260985
562609
56260805626080
562608
562606
562603562603
56260310
5626025
5626022
5626021232
562602
56260129
56260030
5626
5625yeye
5625ugly
5625tia
5625sharon
5625saiful
5625password
5625nf
5625ne
5625me
5625la
5625dor
5625bsdgi
5625as
5625998307
5625980
5625967
562595390
5625950236
5625946
5625933
56259317
5625928
5625920
562591AS
5625911
562591
5625907
5625901411
56259000
5625900
562590
56258austin!!
56258912
56258831
5625881
5625880
5625876
5625871
5625856258
562585
5625845
5625834
5625831
56258284
5625824
5625807
562580
5625796
5625793
5625789
5625777
562577
5625768
5625755
5625746
56257459710686
56257423
56257356894273498273
5625728281
5625726393
5625722
5625720
56257
56256njvcs
56256fazvq
56256eaxpq
56256989
5625693
56256923
5625685259356
5625682
5625666
5625663
56256615
562566
562565
5625639
56256345649395
562562sm
562562b
5625629
56256289
56256256
5625625
5625623
5625602
562558748
5625586
5625578ako
5625576
56255705
5625570
5625567
56255625m
562556
5625543
5625542123
5625542
5625535
5625533
5625525
562552
5625514
5625510tel
5625507
56254ecziw
5625496
56254956
56254900
562549
5625489mama
562548
5625473
5625466hm
5625461
56254575
5625456
5625455
5625445726
5625441
562542852
5625415759
5625407
5625406031994
5625400812355754
562540
5625398
5625396
56253954
56253897
5625387
5625383
5625381
5625372
562536zamak
5625366
5625365363565635
5625365
5625364
5625358
5625349
5625345
5625336536
5625334
5625333
56253216883001
56253210
5625319
56253170
5625304
56252j
5625295
5625292567
56252908
5625285
5625274betna
5625264
5625260123
5625256
5625252
5625246103
56252448
562523499
562523321
5625233
562522o
56252293
5625229
562521087
562520j
56252005
56252
5625192
56251914.
5625187
5625186
5625176
5625174
56251718
56251661318
5625162
562516
56251574
562515
5625146
5625139
562513431827
5625130
562513
56251234
56251215
56251212
5625111
56251
5625098
5625091
5625090
562508zally
5625085ash
5625060
5625059
5625058
562505756591
562502711
5625023
5625022
5625012
5625011
562500aw
56250000
5625
5624nj
5624lb
5624kenny
5624dan
5624ali
5624Jony
5624994a
56249918
562499
5624988815
56249877
5624976
5624970
562497
5624963
562494a
56249439
562493km
5624939
5624931
5624909
5624905
56248l
56248gusvm
56248973102
5624894
562487913
5624869
56248654
5624865
562486
56248599
56248562485
5624856
5624844
5624834
5624825
5624820mr
56248200
5624820
5624812
562480
56248
56247930
5624792
5624790
562479
5624776725
5624775853
562477
562476480
5624757
5624756247
5624754
56247520
5624747
5624739
5624681
5624667
562466
5624653
56246500
56246497
5624643
5624638
562463
5624626
5624618824
56246031
56246012
56245959
562459
562457777
5624563
5624562
5624554
5624549
56245472
56245469
562454
5624537
56245275552089
5624526
56245209
562452
5624513
5624490
5624480
5624471
562447
56244683258371
5624464789
562446404
5624462
5624457
5624444
5624442
5624441
562444
562443897
5624431
56244301
5624417800
5624413
5624410
562441
56244
56243961
5624396
56243820
562438
5624372
5624360
5624357
562435
5624340
562434
562433zero
562433772020
5624335570
5624321963
56243124
5624311
56243101
5624310
5624309
5624306
562430
5624297m
5624294helena
56242800
5624258
5624257
5624235
562423
5624228430
5624226
5624219
5624217
5624216
5624201
5624200
562419S
56241989
5624192396
5624191
5624181
5624174
562416
5624150
562415
5624144
562414
562413789
562412
56241144
5624113
562411
56241063
5624104
5624103
5624099
5624097
56240911
5624087
562408
56240790
5624074
562406
5624058
562404l
5624049594
5624048
5624044061
56240256
5624023229
5624012loved
5624008533
56240077iran
5624002r
5623xx
5623xhuti
5623www
5623two
5623spokane
5623nr
5623lw
5623lr
5623l
5623kobe
5623ke
5623jsms
5623jmoa7949
5623jennifer5623
5623gz
5623eety
5623an
56239avml
56239980
562398917
5623986
5623978
5623977
5623965
56239621
5623953562
562395
5623944
562394
5623932
5623930
56239291
56239247
56239226
562392
5623918
56239169
5623916
56238ps
56238956
5623894107
5623889
5623874
5623864
56238601
562386
562385
5623840
56238395627879
5623839
5623834
5623823
562382
56238179
562381
56237jpxtz
5623791
5623777
5623773a
5623767
562376169
56237592
5623757
562375
562374189
5623733
562371
562369ishot
56236936
5623691
562368526391
5623679
56236725
562367
562366296@facebook.com
562366
5623657oriana256
56236532
5623648er
5623637
562362ED
5623623
56236214
5623618
5623612
5623596ow
56235963
5623591
5623581123
562358046
5623580
562358
5623575
5623563
562356230
562355730
5623557
562355313
5623553
56235503
5623550
562355
56235489
56235446
5623533
5623531
562353
5623515400
56235151
56235115
562350799
562350
56235
5623496
56234949liber
5623491
5623487
562347897418520
562347179352
5623464
562346
56234589
56234562
5623456
562345412
56234512
5623451
5623448
5623442
562344
56234392508966371234
5623439
5623438
5623427
5623425
562342
562341karla
562341897
56234175
5623414
5623410/93752026
5623408
5623398
5623396
562339153176
5623391
5623387
5623370
5623364daniel
5623353064
5623352
5623346
5623344
562334
562333
5623327635
562332
562331
5623307
56233045211
562329aK
5623299
5623290400
5623288
5623281
562328
562327
5623266
56232589
5623254
56232536
5623251
56232490
5623237
56232323j
5623226
5623221iqf68b
5623221
562322
5623218
5623217
562321
5623204
5623203
56232010586
56232
5623196
562319
56231824
562318
5623177029
56231767
5623170561
5623169
5623168
5623162363
56231570
5623157
5623156231
56231542a
562315
562314h
5623148970123
5623148285025
56231478
562314400
5623144
56231407
5623124
5623118
56231136
5623110
5623106
5623101315
5623100
56230j
5623098033
5623090
562308a
562307m
56230792
5623053
562305
56230400
5623032
56230280vivian
5623026
5623025
5623016
5623015760
5623015
5623010
5623008909
5623001z
5623&5672x
5622oz
5622osage
5622mccloskey
5622kibaj
562299541
562299
5622972
562297
5622969
5622940
562293417741668rg
5622933073
5622921
5622920
562292
5622911
562291
56229057
5622905
5622904541271521159
5622897
5622891
5622884
5622883
562288
5622876
56228693
5622863
5622861
56228523376634562
562285
5622841
5622825
562282
562281
562280000
562280
5622789
56227865622786
5622766
5622762
562276
5622756
5622745
5622734
5622731
5622722
5622719
5622715
562271
56227
5622696m
5622695
5622691
5622686
5622682r
5622678
5622676
5622671*
5622671
5622666
56226598
5622655
5622645669
56226375
5622633me
562263
562261942
562261
56226
56225kocak56225
5622597
56225962
5622577728
5622575
5622570
562257
562256j
56225683266
5622566
5622552
5622534
5622529
5622525m
5622522
5622519
562250
5622499
562248
5622479
5622471
5622470
5622467
562246
5622456224
5622453
562245
56224486
56224485208
5622441
5622432
5622428
5622415
562240
56223884
5622385
5622372
562237
5622369
5622364
5622361
5622355
5622354
56223359
5622333
562232653
56223245
5622324
5622310
562231
5622305
562230
5622295
5622294dani
562229
562228a
5622286395
5622276
562227
56222612
5622258
5622256222
5622248
56222452
5622240900
56222408
56222392
56222368
56222354
562223
562221988
5622216
5622215
5622199
562216s
5622154
56221401608
5622136
5622131
562212612
5622126
5622121712
562211
5622097
5622089
562208
5622077
562207
5622069
5622066
5622064
5622062127
5622053
5622040
562204
56220110
5622009
5622003
5622002
5622000
56220
5621rss
5621nd
5621nat
5621naciimo9
5621mm
5621latt!07
5621jiang
5621dm
5621bonita
5621bigpoppa
5621big
5621VA
56219linamorales
5621999
5621992
5621989
56219772
5621970
5621962
5621956219
562195
562193
562192877
5621913
56219039
5621903
562189MEGAMAN
562189
5621889
5621871
5621867
562185510142
5621854
56218387
5621835
5621825
56218180
5621816d
5621809
562180
56217t
56217i
5621799
56217955ds
56217884
5621773
5621769
5621761
5621759
562175
56217430
5621734
56217318
5621725
5621723
562172
56217172
562170756
5621683
5621671
562167
5621659
5621657
5621654
5621652
5621650
5621645
5621643
5621641
562163521635
5621630
5621622
56216213
562162
5621606
562160
56216
562159487
5621594
5621591
56215826
56215812578909
562156CD
5621564
5621562
562156
56215513
5621549lpl]hgy,g
5621536241112cb.
5621524
56215109
5621509
562150
56215
56214997
56214991
562149195344584lufa
56214834
5621483
562148
56214744
5621470
562147
56214528
5621452
562145
5621444
5621437
5621432
562143
5621428
56214241
5621420
5621416
56214111
5621411
562141
5621408
5621407.rab
5621405
562140
56214
56213p
5621398
5621393
5621391
5621390
5621365
56213411
5621338
5621333
56213280
5621321
562130
56213
5621299
5621298
56212880icq
5621273
56212700
5621265
5621264
56212611
56212541
5621249
5621243
56212413
562124
562123b
5621239
5621234
56212302
5621222552201096
5621217
5621211
562119812
5621191
562119
56211889
5621184
5621165
56211480
562114
562113vt
5621134
5621133
5621132
562113
5621126
5621121
562112
5621108
56211
5621098
5621097a
5621085
5621084
5621081
562108
5621070
562107
5621059
5621058
5621056
56210530922eeu
5621044
56210409
5621033
5621017
56210169
5621015
5621010
562100800
5621006
5621004
56210
5621.mib
5621
5620yy
5620wtbsz
5620sud
5620l
5620kool
5620alan
5620aa
5620Nina
5620ME
5620:)
5620987
5620982
562098
5620967445
562096
56209562
5620955
5620947
562094123d
5620940562
5620923
562092
5620902490
56208nur
5620890bea!
5620889
5620865
562086
5620856
56208482
5620848
562083
56208271
5620826
5620825
5620816
5620802639
562080
5620798k
5620783
5620750
562074bc
56207460
5620728
5620719
5620711
5620709745
5620706048
5620704243
5620704114
5620703316
5620702602
5620688
5620686
562068
56206618
562066033
5620658
562065
5620649
5620648
56206445897800
5620638
5620636
56206344069590
56206343005Ldog
5620615
5620608907
5620607968
562060668
5620604749
5620603356
5620603
5620602377
5620601934
5620601001
5620590017638
5620577aktqdan_5
562057712522
56205771
56205741
5620574
5620571
5620566
5620564
56205620t
56205620
562056
5620552
56205515
5620546a
5620543
5620542
562054
562052
5620514
562051323
5620512
5620505
5620504483
56205040098
5620503276
5620502686
5620501090
5620500004418
562050
56204914
562047596
5620475
5620469arif
5620469
562045DEIVY
5620454
5620425
5620414
5620413
562040802m
5620407547
5620407
5620406114
5620404969
5620403741
5620403421
5620403360
56204020EDMA
5620401381
562040126012123456
56204008902531ld
5620400
5620397
5620393
562039029
562037
5620356
562034
5620332C
5620332
5620327
562032261164
5620319
5620317j
5620316
5620308
5620307
5620306598
5620306229
5620303942
5620303411
5620302790
5620302576
5620302364
5620302
5620301495
5620300933
5620300080404
562030
5620296
5620295
562029
5620285
5620281
562028
562027
5620268sangelica
56202683
562026753
5620265
56202574
5620254
5620251
562025
5620249
56202488
562024-r
5620231avril
56202306
5620230
5620224
56202203641502618038364150
5620220
5620206
5620205896
5620203218
5620202953
56202029
5620202175
5620202002
5620201609
5620201226
5620200163
5620196
562019
5620184oo
5620181
5620180
562018
562017s
5620158
5620156
5620137
5620132
5620123
5620120
562012
56201124
5620105627
5620105600
5620105120
5620104225
5620102632
5620101
562010048g
5620100475
5620100184653
5620100137
5620100118
5620100053501
56200kam
5620092
562008adg
5620084
56200824
5620082
562007m
5620072
5620063
5620059
5620057__TUNOMBRE
562005
5620038
5620036l
5620032
5620031
5620030
562003
5620022
5620021
5620018
5620014*/l
5620009741
5620009369
5620008921
5620008313
5620008
5620007
5620006690
5620006625
562000102
5620001
562.123
562.,7968
562-viri08
562-8098
562-7024*
562-331-8763
562-0455
562$45&
561you
561xna
561wgh4373
561wego
561uncut
561twk
561tip
561tina
561tigga
561teetee
561sweet
561srita
561squad
561skeet
561rule
561rep
561renfrew6934
561renese;
561real
561psb
561princess
561pimp
561pbl
561pbc
561palmbeach
561ollie
561obeche
561nala
561n700w
561money
561loxleyrd
561love
561loca
561life
561leon
561ldub
561latina
561lakes
561kj
561kira
561king
561kia
561kemp
561justme
561joy
561jjj
561imback
561hbnigga
561gurl
561griffin
561goonz
561gomez
561god
561girls
561fraziersgurl
561fire
561eva
561eueljo
561dub
561drc
561dell
561damask
561daddy
561cuban
561ce1c
561btown
561bre
561bmb
561bitch
561bat
561babyface
561aol
561TRICK
561SWET
561SEXYRED
561RIV
561RAW
561PILYS
561MANIAC
561KAREN
561JOSE
561JACK
561HOTTIE
561HARRY
561FUCKYOU
561EJW
561DONT
561CHICK
561BTOWN
561BOI
561BMC
561ACE
561=]
5619gram
5619fc0
5619cc
56199h
561999j
56199846
56199835
5619981
561997monty
561997kc
5619975
56199749
5619973
561996ja
561996cjl
561996998
5619961
561995jessicajessy
5619956199
5619956
56199508e
561994tm
561994j
56199463
56199411
5619940
561993tp
561993kds
561992lipanj
56199215
56199200
561990y
561990344
5619903
561989eh
56198937
56198916
56198816
561987lt
561987j
5619874
56198652
5619860992132311
56198549
56198536
5619853
56198525
5619843
561982sk
561982sb
56198275
561980d
5619804
56198
561979angel
56197755
56197619
561975709
56197337
56197318618
56197318
561972
56197143
561971070
561970561970
56197
5619697
56196899
561968
5619666j
5619666
56196601
561966
5619650t
561964SINGER
5619632823
561963
5619628
56196263
56196224
5619614
561960
56196
56195957
56195863
5619569
56195680
5619565
561956372441
56195619
56195611
561956
56195467
5619532
5619531
561953
56195286
56195241
56195226
5619521
561951
5619506789
56195019
561950
5619499
56194919
561949
56194768
5619474
5619464
5619445
561943
56194289
56194225
561941
5619406
56193876
561938447s
561937h
5619373
5619368
56193664
561936619
5619364
56193615
561936116
561936
5619355
56193374
56193322
5619329472
5619325262
5619324
5619321k
5619321
56193209
5619318
56193102mitel
5619310
561931
5619308813
56193
56192979
5619291
5619290
561928
56192743
561927
561926
56192597
5619254
5619246limaperu
5619243
561924
561923dj
56192362
5619230
56192229
5619220733
56192170
5619212
5619209
5619202
56191z
56191953
561919
5619180
561917gil
561917215
561917
561916878
5619164
56191623
56191552
56191503
56191453d
561914469
5619144
561914
5619134
56191326
561912dc
56191242
56191234
561911732
561911
5619107
56191046
561910
5619095
5619090
561909
56190773
56190743
5619071285
561905
5619045
5619025
561902
561901561
5619010
561901
5619009
5619008
5619004
5618my6c
5618mag
5618bigoak
5618asdasd
5618amor
56189ty
56189939
5618991
5618988
56189864
561898254
5618974
561897
5618967
5618960
561896
5618959
56189566
5618956189
561895
5618945
56189252
56189205
561892
56189157
5618914
56189123
561891
5618903
561890
56189
56188bm
561888
561886
5618858
5618856
5618850
5618833
56188301olaf
56188286
5618828
5618824
56188165
5618803
5618790
5618788999
56187842
56187833
5618780
5618779
5618748
56187224
561870KDCRkdcr
56187091
56187060
5618705ag
56187000
561869451320
5618687
561868697
56186804678673
5618680
5618660
5618657
56186445
561864
5618630
561863
5618613
561861
5618601
5618600624
561860
5618599
5618596180
56185951
56185947
56185913
56185863
5618586
5618582k
56185757
56185752
5618570
561856
5618552t
5618543
5618535040
5618534938
56185145618514
561851359
5618500
56184960
561849
56184804
5618460022
5618455424
5618454660
56184351victor
56184351
561843
56184150
5618415
56184026
5618399
561839113
56183900
56183894
56183789
56183758
56183723
56183647
56183638
561835260
5618351
56183509
56183497
561834
56183383
56183291
56183284_alia
5618328
561832
56183097
56182we
5618289
5618279
561827
561826415
5618264
5618263
5618257
56182566
5618252
56182497
561824
561823gf
5618231
5618221
5618217
56182138
56182106
56182041
5618204
56182017
5618195
5618194
56181920
56181845
56181825ELI
561818
5618176
5618175
5618164
56181577
561815321
5618151
56181397
5618130
56181257
5618124
561812161
56181180
5618115
5618111
56181098
56181034
56181015
56180929
5618076
561807
561806956
5618066
5618063
5618045
5618037445
5618030
5618027
5618025
561801pao
56180130
5618
5617sar
5617db
5617coke
56179ma
56179989
5617990
561799
561798
56179708
561796987
5617965
56179632
5617954897
56179531
56179505
5617940
56179288
5617918a
561791368813
56179127mi56
5617912
5617910
56179003
561790
56178964
561789
5617878
561787
5617857
5617855
561785
561784
56178386
56178337
56178239
561782
561781
56178023636007736
5617796
5617792904
561779218
56177912
56177760
56177748
56177614
561775
5617749
56177484
56177395
56177385
56177372eder
56177227
5617718be
5617718
56177119
5617710
561770837R
5617700
56176975
5617692
56176676520123
5617657
56176507
561765
56176470
5617642
561764140
56176399
5617635
5617624
5617608
5617605
5617603
5617600
561760
561759954
5617590
56175863
5617562
56175617ar
561756
5617551
5617548
5617534
5617524
5617523
561752
5617513
5617508
56174934
561749
5617488rod
5617488r
56174853
561747f
5617476
5617474.5611801
5617471
56174706
561747
56174468
561744140
56174389
56174320
561743
5617428
5617411n
56174
56173ve
5617391
561739
5617385
5617384
56173825911
56173816
5617375
56173650
5617361
56173593
5617353
561734605
5617346
5617341
5617324
56173237880
5617314
561731
5617283
56172811
56172810
5617271
5617240856
561724
5617234
5617213
561721
5617189
561718885
5617181
561717
56171576
561715
5617149
5617140
561713
56171268
56171247
5617123
561712140
5617120
5617103
561710
56171
561709
5617081
56170732
56170619
5617060
561704
56170388
56170384
56170381
561703
56170157
5616suz
5616sf
5616richard
5616pa
5616obri
5616norber
5616matty
5616huron
5616hazaz
5616evita
5616chee
5616autum
5616af
561699508
5616995
5616993
56169860
5616984
5616972
561697
5616968
5616967
5616962454
5616953
561693595
561693
5616923
5616914
561691
5616908
56169*-
56168969
561689
5616884
56168787
5616873346
5616865
5616864
56168602
561685500
5616850293
5616850
561685
5616842198
5616841189
561684
5616833
5616832
561683
5616826190
561682
56168154545
5616805
56168038
56167hc
5616798
5616795
5616782
561678
561675jeevan
56167488
5616745
56167406
561673896c
5616734hary
5616729
56167201
561672
5616716
561671423
5616714
5616697
56166865092133
56166814
5616670814
5616666
561666
561665
5616644
561664
56166208361
5616620626
56166184
5616616
5616615
5616613
56166128
56166102
5616602
561659
5616587pereira
56165715
56165620
5616551
561655
561654
561652333
5616520
5616511
56165108087
561651
561650874
5616508
5616507
5616504a
56165015698552
5616498314
5616497
5616496
561649
561646
5616458g
5616458
5616446
56164410
5616439shinya
5616437
5616436
5616416
561641
5616394.@lualac
56163919
561639
5616367
5616359
56163589
56163420
5616341don
5616332974
5616330763
56163256
5616325
5616324
561632
5616317
5616312
5616308
5616305
56163019lester
5616292
561629
56162878
5616282
5616280161
561627
5616264**
561626
5616249
5616244
5616242
561624
56162364
5616214
56162102552
561621
56162080
5616203
56162025
561619
5616179
5616177
56161753
5616174389
561616987
56161623
56161622
5616159
56161515
5616143
56161374
561613
56161290
56161281
5616125
5616124
56161009
561610
5616098y2j
5616098
5616083
561608
5616063190988
561606122
561604
5616025
5616017
5616011
561601
5616005
5616004
5616*/493272*18
5616
5615roxy
5615h