9
508109
5081059
50810555
5081029
50810288
508101
50810
5080qjic
5080ilovenoah5080
5080hurt
5080bsso
5080TOJO53
5080999
508097
5080967k
508096789
5080966
5080957
50809479
508093
508091
50809096771
50809
508088
508087
5080867edwin
5080866
508085
50808360
508081
50808
508079543
508078aa
508078FALLEN
50807899s
508078
508074
5080721
508070
50807
50806sg
5080692
508068
508067158
508066
508065
5080645
5080644
5080630k
508062705
508060
50806
508059
50805800cjw5256
5080576
50805727
508056at
508055
5080546
50805387
5080521
5080516
5080511
5080507
5080505
5080497
5080492
50804911
508047
5080449
508044
508043141a
5080427
5080421
50804090
50804
508035661052
5080342
5080325s
5080312
5080311
5080301
508029806
5080297
508026pk
50802536
508025
50802469
508024166
5080217pakim
5080215
508021
5080206
50802021ah
50802013
5080201
508020
5080196
508019
5080187
5080183
5080164
5080150
508013
5080129
508012011
5080120
5080119
5080118
5080115104
5080110
508011
5080108252
5080102247
5080102203
5080102108
5080101071
5080091
508009
5080084
508008
50800732
508007
5080066
5080062903
5080051
5080048
5080044422
50800401
5080033110
5080029
5080020
5080018
5080011223
5080011
5080010a
508000
50800
508.295
508-95-9334
508-369-8714
507za604za
507yale
507xmph
507un9
507tram
507tpc
507top
507sexy
507pty
507payden
507panama
507pana
507omar
507nmain
507montreal
507main
507love
507lks2550
507jennsco
507ismybest
507hart
507gi3
507emo645
507eminem
507ehm
507djlos
507cross
507cindy
507chc
507cancer17
507c81ff
507boname
507baby
507angie
507SEXY
507GR5301
507BUDSHEAD
5079tay
5079jdk
5079jamall
5079edd
5079blue
5079bl
5079b5
5079964
5079954
50799
5079846
50798421673541*&
5079824
507982
5079811
507980D
5079804
507977
5079764
5079745
50797
50796mm
50796972
5079697088love
5079687sc
507967
5079666
5079664
5079650
5079648
507964.22
5079626
5079527
50795079
50795032
507950
50794sonic
50794fgbs
5079475
5079465
50794270
5079412
50794031
507939
50793621
50793275paola
507931
507930
5079295
507929319
5079285
5079283
5079213
5079211xxx
5079211
50792
50791b
5079161
507910
50790968
507909
5079084
507908
507907mcz
507907337
50790592
5079047
5079035
5079015
507900ko
5079(n_n)
5079
5078surfwood
5078sana
5078pz
5078maria
5078kgsq
5078jl
5078bqrjr
507899kathy
5078976
5078959
5078923
507891
507890
50788kmbww
5078899
50788904
507889
5078885
507887lr
50788583
507885
507884
5078815
507881
507880del
5078799
5078798
507879
5078779
507877
507876+154
507876
5078744
50787
50786dwxhg
50786767
507863x
507862815
50786177
50786162
5078613
5078612
50786
507855
507854885
5078529
5078521
50785079
507849481
50784601
507842108
5078415
50784073
50784
5078360
507835
50783441
507833
5078318
507831
50782yvyxw
50782834
507826
5078232_abu
50782130
507820004
50782
507817
507815
5078139
507812
50780m
5078099
5078098
5078095
507808
507805
5078037
5078034
507803
5078000
5077nic
5077mll
5077lover
5077avdg
5077andy
50779905
5077978down
507796
5077930211
507793
5077912
507791
50778jaime
507789
5077885
50778792049
5077878
507787
50778532
50778501
507785
50778458l
5077830
5077815
507780
507778
5077757
50777470
5077742DC
5077734
50777167
50777164
5077707
50777025
50777
50776739666
50776678
507766
50776564
507764
507763440
5077581
50775765
507756amor
507756
50775524
5077540
5077524
5077520
5077508goh
50775
5077477
5077473
507747
5077467
507745a
5077446
50774299
50774130
50774128
507740
5077399
5077357
50773469
507734
5077332
5077320
507732
50773091010305
50772635
5077241
5077235046
50772116
5077211
5077206
50772047
50771ale
50771985
50771813
507714pat
5077120030
5077117
50771100
507710
507708520
50770769-v
50770715
507707
5077065
5077055
5077050001001595
5077050
507702
50770131
50770059
50770
5077
5076msy
5076fw
5076Emma
507692sam
5076883
507688
507685
5076848
50768317
507681b9kkps
507681
5076796
507677
5076765zack
5076762
5076723
5076708
50767064
5076697lild
5076634
50766229
5076584224
5076570
5076568
5076508fr
50765076
50765040
507650
5076498
507641n
50764096
5076354
5076330
50763261
507632
5076315msdc
507631
50763001
50762mzro
5076267
5076264
50762517
5076245
507623
507621
507619120
507619
507618
5076167
5076165
507613lu
5076123661
5076110
507611
50761
5076090
5076083769
50760652
507606
5076051
507603f
5076016ROY
5076016119
50760078
5076007
5076005
50760015
5076+0516
5075nm
5075mee
5075easy
5075cdba
507599s
50759810
50759806
507595
507593
507588
5075865
5075843
507584
5075838
507583
50758295
507581
50758
50757972
5075785
50757785
5075777
5075717
5075694
5075692
5075687
5075677
50756521ilo
507560
5075572
5075570
5075569
5075568
507556011
50755566
507555
50755280
5075513
50754qtnpo
5075476
5075450
5075439
5075409
5075403
5075390
5075387
5075343
507530
5075289
5075277
5075263t
507524
5075236
507522
507521p
5075210
50752077
5075166
5075162083
5075161
507515
50751432
50751077
50751011
5075100
5075098
507508
507507555
5075071080
5075067
5075057
507505
50750461
507504321
5075040
50750374
507501
5075003
5075002
507500
5075
5074wts
5074jan
5074ching
5074blast
50749756
5074968
5074947vicky
507494
5074911
5074905
50748766
50748404
507484
507481
5074801
507480
50747vnmmb
5074782
507477140
5074757
5074752854
50747498
5074741
5074724
50747149
507469ak
507468
50746719
507466
5074657
507464
507463
5074607ata
5074596
5074589
50745743
5074569294
5074558
5074544
50745432
50745354
507452
507450
50745
507449
507445
50744469
507444
50744238
5074423
5074414
5074411
50743861
507437
5074350
5074343204
5074334
507433
5074328
50743
5074282100
5074244
5074226
50742254
50742
507418
507416
50741598
507413m
507413
50741284
5074124
507412
507411D
5074104
50740aka1
5074082
507406
5074055
5074054
507403
5074016904
5073tnk
5073ranch
5073nv
5073nnfzn
5073malosi
5073lord
5073lolipop
5073kxckw
5073jess
50739168
5073902
50739
5073875122
507384
5073838
5073782
5073751
507374035
5073727
50737
5073696
507367245e
50736351
5073631
50736187maog
5073610
507360
50735785
507355
50735470
507353
5073526
507351606
5073514331
50735142
50735070
50734k
5073498
5073487
5073469914
5073401365
50734
5073341741
5073341
5073335
50733220
5073319
5073316
50732h22
5073295168
5073291814
5073280
507328
50732757
5073274
50732729
5073268
5073266
5073263123
5073258
5073249
50732380
5073232a
5073232Ab
507322
507321
507319
507317
5073168
507316
507315284
507315
507312321
507312309
507311041
50731014
50731
50730lin
50730752
507307
5073037
5073021
507302
507301m
5072jun
5072az
5072ash
5072arizona
5072ag
50729999
507299
5072972
507296839
507293
5072910106961419
507290485
50728dr
50728988
5072892948
507288
507284
507283
5072803
5072800
50728
507278h
5072788
5072762
507276020
507276
50727530
507273
5072717
507271
507270874
50727083
5072665
507265
507264
5072623_name
50726023
5072590
5072583
50725807
507257776r
50725620
5072562
5072557
5072540
5072538
507253708
50725323
5072532
507251
50725072
50725
5072471
507246
50724295622706
5072418
507240221
507240
50724
507239877
50723919
507237850
5072374023
507236778
5072355
50723509
507233319
5072323
50723022851342
50723
507227
50722647
507226422
5072262
50722408
507224
5072227
5072202
50721a39
5072196
5072184
507218
5072163
507212
507211
5072104
50721034
50720835
5072079
50720741
5072053035
5072045
50720044
507200
50720
5072 ben
5071mere
5071k
5071brasil
5071997
507199667
5071996
50719956
5071994k
507199
5071985
5071984
5071980
507198
5071975
507197340
507196
507194
5071939
5071934
5071933
5071923
50719222
507192
5071913
5071911
50718sonicuta
50718975
50718914angel
5071873
5071872
507187
507186
507184
50718045
5071791
507176
5071756
507175333
5071727
507171743
50717051
5071702
50717
50716x
50716p
50716o
507169412499*
5071681
5071677
5071665
507165
50716309
5071624
507160Bailey
5071605
507160
5071590
5071588eddie
507156297
5071561
507152608
5071501
50715
507148franco
507148653276
5071478
5071460
507146
507145
507144
5071438
5071426
507140
50714
5071355
50713492
5071344
5071330
507132
507131990
5071310
507127jc
5071279
5071210126
507120
50711984kass
507119580
5071176
507117
5071166
50711598
507115483
50711505
50711388
5071130
507113
507112
50711173
50711166
50711142
5071110059
50711098
5071081
507106h
50710555
507104933
50710441
507104
507103
50710182
507100
5070zo70
5070tim
5070dilah
5070c520
507098
5070959
5070953
5070939
5070938
507093
50709289
50709176
50709040
5070904
50709000
507090
5070894
50708931
50708892am
507088810
5070885
507088476
5070881
5070877
507086
50708551
50708537
5070849
50708431
5070809
5070797
507079
507078
5070772
5070760
5070751
5070744
5070743
507074
507072
507069
5070683
50706811
507067
50706520
50706208
5070608
507060
50705a
5070579
5070564
507056
50705556
5070550721
50705337
5070527ck
507051
50705094
50705070
5070507
50705032
5070494
50704924mijagaca
507048
5070474
507046276
5070447
5070445
5070442
507044
5070436spss
5070431
5070429oc
5070410ap
507041
5070409
50704000
5070400
507040
50703974
50703632
5070331
507033
5070308
5070303
507030
50702vllXm
507029absy
5070297
50702924
5070282az
5070278108
5070270
5070266
507026
5070244r
5070239
50702157
5070212
507021
50702077842
5070200078
507020
50701983
50701923danny
5070180100976
50701761
507017
50701580
507014
507012ab
50701232
50701212
5070120
507011
507010
50700910
507009
5070078
5070072
50700643
5070064
5070062
507006
50700589
5070054asi
50700526
5070044
5070038444
5070037
5070032cnbn3peu
5070027
5070026
5070021
5070020
507002
50700171
50700164
5070010
50700075
5070006
507000301739
50700000
507/507
507/255
507*950
507*515+512
506yc6318853@55
506w61pl
506tran
506tico
506solobueno
506pw484
506pir
506parkave
506oldbayou
506nick
506myshit
506matt
506lover
506love
506j206j2
506girl
506fred
506danjou
506crew
506clinton
506calderon506
506boyz
506boys
506andy
506VE742
506Ty==yp335;kp
506Timothy
506TJH
506Maddiso
506Lilly
506INF
506Babeteamo
5069oxxeu
5069lb
5069gfwqd
5069cme
5069atom
5069G21087
5069982919
5069982
506996
506994
5069937
506993
5069926
5069897
5069892
50698888
506988
506987768
50698745061965
50698353
506983
506981296
50698094
50697iphvp
50697bcc
506976
506974
506971
506970
50697
50696pix
506969jb
5069673
50696688
5069628
50696
5069578945
5069566
5069565
50695509
50695414
50695
5069472
5069457
5069445
5069426
506942
5069388
5069380
50693621
5069343
506933j
506930
5069295
5069293
5069263
506924a
50692373
5069229
50692274
5069225
50691siulANA
5069196
506917417603391740
506913
506912
50691151033
506911510234
5069110
506911
50691048
50691
50690980
5069094ky
50690858
50690814
5069078
506906968
50690690
5069065
506906
5069055
50690393
5069037
5069027
50690225
5069005
506900
5068umay
5068qbpvc
5068pb
5068oo
5068nicho
5068lunch
5068kr
5068eliot
5068alize
50689921005chami
50689902
506897210034
506896
50689486
50689357
5068932
5068929
5068927jwa
50689249rh
5068869
50688331
506883
5068816
506881125
506881
50688005
506878
5068734
5068712
506868
506867190008taz
50686701a
506867
5068664
50686615
5068643h
506862
5068615
50686
506857
506856409
506856
50685513
506854
506852
50685068
506850
50685
5068498
5068485
5068444654
506844
50684268
5068422
5068416
5068382
50683810
5068360
506830
506827
506825
50682434
506824
5068237
506821
506820275
506820
506819
5068182
50681774
506817
506816
50681360
506812
506810pau
50681
506808
50680798
506803
50680200
50680097
50680
5067f
5067dbb
5067aswtg
5067aa
506795j
506790
50679
506789
50678833
506786
5067857
506784
5067810
506781
5067792869
5067787
506775a
506774
506771
50676700
506766
506763
5067594
50675900
506759
506758
506755
5067543
506751s
50675155
506750
5067485
5067470
506745730
5067452
506744s
506743
50673955
5067381895
50673540
506735250030165003016
506735
5067337
506733
50673219
50673110022
506731
506730d
50673034
50673
506724
5067230
5067228
5067215
506720
5067184
506715
5067123
5067101
506709
506706043
5067001
50670
5066tw
5066mb
5066jen
5066dl
5066adik
506699
5066972
5066970
5066966qtr
5066930
5066926
5066924
5066916p
5066897
506688
5066852
506683496
5066833
5066791
5066790
5066785
50667823
506676
5066754
506675
506674494
5066738
50667329
5066727
5066717
50666wnttv
50666t
50666433
506664
5066623
506662
50666154
506660
506658
5066560
5066531
5066515
50665023
50664kr
50664gebcr
506649
506648
5066477
50664661986
5066466
50664585066458
506644
5066418
5066414
5066395
5066389
50663830
5066382m
506636
50663524
50663521
5066327
50663202
5066314
5066312746
50662k
5066296
5066276
50662758
5066263061
5066261230
5066260216
5066260190
5066246
5066241133
506624
50662321
5066212
506621
5066205
5066204
50662
5066196t
50661913
506619
506618
5066177
50661706
5066161232
5066161209
5066161091
5066160085
5066149187
5066148
5066142
5066141119
506613
506612
50661145hola
5066110ed
5066103
5066092
5066088
5066085
5066083
5066065
50660600
506604
50660327
506603
506602201
506602
5066014
506600
5065979a
506595
5065936
5065935
5065914339
5065913167
50658btjv
50658946
5065894148
506589
5065884
506584
5065838
5065827
5065812
50657uvge
50657887
50657872
506578696
50657733
506577
5065766914
5065764
506576
50657502
506574
50657292
506571
5065703774
5065696
5065661
5065652
5065651
5065632
506562j
5065620
506560123
506560
50656
5065553139674
50655
5065482
50654805
5065475
5065461316
50654540
5065428
5065412150
5065398
5065393
5065384
5065372
5065327
5065321
50653039
5065275x2
5065241
506523
506522
5065217
5065216627
5065206
5065203
5065198272
50651668
5065162
5065152
5065147
50651398
5065134546
5065131
5065128
5065126
50651128
506510
5065088
506506506
5065064
5065061989
5065045
5065024
506502
5065009
50650
5064tweety
5064roy
5064ri
5064jay
5064d5064
5064cp
5064andyh
5064988
5064977
50649718
5064967
5064946343fk
506493
5064928123
5064918
5064897
506489
506485
50648200
50648065310033
50647tay
50647951
5064788
5064781
5064764
5064749
506472820
5064714
506471
5064708m
5064706
50646lu
50646606744660
50646546
50646515064651
506465
50646450
50646400
5064632
5064626477BHR
5064621
5064591149
506458j
5064558
5064525
50645137
50645054
50644indee
5064478
506444265
5064403
5064380
506438
5064362
506434
506432a
506432153
50642909
50642889
506428
5064278034
5064272040
50642651
506425
5064246+987
50642302014-4
506422
5064213
50641844
506418002
506418
5064175
506417182007
506415ce5065z
5064158
5064155
50641422
506414
50641365426
5064135
50641217534
5064121
506412
506411123
506411089
50641009
50640lh
506409
5064070632
50640604605
506405m
5064051614
506405104
506404118
506404
506403002
5064020
506401079
506401062
506401039
506401020
506401018
506401
5063xztnt.
5063lmss8859
5063livingproof
5063heroncreek
5063fcdqn
5063995
50639721
5063972
5063957
5063938166
5063933
506391b
50639
5063872
5063852915
506385
5063838619
50638123
50638100
50638015
5063797
5063783
506377797
506376
506370
506369
5063676
506367
506365495115
506365
5063620
506361
5063586
5063566
50635388
5063537
5063536
5063526aa
5063516
50635063
50635
506348
506347
5063462a
5063455
5063440k
50634401018
5063421
506342
5063406
50634
50633k
50633boy
506339
506338j
5063389
5063383
50633771
506335
50633120
5063309471914119
5063302.0785894421
5063296
50632811
506328
506326
506325211h
5063203
506318
5063175
50631550
5063138748
5063132
506312
506310085
50630e
50630917
5063070037
506307
50630557
506304845
506303
5063013
5063005
5062no
5062mint
506298
50629759
50629724
506296543
5062959a
5062950
506295
5062945
50629355
506293061k
50629201005
506292
5062911
50629
506288
50628750
5062868546
50628464
5062843
50628266
50628211
506282077
506282042
506282025
5062819
50628167
50628105
506281039
5062801201
506280055b
50628
5062797914
506279037
506279031
506277004
50627541528
506275
5062747
5062744
506273047
506273022
506273016
50627283
506271128
506270101
5062682
5062657
506265126
5062650
506265
50626467
50626378
5062632
50626149
5062607479
506260
50626
50625814
506258107
506258
50625745406
506256425
50625625
506256110
506254901
5062544
506253501
5062533
50625210
5062521
5062512
50624923
506248106
5062481
506248
5062469614
50624527**buu
5062437
506241
5062407291994
506240
50623827
5062375
506237163
50623650
5062364
506235432!
5062348
50623384
5062336
5062310011
506231
50623
50622875
50622871
50622731984mj
5062251757
506225
506224
50622080
50622046
5062200
5062184
5062183403-+
506218
506217
506216dennis
5062167
5062152
5062151045
506213
5062116
5062110019
506211
5062107
5062105
5062104
50621
50620JG
506209al
50620970
506207444
5062064
50620393
506203802
5062019
506201
5062007
506200110012004
5062
5061street
5061mode
5061mc
5061luis
5061clarion
5061be
5061993
5061988
5061986
5061985
5061983
506198101
5061979
5061973
5061970
506196
5061955
506193
5061908
5061897
506187
5061844
506184
5061836
50618
5061791mb
506178b
506177595
506176199
5061760
506173661
5061732
5061728394
506172
506170818
50616JAIR
506169
506166
50616561
506165
506163
506162636
5061619
5061610
506161
506160
50616
506159
506157k
5061574
506157
5061562
5061557
506155
5061541
506154
5061534
5061529
506152
5061513
506151
50615061
50615021
506150
506148
5061452
5061451
50614201492
5061419
5061410044
5061410018
5061410011
506141
506140183
506135
5061346
5061333
5061332
50613147
506130549
5061300
506129
5061289
5061265
506126
5061254
5061251
506125
5061248
50612404
506123
50612204
5061210082
5061202brenda
50612013
5061201113
50612
50611920
506117678
5061167
5061159
506114439m
50611417_bs
5061139
506113
50611260
50611226w
50611139
50611
506106
5061051j
5061048068
5061042brj
5061019
50610186
5061016
50610119673845
506101
50610070
50610047
5061000
506100
5061
5060x2
5060papa
5060kpr
5060kp
5060hejjas
5060era
5060dick
5060X2
5060AM
50609yf
5060996
5060977
5060971
5060936
5060935
5060933
5060931
5060929
5060927
506092
5060903309
5060901
5060900
50608neneygary
50608a
5060897
506088
506087421
5060872yan
506085
5060819
506081751
506081018
506081
5060806
506080
506079big
50607878
506078001
5060778
5060772
5060770
5060740
506072007
50607174
506071
506070yoel
506070myp
506070D
5060708090lona
5060708090100200
5060707
50607010
5060688
5060681a
50606800
5060678
50606750
5060674
506067
50606690
5060666
506065698h
5060653
5060645
5060610
506061
5060605
5060593ste
5060574
5060567...0114786035
506056
50605531
506055
5060541100
5060536
5060534
506053
5060528
5060516016-2
5060505437
5060505410
5060505246
5060504301
5060504240
50605033
5060464
506045
5060448
5060405
506040
50603870
5060386
506035a
5060354
506035
5060317
5060315109
506031
5060306050
5060304
50603034
5060301
5060300
5060290
5060289fan
5060276
5060274608
5060273778308
506027
5060256
50602342857188
50602312
5060230
506023
506022
50602194
5060216
506021
50601djr
50601d
5060195
506019
5060184
5060181a
506015n
50601590126853144
5060159
5060157046
5060147
5060135mm
5060135m
5060134
5060122
5060121385
5060121232
50601184
5060112
50601029
5060100
5060093
50600927
5060092
5060086
506007
5060067
50600668
5060051
506003iscool
506003ferbuason
5060037
506003
5060024
50600230
5060015
5060013592
50600112
506001
506000a
5060004691081
5060001343
5060001
50600
506/999/506mkr
506/999/506mcr
506-8552
506+o79
505yup
505yourspace
505you
505yildi505yildi
505water
505trimark
505thug
505the
505sunset
505sunny
505stx
505stan
505ssej
505speed
505son
505solja
505socrta
505smoker
505sexymam
505sexdex
505rafael
505qd#1
505pplb
505pink08
505norman
505nicola
505nicaragua
505newmex
505net
505nbw
505myspace
505mike!
505mexp1
505main
505loveu
505lovehim
505love
505lh019
505lc805ca
505lbc32
505latinlover
505lascruses
505lala#1
505lala#!
505kunyit
505kitty
505kimp
505kensu1
505jump505
505jjs
505jazz
505jaylen
505jammy
505home
505high
505gansta
505gangsta
505finest
505exy
505eastplain
505eaglestreet
505dukecity
505dmrep
505dallas13
505ctown
505crip
505chick
505cat
505brandon
505becky
505bby
505bbc
505aloha
505all
505alice
505abh
505abcdefghijkl
505abcdefg
505aaron
505Taft
505Small
505FOREVER
505ESLX2
505CHANAY
505CALEB
505BOROUGH
505Adob3
505@abq
5059vr
5059sj7910
5059mv
5059mosscreek
5059lc
5059kayekk
5059997
5059996
505994991
5059934
50599250129826743
505991
50598963
5059896
5059890
5059872
5059868
5059848
5059826
505982
50598
50597936849112
5059792
505976
5059719
50596ypa
50596817
5059678
505967
5059655
505964875
50596367
50596329
5059620r
5059615
5059611
50596084
5059608
505960
50595me
50595988
50595959
505958
5059568
5059555
5059548
5059536
505953
50595222
5059522
505952
5059515
50595001
50594bf
5059479n
505947
505946
50594516
5059432485
50594271
50594178
5059405
5059394
505939163
505934773465
5059339
5059331
50593254031-1
50593254011
50593252026
50593252021
50593251054
50593251039
50593153009
505931530
5059308
5059299080
50592949
5059292
5059281
50592783
50592734
505926ap
5059261
505926
50592536
5059247630
5059234
505923
5059211
50592
505919421
50591928
505919
5059179
5059159
50591577
505915
5059132
505912
505911hi
50591197
50591171
505911511515
505911
50591031
50591
50590wkm
5059099
505908946b
50590882
5059081
505908
50590799
50590600
505906
5059055
505904101
50590303
50590287Love
5059023
5059021
50590136
5059012
5059011
5058pk
5058nda
5058il
5058hullabulla3447
50589bad
5058999599
5058998
50589974
505899
505898
5058969
5058966
50589642
505895malta
50589444
505893
5058925020
50589215017205
50589147
5058912
505891
50589
50588zz
50588iscool
505889
505888
505887
5058851
505882211m
50588116
505880arg
50587982
505878
50587760
5058763
50587554
505874
5058729836
50587121
5058700
505869
505866w
505865
505864800
5058634
50586125
5058606
50586057
5058600797
505858
50585724
5058570r
50585387
5058536826
5058517
505851
5058500130
5058485
505847
505846
50584277
5058426
505841
50584
50583L
50583958
50583611
505835b
5058353005my
505834blanquito
5058338
5058312637
50583
505828_a
5058289
5058260
50582544
5058242
5058233634852369
5058228719
505822
505821
505820132
50582
5058182811
5058177
5058175x
505817
5058144
5058138492
505813497026191033
5058134
50581328
5058125513895
505812104
505812
50581199
5058111
505811
505810
5058092
5058050
50580299
50580270
5058018
5058016mm
5058000
505800
50580
5058
5057w650
5057usmc
5057tigers
5057sas
5057jason
5057cuba
5057crvi
5057askld
5057HILL
505799
5057982
505797m
5057975
5057956320
505795
5057944
50579406KW
50579393
5057932
505793
5057909
505788990
50578870
50578863
50578803
50578407DMC
50578388
50578368
5057827
5057825749
50578048
50577957
505777902304
5057773
505777
5057763
50577479
5057746
5057734
5057711
505771
505767
505765493
5057626
5057607
5057586
5057583
505756
5057514
5057510
5057500
505750
5057498
5057480
50574661
5057466
5057430
50574083
5057402685
50574
505739brw
5057362
505736
50573591?
50573478
50573448
505732
50573
5057283
505728
505727
5057251
505725
505723
5057229
5057225810
5057221435
5057217484
5057206
505719
505718
5057177
5057175
5057158104
5057155
50571401
505714
50571371
5057128652
505711
505709830
5057086
505707a3
5057073
505706123
5057052
5057040555
5057023636
5057003
5057*93
5056kyle
5056jt
5056gm
5056cw
5056baby
5056ansel
5056aiyat
5056Ponitz
5056H
5056991
505699
505697
5056923
5056920
505691
5056909686
5056904
505690
50569
5056888
50568843
5056878
50568604
50568385
505681
505680
505678273298
50567827
505677711
5056774
5056768
505676142668165362573pop
505675
505674
50567131
5056674
50566730
505666T
5056664
505666
505665@hotmail
5056633
505663
5056620
5056603
5056602341
505659
5056566
505656
5056547
5056527
5056512
5056508
5056507
50565
50564973
5056492
505649
50564487
5056435855
5056423
505640
5056395
505637
5056363
505634
50563380reyna
505633
5056311
505631
50563044
5056287
5056275936
5056272
5056266
5056258378
5056256
5056233302
50562229lb
5056209
5056206
50562005
5056193
5056174
50561723
505617
505616
5056157
5056154
5056123456789
505610700
50561
5056092j
5056087
5056082336
505607
5056061
5056060181
50560573
50560555
5056050
5056041
505604
5056017
50560115
5056009
5056008
50560008
5056
5055xx
5055ud
5055norseman
5055me
5055laurel
5055juan5055
5055dent
5055bj
5055ayumi
5055_
5055@chantell
5055997
50559733
50559688
5055968043
505596
5055955
5055933
50559326
505592
5055918
5055901
505589bekaBEKO
5055890021
505589
5055886
5055877
50558762
5055865
505586
50558530
505585
50558485
50558455f
5055828
5055820
505580
50557jamba
5055789
505578733
5055782
505577s
505577
5055744
505574
5055704
50556vgepu
50556tazzy
505569411
50556910
5055679
5055670
505567
5055666813
5055660
505566
5055648396
505564
50556277
50556201
505562
50556108
505561
50556095
5055600
5055593
5055582
505556
50555555
50555494
50555488
50555265
5055517921212
50555168j
5055515137
505551
5055509855
50555042236965
5055492
50554867
5055482oflu61
505547
5055465
50554633
5055456
5055454
5055448
5055411573
505541
5055401
50554
50553d
50553973
50553874
505537a
5055356
50553540
5055351
5055344
50553439
505533
5055312
50553038
50552896
5055262
5055256
505525
50552423
505524
50552380122603033
5055229
5055223
5055220
505522
505521
5055208
5055205
505520176
505520
50552
50551977
505518
5055175841
5055174
5055171
50551675
5055166
5055133
5055122633
505512
5055114
505510y
50551089
5055106
505510050
5055091
505509
5055085
5055080
5055064
505506
505505r
5055058
5055057
505505505
5055055
5055052
5055044
5055011
5055008
505500
50550
5054selene
5054ion
5054eiz
5054@01
50549home
50549803
505498
5054937
50549279
50549265
505491274
5054912
505490
50549/laurita
50549
505489r
505489dk
5054898452
50548921
505489
5054887
505484569870000
505484
50548333
5054829
505481s
5054818
5054802
50548
50547971
5