689582
51689575
5168957
5168936
5168915
51689123
516890
51689
51688nano
5168891
5168886
51688679
51688637
51688526901388
5168841
5168827
51688221
5168812a
51687m
51687bo
5168799092
5168794
5168789
5168787
5168786
5168781
516878
5168751
5168742
516873
5168716
516871
51687
5168699
516869
5168680279
5168672364
51686686
5168624
51685t
51685d
5168584
51685679
516855
51685438
516851724974
51685021
51684l
51684861
51684860
51684674
5168461
51684551690
516845516
5168447
5168440
516841
51684
5168381
5168380
5168370
516832911993
5168324
516831
5168309
51683
51682j
51682ana
51682883x1
5168255
516825
516824
5168238
51682338
5168217
5168210
51682099
51682
516819402
516818
5168168
516815
516814311
5168137902
516812
5168102
51681.
51680nice
51680km
5168094
516809
5168087
5168070
516807
516803
5168024871
5168024
5168021b
516802
5168
5167kfc_3543
5167jhq
5167ignacio
5167ae
5167Bridie
516799k
5167994
516796t
5167966
5167963
5167953
516794V
5167945844
5167931
5167920
5167911
516791
5167888
516787
516785a
516781FS
51677v
51677890
5167771
5167753
5167741226
5167709
5167708
51676z
516767
5167661
516766
516765
5167633
516763
5167623
516762
5167581j
5167566
51675581
516755
51675334
51675245
516751
5167506
51675
5167484
51674752
516747
516746548
5167461
516740
51673ligia
51673685-15
516736
5167332
516733
516732
516731
51673
51672cgl
51672999
5167285love
516728
516726
5167242
516723lc
516723426
516723
5167224mama
516722
5167184
51671816
5167181
5167174
516717
5167169
51671648
516715
516714
51671321
5167131
5167114650
5167110tina
5167104
5167101
5167093
51670859825678
5167071
5167055
516704676
516704
5167036
51670000
5167000
51670
5167
5166jiggs
5166folyfe
5166dha
5166994
5166993
516698
5166956
5166947
51669272
5166909297
5166900
51669
51668rk
51668987xx
5166878
5166853by
5166841
51667836
5166775
51667718
5166770
516677
51667600
5166749
5166740487
51667397
5166715
516670458
5166661
516666
5166659805
5166651
5166640205
51666319
5166624
516661bby
5166611
516660
51665863
51665534
5166542
5166534
5166523
51665166
5166504
5166503
5166487
51664767
5166467
5166466
5166460070
516645
516643eichaw
5166431
51664122614
5166404
516640
51663ita
516639
5166358
5166334
516632
5166293
51662769
516627
5166269
5166263847
5166260132
516626
5166258
5166257
51662507
5166250
5166249
5166246
5166241
516624
516623636190
5166235238
516622zukie
5166218
5166202
51661a
516618847
51661798
5166174
5166166
5166163039
51661627
516616
516615polar
51661460
516614545
5166123573
516612
5166112
51661112
516611
51661
5166093
51660852
516606
51660579
5166054m
516604
5166039rs
5166034
516602331
5166017
5165jhoa
5165apollo
5165aob!
5165abadiindah
5165MONOchi
516599
516596
516595
5165943
5165936
51659101
51658993
5165899
5165897
5165896
51658896
5165887
5165882024
5165881130
516588
5165874
51658211
516582
51658175
51658169553322
5165797
5165793
5165792
516579
5165783261
516571
51656j
51656986
5165697b
516568
516565754
5165654
5165621
516561
516559737
5165587
5165565
5165556
5165550
5165549
5165541
5165540
51655399
516553
51655034
51655
5165497
51654789
5165474
5165465
5165461232
5165461
516544
5165432124
516543210
5165420
51654139
516541
5165398
51653960
5165383
5165351t
516534
51653274
5165310
5165307
5165304
5165300
5165282
516528
516527
5165268
5165263
51652585
516525
5165230
516522
5165212
516521
516520
5165199
516518xiaoyi
51651853
5165178
516516e
51651664
5165156
5165153
516514165681
516514
5165123
516512
516511
516510224651
5165087
5165075a
516507
51650405lo
516504
516502
516500h
5164red
5164nt3nk
5164l
5164jacob
5164george
5164ever
5164emt
5164ee
5164camura
5164brodi
5164br
5164984
516496
5164949
5164940
516493
5164900
51648879
5164885
516488
5164876z
5164876t
516487
5164869d
5164848
5164818
51648137900
516481
516478
5164778
5164743829
516472
5164701
5164698
51646796352
5164653
5164624m
5164611erika
516460
51645a
5164560
5164550248
5164546a
5164536
51645165858
516451645164
5164514
516450
516449
51644242
51644234
51644155
5164400a
5164389
516437
5164344#19
516434154123
516433
516432651S
51643251
5164325
5164324886
5164321
51643200
5164314504
5164312
5164309
516428
5164273025
5164272011
5164270
5164259
5164252
516424516424
5164239
5164235
516423
516422t
51642214
5164216
516421516421111
51642144
5164210
516421
516420@516420@516420@
5164206
5164200
516420
51642
5164192
5164188
51641839
51641830
5164182kb
5164158
516415
5164135
51641223
516412
516411862
516411086
516411010171
516411010122
516411
5164105
516410
51641
51640821p
516408
516407
5164060
51640504
5164037
5164034
516403
5164023
5164002
5164.071
5163gracie
5163boobs
5163aabb
516395
5163938
516393
5163908
5163906
51638993
51638799
5163876
516387
516386hh
51638535
516384
516383
5163825
5163824
516381838
51637808
516377
516376juandavid
5163748
5163731
51637270
51637000
516370
516369
51636895
5163685
516368
5163654
5163641
5163633
5163618
516360
51636
516357698264
516356
5163541
5163523160
51635211
516352
5163518448
5163515
516351261
516350616
5163485
5163471
516347
5163465027
5163462
5163461989pi
5163457
5163452
5163447
51634131
5163411
5163402
516340
5163390
5163380
5163372
5163366
5163326
516332
5163313
516331
516330
51632670
516326
5163256
516325
51632487
5163235
5163223
5163222mh
51632156
516321000santi
516321
5163207
51632048
51631a
5163187
516318
516317
516315
5163148
5163145
5163143fuckyou
5163143
51631310
5163128
516312
5163112366
5163112191
516310LA
5163074
51630728
516307227
5163066129
51630624346918
5163062
5163051
5163041861
51630390
5163028
5163026
5163024
5163022
516302
5163005
51630033
51630
5163
5162t_mac
5162sj
5162pm
5162os
5162jordan
5162hum5ervg
5162ggzollo3
5162emma
5162bike
5162999
51629886tea
5162983
5162981
5162970
516296
516295
5162936
51629
51628973
516289
5162881
5162874
51628553
5162855
5162851916
5162851
51628488
5162845
516283029
5162818
5162812
5162811j
516280
516279414
516279
5162789
5162781
516277
5162755
51627484
5162738495415263748596
5162738495
51627384
5162730
5162728
516272016
51627159
5162705
51626890
516268
516265
51626477
5162640
516264
5162639
5162638793
5162628
5162623
5162622
51626213
516261j
5162607
51625a
5162596
516259
5162579
5162574gonzalez
5162571santi
51625716
5162560
516255
51625437
516254
516253
5162525
51625237
5162523
5162502655
5162502
51624t
51624kool
516249516249
516249
516248
51624730
5162464
5162456
5162435
5162431
51624120
51624112
5162409
5162408
5162406040
516238
51623771
516237
516236
5162355
5162353
51623505
516234s
5162346
516234
5162339
5162338
5162328
5162320
516231415
51623130
51623
51622838
51622829
5162278
5162273
516227208240
5162269
5162256
5162247
51622454
516224
5162231
5162220243918
51621e
5162190
51621894
5162188
5162186
516218
516217p
516217739
516216
516215figueroa
51621599
5162154
516213882
516213
5162125
51621214
516212
5162112615999
5162110032
5162110017
51621030
51621
516209
5162086
5162060
5162040
516204
5162025tt
5162024576
5162020
51620078
51620074
5162006
5162005
5162004
5162*ralphie
5162
5161y410<3
5161tz
5161ti
5161t
5161scovill
5161rue
5161po
5161pam
5161hs
5161hesaid
5161asr
5161TD
51619jr
5161998T
5161997
5161990K
5161990
516199
5161989BRICE
51619855
5161985
5161982
51619817
51619754
5161975
5161974MKG
51619702
5161966
51619569
516194
516193445a
5161933
51619300
51619251
5161921
516192
5161917
5161913
5161912
51619052
5161905
516190185
51618e
5161899
5161884
5161877
5161871
5161866
516186
5161856
51618425
51618353
5161821
516181dl
5161818
51618137
51618127
51618119
51618015
51618
51617wdrt
51617vet
51617pramonosidi
51617p
516179
51617888
51617850
51617824m
5161774w
516176
516175
51617309
516173012a
5161723h
516172
5161718191
51617181
516171458
51617115
51617085
51617055
51617041
5161700
516170
5161698
516167
5161654
516165
5161620
516162
5161609
5161586227
51615808
5161568
5161560
51615534
516155
51615401
51615397542840
516153
516152b
51615043
516150395
51614u
5161498e
51614872
5161486
51614648
516145
5161415
516140th
51614022
516140
5161397
5161393
516139
5161381785
51613777
5161371
51613668
516136411
516133989
516133685
5161329
51613225
5161313
5161309
5161305isabela93
516129
5161288,2331614
51612871
5161284
5161265767A
51612621
516126
5161259
516125
51612439
51612421234
51612405
51612398
51612323
516123
5161227
5161218
5161213
5161210011
5161210
5161208
516120
51612
516119000
516118323
5161171
5161170019
5161165
5161160
516115111561
516114554
516114270
5161142
516114178
516114
5161127
5161121598
516111945
51611171
5161110066
516111
5161108
5161105
51611025
516109823
5161073
516107
51610692
5161065
5161028
51610243a
5161024
5161022
516101
516100au
51610046
516100
5161*chipe
5160kst
5160jj
5160cjk
5160cc
5160ama
516099Ext4293
51609989206\\
516099
5160963
516095
5160938
5160936
5160928
5160922
5160903119
5160896
5160892
51608888
51608860
5160875
5160874
516087
5160864
516082
51607m
51607ellen
5160760
516076
516074
5160709
5160688
51606848432818
516068
5160674
5160660
516065626
5160655
5160642100
516064
5160637laura
5160634
5160625
516061409
5160614
51605adriybeto
51605a
5160589
5160572
5160566
516056
5160553
5160531
51605266
51605157
5160510213
5160507
5160505405
5160505403
5160490
5160486am
5160483
5160460
51604406
5160423jacoby
516041
5160408
5160402
516040
51603ml
5160386
51603842
5160379
5160372516
5160363
5160358S
51603578
516034
5160332
5160327
5160316780
51603140076
5160310
516031
5160309
51603005
516030
5160290
5160289
516025282
5160243michi
5160228
5160223
516022
5160208n
5160192178
51601819
516018
51601696
51601601302
5160152
5160147jessa
516014
51601396
516012
51601145
5160112
516011
5160100045618
5160100
516010
51600e
5160094
516009
5160089mo
5160083
516007
5160064
51600605
516006
516005
5160040
5160035
516002
51600070
516000123
516-manu
516
515zx
515zoe
515zenaida
515zapo
515zac
515yy
515yupi
515yorman
515yop
515yaz
515yannet
515xzw
515woyo
515winx
515vvv
515vtf
515viridiana
515vinton
515vigor
515vidas
515ver
515vc
515vanessa
515val
515vakari
515tweety780
515trus
515tico
515teamo
515tata
515tanya
515step
515simic
515silly
515serch
515seik
515secretos
515sayuri
515sasha
515sal
515rsmo
515rock
515rits048
515rey
515red
515re
515rapido
515randolph
515qw
515pr
515pooch
515plc
515pilsen
515pergola
515people
515pekes
515pedro
515pat0o
515park
515palm
515paco
515onire
515onelove
515omar
515ob
515o2407
515nupe
515nozaroci
515nitt0387
515nicole
515nick
515nessen
515nena
515negro
515nathaly
515n23
515mvrtbsmr
515muegana
515ms
515mota
515morriz
515mora
515mocha
515mo59
515mistico
515michell
515mer
515mas
515marlen
515maria
515mari
515mane
515mami
515majoc
515majo
515madi
515maale
515luis
515lugo
515lucero
515lucer
515lu
515loveme
515love91
515love
515lotus
515lore
515loan
515lo
515lm
515lj
515liz
515linda
515liliana
515lili
515lexgcc
515letra
515lea
515lc
515lars
515lari
515ksk
515kristi
515kl
515kk
515kitty
515kiero
515kiadii
515kero
515kaykmpv
515kasso
515karol
515karl
515kari
515kaChan
515ka
515jxl
515junior
515julio
515jul
515juana
515jose
515jo
515jm
515jesus
515jesucristo
515jess
515jery
515jak
515ja94
515ivette
515iv
515isbe
515inv
515ilynick++
515ilovero
515hugo
515huffy
515hu
515griyo
515gr
515goru
515goma
515ggg
515gaby
515forlife
515flor
515flogger
515fiorella
515fe
515evaristo
515eus
515esmeralda
515esdb
515erika
515ely
515elm
515eline
515ehb
515edwin24
515dogg
515dmi
515djk
515dili
515diego99
515dianita
515desire
515dante 
515daniel
515cyr
515cr
515cool
515conejo
515cns96
515club
515chopitas
515chiqui
515chicas
515cesar
515cen
515cecy
515cc47c
515carlos
515candler
515camilo
515c4246
515c4
515bu093
515brenda
515brandi
515brad
515bonny
515bo
515birth
515bet
515bere
515bb
515baby123
515b25515
515auxi
515aube
515ath0rn
515arrow
515aries
515ariana
515ar
515anis
515aniisah
515ani
515angel
515andy
515anahy
515alondra
515alo
515aja
515aem
515acr
515ab
515_lagoon
515_RaTcHaDa
515_015
515Zer0515
515TS
515Sammi
515SSCC
515NANIS
515MIGUEL
515MAR
515LOVE
515KA
515JF
515JA
515DYADA
515CLAUMAR
5159walda
5159sofi
5159roome
5159rcbn
5159nut
5159michael
5159max442
5159jcsv5159
5159@5159
515999
5159983asa
5159979
51599702
5159963215
5159962
5159941
5159940
5159937
5159915
5159913
5159900000
515990
5159889
5159888
51598718
515987035
515986446
515985
5159849
515984
515983898
515983195
51598287
51598285
5159805
5159804gift
51598000
5159800
515980
51597739
515977
515976
5159753
515975066615
5159746
51597455
51597400
5159734
5159728
5159710107
5159708
515970
51596g
51596alt
51596830
515968080t
515967
5159666
515964507
5159643
515964
5159624
515962204
5159621
5159620263
51596175
5159611
51595amr
51595N
51595C
5159595
5159594
515959
5159585
51595753
51595734
515957
5159563
5159557
51595516
515955
5159539
5159524
5159515951595
5159515
5159514
51595125
515951
51595095
51595!e
51594y
51594m
515948
51594703
5159465
515945770
5159451594
51594462
51594379
515943076
515942306
5159421
51594200
515941415
5159412
515941
515940784
515940
51594
51593s
51593rct
51593kdc
51593jam<#
51593cj
51593ce
51593939
515939
515936a
5159365l
5159361
51593451052-7
51593451048
51593351035
515933
5159328
5159327
51593254061
515932010
51593044
5159300
515930
51592sam
51592cam
51592a
5159299
5159269
5159265
5159262
515926
515925l
5159254
515925300
5159253
5159233
51592329
515923
515922
515921r
515921001
5159206
51591v
51591ts
51591adr
5159192924
5159189
5159186
51591727
515917
51591619
51591316
51591285
51591253014-1
51591253006-7
515912
515911510102
51590tabletennis
5159075
515907
515906609198
5159065
515906
515905
515904321
5159029
5159027
515902676mp
515901886
5159013
515901
515900C
51590023
5158west
5158rocky
5158pv
5158crc
5158avmw
51589tess
51589b
51589aa
515897
5158967
5158962
515896
5158954
5158953ahl
515895
51589470
51589007
5158890
515888412
515887ayep
5158863
515885300
515885
5158848
515883
51588289
5158826
5158818
5158812jj/
5158811
515880087
5158793
5158790
515879
5158785
51587778838485
5158732
515873
515872my
5158721
51587145
5158705
51586tch]
51586m
515869
515866r
515866
515865093
515863
515862322
5158620
515860099
5158596
515859
5158589
5158577703
5158577
5158567
5158566
51585587
51585452
515854
515853822
51585328
5158530
5158529
5158521
51585207
51585151
515851413
5158514
515850
51585
51584954
5158485
5158484
51584822
515847654
515847391
5158471685
515847
515846924m
515846913
51584420
5158434
515843
515842931
5158428
51584259823
51584123
515840
515839019
5158387535
5158381
515838
5158374
515837
5158364
515836034
515836
5158346
5158341
515833390
5158331
5158317
5158313
51582ben
5158265
5158262
5158226
5158222
515822
515821jj
515820160
51582013
51582
51581maria
51581990
5158196677
51581908
5158176
515815816
51581429
515814
5158135
515813
5158126
515812
5158115
5158113
515809
515808soul
5158089
5158087
515808
515807464
5158053
5158052simona
515805
515802515802
5158011
515801
5158005
5158000
51580
5157ms
5157kc
5157god
5157aut
5157all
5157al
51579j
515799
515794
5157912
5157910611
5157910
515790
515789
515788
515787
5157863
515786
5157856
5157851578
5157845
515783634
5157818289
515781
5157804
51578
51577nb
5157795165
5157786
515778160
5157773
515776
5157744
5157738
51577328
5157728/
5157728
51577128
51576jk
5157698
515769634
5157665
515766209059028
5157655
515763
5157625
51576226
515762
5157619
515760058
51576
51575953x
515759535
515759
51575869
5157573
515757
5157559
5157551
5157545625
5157542
515753
5157522
51575150
5157503
515750
5157481123
5157422
51574112
51574090
51573m45
5157382
5157363
5157362
515732449ozge
5157323
515732
5157311
51573
515729j
5157292
51572836
51572761
5157266
5157258
51572528
5157232
515723
5157227
5157223450
5157222
515722
51572121901
5157206
5157200
51571986
51571951y
5157190
515719
515717o7
5157173
51571508
5157147
515714
51571328
51571223
515711gm
51571125
515710016
5157090
515709
515708036
515706
5157051
515704
5157017
515700g
5156vlc
5156sav
5156mandarin
5156ew
5156erika
5156aclkd
5156DOLO
51569837231
51569831
515698
5156945
5156935a
515691a
515690821
5156904
5156900
5156880
515688
51568745
515687
5156867
51568586950310
515685677
515685119
515684a
5156843317
5156828
5156813
515681079
51568
5156774
51567732
515677
5156768
5156767
5156766
5156744136
515673
5156712
51567116672480
51566945
5156675
5156673
51566589
515665624
5156655
5156640
51566275
5156626
5156604
51565928
515657
5156560212345
51565514
5156518
5156514
515651
515650
5156491
5156472
515646774
515646
5156459
5156453
515644tru
5156449
5156432
515643
5156423951753
51564221
5156403
5156400
515639ac
51563986
51563824
515638
5156379
515634
51563399
5156328
51563266
515632
51563189
5156311
51562962
5156294
5156289
515628
5156238
5156233
515622336
5156215
5156200
515620
51562
51561rza
51561malu
5156171
515617
515616717
5156155
5156146
515614
515613
5156129
5156125
515612345
51561156156
515611
51560990
51560571
5156055
51560512r
51560415
51560237
5156001980
5155trop
5155ss
5155rae
5155mrb
5155man
5155lovely
5155lg
5155edn
5155bmjam
5155ad
5155_mar
515597
515596
515595rt
51559551
515595
51559412
5155928
51558h
5155894
5155890123
5155889
5155876
5155870
51558666
515586
515585473
515585
51558286
5155802
515580
51557amy
51557985155798
5155798
515578313341
515578
51557793
5155772
515577
515576
51557556496
5155755
5155750
5155749
515574
5155729
515572
515571lww
5155707]
5155701
51557
51556957
51556946040
515567
5155655
515565
515564
5155636
515563587
5155633
515563
5155624
5155620
515560
5155588
51555842
515558
5155568
5155567
515555555555555
5155555
51555456
515552523011988
51555156
51555155sk
5155515
5155514j
5155514
51555123
51555112
515551
5155502
51554c
515549
5155482as
5155481718
5155470
515547
51554644
515543
51554189
5155415315
5155410
5155409
515540512
51554000
515540
515539Uy
5155393250150
51553823
51553581150632
51553406
5155339
515533
5155328
515531
5155308
51552841
5155267
51552644
51552637
5155260
51552497
5155245193
515524
5155237
51552334kk
5155225
5155216
5155215
5155210pkmai
5155210p
5155210loveoff
5155210531554205525
515521053
51552105155210
51552105
515521000
515520a
5155204
515520088
51552
5155198
515519
5155188
515518
5155159
5155158
515515515515515
5155151010xx44555477
515515.
515513bt
515513
51551195
51551178bertmayo
51551166
51550k0
51550855121536
51550751
5155060
5155054
5155048291616725
5155045
5155041!b
515504
5155035
5155034
515501
51550024
51550012
515500
5154virgin
5154saints
5154romero
5154mc
5154gavel
5154f4
5154el
5154d9a9
5154cat
515499438
5154986
515496
5154959
5154932
5154931
515493
515492t
5154921
5154916
515489
5154872
515487
5154866
5154865
5154848
5154847kkb
5154832
515483
51548240
5154812
5154806
5154801249
515480
51547a
5154790816
5154790
515479
5154788
5154777
515476c
515476615p
5154758
5154747
515474
515473
51547234858
515472
5154715
5154705
5154700
51547 s
51546roc
5154686
515467
5154666
51546631131
5154663
515466
5154657
515465212
5154651
51546307
5154630
5154620
515461017
515461
5154607
5154573
51545630
5154562
5154553
5154549
5154546
51545416
5154540
515454
515453
51545145
5154500
515450
51545.35
5154497
515448
5154471
5154450
51544433
515444
5154434
515443
5154427
515441
5154392000
515437811
5154371join
5154365313
51543624
5154352
5154351
515434697
5154346
51543454
515433040497
51543303044
515433
515432
5154311
515431
5154303
515430017
51543
515429
5154288
515426a
5154249
515424
5154238
51542345
515422451263
5154215
5154202912
515420
51542
51541930
515417jrj
515417j
5154178
5154171
515417
5154151
5154139
5154133
515413
51541278
5154111123
515411
51541049
51541
5154089
5154087965
5154087
51540828
5154082
5154074
515407
515406
51540526628
5154031
5154028
5154027
5154026
515402558c
5154020
51540154
5154010
515401
51540053
515400319
51540027
51540011
5154001
5154
5153von
5153marykate
5153jb
5153jack
5153honey
5153cmjo
5153BEDROC
51539a
51539906
515396
5153959
5153941
515392
51539198
5153919
515391
5153907
5153900
51539
51538591164
5153853
51538186
5153805
5153796
515377
515376
5153756
515373avon
5153737
515373214
51537163
5153711
515371
5153709
51536cur
5153684077
5153683w
515365
51536466
515363322.
51536295
5153624
515362
515361780
515361655
51536124
5153608
51535957a
5153595751310
515359575
5153593
51535864
51535860
5153586
515358
515357598562
515357595456
51535758
51535753
51535679
5153562
515356
51535501
5153545
5153543
515354
515353246
5153532
5153520
515351535153
51535
51534822381635
5153478946
515346
5153458
515344
5153439krister
5153439341leon
5153438
5153410005
5153390
515338
5153367
51533642018
5153353
5153351
5153338436T
515332
5153318956918009
5153315
515330
5153298
51532922
515329
515328
5153277
5153275
5153271
51532654
51532555
5153253413579
5153245
51532426
5153241cb
5153230
5153222
5153216
515321
5153201
51532
51531gjc
515319726
5153195
5153191
5153183
5153182love
5153164
515316
5153150
5153132
515310015
5153092858
515308Aa
515307
5153037
5153025
5153021
5153013
515301
5153007
51530065
5153006
51530
5153
5152teamo
5152os
5152money
5152998889
51529876
515298
5152977
5152974
51529587
5152956
5152936515461000
5152929
5152924004
515291
51529061
5152898
515289
515288
5152871
5152866
5152852243
515285
5152836
51528301
5152828
5152822119
51528213
5152821081
5152821
515282
5152801011
51528
51527924
515279
5152775
515277
5152763
5152754497
51527512
51527276
5152727
51527269
515272
5152712w
5152705
5152702
515270
51527
51526999
51526623
5152661
515266
515262996m
5152624
5152616
515261089
5152606
51525yaucono!
51525sgb
51525m
51525ah
5152599c
5152598741
515259
5152586
5152583
515258
5152577
5152575
5152573123
515257
5152555154+522
5152543
5152540
515254
515253w
515253lc575859
515253andy
5152535957
5152535659585754
5152535555
5152535456a
51525354565758595lol
515253545556
515253543780
515253515253
515253152535
5152530
5152525
5152523
5152520
515252
515251756
51525127790399
515251209193142
5152509
5152505em
5152487749
51524864
515248
5152466
515245356684
5152450
5152447
5152432497
515243
5152422
51524215
5152420
515242
5152410007
515241
5152405
5152404
5152398
5152381612
5152376
515235789614
5152354
5152341
5152332260
5152330130448
515233
51523201026-1
515231040103
51523100
5152304031125
515230403
515230387
515230006
515230
5152294
5152278
515227779
515227
515226
5152255
515225
515224
5152234
5152225
5152221
5152211
515221
51522041
51522007
5152200
515220
51521983
51521977
5152187
5152181
51521766
5152175
51521740
515217
51521616uy
51521450
51521400
5152134
5152124
515212361
515212325
51521219
515212060559
515211993
51521136
515210051
51521004251
5152100425
515210
51520hoe
51520g
5152098
5152092
5152086
515207emd
5152070
515207
5152069
51520640
5152055
51520500
5152035
5152023
5152009
5152005
5152004c
51520045687
5152004
5152000
5152
5151tamt
5151rah
5151pr
5151moon
5151mdf
5151lg
5151l
5151ku
5151kevin
5151kansas
5151gaby
5151g1t4z
5151apnf
5151aarondean
5151a
5151S
5151NuNG
5151KKC
5151JLA
5151999
5151996
51519936
5151991a
515199
5151989ag
5151989!+TrAvIs17!+JaCkDaNiElS
5151987gzeljames817
5151986jf
5151983
515198
5151979b
5151978
5151977
5151973
5151972
5151969john
5151967
5151965
5151964
51519595
5151959
5151953
5151949
515193
515192treeko
51519232
5151917
5151902
5151900
5151897
5151895
515189
51518887
51518818
515188
51518631290
5151860
515186
5151849
51518485
515184
5151837
5151833
515183
5151828
5151822
5151821
5151818
5151783
51517793858573
5151779
51517611
51517578
515173107
5151720
5151717
51517154411490
5151710
51517042
5151701034
5151701
515170
51517
5151686
5151682
515168
5151678
5151674
5151660
5151654
5151626
51516205
515162025
515162
5151617A
5151617
5151611
5151610
51516095151609
51516077
515160123
5151601
51515w
51515i
5151590
5151589
51515858
5151581
515156
5151552
5151544
5151541
5151538
5151530l
51515252
515151tl
515151s
515151alli
515151N
5151519
51515174
515151661087711
5151515500
5151515151
5151514
5151513
51515100
5151506
51515050ta
515150212
51514myfriend
51514l
51514cal000
515149mp
5151497
515148565163
5151480012
515148
51514765
5151476
515147
51514646
515146381
515145
515144
515143264
515143133
5151428
5151427
5151426
515142378
515141l
5151415
51514141
51514130
5151410048
5151410035
51514068
51513999
51513842
5151371
515136a
51513592
51513514
51513463
51513433
515133
515132
515131610198
5151315
51513140
5151314
5151308
5151307
515130529
515130037
5151300
515130
5151286
515127489
515127
5151257
515124L
515123s
51512357
515123456
5151230
5151221s
5151218
51512121
51512101
5151200
51511b
515119
5151184mersin
5151168
5151162751
515116
51511547
5151146
5151141
515113880690
5151137
515112b
51511236985000
515112
515111990
5151111
515110951
5151108
515110464
515110226
5151102177
515110086
515110070
5151088
5151083
5151077
5151069
515105
5151042
5151031
51510303
515103
5151028
5151021
515102
5151011
515100131
5151001
51510002051
5150z
5150yahoo
5150xo
5150x3
5150x25150
5150wd
5150uso
5150trb23
5150toall
5150time
5150thug
5150tg
5150tf
5150tb
5150tay
5150tar
5150sti
5150steve
5150ssh
5150spaz
5150sp23
5150smoker
5150smiley
5150siso637
5150sicc
5150shards
5150shanahan
5150sh
5150sf
5150sean
5150se
5150sad
5150ryder
5150rr
5150rocker
5150risa
5150rik
5150rd
5150prasad
5150pimp
5150pig
5150pharro
5150pd
5150papa
5150ordela
5150ocpunk
5150oc
5150nut
5150nlx
5150ninja
5150nicole
5150nico
5150nc
5150naty
5150native
5150nar10
5150nana
5150myka
5150moo
5150monster
5150mono
5150mm
5150mlh
5150mj
5150mistymay
5150mhs
5150luniz
5150