1501024
493150
4931493
493149
493148
4931461
49314577
49314535
493145
4931449
49314388
49314290
4931424
4931413
4931410050
4931410013
4931410005
4931409
49314073
4931406
4931404z
49314024
49314010125
4931401005
4931400
4931367
49313612
4931359
49313538
4931349
4931344
4931339
49313261
493132
49313141
49313060282006
4931302525
4931301060
4931300212
4931300049
493130
49312883
4931283605
49312821
4931281250
4931280141
4931280057
4931280048
4931280045
4931280044
4931280033
4931280014
4931280012
4931280009
4931280001
49312773
493126255800
493125355744
493125
49312499
4931249
49312481
49312417
49312398
49312390
49312357
493123172230
4931230029
4931230014
4931230003
49312203
4931218059
4931218010
4931217
4931213
49312128
49312101
4931210028
493121
4931208068
4931207088
4931207085
4931207083
4931207069
4931207048
4931205042
4931205
4931203064
4931203050
4931202025
4931201049
4931201007
49312
49311930
493119
49311770
49311715
49311664
49311633nuchanun
493114833
49311483
493114
49311282
4931127
493112
4931110031
4931110018
493111000844000
4931110
493110423
493110273
4931102503
4931102101
4931102
493110191
493110130
493110043
493110007
4931100004
493110
49310icamoa
49310957
493109053420
49310896
49310805633806
493108
493107493107831
49310728
49310711
493107041020
49310698
49310667
4931060059
4931060009
49310537
49310520
4931050496
4931050407
4931050125ok
4931050102
4931050099
4931050071
4931050063
493105006011
4931050060
4931050056
4931050040
4931050038
4931050036
49310500357df4
4931050023
4931050009*
4931050004
49310500
4931049
49310483
49310477
4931043
4931042655
49310414
4931040127
4931040106
4931040104
4931040059
4931040046
4931040045
4931040036
4931040035
49310400324
4931040032
4931040028
4931040026
4931040012
4931040010
493104
4931038t
4931032490
49310322
4931030368
49310295
4931025huevito123
4931020266
4931020099
4931020059
4931020043
4931020021
4931020014
4931020006
4931019238
4931018jw
4931016
4931013435
4931010161
4931010083
4931010059
4931010056
4931010055
4931010054
4931010048
4931010038
4931010035
49310100265
49310100263
4931010026
4931010005
4931007178
4931007086
4931007060
4931006254
4931006243
4931006136
49310060xx
4931006098
4931006003
493100181095
493100018
49310
4931
4930jfkp
4930es
4930diogo
493099
4930984
4930970
493095
4930929
4930919pk
4930919
4930917
49309120
493091
4930904
493090170-6
4930901683
493090153-6
49308j
49308888
493087688
4930858d
493084
4930839
49308314
4930829
4930827
493080975-0
4930809687
493080752-0
4930807017
4930805942
4930804nh
493080434
4930803893
4930802287
4930801176
49307hcs
49307a
493078
4930764
4930756
4930727
4930718
493071
4930702144
4930701321
4930700338
49307
493069379
493069
493068637
4930669730
4930652
493065
4930630OSAMA
493062
4930615
4930611001
4930606
4930603023
4930602297
4930601479
4930601445
49306012912530
4930601186
493060112-8
4930601097
4930600732+kku
4930600499
493060028-7
4930600
4930580
493058
493055
4930548
4930545757
49305226
493052
4930517
4930510104
4930507242
4930503095
4930502552
4930502141
4930501394
4930500576
4930500322
4930500
4930495
49304935355853
493049.
4930488
4930466
493043012
4930417
4930415dd
4930412642
4930411989
4930410789
4930409550
493040896-0
4930407752
493040386-3
493040212-6
4930402118
4930401968
4930400255
4930397
4930392209
4930376
493036jr
4930350
4930346s
493033001
4930310
4930306136
4930306132
4930305158
493030146
493030126
4930301192
493030107
493030074
4930300235
4930300162
4930300099
493030
49302s
4930292821
493029
4930285061
493028
493027983
4930266
4930259
493025
4930249
493024
4930220
4930214
4930206847
493020627-9
4930203916
4930203108
493020305
4930201685
4930201041
4930200427
4930200
493020
4930187564
4930187
49301862
493018
4930177078
493017
4930167z
4930167830
493016377
4930161452
4930155
493015
4930136
49301314930131
493012neha
4930128
4930122115028
4930118
4930112009
4930111009
4930111005
4930110084
493011
4930104001
4930104
493010024
49301
4930097839332
493009
493008t
4930082
49300700
4930070
4930066
493006305261308
493006
4930051
4930044344
493004
4930026k
4930024
493002
49300189
4930018
49300117
4930011
4930010035
493001
493000d
4930009
49300043
493.892
493-86-1465
493-02-1675
493+020+4344
492zgj
492val
492teh
492sxm
492steep
492pehu
492nyny
492ned
492metal**
492love
492lime
492l44
492kayhp73
492geo085sevraj
492fad3
492dvs
492clh
492bitch
492bc123
492axufq53
492aaax
4929jabcateks
4929fa
4929cm
4929chi
4929987
49299721226
4929959
4929945
49299424
4929939laye
492992
4929905
49299
492989163
492988677
492987830
492986r
4929859
4929857
492985425
492984
49298388
492983750
492982703
4929824is
4929814
4929800
49297e
492975
4929748
49297272226
4929717JAY
492969
492966
4929657
4929654pat
492963884
492961464
492960c
4929602
4929590
4929563
49295488
4929545
492950
49294544
4929454
492942
4929411
492941
492939k
492938
49293793
4929351
4929346yesim_
4929346
4929344
4929333
492932
492931956
4929310
492931
4929300012
492930
49292ray
49292949
4929288
49292792042
49292792003
4929277
4929260
49292539ifr
4929251
4929243
4929237
492923
49292169
4929215
4929212
4929211035
4929211034
49292110
4929206
4929205
492919pichilin
49291985759265
49291911
4929168
4929147
492914
4929123
4929112
492909296
4929089
49290821
49290731
49290727
492906917
49290611
4929055
4929054
49290504
492904877m
492904877
492904146
49290408
49290397
49290382
49290344
49290342
49290326
4929031
49290305
49290301
49290247
49290235
49290230
4929020
492902
492901872
49290089
49290021
4928unfff
4928nd
4928free
4928cookie
4928chanel
4928JOHN
4928989
492898
4928965
492895
49289141
49288szmdn
49288793007
49288792051
49288791010
492886
492885
4928848
492884100
492882
492881986
4928815
492880
492879*/8
492873
492872
492871
49287084
4928690
492867135
4928670
49286193
4928611
492859
492858
492857
492856344
492855
4928508
492850
49284975f
4928491
49284630130
4928436
492842
492841
492840
49283718
49283664
49283619
4928361
4928357
4928354
49283427
4928331
49283160
492831
4928307615
4928279
49282780
49282666
4928266
492826
4928254
49282531000
49282521
49282497
492824311
49282423
49282421
49282417
49282414
49282130
49282129
4928209
492819jas
49281988
49281677
492816357
49281561
49281370
49281266
4928124
49281201
492811
49281063
49281059
4928096
492809316
49280927kkk
49280908
49280519
49280373
49280333
49280328
49280266
4928024
4928021
49280107
492801
49280049
49280048
49280019
4928001
49280003
492800
4927mg
4927elks
4927a
49279g
4927993
492798974
4927970
492795123
492795
4927931
492793
49279140
4927900
492788
492787
492786
4927812
492780
49278
4927798
492777
492776
492775
4927741
4927731
4927713
49276x
49276qnnhm
492768
4927655381
4927611
49276
4927579
4927514
492750
49275
492749
49274887
4927465
49274600
49274491
4927428
492742
492741av
49273gv
492738
492733
492731
492730789
492730
49273
492725123
492725104
49272247
4927220
4927216835
492720
49272
492719
4927179
492716
4927153
49271398
4927136sshh
4927135
4927124
4927112
49270978
49270927
492708
49270604
49270440
49270416
492704
4927031
492703
4927010701
492701067
492701012
4927010095
492701
49270053
492700084
49270000
49270
4927-AM
4926ken
4926fc
4926dvabd
4926RL
492699
492697
4926959777
49269520
4926896
4926886
49268778
492687
4926842159
492684
4926831
49268271
492682672
4926826
49268014
492678
4926775
4926772
492675
4926723
49266gsdyh
4926683l
49266827
4926675
4926667
4926657
492665
49266463
49266254
4926616
49265mqtrk
4926568
4926565
4926556
4926525z
49265128
492651
4926488
4926458
49264559
4926447
4926416J
49264153
492641
4926390
4926380
492638
4926375
492637
49263627
4926356
49263529
492634
49263250
49263130
4926299
49262867
49262812
492628
492626monica
49262603
49262546
49262512warm
49262416
49262379
4926227
4926218
49262058
4926200
492620
49262
4926198
4926197
49261951
4926180
492618
492616
4926159
49261506
492614
4926139
49261303
4926130
49261290
49261282
49261198
492611919
492611
49261084
49260uzsgc
49260961
49260896
492608
4926064jajar
49260631
49260612
49260604
49260603
4926040
49260399
49260250
49260201
492601s
49260136
49260003
492600
4926-yello
4925surf
4925mdw
4925haro
4925diane
4925BOO
4925986
4925981
492597
4925968
4925919
49259085
49259013
492590
4925886
4925882
492587630147
4925864
49258363814205
4925833
492579
4925755
4925746
49257412
49257321
4925723
4925710
4925705
4925670
4925668
49256655
4925636
4925617
4925599jf
49255981
492557
4925561
492552185
49255092690
49255073
49255071
4925507
492550
49254925
492549*9
492549
492548
49254700
4925463
49254624991308
4925445
49254238D
49254063
49254
492539
4925382
4925379
4925373
4925364
492536331
492534lonely
4925340
492534
4925323
49253
4925295
49252921
4925292
492529
492528232538
49252823102536
492527
4925268
4925235
492523
49252117
492521
492518440646
4925150
492514546
4925143
49251364
492510
492509c
49250594
4925017
49250129
492501
49250062
49250060
49250049
49250039
49250012
49250009
4924yxha
4924xavier
4924vq35
4924jewel
4924golf
4924Jm
4924995
4924988
492498
492497
492493030630
492493
4924927
4924923
492490215
492487
4924858
4924848
4924820
4924810010
49247cfqkr
492476
492475
492471
492470td
4924700265
4924700166
4924700158
492468m_
492467
492466
4924659
4924658
492464boobie
492464b
4924622
49246133
4924610563
4924610068
4924607
4924600
492460
492456
492455
4924534
49245242
49245174
4924514123
49245105
49245020
49244mm
4924494
4924446
4924432
492442moe
49244223
492442139
49244200
492442
492441340602@
4924411
492441003
4924408080
4924404039
49244
4924397()koko
4924370/8
4924356123
4924353
4924339
49243354
49243323
492433
49243248
49243200
492432
4924318003
4924317022
492430429
492430414
4924301
492430
49243
49242746
492427
49242662
49242630
49242609
4924259
49242570087
49242570072
49242540179
49242540115
49242540097
49242540089
492425
49242463
4924246
4924245
4924242
492424057
4924235
492423062kb
49242288054
49242272
49242203
49242183
4924210023
492421
49241855
4924182
49241813
492418
4924179
4924167
492416
4924154
4924144
4924143
4924132655
492412
49241107
4924110027
4924110013
492410789
4924102
49241014
4924097
4924094
49240919
49240902303
49240757
49240724
49240629
4924059
49240575
4924054
49240513
49240476
492404282096009
49240427125
4924042
49240409110
49240407
4924039
4924030027
492403
4924027797
492402541751
4924020011
49240179
4924011
4924010018
4924010006
4924004
49240032
49240018
49240
4923tg13
4923992
4923959959
4923946
49238534
4923831xz
4923830
492382
492381
492380233
49237james
49237902986856
4923790
4923767
4923765
492375
4923748
49237288
49237
4923696
492369
4923688
492368
4923671
4923665
49236612007
4923634
4923629
4923623
4923608
4923591
492359
492358
4923573
492357
492356cv
492352
49235179
4923504010
492350
49235
49234923
492348910
49234710
49234707
4923469
49234621
49234500
492345
49234433
4923442
4923440111
4923440061
4923434
4923433
492343
4923414
49234040
492338
49233760864
4923365
4923349
4923343
4923341
492332
49233180333
4923305
49233047
49233041
49233036
49233030
4923303
4923302
49232870106
49232773159
49232773156
49232771025
49232771003^^^^
49232765
49232764086
49232763007
49232763003
49232746
49232724
49232717
49232714
49232710
4923264908
4923261
4923257
4923252
49232486
49232479
49232472
49232435
49232429
49232428
4923240
492323
49232272
49232201
49232192
49232183
49232157
49232132
4923213
4923210051
4923207
492320412
49231902
49231889
4923185543210
49231814
49231765
4923175
49231736
4923169
49231671
49231613
492315908
4923159
49231582
492315
49231497
49231443
49231387
4923136
492313
49231253
49231224
4923115
492311021
4923110018
4923107
49231
49230620
4923061
492306
4923055
4923051
49230428122
492304
4923035
4923032306
49230295
49230259
4923024
49230213
4923013
492301069
4923010017
4923010014
49230077
4923
4922mw
4922lis
4922SCS
49229984
4922988
49229812
4922977
49229604
4922959yo
4922946
492294
4922928
4922923
49229145
49229010120
492290
49228fvkbj
4922898
492285
4922843
4922833
492283
4922805461
4922805450
4922803635
4922803
492280
492279
49227884
4922783461
4922780087
4922771201
4922770872
4922770
4922754600
49227232
4922721
4922701keymar+
492270
49227
4922691
492268
492267287
492267
492264551
4922638
492262
49226117
49226027
4922584
4922579
4922565m
4922561255
492256
492253
4922526
492252000
49225180120
4922506
492250
49224938
49224920
492249
4922472475
4922472427
4922470002
492244vw
492244
49224340
49224322
49224305
49224121879
492241012
4922400
4922393
4922390
492238
4922358
49223490233
4922336
492233
49223230
49223220221
4922321
492232
492231
49223035
49223019
492230129
49222punk-real
492229
49222854
49222774430
49222774320
49222774259
49222774073
49222773014
492226126
4922258
49222575
49222521027
49222510
4922249
4922237
49222250
4922223
4922221
4922214362
4922207
49222037
4922200100
492220
49222
49221966
49221611
49221609
4922156
4922154
492215
49221305
492213
49221226
49221106385
492211
4922105457
49221054
492210524
4922103838amata
4922102260
492210164428
4922101638
4922101512
4922101
4922071
49220668
4922060010
49220544
4922052vvaldm
4922039920
4922038802
4922035215
4922030042
4922021
4922017216
49220136
4922013120
4922013073
4922013051
49220121
49220113
4922010888
4922010848
4922010806
4922010713
4922010702
4922010691
4922010671
4922010650
4922010644
4922010641
4922010625
4922010618
4922010586
4922010538
4922010535
4922010526
4922010520
4922010514
4922010511
4922010494
4922010488
4922010477
4922010471
4922010468
4922010467
4922010466
4922010459
4922010435
4922010427
4922010425
4922010422
4922010421
4922010416
4922010411
4922010408
4922010406
4922010404
4922010399
4922010398
4922010397
4922010391
4922010389
4922010388
4922010386
4922010377
4922010374
4922010371
4922010368
4922010356
4922010353
4922010344
4922010329
4922010328
4922010325
4922010324
492201032213
4922010310
4922010305
4922010289
4922010287
4922010286
4922010279
4922010275
4922010272
4922010267
4922010262
4922010260
4922010256
4922010242
4922010228
4922010221
4922010219
4922010215
4922010213
4922010210
4922010209
4922010208
4922010202
4922010199
4922010195
4922010191
4922010190
4922010185
4922010176
4922010174
4922010170
4922010169
4922010168
4922010154
4922010139
4922010138
4922010136
4922010135
4922010131
4922010127
4922010121
4922010111
4922010108
4922010104
4922010103
4922010101
4922010089
4922010083
492201008
4922010069
4922010066
492201006322
4922010062
4922010055
4922010047
4922010042
4922010040
4922010031
492201003
4922010029
4922010024
4922010019
4922010014
4922010011
4922010001
4922010000
4922010
4922003144*
4922
4921um
4921rrm
4921oahu
4921n28
4921bb
4921adri
4921aa25
4921aa
4921Panda
4921Dorff
4921993Rr
4921991
4921950
492195
492191013
49218p
49218904919466
4921888
49218800
4921876
4921872
4921841
4921839
4921832
492182
4921819
4921817
492180
49217dell
4921779
4921763
4921754
4921718.b
492171
4921708
492170
4921699
492168
492167
49216683
49216623
49216605
49216547
49216497
49216260
49216025
49216013
49216001
492160
49216
49215991
492159004
492159
4921589
49215723
492156438
49215580
49215568
49215562
49215544
49215503
49215454
4921545
4921544francy
49215410
4921539
4921537
4921536
4921528RY
49215192
49215173
49215171
49215158
49215144
4921501143
4921501044
4921501007
49214868
49214813
49214790
4921476
492147
49214631
4921456
49214515
4921444666
4921431
4921428003363224
49214243
49214227
49214210
4921409621
4921409003
4921408672
4921408418
4921408372
4921408299
4921408258
4921408245
4921408243
4921408240
4921408218
4921408161
4921408147
4921408092
4921408042
4921408035
49214070135
49214054
4921405128
4921405047
4921405005
4921404291
4921404215
4921404085444888888
4921404028
492140256
4921401677
4921400992
49213940
49213904
492139
4921385
492138434
492137997
4921379391
4921368
49213608
4921360071
492135
4921342014
492134
4921339007
4921339002
4921339001
4921339
4921338090
4921338079
4921334
49213313
4921321140
4921321117
4921321069
4921321046
4921321036
4921321032
492132030
4921319168
4921319147
4921317293
4921317160
4921316035
4921316028
4921316009
4921312
4921310211
4921310137
4921310131
4921310122
4921310089
4921310025
4921308058
4921308057
4921308048
4921307027
4921306099
4921306067
4921305944
492130552921
492130252553
49213021
49213020
49213018
49213010911
4921301024
4921301009
4921294
4921287
492128501
4921284989
4921276
492127455307
492126953975
492126952574
492126654353
492126154668
4921261
4921260057
492125553883
4921255405
49212547
4921253230
492125252755
492125152615
4921246048
4921246014
4921246006
49212451
4921245014
4921245003
49212444--
4921242
4921241057
4921238092
4921238055
4921238017
49212374
4921237084
4921237032
4921236053
4921236050
4921236030
4921236018
4921236013
4921236004
492123565
4921233
4921230013
4921229
492122
4921219314
49212141
49212118
4921211006
4921211002
4921210110
49212101
4921210088
4921210015
4921207067
4921207020
49212043
4921203036
4921203017
492120252320
4921200574
4921200035
4921200033
492118580892772035
49211842
4921176
4921172
49211704
4921170009
492117
4921160
4921152
4921146
49211414
49211318
492112815567
49211275
49211256
4921125
49211217
492112161229
49211214
492112105
492112088
492112067
492112056
492112052
492112031
4921120003
4921120
492111700
4921113
492111288
4921112055
4921112050
49211049
492110291
4921102
4921101
492110035587
492110011
49210953
49210909
4921090
492109
49210750
4921070
4921069
49210686
49210663
49210653
4921062016
49210617
4921061097
49210605
4921060167
4921060165
4921060129
4921060126
4921060102
4921060090
4921060079
4921060066
4921060054
4921060047
4921060046
4921060037
4921060023
4921060021
4921060020
4921060018
4921060013
4921060011
49210600061990
4921060005
4921053011
4921050086
4921050025
4921041128
4921041049
4921041036
4921041015
4921041002
4921040753
4921040583
4921040570
4921040557
4921040481
4921040445
4921040408
4921040371
4921040370
4921040368
4921040362minaum
4921040362
4921040350
4921040345
4921040331
4921040326
4921040314
4921040302
4921040297
4921040285
4921040284
4921040272
4921040267
4921040259
4921040257c
4921040254
4921040253
4921040247
4921040242
4921040238
4921040235
4921040228
4921040227
4921040226
4921040217
4921040212
4921040210
4921040206
49210402
492104019475
4921040189
4921040176
4921040173
4921040172
4921040167
4921040166
4921040165
4921040163
4921040151
4921040147
4921040144
4921040139
4921040111
4921040088
4921040084
4921040082
4921040081
4921040079
4921040078
4921040074
4921040049
4921040047
4921040042
4921040041
4921040031
4921040016
4921040012
4921040011
4921040004
4921040003
4921040002_
49210363
49210337
4921030082
4921030014
49210257
4921020382
4921020244
4921020234
4921020217
4921020174
4921020136
4921020093
4921020069
4921020066
4921020056
4921020045
4921020040
4921020036
4921020032
4921020030
4921020023
4921020013
4921020009
4921020005
4921020003
492101Gp+
4921011302
492101046
4921010361
4921010355
49210101ten
4921010197
4921010161
4921010133
4921010121
4921010119
4921010112
4921010106
4921010094
4921010076
4921010062
4921010060
4921010047
4921010046
4921010020
4921010019
4921010016
492101
49210061990
492100304
49210024
4921000102
4921000083
4920webber
4920wb107
4920theo
4920tang
4920starr
4920rock
4920pw
4920mm
4920lg
4920hydro
4920at
4920ab
49209ewmkk
4920988
492097
4920957
4920942
4920941
49209372
492091
49209091
492090
49208PB
4920861
492086
4920836
492083
492080006
492080002
492080
492079kp
4920798
49207900
4920789
49207889
4920769579ยบ
492076
49207533
4920740042
492074
4920723
4920710080
49206940066
49206940012
4920682
492068
49206660127
49206660080
492066600696
49206660022
4920653l
492064730
4920638
49206337
492061882
4920618
4920610231
4920610219
4920610117
4920610042
4920604
492060
49206
492058
492056
4920555
4920551
4920530023
492053
4920522
49205207
4920520
492051302
4920512122431
492051114
492051102
492051062
492051053
492051
4920503
492049310n
4920492049
492049
492048
492047
4920468
492046
492043
492042045
492042006
492041457b
492041057
492041039
4920410176
4920410086
492041-4
4920384
4920340322
4920340181
4920340082NoRa
4920340
49203313
49203281
49203234
4920316
4920311n
4920310269
4920310208
4920310200
4920310170
4920310123
4920310115
4920310111
4920310104
4920310066
4920310060
4920310034
49203074
492030019
492030
492028376
492028255
492028
492027
4920262203
4920262
4920261239
4920261171
4920260207
4920260124
4920260074
4920260
4920254
4920251115
4920251
492025
492024942
49202490063
492024579
4920228
492022622
49202245
49202228
4920220503
492021256
492021176
492021174
492021137
492021096
492021092
4920210759
492021072
4920210606
4920210586
4920210538
4920210459
4920210430
492021034
4920210321
4920210273
4920210181
4920210050
492021
492020991
492020944
492020929
492020779
492020504
4920200773
49201hot
49201934
49201930
49201905
4920190
492019
49201886
49201878
49201868
49201826
492017873
4920160258boyboy
4920160175
49201574
4920156
49201517
49201508
4920150150
4920146
49201411
492012aa
49201288
49201270411
49201256
49201250
4920123
49201228
49201223
49201219
492012099
492012096
492012089
492012073
492012066
492012053
492012017
492012011
4920117130
4920117105
4920117066
4920117003
4920114230
4920114225
4920114144
4920110117
4920110097
4920110066
4920106041
492010499
492010417926
492010307
492010233
492010186
492010062
49200996
49200990
49200985
492009520
4920087
492008
49200531
49200389
49200336
4920033
49200327
4920032
49200289
49200272
49200203
49200188
49200173
4920011
49200105
49200103
4920007822
49200073
49200063
4920002
4920000
492-5007
491wyav
491wcva
491wareef22380
491uno491uno
491serlrd
491q8475
491pleasant
491moni
491lee5170
491janie
491isl
491f0044
491ear14
491dg9847
491beverley
491bcandjosh
491ask
491alex
491F95142
491F95117
4919RET
49199aw
4919999
4919975
491997373
4919965
4919955
4919951
49199508
491994nunim
491994ad
4919942537
491992jay
491992312
4919923
491990sean
49199050327
49199050252
49199050067
4919902
491989512
491989451
491989107
491988g
4919882219
491987chabelita
491987a
491987J
4919873
491987*
4919860
491985r
491985e
491985ala
491985E
4919859
4919855345141
4919854
491985286
49198525033
491984s
491984f,sn
491984b
491984254
491982b
4919823
491982095
4919813
491980198
4919793
491979*
491978216
49197777
4919775
49197731
491975j
49197589
4919756
4919751
49197445
491974
4919737
491972222
491972
491971
491970eh
4919690
491969
491968
491964
4919638
49196285
4919621
4919613
4919610
491960075
491959lindo
491959
491958
4919575
4919548
491952
491951
491950
49194846
49194814
491946548
4919461
491943803
491942ad
4919421
4919419
4919400
49193a
4919390
4919389
4919370
4919362
4919354
49193531
491935
4919341
49193407a
4919335
491932
491931012
4919308
4919306
491927
4919259
49192522
4919249192
491924186
4919232
4919231
491923
491922606
49192224
491922
49192096
49191jnq
491919
491916g
4919165s
4919163
491916
49191501
49191440210
49191440105
4919141
49191400133
4919132
49191068
491910174
491910151
491910114
491910103
491910041
491910015
491910
4919095
4919092
491909
491908569
49190801
4919071
491906732
49190630
491906208
491905735
4919056
49190559
49190531
49190501
49190471
4919044
4919035
49190320
49190224
4919006
4919004
49190
4918glorioso
4918am
491898319
491898215
491898132
491898
4918937
4918935
4918925
491892060
491890s,s,890822
4918906
4918905
4918904
4918902r
491890021
4918897a
4918897
4918888sjn
491885
491884819
4918831
491883046
491882201
4918819
4918816elaine
4918815
491881015
4918803
4918792
4918773
4918761
4918756p
4918750
49187436
491874
4918738
4918718
49186932315302
4918691
4918660
491864
4918626
491861kp
491861amorcesar
491860teamo
491860
491857cn
4918578
4918564
491852
491851
4918464
4918463
491845nargele
491845
491844c
4918432
4918425
4918415litos
4918414
491841
49183855
491837
4918364a
4918364
491832
49183112
49183016
491830
4918295
4918293
4918283s
49182773197
49182773056
49182773009
49182771103
49182771081
49182771033
49182771032
4918274
4918270
49182552734061
4918241
4918223
491822
4918208
491820137010731
491820102
491820072
491820034
49182-0077
49182
49181860206
491818
49181774900451
4918175
4918150
49181482107
49181400124
491813
49181256
491811jacob
49181100142
49181100127
49181100104
49181100103
49181020133
49181020122
491810108
491810102
49181010112
491810072
491810071
491810054
491810049
491810027
491810009
49180926
49180918
491809
491808411
491808
49180797
4918079
49180727
4918066
491806041
491806035
491806008
491806
49180599
4918055
4918036
4918032
491802
49180195480
4918010
491800011
49180
4917wildrose
4917whit
4917pb
4917Luke
491798267
491798258
491798216
491798213
491798120
491797238
491797224
491797215
491797203
491797144
491797140
491797118
491797000
4917968
491794198
491794151
491794144
491794141
491794126
491794114
491794110_110
491794106
4917940477
491794035
491794032
491794013
491794003
491792109
491792065
491792053
491792026
491792011
4917915
491791041
491791035
491791028
4917910
491790206
491790182
491790122
491790084
491790
491789
4917889
4917871
4917870
491785420
4917853
49178289
49178202737640
491782003
491781440
491781333
491781143
491781142
491781132
491781131
491781123jiew
491781062
491781048
4917805
4917804
491780165
49178
4917793
491779214
491779203
491779118
49177899
491778154861
49177810
4917780
4917778
4917754
4917746.
49177314090
49177311118
49177311104
491772161
4917721