2410018
501241
50124075
50124070309
5012403635
50124010302
50124010131
50124010114
5012399
5012398
50123977
50123975
50123966
5012392
501239
5012389
50123802
5012371
501236char
5012369
50123640
50123631
50123619
5012361122
50123600213
501236
50123578
5012352136
5012352119
501235045650
50123504
5012350123
50123501
50123490222
50123490206
50123490134
50123490107
50123490
5012349
50123488
5012348
50123462
5012345
50123434
50123419
50123407
501233a
50123390150
50123390127
50123390111
5012337
50123366
50123330452
50123330429
50123330423
50123330135
50123330133
50123330130
50123330124
5012333
501232g1
50123282
50123256
50123250121
50123250111
5012325
50123240
50123220149
50123211
50123210
50123180244
50123180216
50123180209
50123180137
5012317
50123150150
50123150129
5012313
50123121030
501231101
501231099
501231049
501231016
50123080103
50123079
50123070152
50123070130
50123055012305
5012305
50123040125
50123040124
50123025
50123023155
50123023130
50123020144
50123020131
50123020129
50122929
50122907
50122870101
50122857
501228420
50122841115
50122829cvo
50122827
50122820104
501228039
501228002
50122765123
50122765077
50122764050
50122760101
50122758
50122710143
5012271
5012270045
50122690
5012267
50122660129
50122660104
50122659
50122640104
5012263
50122611
50122590
50122579
50122554
50122544
50122530104
5012252228
5012252221
50122520
501225
50122497
50122487
50122470125
50122444
50122420208
50122420121
50122366
5012233
50122313
50122309
501223
50122276
50122269
50122241
50122187
5012215004
50122107
501221028
5012210275
501221005
50122094
50122080207
501220320
50122020125
501220120
50122009
50122008
5012200310
50121981
501219780208
50121960
5012195
50121940
50121921
501219
5012185r
50121842
5012183
50121722
50121718
5012170583
501217053
501217
501216768
501216706
501216201
50121618
501216128
50121606
501216
501215603
50121529
50121527
501214762
501214665
5012144
50121406
50121353012
50121341
50121340
501213241
50121313
501213008
501212914
50121284
50121271
5012126
50121250zman
50121245012124
5012123
50121229
50121194
5012111
5012110149
5012110136
5012110094
5012110074
5012110030
5012110022
5012104630
5012104344
5012103345
50121033
5012103270
5012103001067
5012102348
5012102341
5012102339
5012102009
5012102008
501210194
501210158
5012101414
501210140
5012101388
5012101381
501210083
501210060
5012100510
50121004903
5012100460
5012099
50120921
50120862
5012082s
50120815
5012075
50120740
50120732
5012071
5012069014
50120690
5012068ag
5012064
5012057
5012055024
5012054
5012051021
5012051006
501205
5012047035
50120432
501204
5012032
5012031
50120279
50120268
501202555
50120217
501202041134
5012020102
50120108
501201015
501200a
50120051
50120047
50120036
50120025
5012001
501200071151
5011xs
5011town
5011pa
5011nov
5011n10038
5011m10026
5011i3b4b4
5011dmf
5011d105a
5011_07
50119gg
5011996
50119880
5011988
5011987
5011985
5011984
5011981
501198
50119734
501197072415
501197
50119692
5011965
50119637
50119604
5011945
50119437220931
5011943
501193126
501192145
501192135
501192126
501192122
501192116
501192102
50119202
5011918pt
50119082
5011905986
501190472bc
501190
50118700
50118676
5011865
50118611
5011860
50118593
5011855
50118512
501185
5011837
50118311
5011829
501182
501181992
50118140
5011811237
50118
501179503
50117891
501177621176114
5011773
50117717
50117705
50117616J
501176111
501176
501175
5011740
5011730
501172339
501172
5011718
501171080
501171079
501171078
501171075
501171064
501171055
501171040
501171002
501171
5011704
50117
50116990044
50116990017
5011691jb
5011687180
501168
50116740021
50116728
50116720115
50116720102haha
501166042
501166037
5011656
501165
50116433
501163
501162jlg
50116210
5011621
501162
501161038
5011604020
5011604017
50116012037
501160013
501160005
50116-0050
5011598
50115930
50115815
501157iydmb
50115785
50115773060
501156
5011553
501155149510
5011550131
50115500
5011550
50115484
501154412
5011544
501154
5011531774
501153125
501153085
501153064
501153060
501153033
501153004
5011526241
5011526216
5011526206
5011526107
5011526102
501152317
5011516481
5011512
5011511128
5011511116
5011511002
5011510866
5011510793
501151012
501151
5011509055
50115086
5011507554
5011507513
5011507018
5011506069
5011505855
5011504635
50115032
5011503108
5011501425
50115012
5011501112
5011501086
5011501018
50114THAV
501148489
5011478
5011470
501147
50114645
50114638
5011461
50114586
5011456501
50114542063
50114542020
50114522022
50114512039
50114512005
50114511
5011451
5011450
50114431
50114411
50114362
501143501143
5011432449
501143186306
5011431813
50114313
5011431276am
5011430708
5011430039
5011429759
5011429676
5011429049
5011428015
5011425972
5011425030
501142502
5011424263
5011424040
5011423745
50114236
5011422035
5011422010
5011421251
501142
501141802
5011417648
5011417101
5011416
5011415410
50114131
501141210
5011412094
5011411542
5011410692
5011410585
5011410528
5011410050
5011410003
5011410
501141
5011409868
5011409504
5011409447
5011406567
5011405791
50114043089
50114033049
5011402533
5011401261
5011401248
5011401165
50114008
50113968
50113917
50113901
501138
50113711
501136
50113432071
501134
50113281
501132451d
501132
5011317
5011315149
5011314
5011313284
5011313034
5011313029
5011312120
50113113
5011311007
5011310736
5011310710
5011310079
5011310023
5011310002
5011309936
5011309115
5011308896
5011308730
5011308474
5011305223
5011304739
5011301700
5011301420
5011301109
5011301108
5011301106
5011301034
5011301032
5011301
501130
5011299
50112978
50112956
50112945
50112911
501128ass
50112820109
50112820102
50112820043
50112820029
50112820025
50112774151
50112774126
50112774100p
50112774050
50112772258
501127721ุถ
50112772150
50112772090
501127
5011269
5011258m
50112558666
50112555
5011255
50112531
50112528
50112520030
5011250018
5011250
501124958123
501124956077
501124858780
50112482067
50112470056
501124659688
50112460076
50112460053
50112460031
50112460002
50112442036
5011243168
5011242
501124157209
501124115
501124058184
5011240
501124
501123890
501123858018
501123852
501123770
501123749
5011236687
50112359
501123556969
501123553
5011235
501123478
501123451
501123336
501123325
5011232
501123180
50112309
501123047
5011230
501122874
501122803
50112275
501122684
501122646
501122637
501122581
501122579
501122561
50112253
501122528
5011224
501122382
50112227
501122241
501122219
501122210
50112219
501122141
501122129
501122119
5011221051
5011220666
501122039
501122021
501122002
5011215
501121268
501121163
5011210373
50112103526927
5011210325
5011210319
5011210301
5011210188
501121011
5011210081
501121007
5011210061
5011210059
5011210045
5011210034
5011210029
5011210022
5011210021
501121
5011208111624
501120718
501120609
5011206009
5011205332
5011205326
5011204319
501120425
501120421
501120402
5011202123
5011201893
5011201422
50112010046
5011200955
5011200580
501120035-7
501120028
501120009
5011194
501119275659
50111920
50111901
50111848
501117758
50111721
501117
50111615
501116076
501116058
501116040
50111533
5011153
50111527
501115011
501115010
50111492
50111491
50111459
501113mo
501113977
5011139
501113885
501113783
50111366
5011135
50111320018
501113
50111290
50111269
501112449
5011120326
5011120016
50111160
50111157
50111152
501111375
5011112529
50111118
501111160
501111145
50111106005
5011110557
501111040321623
5011110331
5011110307
5011110231
50111102044
5011110191
5011110131
5011110069
5011110060
5011110042
5011110020
5011110008
501110ed
50111079
501110722
50111056002
50111053
501110413
501110285
501110271
50111025467
501110254
501110247
501110144
501110139
50110k
50110972
501109438
50110923
501109
501108555
50110816
501108105
5011069
5011064
50110613
501105a
50110595
50110594
501105507
501105002
50110500
5011049
501104721
50110435
501104210
501104122120
501104122104
50110412
5011041142
50110409
501103600
501103521262
50110334
5011033009
501103112
50110301490
50110300
501102547216
501102135125
501102134104
501102050111
50110205
50110196
50110181
50110167
50110152
50110146
50110131
50110124
5011011121
501101110
5011011002
50110110
5011010904
501101088
5011010856
5011010851
501101082
501101074
5011010120
5011010057
5011010
501101
50110057
501100558212
501100557722
501100557669
5011003
501100258700
5011002
501100165
501100158903
501100157977
501100157223
50110010425
50110010116
50110010112
50110010024
501100056391
501100
50110
5010riley
5010rass
5010p@r@v0z
5010mpdg
5010ma
5010love
5010josh5010
5010amcl
5010999
50109974
5010994645021
50109908
50109677
5010967
50109634655
5010963428
5010963147
5010963089
50109610
50109566
5010955211537
501095
5010947
501094
5010938
5010937
5010920023
501091cscp
501091
50109010412
50109010337
50109010321
50109010211
50109
50108951
5010892
5010891n
501087897
5010877
501087
5010867
501085984
50108562
50108422
5010837
501083354m
501083354
501082grupologis
501082
501081609
501081282
501081219
501081089
501081076
501081010
5010804
5010801149
5010801126
5010801078
5010801071
5010801065
5010801053
501080
50107844
501078070
501078
5010775
501077195
501077182
501077170
501077140
501077113
501077066
5010770
50107689
5010764032
50107606
501075f
5010759180
5010758174
5010758018
501075016b
5010750049
501075
50107483
5010748225
5010748027
5010740149
50107317
501073160
501073122
501073!
501073
501071471
501071470
501071455
501071429
501071240
501071222
50107119896294
501071193
501071167
501071140
501071133
501071126
501071064
501071009
501071005
5010710041of
501071
5010708
50107065
50107039
5010702
50107
50106974
50106830
50106823xal
501068
50106690
50106677
50106533
5010650108
5010650058
501065
5010649068083512
5010648359
5010648276
501064597
5010641
5010640158
501064
50106376
5010635
5010627
5010620028
5010613734
5010613510
5010613017
501061116
5010611050
5010610979
501061064
501061050
5010610228
5010610155
5010610110
501061004
5010610
50106050
501060164
501060123
50106010056
501060050
501060
50106
50105pp
50105nova
50105ll
50105dad
50105962
5010590
5010585
5010580106
5010577
501057
5010563145
5010563079
5010551306
5010551231
5010551215
5010550076
501055
5010548369
5010540226
5010538
5010534
501053096
50105287
5010527
501052323
5010520186
5010520087
501052005
501052
5010515050
5010515023
5010515012
50105147
5010514049
50105133
5010513116
5010513023
501051150
5010510254
5010510004
501050915
501050816
501050696
501050105010***Y
501050
50104996
50104926
5010477
5010471
50104678
5010467
5010459
5010456
501044251549
50104405
501044
50104395173053
50104355
5010434
50104321
501043
5010424
50104200
5010420
501042
5010412
501041074
501041059
501041032
5010410140
5010410022
5010410002
501041
50104030021
501040139
501040128apilawan
50104010233
50104
5010397
50103963
5010394
50103935
5010390
50103860
50103720
5010372
501037
5010365
5010363363
501036100
501036
50103587
50103574cd103
50103571
50103558
50103498
50103467
5010345
50103374s
50103342bony
501033008
501032591395
5010323
50103183
5010318
501031600
501031598
501031593
50103158
501031464
501031439
501031300
501031298
501031276
501031196
501031191
501031168
501031100
501031063
501031048
50103101294
501031003
5010310003
5010310
501031
50103085
50103070345
50103070012
50103033
501030204
5010302
501030168
50103010320
501030103
50103010104
50103010074
50103010037
50103010
5010300
501030
50102rabia1993
501029541215700116
5010294
501029
5010283007
501027jesse
5010276
501027457
50102745
5010274003
5010270
5010264003
5010264002
5010261039
50102565
501025386417288
50102531
5010253
5010250077
5010250
501024613
501024563
501024505
501024357
501024273
50102407
5010236
50102354
50102305070
501022
50102189
501021260
5010211041
5010210677
5010210617
5010210599
5010210445
5010210328
5010210218
5010210207
5010210033
5010210
501020822143
5010205
50102010776
50102010317
50102010257
50102010250
50102010237
50102010210
501020031
5010198
5010195
501019
501017091
5010170
501017
50101658
5010163607
50101617
50101609
5010160223
50101583
50101559
501015
501014cb
5010144336
5010144278
50101428
5010137
5010135401035
5010131316777
50101310
5010131
501013003
501013
5010127
5010125427005
5010125410116
5010125410110
5010125410083
5010123431047
5010123418122
50101234
5010123316096
5010123315021
50101233
5010122
501012045
501012025
501011995
501011834
5010116
501011531
501011530
501011452
501011436
501011430
501011337
501011331
501011313
5010112268
501011220
501011208
50101119
501011137
5010111031
501011084
5010110703
5010110681
5010110644
5010110613
5010110609
5010110557
5010110472
5010110410
501011035
5010110307
50101103021
5010110224
5010110217
5010110193
5010110113
5010110085
501011007
5010110036
501010426
501010375
5010103
501010244
5010102113
50101020035073
501010196
501010154
50101015
501010131
5010101308
501010130
501010110
50101010466
501010089
501010080
501010066
501010053
5010100
50100t
5010099
501009
50100851
501008
501006love
50100643
5010063062
501006
501005979
5010056
5010055
5010053
5010052
501005112495
50100501
5010050
50100462
5010042
5010039
501003
50100281
501002384
5010023
501002256
50100186140
5010016+5010016
5010016
5010015005
50100148137
50100148106
50100145128
50100145121
501001418
50100140113
5010011749
5010011
50100104114
50100102102
5010010
5010006
5010004
501/84
501/110
501-yaj
501-2124
501-1988
501-1152
501+165111*6
500zigg6
500ying
500xcmbo
500x600y700z
500x500
500www
500wood
500weetamoe
500wedge
500ways
500watt
500watitdo
500w148
500volts
500vcstmnti
500valiosa
500vacio123
500twist
500tob
500thirst
500teng
500tempaa
500teamo
500taylor
500tammy
500tam
500swimmer
500swimer
500suzuki
500storebror
500stars!
500stars
500sstrail
500sprintc
500sportsman
500somewhere
500smwr
500smg
500smackers
500slk
500slfreered
500side
500shelby
500sheets
500sheep
500shala
500sgrant
500sabine
500sa
500runner
500rubicon
500rtrt
500river
500reign
500ram
500quadman
500pounds
500porkchops
500pigs
500pesos
500pesobill
500penn
500peeba
500parker
500numsue215
500no9031
500ninjas
500nations
500mtssprint
500mouse
500more
500moose
500montg
500monsoon
500ml
500mills
500million!!
500million
500milkpkpk
500mileclub
500mile
500mething
500meter
500meel
500marque
500mail
500maher
500magnum
500lvy
500ltd
500lpl]500;jhki5
500locc
500linhas
500limited
500lexpad
500ledet
500lagartijos
500kmmi
500kiss
500kings
500kimmi
500kid
500kcmil
500k220
500joias
500jnai
500jim
500jgp
500jeffrey
500jawa
500irma
500inc
500ihd500
500hpboy
500hp18
500hotdogs
500horse10
500honda
500halo
500halldmf
500gto
500gtford
500goose
500gills
500gat400
500gaand
500ftp
500fsa
500freddie
500express
500euro
500estrellas
500ent
500engine
500emd
500elbosque
500egs
500ecampbell
500eastoak
500e250
500dragons
500double2
500dollars
500dixie
500daisy
500cup
500cuban
500coolmen.
500cookies
500club
500channels
500cet
500cents
500cent!
500cecil
500ccs
500cascada
500cards
500bucks
500blue
500blocck
500bergen
500benz
500benhur
500bench
500beast500ly
500bearsinatree
500baby3
500avp600
500asses
500ashwell
500ano
500af23
500aa2004a
500a51
500a500
500a300
500^in65
500Yamaha
500XQW
500XMEN
500W-AVR
500TripleH
500Sarver
500STANTON
500SAMOA
500REJINA
500MAIN
500LUISJJ
500HUFF
500H2O33
500GOONS
500GCJG
500Cdt
500CCDELOLAS
500BLOCK
500ART
500ALLDAY
500@so-fa-ki#
5009studpsle
5009pa
5009nueng
5009lm
5009_hh
5009WIPP
5009SRjill
5009L
500991
50098w
50098922
5009891
500989
500988453
500988437
500986
500982026
5009818218
5009806
50097jb
5009784
5009755
5009745r
5009716
500969975
500969585gbm
500968
500967502
5009653782
500965366
5009653212
5009652958
5009652917
5009652578
5009652156
500965019
500963
50096275
5009617068
50096165650860057245
5009616458
5009612911
5009612
5009610juice469
5009596
5009570
500956
5009554
5009520304
50095144
500949572
5009487
500948
500946492
50094583
50094396
500941wths
5009413
50094011h
5009401
500939kmh
5009377
5009338
50093300
50093256s
5009322
500931
500929
500926
50092535
50092516
500925
500923
5009222
500921
500920183
500920
50091987
50091965
5009175
5009173
5009164
5009160
5009157
50091520
5009150
500915
5009144
500913
5009110
500911
50091091
50091054
5009104s
5009103001071
5009101308
5009101032
500909785
5009092
500909130
5009090001040
500908rica250908
500907
50090692
5009066
5009063
5009055
5009049
5009045
50090417
500903497
500903
500902937
500902637
5009025
500902226
500902
500901895
50090179
5009016
500901258
5009007694
5009000
50090
5009
5008tc
5008rs
5008remix
5008makson
5008jmfxc
5008ipbh
5008dlss
5008bark
5008aadut
5008US
5008SMH
50089c
500899
500898ph
500897s
5008976
500896
500895
50089403392232
5008940
500893k
5008935
500892120
500892
50089+david
500889
50088793
500885031
5008843
5008841201
500884035
5008834
5008833
50088235
500882
500881987
500880141134
500880
5008788gaara
5008775
500876
500875
500874
5008725
500872
500871a
500871
50087
500868
50086743
50086682
5008659
500865
5008609
50086
5008553
5008548
5008547
5008532
500853
5008524
50085212
500850623
5008505
50084bapti
50084965
500847589598
5008453
500844
50084310
5008430Schatz
50084136070731
5008412
5008403
50083960
5008373
50083633
500836
500833
500832
500831091
500831
5008292
500824
500823
5008225
50082021
500820
50081986
500819
500818
500817110
500817106
500817039
500817038
5008164
500815066
500815065
500815031
500815
500814*s
500813c
50081249
5008123
500812
50081199
5008113003
5008113001
500811201212
5008111305
5008111044
5008111
500811034
5008110311
5008108304
5008107
50081045
5008104393
500810331
500810245
50081022
500810163
5008101313
5008100609
500810048
500810035
5008100012
5008098
500809
500808
5008070186
50080696
50080630
5008051
500805
5008039
5008031phsp/b
500803
5008023
50080201301212
500802
50080167
5008010047
5008010035
5008010021
500800r
500800700
50080046
50080045
50080044
5008001
5008/4
5007zw
5007xxxx
5007r
5007pop
5007omega
5007ms
5007b
50079va
500797
500796
5007890
500785
5007840aldi
500784
500783abc
500781923
5007791
5007790
50077838266
500778
5007777
5007763
500775
50076799
50076641
500764ga
50076136
500761
5007589
5007581
500758
5007564
500756
500755323
50075264
5007526
5007525
500750jasawant
500749
5007471
500745471
50074407
5007432
5007401021
500739
50073855
5007383
5007373
50073717
5007360
500736
5007336123
5007323
50073136
500730830050
5007300
500730
5007271
500727
5007248
500724
500723
500722
50072134shine19
5007212p
5007205
50071950
500719
500717
50071617
5007159
500715
5007130713558
5007123holly
50071212
5007121
500712
50071174
5007116
5007113
50071038.
5007103023
500710179
500710172
50071017
5007101048
5007101035
500710030
5007100080
5007100068
50071
50070a
500709
5007081001035
5007076
50070748
5007072001133
50070671
5007063
50070616
500705t
5007054001003
50070540
50070457
500704
5007032
50070302
5007030127
5007030
500703
500702571877
500702469592
500702469093
500702468931
5007021
50070195
5007017
5007013001239
500701001
500701
50070057
5007003717
5007003238
5007003
500700118
500700
5007!
5006qpptu
5006kate
5006angi
50069ck
500698
500697su
50069743
5006973
500694
500693b
500693
5006927
50069201
500692
5006912
500691
5006903
50069
50068988
50068858
50068741
500686
500685
500684
5006834
5006821
500682005
5006815
500681
5006790
5006784
50067832
500678130
5006755
5006741
5006739
50067202
5006720196
5006717
50067
50066996
5006699
500666e
5006656
50066556
500665
500664690
500662
5006613953
5006612088
5006610033
5006609
5006607
5006600lusi
50065jc
5006585
5006565
5006563
500654th
5006545981
5006540941
5006536535
50065304
5006520224
5006520166
5006514
500651004
500651
5006506256
5006502545
500649
500648
5006474
500647
500646n
5006466
500645n
50064514
5006434
500642++
5006419
5006411929
500640
50064
50063922
5006392
500639
5006373
500636wee
5006360
50063579
50063570
5006340lisette
500633
500632035
500632
500631
5006309
500630
50063
500629
500627ps
50062712
5006254
5006251
5006241
500624
50062381
50062310
50062300123456
5006203051
5006203
50062022
50062020511502026005
5006202032
5006202021
5006200013
500619ga
5006199
50061933
5006190
500618
50061770
50061711
500616donkey
5006168321
500616
50061537
500615036
500615012
50061424
50061403
50061401
500614
5006134gma
500613255
5006131
5006130
50061290
5006128606
5006126
500612258
500612210
500612047
50061203
5006115959
5006112
5006109291
500610679
500610677
500610628
500610568
500610567
5006105076
500610481
500610460
5006104392
5006104352
500610424
500610366
5006103384
5006103372
5006103346
5006103339
5006103317
5006103313
5006103121
5006102360
5006102241
5006102238
5006102206
5006102118
5006102105
5006102037
500610139
5006101388
5006101383
5006101320
5006101317
5006101312
500610127
5006101042
500610
5006096605
5006094337
5006091663
500608s
5006081243
5006080526
500608
5006076516
5006076268
5006075ทะ
5006072606
5006072
5006070527
5006069032
500606707
5006060
5006058522
5006057540
5006054717652796459
500605471440
500605469993
500605469850
500605468859
5006053614
500605
500604K
5006048
5006045958
50060458
5006045016
5006038029
5006037260
5006034747
5006030364
5006030117
5006027915
500602471547
500602471526
500602470600
500602468813
5006022817
5006020837
5006020241
5006020
500602
5006019
5006018864
50060179
50060141
5006011
500601072555
50060103
5006010058
500600rkf
500600900200
50060064
5006006
50060056
5006004948
5006004286
500600400
5006004
50060036
5006002249
5006001365
500600100
50060
5006
5005yfyvg
5005uba
5005ra
5005o5
5005nmb
5005mud
5005mrouo
5005kcr
5005j,lm
5005hunt
5005deming
5005clavebenq
5005berrym
5005beer0548ab1
5005ER
500596ahmad
50059604
50059516
500595
500594
50059266307
50059240
5005916500
5005913
5005902m
5005902
500590
50059
5005898petu
500589
50058846
5005880
50058774
5005875
50058665
5005860
5005845
500584
50058338
500582
5005816
500580RG
500579
500577690a
500576021
500576012
5005759k
500575
50057412
5005739
50057387
50057264
500572291.1964
500572
500571moterman
500571
50057015
5005700272
500570
5005680078
500566
5005657
5005653241
50056505
500565
500564
5005639
500563
500562
5005605
5005603
5005580
500558
5005555
50055541
5005554
5005550
50055396
5005538
5005521
50055140
500551
500550e
500550a
5005506
50055005km
50054t14
500548e
5005489453
50054888
500548
5005477
50054546
50054458
500543870110
50054263
50054188
500541049
50054100m
500541
50054005
5005388
500538/KR/12
500537
500536
5005355
5005352
500535
500532pook
500532Be1
50053254
50053248
5005321
500531500531
500531206
500531165
500531084
500531005
5005310
50053055
5005300
50052927
5005287
5005278
5005270
500526h
50052625
500526
50052511789
50052511
500525
500524
50052312
50052238
50052221
5005215
5005202202
500520
500519
500518
5005144
5005142
50051400
500513
50051217
500512
50051162
5005111
500510ja
500510814
5005108022
500510763
5005107
5005105341
500510406
500510281
500510251
500510204
500510167
5005101423
5005101408
50051014
500510127
50051012
500510072
500510047
500510030
5005100095
500510
50050997
50050971
50050933
50050882
50050848
50050751
50050657
5005063
5005061800
50050568
50050518
50050501
50050401212
50050401121
50050401067
50050401040
50050372?u
50050366
50050358
5005035
5005028
5005014823
5005013486
5005013288
500501272
500501166
5005011001082
5005010995
500501
500500ls
500500kes
500500ee
500500b
5005006
50050050
5005003
5005002612
5005001721
5005001000
50050010
5005000749
5005000131
5005
5004tony
5004me
5004jliaa
5004jj8
5004dowt
5004dorsey
5004aja
5004:@
50049948
50049913
50049876
50049844
5004982
5004963.
50049499
5004927
50049239
500492
50049182
5004914
5004908
5004901operation
5004878
500487
5004866
50048652
500485KR
5004855b
50048500
500485
5004842
5004825
5004811
500481
5004800115
50048
5004777
5004772
5004763
5004761
50047593et
50047579
500475425m
500475
50047470
50047432
50047431
50047366
50047119
50047116
500471
50047044
500470
500469
50046878
50046811
500468
5004673
50046700
50046555
50046551145
50046551127
50046534
5004629
5004627016
500462
5004618
50046123
5004600567
5004600473
5004600445
5004600396
5004600362
5004600278
5004600175
5004585mlc
5004577
50045544
50045505
50045486
50045452
5004533b
5004531
500453
50045277
5004524k
50045179
50045105
50045087
500450045004
5004500026
5004500010
5004499
50044966
500449
50044809
50044765
50044726
5004470
500447
50044610142
50044570102
50044565
50044420107
5004433
500442266
50044170117
50044134
50044110
5004411
50044087
5004407114
5004405033
5004400019
5004400017
50044
50043980181
5004390
500439
50043885
5004388
500438
500437
50043664
5004366
500436
50043564
500435
50043496160
50043494263
50043494132
50043492141
5004346b
50043465
500434
50043342
500432
500430aa
5004300477
5004300334
5004300222
500430018428
50043000
5004300
500430
500429ChnTmay
50042952
500429257
50042901
500427g
50042741potato
50042741131
50042614
5004248
50042380262
50042380227
50042380151
50042369
50042311
500423
5004220001
5004216
50041988
5004193
500418k
50041829
500418*
500418
500416
50041505
500415
500414910520
500414
5004128
50041273123
5004120
500412
50041185
50041151247
50041151115
50041126
500411
5004107308
5004106323
5004105335
5004105332
5004104355
5004104334
5004103343
5004103048
5004103018
5004102037
500410137
5004101133
5004101044
5004101031
500410081
5004100280
5004100160
5004100096
5004100021
500410
50041
50040jp
50040990
5004099
50040901251
50040901156
500408048
500408047
500408
5004079
5004076
50040749
500407282
500407
50040672
50040666
5004