22acr
5022WDAKIN
5022BiteMe
502298
502296611a
502293
5022929
5022906
5022896477990
5022893
502289.love
502289
5022885
5022884
50228813
50228762
50228498
5022823
502282
502281
5022809
5022805005
5022803647
5022801007
5022798
5022780217
502277
5022728
5022722
502272
5022715
5022714
5022708
502270
5022699
50226954
502269
502268star
50226832
50226817
502267
5022665
502266
50226362
502262
5022616
5022608
50226020536
5022598
50225825850314
50225802
5022578
5022577
502257
5022560
5022550
5022541422
5022541
5022533
5022531
5022529068
5022518038
50225084
50225061
5022504
50225022A
50224yxfmi
50224BUFF
50224723
502246582
502245
5022446
50224403
502243
502242
502241030
502241019
502241018
50224010105
50223890
50223750
502236i
502236
50223550
50223490132
50223437yui
5022339
5022336a
5022335
502233
50223220131
5022317
5022316
50223020
50222992
50222922
502229
50222782
50222773071
5022271
502226317
50222538
50222462
50222382446
5022231fcgG
502223
5022226
50222222
5022220397
502221994
50222006
50222
50221993
5022187
5022181
5022180487
502218
502217
50221563
502215
50221478
5022143
5022142
502213k
5022137peanut
502213
50221252
50221128
5022110
5022107
5022104242
5022102210
502210
50221
50220as
50220LP
50220945
502209
5022065123
5022061
502206
5022051
50220509
5022048894
50220432
50220425
50220417
5022040020
5022026
50220160
5022014235
5022014191
5022014190
5022014049
5022014045
5022013004
5022012096
5022012010
50220120
5022011162
5022011146
5022011142
5022011086
5022011020
5022011012
5022010929
5022010833
5022010829
5022010820
5022010762
5022010729
5022010721
5022010701
502201068
5022010629
5022010620
5022010607
5022010594
5022010549
5022010542
5022010526
5022010514
5022010494
5022010466
5022010463
5022010452joy
5022010440
5022010433
5022010423
5022010419
5022010417
5022010415
5022010410
5022010407
5022010394
5022010383
5022010349
5022010343
5022010342
5022010337
5022010327
5022010317
5022010307
5022010303
5022010300
502201029
5022010275
5022010238
5022010233
5022010217
5022010212
5022010210
5022010204
5022010195
5022010180
5022010175
5022010168
5022010163
5022010150
5022010148
5022010140
5022010139
5022010138
5022010136
5022010134
5022010122
5022010120
50220101141587
5022010102
5022010101
502201010
5022010089
5022010055
5022010052
5022010047
5022010045
5022010043
5022010041
5022010039
5022010035
5022010019
5022010008
5022010006
5022010003
5022010002
5022007
5022006
5022005
50220044
5022003
5022000
5021sulty
5021spur
5021rs
5021ndahouse
5021doral
5021dmb
5021didier
5021clk
5021cg
5021blue
5021GO
5021997armo
5021996
5021990
50219891
50219890317666
5021989
5021987
5021985cr
5021980
502198
5021977
502196932
5021963
5021961
502196
502195j
502191q
5021917098
50219061
5021898
50218905
502189
502188l
5021889
502188
502187ah
5021874
50218616
502183491163
5021829jp
50218287
50218282
502182
5021818
50218147
5021812
5021807l
5021802010
50217814
502178041
502178
502177
502176
5021758658B
50217453mg
5021745
5021742
502174
5021724
5021720
502172
502171briann
502171388
5021694750216947
50216913id
50216911andy
50216910
5021679
50216612
50216172006
502161022k
50216009bhl
502160
50215ace
50215980
5021596
502159
502158sv
5021589
5021584
50215833918438
502158
50215671
5021566
5021561
502154a
5021548
502154234t
502154234
50215403
502154
50215395
5021527
50215115
50215072
50215028
5021501101
5021501016
502150
50214FEA
502149jla
5021497
50214850
50214808
5021479
50214789
502146h
5021462
50214610j
50214546
50214511
5021442
50214235
5021422
502142
5021413
5021409791
5021409
5021408282
5021408210
5021408168
5021408156
5021407670
5021405099
5021405093
5021405076
5021405027
5021404669
5021404204
5021404147
5021404107
5021404
5021400359901
502140034
502140007
502139919
50213967
50213940
502139
50213846Ru
5021384
5021381
5021380
5021379
5021376
5021374
502137042
50213672
50213636
50213605[mashi]
502135600
502134208
5021342
5021340012
5021340011
502134
502133KILL
5021338120
5021338099
5021338082
5021338064
5021338038
5021338029
5021335010
50213328
5021321091
5021321081
5021321012
50213210
502132004
502131GB
5021319266
5021319219
5021319217
5021318002
5021317333
5021317010
502131656539
5021316040
5021316028
5021310085
5021310068
5021310041
5021310014
5021309110
5021307
5021306185
5021306082
5021305105
50213029
502130
50212c
5021291t
502129156589
5021272r
50212658
5021260061
502125688
502125657615//
50212523
502125157630
502125021250212
5021250017
5021250
50212472
5021245074
50212419
5021240001
50212398
50212396300
5021237005
50212343
50212281
50212237
5021222
502122
502121823
50212116
5021210093
502121
5021208004
50212076
502120113
502120063
502120015
502120
50211963
50211960
50211816
5021180
50211689
50211321
50211240
50211205
502112014
502112013
50211135162304
5021112004
5021111372
502110225
502110192815ahr
50211010
5021100571931
502110048
502110035
5021100024
50210waew
50210983
50210967
5021091
5021087
50210843
502108
50210704
502107
5021063450rosina
5021061109
50210607
5021060229
5021060184
5021060071
5021060070
5021060060
5021060057
5021060056
5021060048
502106
50210521
502105116
5021050210
50210497
5021045015
5021044043
5021043029
5021043028
5021042154
5021042052
5021042048
5021042044
5021042038
5021042033
5021042
5021041231
5021041110
5021041103
5021041097
5021041061
5021041025
5021041020
5021041008
5021041003
5021040935
5021040721
502104070
5021040635
5021040630
5021040529
5021040512
5021040506
5021040402
5021040390
5021040371
5021040356
5021040354
5021040353
5021040351
5021040348
5021040322
5021040280
5021040267
5021040241
5021040238
50210402366
5021040234
5021040231
5021040229
5021040217
5021040216
5021040212
5021040195
502104018
5021040178
5021040164
5021040146
5021040124
5021040120
5021040117
5021040099
5021040080
5021040069
5021040058
5021040055
5021040039
5021040037
5021040036
5021040026
5021040023
5021039
50210362
50210337
50210313
5021031066
5021030419
5021030079
5021030051
502103004
50210285
5021025
5021020329
5021020280
5021020122
5021020104
5021020082
5021020068
5021020067
5021020061
5021020051
5021020022
5021020018
5021020016
5021020006
50210153
5021014
502101336
502101304kag
502101299
502101185
502101152
502101132
5021011002
50210108
502101070
50210105276
5021010231
5021010220
5021010142
5021010135
5021010132
5021010120
5021010076
5021010071
5021010065
5021010064
5021010053
5021010028
5021010025
5021010024
50210100234634
5021010015
5021010012
5021010007
5021010006
5021010004
5021010
502101
5021009d
502100984
5021009
502100887
50210082
50210076
502100562
502100377
5021002
50210011
5021000122
5021000029
502100
5021
5020strong
5020st
5020nmc
5020mn
5020lp
5020ee
5020carmen
5020cady
5020bvbdv
5020ain
5020a292
5020_95
5020TATA
5020NCCU
5020CM
5020BAYBAY
5020ARMES
5020994
502099
502098aj
5020968
502096
5020951
50209439
50209415
502094
5020937
502091
502090798
50209070
50209068
5020900
5020882
5020881988hh
5020879a
502087
50208651
5020854
5020837
502083419
5020828k
5020827
50208218
50208183
50208142
502081043j
5020810058716
5020802
502080
5020793
50207877
5020782
50207708
5020742
50207403
5020726526012532
5020726
5020722
50207103056153
5020710294
5020710262
5020710249
5020710229
5020710154
5020710
502071
50206trhmu
50206JUANCHO
50206960
502068530153
502068
50206755
50206754
50206739
50206660121
50206660098
5020657510
5020657
502062
5020610271
5020610219
5020610165
5020610132
5020610122
5020610114
5020610086
5020610020
5020610001
5020610000
502060j
502060a
50206002
50206
5020595
502059
5020583
5020579
502055009
5020549
5020548753
50205369
5020517
502051388
502051239
502051144
502051090
502051068
502051060
5020510
502051
5020508
5020504
502050115
5020500
50204leoydany
502049
5020485
502048
5020479
5020472
50204650
5020460
502045pr
50204522
5020452
5020446
5020433
502042631
5020423
50204138
5020413
5020412003
50204114
502041110
502041099
502041015
502041012
5020410095
5020410089
5020410072
5020410012
50204090249
5020406080
50204049
502040242
50204007
50203adribeblack
502036jc
5020367th
502036627
5020362
5020340245pom
5020340120
50203311
50203252874
5020322
5020321
502031046
5020310230
5020310214
5020310211
5020310132
50203100
502030so
50203073
5020301
502030018
50203
50202994
502029011
502028
5020264
5020261540
5020260120
5020253
5020251343
50202513
5020251137
5020251012
502024wym
5020244
5020243
5020232
502022533
5020223
502022
502021449
502021411
502021264
502021236
502021234yy
502021167
502021104
5020210578
5020210447
5020210430
5020210314
5020210308
502021024
5020210198
5020210185
5020210174
50202100mm
5020210002
50202100
5020210
502021
5020205
5020203104
5020203
50202016
502020138
50202012
50202007
502020
50202
50201989
50201987
502019
5020164
5020160023
50201546
50201490
5020148150
5020148101
5020148
5020140231
50201400
502014
50201391
5020137
50201345024231
5020122
502012012
5020117262
5020117231
5020117222
5020117158
5020117090
5020117030
5020117017
50201151
502011503
5020114172
5020114169
5020114
5020110135
5020110120
5020110079
5020110065
5020110050
5020110038
5020110035
5020110034
5020110018
5020110016
5020107032
5020107025
5020107003
5020105
502010248
5020100
50201
50200m
502008cool
5020087m
50200851978
50200817
50200799
50200737
5020069433210
5020068
5020062
502006
5020054
5020042
50200320
5020029
50200272
50200245020024
502002
5020019
5020018
5020017
5020016
50200130
502001
50200093
50200039
50200022
502/456
502/128
502.6507m
502.4067
502-0005a
502
501winfrey
501way
501tavaresrd
501t79
501stdates
501st3
501st
501sexyleviboy
501sabah
501rodriguez
501rockyou
501rider
501ridan
501ren
501racing
501quan
501ph759
501perfectlie828
501orion
501omg
501ole111
501norwalk
501noel
501nhervey
501music
501mtcloe
501mob#1
501mitre
501mely
501mel
501meadow
501martins
501mainhounds
501main
501maclay
501loveall
501lizbeth
501lakeshoredriveoakland
501kymc
501kyle
501king
501karen
501jenna
501ivels
501houser
501honies
501honey
501hiphip
501hec
501hawiian501
501harris
501gyeeea
501gurd
501grad
501gn452
501fjw756
501f87124
501f23t
501ezol
501eld
501die
501debus
501cronstreet
501clm
501cent
501cash
501carter
501boys
501boy
501block
501blk5312
501black
501belize
501b0207
501ayt3ds742
501apples
501and876
501aiw81
501abj.563
501abbey
501a1355
501_kr
501_burcin
501Patsxxx
501GIRL.
501GALE20
501DERRICK
501C87101
501BOYZ
501Ark
5019yakuza
5019md
5019hi
5019dn
5019dane
5019cd
501997656klh
501997055
501997040
5019961269
501994jH!
501994
50199333
5019920
501992
501990a
501990815
50199080522
50199080167
5019900
501990
50198989
501988512
5019882
5019874
501986896
501986
501985
5019844
5019836
5019834758
5019828
50198161
50198116
501980681
5019803
50198004
501980
5019799
501978
5019778
5019771
501972103
501972
5019715804
50197144
5019700919
50196851
501966
5019649
501964
501963
501961kool
501961648
5019615
5019614
501961223
501961
50196038
501958
5019565
5019561
5019560
5019559
5019553134
5019551
5019550195
501955
50195216
50195172
50195127
5019505
5019503
50195019a
5019491
50194810126
5019481
50194760109
50194690
50194670122
5019465
5019457010823
5019454
50194500
501944esus
5019442
50194410122
5019441
501943jeanette
5019432
5019418
5019417
50194083
5019397
5019393
5019342
50193216
50193123456789
50193121
5019300
50193
5019291
501929
501927s
50192668
50192621
50192607
50192586/526dany
50192311
5019230015
501922
50191996
50191897
50191883
50191838
5019180
501917
50191654
5019164WA
501916133262144
5019154
50191440231
50191440223
50191440207
50191440109
50191426
5019142
50191333
5019131q
50191300
5019126
5019123
5019121
50191116
5019111
501911
50191020119
5019101288
5019101
50191008
501910042
50190angela
5019099712
50190944
5019092
50190777
50190706
5019065
5019063
50190586
50190570
5019051
501905
50190487
5019048
50190477
50190398
5019029
50190285
50190275
50190268
5019026
50190224
501901
5019002123
50190018
50190000
501900
50190-*/
50190
5018zai
5018wrightave
5018tmm
5018995
5018990
50189804
501898
501897
5018962
5018957430
501894094
501894073
501893
5018906
501890052
5018874
501880
50187bah
5018780188
5018780107
501878005500356725
5018780
5018777
5018765
5018764
501876
5018759
5018752
501874life
50187420
501873014
5018727
50187206
501871505
50187136
50187129
50187127
5018708
501870
50186d
5018672
5018652
5018651955
501865
501864
5018626
501862
5018605region4
5018605
501860
50185GER_MAN
5018595
501858ana
5018588755203470
5018585
5018576
5018575
5018564
5018550
501855
501852
5018519
501851404
5018509
5018508
501849
5018480
5018467
50184640212
50184640119
50184630217
50184622
501846
50184590110
50184380112
501843801032010
5018432747
5018432
5018409
5018393
501839070
501839
5018375216
501837
501836r
5018330929
5018315
501831
5018304
50182belly
50182830126
50182773174
50182773015
50182773003
50182771093
50182771070
50182771013
50182697
5018260
501826
5018259
50182528
50182510105
5018245
5018240
50182384celis
50182362
5018232010
50182156
50182138
50182108
5018210586
501821
50182039
501820210
50182021
501820204
501820178
501820159
501820145
501820137
501820105
501820095
50182
50181985
5018194
50181910
5018170350
501815v
50181520114
5018150
50181400138
5018137
5018122
50181100146
50181100114
50181100112
5018110
501811
5018104
50181020142
50181020
501810136
501810126
501810113
50181010119
501810084
501810083
50181
50180a
5018097
501809
501808955
5018087
5018085
501805087
501805080
501805059
5018044
50180436
50180399
501803834
5018031310336
5018030
501802141j
50180111
5018004
501800204
501800016
5018000
5017t111013tung
5017rsa
5017mqhh
5017ia
5017hd
5017donny
5017Silvergate
50179929
501799005
50179890
5017988
50179854
5017978
50179779
501797155
501797137
501797122
5017943
501794230
5017942
501794140
501794094
501794079
501794056
501794051
501794032
501792043
501792028
501791
5017904
501790113
501790103
501790100
501790082
501790080
501790062
501790022
50178968
5017895
5017890
5017880
501786749729
5017851040
50178399
50178317
5017828
5017825
50178166
50178160
501781317
501781311
501781219
501781153
5017811027
501781097
501781084
501781075
501781005
501780
5017796
5017792
5017791
5017789
50177877
50177749
5017774
50177624
5017747
5017745
501774
50177311052
5017725
50177222
501772165
501772134
501772098
5017720
501772
501770339
501770287123
501770181321
501770122
501770103
5017701
501770093
501770021
50177
50176n
5017697
5017694
501769
50176844
5017680207
5017660047
501766
501765b
5017650
5017630017
5017621050
5017621026
5017618
5017616
50175j
5017598
501758048
501758047
501758026
50175794
50175686
5017562
5017558
50175555
5017546
50175424
501754
501753119
5017531
5017515
50175131
501751031010
50174st
5017498166
501749132
501749128
501749073
501749068
501749
50174861
501747osvaldo
501747.364852er
501746n
5017469
50174580
50174547
50174511
501745011013-4
5017447
50174462
50174461
50174421
50174381
50174375019154
5017437
50174368
50174336
501743011
5017420
5017416143172
5017414
50174136
50174135
50174128
5017412
501741105
5017410004
5017404
501740054
501740035
50174
50173942
50173908geena
5017386
5017384
50173822
501737G
50173671
5017362
50173520
50173500
5017349
5017341
5017337
5017329
501732013408
501731011025-8
5017309*1455
501730
501726
50172590705
501725554256
501725210
501725145
501725130
501725120
501725112
501725108
501725101
501725008
501725000
5017245
5017233
5017225
50172184
501721103
501721033405.7
501721032021
50171988
50171965
5017196
501719038
501719018
501719014
5017184
50171826
501718035
50171750
501717105
501716MG
501716714799
5017164
50171610
5017149
5017148
50171417394
501713769
501713001
501713
50171276
50171235
5017123
501712
5017118
5017117
5017111013tung
5017104
5017103
501710039
501710004
50171
50170859
501708
5017079
50170750
50170736
50170723
501707
50170680
5017063
50170623
501706
5017057
5017054
501705261
501705240
501705185
501705179
501705149
501705071
501705067
501705049
50170500690ns
50170500
50170484
50170440
50170387
50170318
50170283
50170253
50170229
501702069
501702044NING
501702006
50170185
50170184
50170181
50170173
5017015
50170133
5017012497
5017012
50170113ball
5017011
50170107
50170091
50170082
50170061
50170050
5017004170840917
501700409
501700365
501700364
501700355
501700312
501700164
501700145
501700115
501700114
50170011
501700107
501700073
501700071
501700055
501700027
50170
5017
5016tom
5016klh
5016hma
5016Amit
50169924
501699
501698869
501697
5016945
50169382
5016935
50169338
501691
501690907
501690
50168877
5016873
5016871
5016850
501685
501684g4l
501684
50168220
5016813nrr
5016810001
501680
50167cj
50167abc
5016789
501675
5016739
5016737
5016724jzh
501670
50166tkm
50166903
5016680a
50166805016680
501668
5016671
5016668
501666
501665
5016648
5016632
5016628
50166111
501660126
501660086
501660058
501660025
501660016
501659
501656523
50165632
5016548801
501651ija
501650372
5016500
50164953
50164923657617se
501648672
501647w
501647ds
50164690138
50164690123
50164690118
501645
501642114
50164211
501642
5016415
5016412
501639
5016381
5016380
501637-060
5016366
501636466
50163545
5016350
5016348
501634151
501634143
501634128
501634117
501634111
501634
5016338
50163364789
50163302028
501632
50163194
50163088
50162h
501629
5016286
50162840
5016276i
5016273
501627
50162699
5016268
50162619
5016259155607840
501625022021-8
5016235
501623116
5016230
501623
5016225
501622131
50162023
501620047
5016200
50162
5016191mew
5016191604
5016190
501619
50161827
501618
50161785
501616a
5016157
50161503
501615
50161480
501614
50161389
5016138
501612e
5016129
501612155
501612103
50161173
501611
5016108
50161058
5016099
5016095039
501609
50160897536415982bs
50160897536415982BS
5016087
5016085
50160510
50160483
5016045
501604034
501604031
501604
5016033
50160328
5016030
501603
5016022533
50160223
5016021
5016015
50160148
50160142
5016014
501601189
501601183
5016011
501601044
501601025
501601
50160074
50160055
50160054
50160031
5016
5015raf
5015mh
5015kyky
5015k60
5015STEPS
5015KIL
501599
5015987
5015966
501596
5015936323
501593
5015927
501592621545
501591
5015900
50158tito
501589
501588l
5015880
501588
50158791004
5015879
5015869
5015859
501585
501584
501583067
501583
5015809
501580
5015799
501576039
501576037
501576031
501575421
5015721
501572
501571
501570ice
50157
501567
501566762
5015657813
5015650156
5015638060
5015637989
501563
5015620
501562
501560028
501560007
501560
5015592r
5015591
5015589dll
5015574
501557100
5015569
50155689
5015558
5015533
501553
501552551
501552224902
5015520168
5015520
50155140
5015511144
5015505
501550338
50155023
501550211
501550183
501550174
501550127
501550126
501550123
501550108
501550090
501550080
501550042
501550011
50155
50154mc
50154f
50154980145
501547
5015444
501543
501541585m
5015415
5015413295
5015412651
5015411
5015410007
5015371
501536s
5015367
50153666
5015362
5015341
5015340
501533
5015329
501532288
5015320320016
5015320234308
5015320110227
5015313
5015310234110
501531011013
5015308
501530084
501530004
50153
50152980135
5015295
501529
50152820052
50152811022_econ
501528
50152795019
50152792033
50152792028
50152792025
50152792004
501526
50152460016
50152312
501523023447-1
501523011032
501522d
501522013046-5
5015220110277
5015220110152
501522
50152147
501521011081-6
501520147
501520102
501520049
50151989
50151979
501519196
5015190002
5015190
501519
501517
5015158117
5015139
50151385
501512124
50151128
5015110012
50151030
50151009
501510
50150k
50150j
501509
50150896
50150838
5015072382
501506j
5015066001049
5015066001009
5015066001004
501506
501505b
5015054
5015053001060
50150424
50150318
501503
5015020001039
501501vcd
501501ssa
501501m
501501i
501501924
501501555
50150151
5015015011
50150148482
50150123
5015011637
50150104
501500p
50150098
5015000
5015
5014ss
5014n63
5014mm
5014mlm
5014mara
5014jess
5014ines
5014aod
5014N10009
5014GA3-07
5014Aenj
50149j
5014991040
501499
5014981210
5014981012
501498
5014948
501493
501489670
5014895
5014890
501489
5014887
501488125
501488106
501487124
501487070
501487064
501487032
501485
50148350122874510
5014835
5014811
501481
5014809
5014802
501479104
5014773
50147646
5014763018
50147607
501476048
501476020
501476019
50147575918445
5014755
50147547
50147537
50147529
501475
50147498
50147490
50147474
50147456
50147451
50147442
50147436
50147433vubu
50147424
50147418
501474
501473433serenacowan
5014733
5014714
5014708
501470
50147
50146c
501469
50146857
5014680101
50146714
5014668
501466
501465e
501463213
5014631024
5014631013
501463084
501463080
501463048
501462688168
50146213
5014614
50146106
501461
501460079
501460036
501460019
50145849
5014570
501456
5014556562
5014554
5014547
5014544
501453tony
501453
50145299
501451
50145038
50145
50144bhatti
501449
50144878
5014479
50144763
5014467a
501445406
5014432
5014418
50144174
50144107
50144063
5014402
501440014
50144
50143ln
5014382
5014374
5014373
5014363b
501436
501432
50143186
5014315
501431
5014287
5014286
5014284
50142811
501428
50142755119562
5014273
5014261
501425
501422mkko
501421FxL
5014215
5014210065
5014210061
5014210041
501420421
501420208
5014202
5014190230
5014190120
5014190104
501419
50141808
5014170
5014168
5014160j
5014150137
5014140051
5014140010
50141390
50141350108
5014132
50141313
5014131135
5014129
50141204
501412.
501412
50141189220
50141150
50141111
501411
5014101363
5014100693
501410053
5014098
501409045
50140890
501408
5014075
50140730
5014070026
501406675
5014061026
5014061018
5014061004
501405058
501405001
5014046
50140412091
5014038
5014032
50140288
5014023
50140180
5014015
501401405
501401301
501401237
5014012
5014011
5014003160nanny
5013ma
5013foo5013
5013fivzbqtZ
5013dad5013dad
5013cm
5013andrea
5013ab
5013N1000709
5013991
50139833
501397
50139595
50139564
5013947
5013944
501394
5013922
501392.8
501392
50139
50138900
5013890
5013875
50138711
50138706
5013868L
5013868
50138641
50138610
501386002499
50138596
5013855
50138512
50138475
501384
501383
50138191
50137a
50137997
501379
50137880
50137853
5013772
501377
50137611
50137479
5013742651
50137365
50137273
50137176
50137088
50137060
50137059
501370399
501370360
501370284
501370210
501370202
501370190
501370078
501370
50136879
50136846
5013672
5013670
501366
501365
501364
5013630
501363
5013622
501361984
50136131
5013611945
501361
5013601
50136
50135a
501359555
50135778
501357
5013569
50135635
5013561
501355
50135481
50135442
501353s
5013535
50135220111
501352
5013516016
5013514
50135110ba
50135103510
501351
501350143
501350108
501350106120931
5013501061208931
501350020
501350
50135
50134944
50134921
50134913yimza
501348880
50134760
5013476
50134731
501347
501346339097
50134518
5013451025
50134504
501345
50134444
50134380
501343601
50134305
50134249
5013424
50134229
5013422
501342015
501342
501341070
5013410021
5013410015
5013410008
501341
50134060114
50134040121
501339l
50133933
501339
501338
501337
5013366560
5013360340
501336
5013357520
50133490131
5013342
501333
501331D
5013318
5013310750
501331
50133021
501330120
5013297
50132968
50132920149
50132900114
501329
501328907
50132810129
50132798009
50132795045
50132795008
50132792068
50132790129153
5013278p
50132780035
50132780009
50132780005
50132742
5013256K
5013256305
50132520103
50132489
501323
5013225
501322
5013211
501321045
501321032
501321
501320823
501320817
501320802
501320402
501320313
501320240
501320
50132
50131890
50131629
5013161990
50131616
501316
5013155
5013150010
501315
5013140035
5013140001
5013130
50131269
5013123marleni
50131204
5013120
50131144
50131121-1
5013110390
501310263
5013102329
5013102302
501310217
50131017
5013101311
501310108nok
501310087
50131007
501310051
50131
50130970ploy
50130942
501309
50130878
501308
5013076018
5013075004
5013071005
5013069
50130684
5013060
5013051
5013050026
501305
50130486
5013047
5013045
50130425
501304001
50130388
50130340
50130334
50130206
501302
50130126
50130120
5013010067
5013010049
501300711
5013002862
50130014
50130013
50130010004
5013000621
5013000039871
50130..
5012tgod
5012sherin
5012sa
5012rocks
5012quincy
5012oz
5012nina
5012mykids
5012mb
5012lnr
5012cl
5012bo
5012PJ
5012MAMA
5012983
5012973
5012968
501295
5012947
50129402
501294
501292
501291yLUV*
5012911
501291
50129010128
5012900880
5012900541
5012900098
5012900
50128919
50128841333000
501287
5012866
50128611
501286
50128532
50128505012850
50128504
5012849
50128445
5012840
501283
501282g
5012824
50128080
5012800091
501279
501278a
5012787
501277
501276
5012741
50127347101928
501273
50127223
501272
5012716f
501270131
501270112
501270085
501270052
501270047
501270037
5012696023
5012688092
5012683
5012680
5012670
501267
50126681
501266
501265
5012647
5012634
5012626
5012614
5012610845
5012610498
50125waibling
5012598
5012594
501258a123
5012581
50125789090
50125750
501256
50125598
5012554
50125537
50125530112
50125528
50125521
5012550
501255
5012547
50125467
50125460238
50125460222
5012545
50125390201
50125390102
5012536
501253
5012528
50125260140
5012526
501252022
501252
50125119
501251180
50125102
5012509
5012507
5012503
5012501245
50125010251
5012500936
50125
50124911
50124907
50124906
501249
5012489
50124865323
50124830
5012479
501247411631
5012474
50124723
5012470
50124651
50124623
5012453
50124510123
50124509
5012445
50124437
50124423
50124418
50124332
501243
5012425044
50124215
50124213
50124170324
50124170318
50124170223
50124160146
50124160142
50124160115
50124140
50124107
501