5
4589493
45894782006
458947
4589464
458945896666
4589443
4589433
4589427
4589410
4589406
4589405
4589395
4589393
4589391lw
45893908
4589390
458939
4589382
458938
4589366
458933
4589323
458931471
4589312
4589306
4589300
45893
4589298
458929
45892844
45892835
4589271
4589262jr
4589262
4589261
4589255
458925
4589244
458923J
458923ELIANA
45892365
45892356
4589231
45892230
4589215
458920
45892.
45891971
4589195
4589187
458915283abc
45891488
4589147
458913527
4589132
4589130
458913
4589127
458911me
458911a
45891182
458911696t
458910FE
45891052
4589102
45891007
45891
45890neknt
458909854
458907crh
45890721
4589051
4589034
458903
45890257
45890218046
45890213
458900alm
4589006
45890
4588yomi
4588x2
4588winx
4588sheldon
4588ryan
4588rome
4588mi
4588meg
4588mb
4588ma
4588lk05
4588k7b
4588jrc
4588iluvu
4588haha
4588ddt
4588b
4588Too
4588CH
45889979
4588997
4588996
4588992
4588981
45889800
458898
45889775*
45889676
4588966
4588965
4588962
45889594
4588958
45889577
4588956-4
4588953
45889501
458895
45889455
45889440
458894
458892656
4588924231992
458892
4588915
45889146l
4588913
45889031
4588901
45888lerenzo
45888baby
45888ad
45888Rnl
4588898
458888mg
458887j
4588869j
458886
458885
4588845888
458884
4588832426_enz
45888287
458881
4588805
45887oh
4588793258
45887926
458879
4588789
4588784
4588779
458877174
458877092023770
4588767
4588762
458876
458875943
4588757
45887545
45887404
458874
4588738j
4588734W
4588732
4588729
4588728598933181
45887264
4588697353
4588696f
4588692432
4588691
458867t
4588678
4588673
45886719
458867
45886669
4588666
458865
45886431
4588635
458863
458862724
458862
4588602
45886
4588596
4588595
4588582
458858104
4588575
4588574
45885674
4588566j
4588563S
45885492
45885488
4588548
45885478910236
45885464
45885400
458853742
458853731
45885369
4588534
4588526
4588525
4588518
4588510
4588490
45884760
4588468
4588467
4588448
458844
4588429
458842377958
4588416
4588414
4588410
45883lol
45883KMN
458839863
458838409
458838
458837k
4588377
45883663
45883624634547
458834adele
4588342
458834
458833a
4588339e
4588310
4588308
458830605
45883
4588290
458827890
4588275
4588268
45882679
45882662
4588266
458826
458825aj
458825253
458825216969
458825
45882453
4588244
458824
458823965
4588238123
4588236
4588234
4588227
4588210
45882052
45881a
4588197
458819289
4588192
4588190
4588185
4588177450
4588176
458816
458815
4588143
458814
458813604
45881323
4588123moitaire
4588122
45881183013pol
458811068
458811
4588083
4588070
458806
4588049
4588040
458803
4588007
4587pernille22
4587nat
4587kk
4587jowy
4587jose
4587ilj
4587ft9
4587eg
4587eer
4587bessie
4587au
4587ar
45879zz
45879theerprt
45879997
4587999
458798499
4587981aa
458797964
458797
458796do
45879654
4587963123
4587961320
4587961
458795657
45879563EReg
4587956
458795478
458795
458793842
4587929s
458792613
4587914
458790732
458790
45878eyllinjulio
458789abc
4587899
4587896
45878954
4587895250
4587885
4587869
458785
4587841
458783596443636
4587833
4587832
458783
4587829
4587820
458782
4587814
4587803
45878
45877974
4587797
458778t
45877854
458778
458777931
45877650wnlh@
4587765012
458776487
458776
4587754
458774587
4587741
4587726
458772143
45877149
45876962
4587662
458766
458765
45876453
458763
45876287519
4587628
4587620
458761759486
45876156
4587612
458761
458759120
458759
458757490
4587569
458756710
458756523
4587561458458
45875566
4587551
458755
458754180
458754
458753877
458753871b
458753137
4587531
4587514
4587510
45875
4587484
45874652
458746
45874589
4587456
4587455
4587442
4587441
458744
4587425
4587424
4587420
4587419
45874180
4587416
45874145
45874125
458741
45874
45873qxoes
4587393
45873914591351
458739
4587388
4587374
4587358
45873538
4587332
4587328
4587318
45873150
458731144
458730
45872europe
458725paolita
4587259
458725
4587239
45872365891
4587235
4587233
458723
458722
4587214
4587210
4587207
45871981
4587185
45871837
45871825
45871813AtichiGO
458718
4587179
4587177
458717
4587166
4587160
458716
458715786
4587151
45871366
45871334
45871324
45871279
458712369
458712152a
4587121
4587120369
4587120
45871163
458710873
45870jess/
4587096
458709
458707
458706309206
4587062120080
4587004
4587003
4587*7
4587
4586yai
4586sj
4586ihc
4586forever
4586cer
45869y
4586991
458697nt
45869773
458697533
4586971
458697049
4586969b
4586959
4586955
45869497
4586948
458694179
458694
4586936c
4586931
45869264
458692432
4586920
458692
4586918
4586917
45869
45868nj
45868976582878
4586892
4586890
45868885
458687
45868556r
458685
4586816
458681
4586808
45868
45867joseph
4586799r
4586794
458679228
4586791230
4586790321
4586781
4586773
458677
45867456
4586735
458673
4586720
458672
458671xile
45867152385578
4586715
45867
4586698
4586697
4586693
4586691a
4586680
4586667
458666
4586657
4586656
4586653
4586651
458664lead
4586639
4586636
458662dfw
4586620
4586617
458661
4586598
4586586
4586585153
45865841
458658
4586579
458656m
4586569
45865650414
4586562
458656
45865586
4586557010
4586551sc
458654809
4586546
458654272
4586540
458654
458653200
4586531s
4586528
45865254
4586525
458652
4586514
45865138
4586511
4586506
45864976
458649
45864888
4586485
4586459
4586458
4586452000
458645
45864327
45864296vane
458642861
458642
45864137nano
4586410
458641
4586380
4586372
458637
4586364
458636
4586342j
4586329
458632
4586317
4586316
458631
4586298
4586295
4586284
458627913
458627193
45862712
458626yep
4586267
4586266
4586261
458626
45862552
4586254953
45862545
4586254
458625
45862411234
458624
458622
458621988
4586210
4586208
4586203
4586201
45861962006
4586183
458617
458614947
458614042
45861392
4586137
4586136
4586123
4586121
45861200
458612
458611342
4586108
45861005
458610
458609
4586083
45860778
4586071
45860661*
45860661
4586053mitchsya123
4586052
458604
45860319
4586031
4586022
4586020
458601
45860095
4586005
4586001
45860000
4586000
4586
4585za8
4585xkimd
4585rexsa
4585f0
4585anne
4585ami
4585990
458599
4585987
458596873
4585962
45859560
4585952
45859411
458594
458593284
4585926
4585923
458592
4585902
458590
4585877
4585874
458587
4585868
4585866695122377485
45858642
45858545
4585850
4585843
45858330
4585832
45858283
45858280
4585824
458582
45858131
458581
4585808
4585800
4585792
458579
4585781
4585776
4585773
45857715
4585771
458577
45857645
4585764
45857620
458576
458575455
4585753
45857525
4585740
458572402
458571703
4585712
45856sab
4585694
4585690
458569
4585682445
4585677m
4585675
4585659
458565854
45856525jose
458565254
458565213
458565200
4585652
45856503
4585645256
458564
458563759
4585632012
458563
4585622
458562005
4585620
4585615smn
4585611
458560
458558978
45855854
458558331
458557818
45855765
4585569317
4585568
4585564123
4585560
4585556
45855535
4585550
458555
4585535
4585533
458553
458552
458551
4585495g
458549513390
458549
4585489
4585482529722
458548
4585478
4585476
45854747
45854746z
45854745delice
458547
4585469
4585463
458546
45854586
458544762752
458544585E
4585444
458544330
4585443
45854409
45854356
4585432
45854304
458543
4585426
4585423
458542
4585419
45854138
458541
458540790727
4585405
45853blue
4585384
45853750cye
4585374
4585366
4585358
45853533
4585349
458534
458533k
4585337
45853318
45853312
4585304
45853
45852fcahw
45852963
4585290
45852811
4585279
458526901mkj
4585245
45852409
45852336
4585232
458522I
4585228
4585224
4585216
4585212
458521
458520
458519
458518
4585169
4585168
4585154
4585149
45851424585142
4585142
458513m
4585132
4585130
4585127j
4585123
45851219
45851
458509
4585086
458508
4585075
4585066
4585061
4585057
45850501
458504
4585031
4585016
4585013123
4585010
4585007
45850
4585
4584toby
4584styer
4584sarg
4584life
4584jh
4584jakyta
4584alr
4584JASPER
458499
4584980
458497612
458496354
458495861
4584941
4584933
458493
4584927
45849243762269
458492
4584913
4584911
458491067
4584903
4584902
45849
4584895
4584889
4584884956
4584883
4584875
4584873
4584866
4584865a
458485
458484
45848345
4584832
4584824
4584820
458482
4584816
4584807
4584800
458480
4584787
458476872
4584763
458475531
45847531452089
45847527
4584748
45847473
4584738
45847202
4584714
4584707
45846947
45846829713
4584680
4584678
45846775
45846697
45846569
4584653
45846507
4584645846
4584624
45845md
4584599
4584598
458458love
4584586
4584584q
4584581
4584573
458457
4584569
4584562
4584550pkbb01
4584550
458455
4584548
4584527
458452631
4584514c
458451172
458451
45845066360915
458449
4584474
4584466
4584461
458446
458445rocks!
458445812345
4584436
4584435
4584421
458441203gd
4584407
4584406
4584391
458439
4584362
458436**
458435420
4584354
4584339
4584338
4584336
458432
458431
45843095s
4584298
4584293
4584239mido
4584224
4584221
458421
4584207
4584204
4584203marilyn
458420
4584198
4584193awra
4584177
45841520
4584149
45841435
4584133a
45841289
45841240
458412101
458412
458411t
458411902
4584114
45840ps
45840hw
4584074
4584072
4584068
4584060
4584029
45840224
458402005
4584010
458401
4584000lpl]
458400
4583zipp
4583ste
4583rich
4583kb
4583gjvd
4583des
4583ale
4583VARI
4583INNA
4583999
4583998
4583964
4583961
458396
4583955
4583954teC
45839450
4583940
4583936
45839280
4583928
4583906a
4583903
458390
4583887
4583883
458386
4583843victor316
458384.2011
458384
4583818
45838135
4583810
4583808
45837955
4583794
458378
4583768david
458376553a
458376129536
458374476
45837431
45837307
45837
458369
4583686
4583678
4583661027
458366
4583639
4583628z
4583627jhon
4583615
4583611
4583598
4583572
458357
4583566
4583554
458355
45835362
458353
4583486
4583484a
458348
4583458
4583456
45834526
458345
45834443762043
4583436
4583410
4583398
45833907
4583370
458336219
4583361
4583342
458334
4583337
4583330
4583328
458332425
4583323
4583318
4583310
45833
45832k
4583290113
4583290112xxx
4583290104
4583290016
45832868688
4583283
458327adi
458327
458326124
4583261
458326
4583253
4583232
4583229
45832268
4583224
4583221
4583217
458320l
4583200133
4583200129
458319777
458319
4583188
45831864375606
4583170815
4583170567
4583170466
4583170457
4583170409o
4583170163
4583170154
4583170102
4583170049
458317
4583150216
45831495q
4583142
458314
4583127
458312
4583117
458310
45831
458309
4583080123
4583080050
4583080040
458307
4583066
4583056
4583054j
4583043
458304
458303
4583028**
4583011
4583007
4583001
4583000
4582troy
4582rm
4582qafb
4582deb
4582brit
4582am
4582ac
4582990
458299
458298
4582976t
4582974
458297
4582951
458295
4582947
4582936
4582931
458292baby
4582914
4582907
4582905
45828mrae
458289
458287
4582867
4582861H.
458286
458285
45828485
458284
45828195
4582802
4582790
45827896
4582781
458278
458277
4582763
458276
4582742
458273
4582710
45827089
45827
4582694
4582690
458269
4582679110
4582674
458266
458265usama123daleged123
4582655
4582642
4582627
4582619
458261
4582600194
458259
4582589
45825794
45825789
458257
4582569
45825662at
4582563
458256
4582538
4582537
4582529
4582522
4582518
45825178
4582511
4582509
458249826
4582485
45824701
4582458r
4582446
4582440082
4582440074
4582440032
4582440021
4582435
458243
458242424
458242
458241
4582404
4582389
4582388
4582378
458236d
4582369
4582361
4582359
4582348
4582342
458233420
4582326
458232
4582316
4582315826
4582310
4582302
4582301048
458230056
458230055
458230030
4582299
4582291
4582290182
458229
4582271042
4582271002
45822681
4582265
458226105
4582260060
4582260033
45822498sos
4582245891
4582244
4582242
458224
45822332
4582220
458222
4582216
4582213
4582202
45822001
45821993758
45821987
45821973
4582197
45821936525454
4582193652
458217r
458217e
4582177
4582173
45821691241106
45821611
4582161
4582145693
458214
4582139
458213796
4582133t
45821212
458212
458211wp
458210jj
4582107
4582104
45821010
458210
4582092
4582087
4582086
45820804
4582073
458207
4582066
458206
4582043
4582024
45820217
4582020
458201s
45820161
45820145
4582014
4582012
458201
4582008
45820051
4582004
4582&77
4581jen
4581jag
4581deluca
4581bob
4581angie
45819963
4581963
4581961
4581937
4581917
4581903
45819
4581873
4581861
4581848
4581844
4581803
4581801
458180
45817ILU
4581798k
4581790
45817865W
4581771
4581765
4581755
458175
4581746
4581743
4581730
45817262
4581724
45817070
4581700
458170
45817
4581684
458168
4581661
45816570dni
45816509
458164785236
4581626chemym
45816235
4581622
4581618
4581614
458160
4581598
4581590
458159
4581569
4581565
458156
458155278
4581547b
4581538
4581534
4581531_
4581527
4581525
458152
4581519
4581505
4581504
458150
4581473aaa1567
4581473
4581456
4581440043
4581440041
4581434
45814280
458141627
45814097736JCS
458139
4581389
4581387
4581386
4581382l
4581377
458136709286371
4581366bew
4581362
4581361
4581353
458135
4581333
458133135283
4581329
4581323
4581322
4581290
4581282
4581280
458126699
45812658
458126376
458126
458125k
4581251
4581244
45812356
4581226
4581220
458122
4581214
4581211
458121
4581209
45812069
4581202
45811913
4581191
4581190
458119
458118
458117
458116
4581138
45811297
45811290
4581127
4581124
4581116
458111458111
45810k
4581079
4581059
45810423
45810410
4581041
4581038
4581036
4581028
45810276
4581023876
45810223
45810210
458101716
4581017
4581016tlv
45810111
4581005
45810010
4580w105
4580tiger
4580mr
4580mdj
4580liverpool
4580hrd
4580hola
458099
458098
458097
4580956123
458094
45809051
45808karit
4580895
4580891
4580878juana-
4580869
4580852
4580841
458083
4580815
458081
4580802
4580796612
4580789
458078
4580776
4580773
458077
4580762
458076
45807409
45807401
45807372
45807302
45807281
45807277
4580714
458071
4580700
45806girl
45806a
4580695
4580692
45806904
458069
458067
45806580
45806577
45806570
4580652
458065
45806444
45806415
4580629
458062
4580614c
4580601
4580592mouriz
458059
4580569
4580562
4580549
45805421
45805409
4580536
45805045
4580502
4580500
45805
4580487jen
4580466
45804582
45804433
45804418
4580440
4580424
458041345
4580411c
458040
45804
4580395
4580387
4580384998602355
4580344
458034
4580337
4580336
4580328
45803011
458030
4580298
45802862
4580284
4580281
4580270
45802539k
4580253
45802464
458024301
4580240
45802343
4580232
4580230
4580221
45802169982
45801912
45801911
4580191
4580190
458019
4580189
4580175
4580170
45801673wxisco
458016
4580153
458015
4580149
458014
4580136
4580135J
45801278
4580124333
4580123
458012
4580119
4580106
4580105
458010
45800f
45800911
4580088
4580081
4580079046
4580068
4580067ha
4580058
4580044
458004016
4580029165
4580022
4580021
4580000k
45800
4580-104paredes
458/adp
458-dasi
458-9833
458-3355b
458-260
457zoeamira
457xcwjf58
457u71
457th27fr27432lh
457taichung
457swy~!
457rtyfghvjg
457pra8711
457orinoco
457mt1
457magic
457lootie
457leosmam
457leo
457kr27
457kni
457karov??
457k810
457jkl
457hkr
457hemi
457fish
457dbs*)
457days<3
457cole
457burst
457blue
457bloods
457blood
457babe
457X8tw
457GjKm7
457Asd3av
457@augustsum
4579samet
4579larue
4579joy
4579hjhjg
4579chris
4579bitchrc
4579annie
4579SON
4579DUFFstranger
45799s
457999nj
457999
457998102
4579974
4579969
457996776
457995930
457995708
457994
457993k
45799190
457990987
4579896
4579889745
4579889
4579880
4579853sc
4579852
457985
45798425
457984
4579837
4579833
45798123
457981085678
457981
4579801
4579800160
45798
457979663
4579791
457979
457978509
457978305755390213
4579777
4579765
45797620
45797300s
45797202
4579709
4579697
45796680
4579667johana
4579647ol
4579645796
457964
45796388
45796211
4579603mc
457960
45795989
4579593
4579592884
4579592
457958499
457957
457956
4579556
457954086
457954
4579537
45795271sirenia
4579518
457951003
457949a
45794935
4579493
457949
4579487
4579474
457946
45794579rws
4579425
45794168ana
4579411
4579389
4579382
457937
457934287
457934
45793345tahi.
4579316
457931251
457931
457930
457929469
457929*
457928
4579273
457927
4579252
4579241
457924
457923
4579222
4579221
45792150
45792019
457919752
4579196
4579190
4579184
4579146666
45791421
457914207
457913
4579123
4579102
45791014
45790553
4579032
4579007
45790015
4579000
45790
4578yo
4578y4578yhm
4578remo
4578lp
4578kl
4578jess
4578andres
4578DOGG
4578998
4578996
457898
4578975
457897
4578964875
457896457896
45789621
457895mt
45789562
45789521
4578952
4578951
457895
4578946
457894
457893
4578928
4578922
4578921
4578919
4578913
4578911
4578909
4578899
4578895
4578885
45788754
4578868
457886
4578859
45788580
4578850
4578837
45788320
4578829
45788289
4578825
4578817
457881
45788
457879655
457879
457877m
4578766
4578763
4578758
4578756
4578748980258
4578746
457873
4578729
4578721
4578715
457870
45787
45786yeah
45786969
45786946
4578694
4578692237
4578692
4578687
457867
4578664
4578654
4578636
45786329
4578630
457861
45786
457859752
4578596
4578581
457858
4578569
45785659
457856
457855726
4578554
4578550
457855
457854
457853414
457851978
45785080
4578504
457847
45784689
457845a
45784578a
45784578705
4578457812
45784505
457844google
4578428
45784196
4578416801
45784100
457840t
4578404
4578386
457838
4578352
4578335
45783301
4578330
4578328
45783232
4578305
4578304
45782hhpys
45782937
4578283
4578282
45782511
4578249
45782329
4578225
4578223
457822
4578216
4578210
457821
45782012
457820
45781988
45781977
4578190
4578187
457816789
4578167
4578166
457816
457815552
4578145
45781401
4578140
45781296
457812568923
45781248
4578124578
4578123a
457812288
457811932
4578111maayany
4578111
457811
45781011
4578097
45780952
4578086
457808
4578079
45780767808861
4578072
457805ash
4578027
4578024
4578019
4578016
457801
4578
4577tvwildstar
4577tgk
4577rsgww
4577rd
4577mariposas
4577jaspoer
4577FW
457799
4577988
4577983
457797044
457797
457796693
4577966
4577961olga
457796
457795697c
457793
457790
457789
4577889
4577888
45778869
45778825
457788
4577878
457787
457785213
457785
4577844
4577827
45778168107201
4577811
45778
4577793
457778z
45777899
45777865
4577782
457777853
4577771
4577767
45777600
4577756
457773621
45777258
45777175e
4577716
4577691
457769
4577684
457768
4577675kb
457767
45776681
457765318
45776512290607
457765
4577636109
4577616
45776110
457760
45775t
457758
4577578263
45775779
45775766
4577574
457756
457755967t
4577558
457755
457754457754
457754
45775393
457753507
4577535
4577530
4577529
457752867
45774HOT/
457744
4577421
4577402
4577390
4577383
4577371
457736
457735rockyou
4577359
457735644
4577352
457734221g
45773350
45773269
4577326
4577323
457730587
4577301
4577288
45772819
457728
4577269911
4577247
4577246
45772435
4577240
4577238
457723
4577224
4577221
457722
45772179a
457721
45772074
45771993
457719379
457717859
4577171
457716127
4577152r
4577152
457711v
45771127
4577111
45771106
457711
45771070syk
4577100
4577093
457709
45770896
4577087
4577086
457707
4577044
4577041
457704
4577033
4577026
457702
45770123
457701
4577007r
45770
4576virg
4576ri
4576nitro
4576mykids
4576minnie
4576kbb
4576ishere
4576helen
4576connie
4576beta3431
4576am121177
4576al
4576akd
4576a12117
4576995
4576994
457699
4576981
4576980
457696thuis.
457696710
45769651
457695684
4576956
4576940
4576930c
457691
45769015975346
4576898a
45768958
4576867
4576864
457683
4576816
45768
45767ab
4576797
4576795
4576792
457678976487687667
457678
457677792
457677
457676574
457676
45767520
45767380
4576738
457673
4576729
457672423
4576722
45767
4576696
4576690
457669
4576681
457668
45766622amore
4576653
4576652
4576650
45766374
4576628
4576622
45766152
45766
45765hqayn
4576599
45765973
4576596
4576591231
457658291
457658
457656232
457656
457655868
4576549
4576541881
457654
45765328
457653
4576519
4576513s
457650560
4576482
457646
45764597
457645674
457644
4576420
4576410
4576405
45764
457639l
457639ccm
457638
4576364
457635
457634
4576333
457633109
4576301
457630
45762p
457628
4576276
457627
45762614789
4576251o
4576248a
4576222
45762101
457620
45761Rocri
4576191
457619
4576189054
4576188
457618
457617
4576166
4576161
4576159
45761479
4576147
457614021
457613958
457612956
45761234
4576117
4576116
457611
457610
4576095amg
45760919
45760899
45760775
4576075
457606h
4576068
457605510
45760188
4576000425
4575wqukx
4575rt
4575rn
4575pick
4575nh
4575jp
4575Home
4575@roc
4575989
457598
457597089j
4575969
4575962
4575960
457596
4575957
457595123
4575949
45759441683676
45759420
457593
4575928
45759211
457592
457591gon
4575908
457590717
4575900
4575891020
45758725
457587
45758585
4575842
4575834A
4575824
45758
45757964414
457579
457578
457577
4575769
457575
4575742
457572
457571
4575706
4575704
4575688
4575683
4575678
4575675
457567
4575664
45756585
4575653
45756471
4575647
4575646
4575644
4575630
4575623
4575621
457561
45756
4575593
457559
4575584
457557659
4575569
457556789
457556687
4575563
4575560
457556
4575548
4575547
4575546
4575544a
4575531
457552
4575518
4575505
45755
45754vhphc
4575499
457548110790
45754702
457547
4575465
4575462
457545355
4575447
4575446
4575445754
45754456
457544
45754
4575396dsr
4575388
4575384
4575374
457537
4575368
4575367
45753596
4575357
4575344
457534
45753371
4575328
45753265
4575325
457530
45752901105
45752812
4575279
4575277
4575275
457527
45752598
4575257
457524298
4575223
45752213
4575220
457522
45752199
4575210555
457521
457520m
4575195nel
4575195
4575189
457518794
45751842f
4575182
457518
45751784
4575173
45751641
457516
4575157
45751339
457513
4575128
4575111
4575108
4575102455
45751004
45750913
457508
4575069
4575056
4575048
4575040
4575032
45750242
4575021
4575017
45750015
457500
45750
4574sharona
4574r07h
4574no
4574mt
4574mo
4574ma
4574gar
4574chi
4574agh
4574L0o
4574997
4574986
4574978
457497
4574960
457496
4574947
4574929
4574923,m
457491
4574893
4574882
457488
4574867
457486
4574857
4574854
457482
45748196868*
45748033
45748004
45748
4574797
45747964141
457478
45747774
4574777
457476676
4574754
457475226
4574735
4574734
45747258
4574714
457470910
4574703
4574691089
4574689
4574688
45746787
4574675
4574673
457467
457466
457463
4574629
4574626
4574596
4574592
457458
45745710
457456875
45745686
4574558
4574552
457455
4574547
4574544
4574542
4574535
4574527
457451163
457451
45744abc
4574499
4574494
4574490
4574486
4574482
4574475
45744707
45744625
457446
4574457
4574451
45744465
4574444
457444
4574415
4574410
4574403
4574399
45743988rd
4574388
4574386
457438
457436_luz
4574365
457435
457434
457433
4574328
45743132
4574302
457430
457429
4574287
457428
4574277rapping
4574272
4574248
457424
4574226
45742155
4574192
4574176
457417
45741694
4574142
45741220
4574121
457412
45741020108
45740qpdqq
4574080
4574069
45740666
4574064
4574050
4574041
4574039
4574028
45740192
4574008
4574004
4574001
45740000
457400
4574
4573xx
4573xss
4573tt*ag
4573saw
4573photos
4573ndnrz
4573monkey
4573ekg
4573cqvce
4573992
4573989
4573962
457396
457395b
457394
4573932
457393
457391
457388
457387
4573854
45738524
4573830aa
457381
457377592
4573773
457377
4573765
4573758
4573757
4573749
457374000
4573702
4573678l
4573675
457366a
45736588
4573657
4573627
4573594
4573585
4573580
457357577
457357
4573561
457356
4573557
45735460
457354
4573537
45735366
4573531
4573504D
45735
4573451
4573438
4573434
4573422
4573403
4573395
4573392
4573373
4573372
4573354
4573335
4573324
457330956
45732888
45732866
4573286
45732796x
4573271232
457327
45732618
4573259
457324
4573220
457321
4573204tiger
4573201
45732
457316
45731566
4573137
45731213
4573110ltb
4573101
4573085
457308
4573071
4573065
4573054
4573026
4573018
4573010
457300
45730
4573
4572zfquq
4572xx
4572mgfcvc
4572kl26
4572kkk
4572ianphousermeonly
4572gratch
4572co
4572btyc
457299
4572977
4572970
457296JCR
457295
457293
4572922
4572913
4572910i
4572904
45728759
4572870
4572864
457284103
45728410
4572829
4572825
457282
457281
4572778
4572774
4572767
45727609
4572732
457272
4572717
4572715
45727
457267
4572666
4572662
4572650
457263
457260645726064572606HESHAMKIN
4572606
4572604
457259
4572589
4572582
457258
4572568
4572563
45725624572562
4572562
45725600
457254
4572532
4572520
4572491
457249
4572485
4572484
4572480
4572479
4572460
457244
4572421
4572411
457239990
4572397
4572394
45723819
457238
4572368
4572335
457230123
457230
4572294
4572283
4572254
4572247
4572237v
4572230HAL
457223
457222
45721b
45721988
4572189
457218
457217mierda
4572177
457216
457215A
457215
4572145
4572136
4572132
4572130
457211
4572085
45720720
4572070
4572041
45720404
457204
4572031
45720294cusco
4572001
4571zmn__
4571rr
4571cyc+87
4571MMB
4571KA
4571994
45719821
457197d
4571970
457197
4571958722
457195583
4571953
4571921
457192
457191bee
4571916
457190460123
457190
45718946
457187
45718624y
4571843
457183an
4571832
4571815
4571810
4571789
4571781
4571779
45717775
4571776
4571772
4571771
4571758
4571742
4571740
457174
4571732
4571720a
4571706
457169
45716790
4571664
457163
4571617cw
45716
457159
4571575a
45715641
45715494
4571540
457154
457152
4571513
4571510
45715
4571498
4571487
4571481
4571478
457147245
457147
457146k
4571462101285
4571461
45714574571457
45714571
45714535
4571446
4571433
4571432
4571426
4571425
4571420
4571418
4571414
4571396
457139
4571368
45713677473980
4571359alexandra
457135
45713472
4571343
4571332
457132
4571313
45713087
45713085
4571301
45712wl
4571288
457128574
4571278
4571274
4571268
4571265091S+
4571252
4571242
457123igor457
4571230
4571229
4571220
457122
45712160
4571211809
45712110
4571203
4571200365
45711marya,.
4571192
457118
4571163j
457114803
4571148
4571136
457113
4571129
457112
457111karime
457111a
4571111
457111
457110
45711
45710u
45710920
4571081
4571063
4571045710
457104346
4571033
457102kb
4571029
45710209
45710208
45710197
45710122
457101114
45710002
457