76613
47661079
47661068
476610
47660949
4766082o
47660592
4766055pantene
476605500
47660337
476602
47660004gm
4765grokmark
4765christa
4765c6566
4765VAva
4765E
4765972
4765941
47659278
476591
4765905
4765892
476589
47658866
476588
4765878
4765849
4765832b
476583
4765828
476581
476580
4765746
476574
476567
4765663
4765652
4765640
4765620a
4765595
4765565
4765561
4765557
476553657
4765532
4765522
47655140
4765511
4765509
476549
4765464
47654567
476544
4765436
476542483
47654017
4765386
476537
476536m
4765369
4765352
476534l
4765341
476534
476532g
476530
4765298
476529
476525jw
47652581
4765254a
4765251
47652300
4765228447
4765228
4765220
4765214
476521
4765205
476520
47652
476519
4765185
4765175
4765169
4765165
4765150
4765141
476513LIza
476513
4765125
4765118
476511
47651
4765092
476508476591
4765066
4765050
47650403
4765039
476503
4765027
47650004
4764irog
4764becca
47649pnm
476499
4764975
476496
4764950
4764931
47649129
4764910
47648prfyz
4764886
476488
4764875
476486
4764852
4764847
4764844
4764837h
47648187
4764817
4764815
4764805
47647cnm
4764779
476476476
476475slit68
4764720
476472
4764693
47646806
47646427
476464
47645vdijo
4764599
47645731
4764567898
4764551
476455
4764528
4764527j
4764520
476452
476447boc
4764479
47644765
476447
4764458
4764454
4764450
476442
4764419
4764391mat
47643900
4764381
4764370
4764365
476435020
4764327
47643130712
4764301
4764285
4764272008
476427
4764245
4764239
4764215
47642107
4764202
4764178
4764172
476414
4764136
4764124
476412
476411107
476411007
476410
4764069712
47640697
47640671
47640663
476405050
476404
47640338
47640257
47640134
4764013
476401101
476400025
476400
4763mj
4763mgj
4763a
4763S&S
4763948
4763881
47638795
476385779
476385
4763829
47638240
47638186462146
476381864598
47637885
4763787
4763729
47637281
476371
4763699
47636807
4763674
4763645
4763631
476362
47635k
476358
47635736881963
476357
4763553
4763492
4763491042
4763447h
4763440nee
4763428
47634238
4763422
47633717
47633621
47633563
476335
476332
476329
4763284
4763281937
47632591
4763256
4763245
476324
4763232
476323
476322
47631988
476318
4763170120
4763170041
476315987
4763155
476315
4763130
47630854
4763060
4763050
476305
47630490
4763044123
47630207
47630197
4763019
47630128
4763010
47630047
476300
4762p284valeria
4762oirsp
4762nic
4762khf
4762irmita4762
4762975
4762964
4762928i
4762928
47629262
4762923123
4762912
47629034762903
4762895
4762884153
4762874
476287326187
476287
4762869
476281a
4762816
476281026
476281020
4762810191
476281016
476281
4762802
4762797268672416
47627972686724
476278152
476278040
4762764
476275117
476271
476263
47626274262
4762623
47626211
4762601
476259028
4762568
4762553
47625527
47625488
4762539
4762530
4762528
47625230
4762522
476252
4762509
4762503
476249
47624862
476248111
47624762
476247
4762458
47624567
476245339926
4762403
47623zhmvk
47623998
47623973774
476239431511
4762390
476238
4762350
476235
4762343
4762340
4762337
47623271
4762314_1995
4762309
4762302
4762301
47623
47622940
4762277220
4762266
4762238
47622302
47622290
47622268
47622250
47622126
4762210088
476221
47622010
47622006
476220
47621956
4762194
4762190001
476219
4762159
4762143
47621399
4762136
47621350
4762132
4762110142
4762110120
4762110091
476211
476210
4762096
47620948
47620889
47620833
4762083
4762079955
476205t
47620514329816
47620493
47620485
47620417
4762040886
4762033
47620224
4762018
4762016
47620141
47620133
47620050
47620015
4762001200
4762000
4761vg
4761998
47619978
4761990
4761986
476198
476197450
4761974
4761973194
4761966
4761964/9479715
4761963K
476195
4761948
4761925
4761911
476191
47618975610771
4761887
4761880
4761873
476187
4761869
4761853j
4761833@arn
4761833
47618239
476181
47617955
4761791
4761782589
4761750
47617493
476174
47617294888283
4761723
4761712
4761706
47616988
4761687
476167
4761659
476163
476162
476159
4761553
4761550
47615346
476153
476152198
476151681
4761510
4761503074
4761503
47614brg
4761487
4761473
476147
4761453
476145
4761408
4761405f
4761404
476138263
4761365
4761353
4761350
476135
476134
476133
4761327221
476132
4761312
47613020
4761232m
476123
47612247
47612218
47612168
47612157
476121277
47612124
47612121
47612120
4761210305
4761210283
4761210034
47612097
47612081
47612047
47612033
47612022
47611a
476119cherry
4761198
4761171
4761170049
4761151
476115
4761132
4761125
47611117
4761110246
476111
4761107
47611064
47611059
4761105685
47611041
47611022
4761102152
4761086xyz
476108
4761077
4761067473pg
4761063504
4761061521
476106
4761052
4761040751
4761040220
4761040050
4761038
4761031
4761030291
476103
476102kewin
4761027008
4761020610
4761020091
476102
47610145
4761013303
4761013141
4761012906
47610123
4761004
4761
4760ovvaf
4760kaw
4760glori
4760erbdh
476098432
4760971
476097
4760958
476088
476087717
4760871
476086254
4760851
476085
4760830
476081921
4760813
4760779
476077
476076
4760709
4760708
4760702
47606akdwc
47606954760695ev
476069
4760671979
476066564
4760637
476063
47606290314
4760621
476059423
4760591
476056
476055
4760548a
4760548
4760530
4760515460
47605
4760480
47604760
476047
476045
4760449027
4760443
476042439
476041378
4760413215
47604
4760395617059
4760393000
4760382
4760343
476033
4760327
4760315m
476031502
476031
4760309
47603
476029
4760269
47602524
4760249
4760245
476024
476023298
4760232
476023
476018
476017
4760162
4760141
47601399
4760139
4760136
4760128
4760121
476012
476010JZZ
4760107042314
47601070
4760107
476010
47601
47600ognwk
47600nerac
4760090
4760076
4760075
4760065092
4760063j
4760047
4760046
476003
4760029
4760027
47600200k
476002
4760019
4760-m-w
4760
476/1
476-4523
475wood
475walnut
475wBolivar
475stockhns
475rrj
475pye
475putnam
475pgo
475mwedj45
475mayerlin
475lolpop
475ladee
475ginna3378
475gandy
475ffs
475fdr
475eqf
475elina
475blues
475blue
475aaefc
475Ranger
4759zsq
4759tkhjq
4759kRs1
4759977
47599370
475985660592
4759854
475984
475982
4759800s
4759799yamila149
4759792
475979
47597818
4759763
475972
475969574
4759690
475969
475968/3
475968
4759669k
4759646
47596242772
475962044
475960
4759585
4759577
475957
475956
4759555
475953
475952a
475952726.
4759523
4759521
4759512
47595030
47595
47594VICKY
4759496m
47594759
4759437
4759434
4759405
47593aitrm
4759386
4759385tosha
47593517
4759341
4759340
47593321
475933
4759322
47593095
47593089
4759307m
4759307
47593050
47593
4759297
47592929r
4759249J
4759213
475921
47591997
47591638205
475914621
4759132
475911ad
47591
47590920
47590659
47590435
4759042
475904
4759029
47590265
4759017d
4759015
4759001
475900
4759
4758se2
4758ruby
4758normcircle
4758migeul
4758hd22
4758diego0909
4758alvide
4758Love
47589ipitp
4758990
4758980
4758967
4758963
475896
4758959
4758937
4758933
4758932
47589
4758842
4758830
475883
475881
4758780a
4758767
475876
4758758
4758746
4758728
4758726
47586l
475869ki
475869cg
475869a
475869968574
475869789
47586945ex
47586933
475869321
475869312
47586923
4758692
475869142563.0
475869142536
4758691320
475869.
475869--
475868641@qq.com
475868246bjs
475864388
475863
475861lb
475860343503132
47586034
4758603
47586
4758584
475857893
475855
47585419123
475854
475853529
4758521369
47585147
4758503
4758502319
4758498
4758482
4758470
475846043
4758432
47584280
4758426
475842
4758418
475841472
475841
4758384
47583625
4758361
4758346m
4758331
47583261
475830
47582seeotter
47582639
4758260
475826
4758242
475822
4758210
475821
47581996
47581993
4758196
4758172
4758168
47581425241547585748
4758132
475813
47581250
47581236
475812
4758110e
4758109g
47581001357
47581
47580942
4758080930
47580612
475805M
475804gww
4758031
4758025
4758023yo
4758011
475800e
4758009
47580000h
4758
4757herch
4757hb
4757ga
4757eibgd
4757david
4757case
4757c
4757D503
475799
47579850
475795
475792
475791
475789789s
475788
4757872d
475786...b
475786
47578588
47578555
47578
475777aureo
475777
47577572
4757751
4757737
475772
4757675m
4757667
47576649
4757658
475765
4757623
4757579580
47575437
4757527
475751
47575
47574da
4757491a
47574774750222
47574760
475746
4757452
4757436
4757434
4757431
47574209
475740274
47573ke
475739
4757385
4757381
4757377
475735
4757316
475731
4757285
4757284
4757280
4757268
475724
475721m
475721
4757208
47571985
47571984
47571927
4757184
4757170
475716897
47571663
475716
4757155
475715
475713059305839
475712
4757101
47570i
475708
4757055
475704
4757037
4757031
475702300
4756george
4756dd
475698
4756943
47569387
4756930
4756903
4756851
475685
4756839
47568304
475681
47568
475679
4756789
4756782
475678
4756771143
4756755
4756747
4756700
47566943
4756674lpb
475666
4756658
4756644
4756629
4756627
4756619
475661
47566091
4756607
4756605
475660
47566
4756580123
4756566
4756563
475655
4756536
4756530
475653
4756510
4756501
4756484
475647562
475647
475646
4756455472
475645
475644
475638
4756372
475634302
475633
475632
4756319
475630
4756297
475629
47562823
4756281
475628
4756277rw
4756274
47562690
4756260
475625
4756248
47562410
475622902
47562
4756165
475616224273ilu
4756130
4756125
47561124aa
475607hb
4756079
47560740
4756040
4756022
475600gb
47560040
475600
4756
4755suuok
4755sexy
4755lalande
4755eva
4755ab
47559965
4755950
4755947559
4755932
475591
4755906
4755905
475590
4755892
4755890
475585
475583365
475582
475581
4755803761
4755800
4755785
475577
4755754
47557433110
475574
4755719
4755718
475570
47556ab
4755699
4755669
475566
475565
47556275
475561
4755595
4755584
47555834
4755575
4755573
475556224758007
475556209
47555610
4755556
4755540
475554
47555339
4755510
47555023
4755489
475547kt
47554787
4755475
4755474
4755472
475547
475545454
47554234731854
4755403
47554005
475536
4755328
475532
47553151
475531
4755305
4755294802041984
4755284
4755278
4755275
4755268
4755262
4755234
4755230
4755224
475520162119890
4755197
4755139
4755136
47551351
4755125
47551192
47551171
47551122
47550uddgk
4755086
4755071
47550614
47550603
4755058
47550404
47550151
47550047
4755001
4755-025ALVELOSB
4755
4754tiny
4754rmqsp
4754home
4754dsm
4754d
4754@L33t!
475498
4754976]r]r
4754944
4754879
4754871
475487
4754858
475485
475483
475482
47548112019
4754768
47547665
475475j
4754740
475472
4754709
47546qjvux
475469
4754686
475468
4754667
475465LMEJ
475465
4754632
47546
4754591
475458571
4754583
4754574
475457
47545542a
47545504222
4754540
4754532
475451814
475451
475448
4754449
4754436
475443
47544149
4754400
47543mnm6619
47543955
475438
4754372
4754366
475433
4754322
47543111
47543
4754274
4754273132
47542600
47542565
4754249117
4754249103
4754240
475423501
4754232
47542302
475422
475420a
475420124
475420119
475420112
47541990
475418808
4754176
4754166
47541644
47541500
47541330
47541296
475412
4754114
47541068
47541054
47541018
47541011
47541
47540992
47540982
4754072
4754060
475405031
4754047
47540457
47540415
47540315
4754022640
4754019034
4754017517
4754011577
475401125
475401069
4754009
4754008193
4754006452
4754006361
4754006007
4754005934
4754005686
4754005587
4754005546
4754005066
4754004556
4754002543
4754002352
4754002212
4754001883
4754000372
4754000182
475400
4754
4753tn
4753lmn
4753giselle
4753gac
4753947
4753928
475391
475390
4753895
4753893
4753879
475387
4753869
4753816
4753813
475381
47538097
475380904
4753807
4753801
475380
47537941
47537879
4753776
4753742
475374
47537341
475371kz
475371
47536ysowx
4753695532320071475369553232007
475368
475366
47536568
4753640
475364
47536274
47536242241610
47536
4753599
475359
4753587
4753574
4753566
4753533
4753532
4753531
475352
4753510
475348
475347534753
47534625
47534566
475344410064
4753427
4753413
475341
475340
4753397nd
4753386d
4753386
4753376
4753346
47533409193124651
475333d
47533262
47533147
4753311
47533075
4753307
4753300
47532aswqb
47532986
47532909
4753290
475329
475328528
47532672
47532397nd
47532357
47532268258
47531s
47531NL
4753198693
4753189
475318
4753170321
4753170304
4753170157
4753160
475315b
4753150
4753145a
475314
47531234
47531209
475312
47531130
4753110jk
47531078`
475310118
47530988
4753090
4753086
4753057
475305505
4753025
475302
47530135
475301041101-5
47530020
47530000
4752jj
4752jirasak
4752979
475296t
4752964
4752956826
47529304788156
4752922
475289
4752888
4752886
4752883pl
47528837
4752877
4752856
47527a
47527865
4752765
475276
47527478
475272
4752710003
4752707
4752696
47526799
4752673
475267*01*09
475266475
4752663241
47526542
475264
4752635
4752632irl
475263
4752618
4752605365
475260
47525a
47525913598732
475258
4752577
475257278
47525546
4752551
4752547861
4752542
47525371
4752530
4752521
475252
4752518
47525155
4752506197
4752487
4752466
4752463
4752436
4752434
475243
475242700
4752416987
4752410070
4752410043
475241002
4752410001
475241
47523jsfxx
475238cm
4752374
47523691
475235349
4752352
4752348
47523454746169
475234
47523366
475233160841202119
475233
4752318
47523113k
4752308
4752307
47523
4752295
47522900
4752288
4752283
475227
4752265
47522580
47522487
475223666
47522305
47522198
47522131
475220248
4752202
47521t
47521pl;99
47521g
47521992
47521674
47521554
475215167
47521336jaja.
4752130
47521291
475212621
47521158
47521147
47521144
47521117
4752097
4752086
4752078811
4752075
47520689637
47520481
4752038
47520341
47520291
47520283
4752022
47520211
47520200
47520176
4752011
4752005anc
47520036
47520010
4751volkotina
4751pt
4751maew
4751jg
4751bc
4751MC
4751980
475197903
4751962
4751950
475194
4751928
47519244
4751911
4751910011
4751910006
4751910002y
475191
47518910
4751888
4751887
475188
475187
47518600
475184
4751838
475182
4751814
4751809
47518
4751793
4751791
4751774
475175
47517473espias
4751747
475174
4751722
4751721
475171781
4751713
4751694
4751690
475168
4751679
4751654
4751640
4751636
4751634
4751621
4751613
4751604
4751603
4751600901
4751600185
475159284
47515914
4751589
4751585
4751582
47515806
47515773
4751574
475156ew
4751569
47515522
4751551j
47515494
475153
4751529
475150628
47515044
47515009
475150
4751492
47514751
475147
475145
4751448
4751446
475144206
475144
475143yna
475143
47514108
475141019
4751410035
4751410028
4751410025
4751406
47514047
4751402
47514013
47513579
4751352
4751347
475133525
47513248
4751316
475130c
475130
47512720
4751262388
4751260
47512552
47512516
4751247
4751241m
4751240
475122wx
4751225
475122
4751219
4751218
4751202CC
475119181
4751186
475118222
4751180
47511590
4751158
4751157
4751151
47511507q
4751140
475113811
47511290813
47511220
475111
4751108003
4751107
4751104
475110109
4751100478
475110019
475110005
47511
47510904
475109
47510700
4751070
4751053
47510342
4751031
47510255
4751023
4751020
47510199
47510132
4751012
475101
4751002447
4751001837
4751001555
4751001159
4751000490
4751000102
4750srf
4750mom
4750mmn
4750irminst
4750bulldog
4750Southhaven
4750994
475099
47509567
475095
47509457
4750923
4750906
475090
47509
47508d
4750887
475088110
475088
4750846
475084567
475083
47507ubdbq
47507857
4750785
475078
4750775
4750771
475076
4750724306
4750713m
4750711
475071
4750700m
4750700437
4750700
47506ch
4750674j
475066475
475066
475065
47506479506
4750640
475063779
4750628
475062709
4750599
4750596j
4750579
47505590986
4750545
4750528
4750522
475050
4750491
475047h
475044745
4750407
4750406
475040
4750338
4750314
4750301576
475030037
475030020-3
4750248
475023
47502250
475022
4750202049
475020
475019
4750187
4750175
4750172
4750146
475014
475012
475011
47501
4750093
4750073
4750072
4750068
4750061
4750049
4750045
4750036501
475002
4750006
47500
4750 view
475-8502
475-4503
475-4062
475-3171
474zircon
474ydevgan
474xwada98
474usz
474tyler
474n4j34n
474mar14
474ma211
474m35
474lythamroad
474lick
474lever
474left474
474kiy474
474k1ck
474jem
474grasko290
474eva
474edde
474d7cc6
474d40
474cracker
474bsao
474beignet
474ass
474a474
4749xz
4749jo
4749dana
4749ac
4749a822
4749JBEZ
4749999
474999
4749967j
4749967
4749953
474994175
4749930
4749914
474990
47498k79
4749878
4749869
474982
47497890
474976969
474976
4749758
4749716Isabelªª
4749714
474970
47496g
4749669R
47496015
47495ejtnq
47495421
4749532
474950
474949
474947
474945
47494484
474944
4749430
474943
4749419
474940139266
474935
474934
474933
4749302
47492qitpi
47492emu
474928
474925j
4749243
47492240
47492136
474919433969
474918
474917s
474917
47491671
474916
47491482
474913
4749123
474912
4749118
47491159
4749097
474909
4749083
474907
474906
47490594
4749043
47490289
47490255
47490032
4748wood
4748wg
4748vane
4748pr
4748ne
4748mc
4748jac
4748caraf
47489966
4748989
4748985
474896
4748958
474895222664201
4748941
474893
474891a
474891
474890pete
4748908
474888
474887423414
47488552
4748835
4748812
47488
474879
4748789
474878696294
47487805
4748759
4748741
474874
47487308
474873
4748728bg
47487281
474872
474870
47486876
4748679
4748678
474867178
47486485
474862k
474860
4748593
4748573
474857
474855l
474855
474852350
4748516
474851
474849l
47484946434
474849404
4748494
47484920
4748486
474846315
474846
4748454241
4748453321
474843100481
4748421130
47484117
4748400c
47483938
4748388
474838
4748363
4748351j
4748351
474834
47483211
474832
4748309
474830
47482oyeiman
474829
47482891
47482834
474828044
47482744
4748272
4748257
47482550
47482379
4748234
474823
4748228
47482100
4748202
47481bb
474819
47481752933956
47481752933
474817529
474816
474812
47481122
47481114
474811
4748108
47480664704350
4748052789
474804rjk
4748023988
474802
47480161
47480028
4748000
4747tbone
4747sand_
4747ringi
4747rbd
4747nan
4747musa
4747moore
4747mama
4747kajetan
4747jose
4747isisanusis
4747ideas
4747hilton
4747gg
4747fiat
4747el
4747doom2
4747d
4747bush
4747bulan
4747blch4747
4747bdb
4747b
4747abd
4747Leni
47479999
474798
47479646322s
4747950
474794237
474794206
474794
47479100
474790300214
47479023
47478axijf
4747898
4747892
4747884
47478822
474788
474787
4747868
474786227
474785859696
4747856
47478503
474785
4747847
474783
4747817
474781282
474781266
474781230
474781
4747801
47478
474779135
4747782
4747747
474773
474772ih
474771
47477088
474770228
47477
474768
4747674
4747665s
4747651
474763
474762
4747614658
4747609
47476
47475987
474759
474758105528319
474758
4747575
474757
4747565715fox
4747563
4747560
4747558
4747557871
474754238
47475326
4747532110
474753
4747518
4747516
474751
4747500
474750
47474928748
4747492
4747491093
4747490
47474848
474747j
474747blaze
474747bbw
47474747474747
4747474747
47474744
47474712
474747-
47474629
47474623
47474596valdez
474745656
474745
47474471
47474465336
474741262
474741
4747393946
4747384587
47473832brm
4747380217
4747378
4747376
4747375236
47473532
47473428200
47473389
4747327ma
4747326
4747301
47472921
4747290
47472777
4747275
4747273y
47472721991
474727
4747265
4747254
47472522
474725
47472474703877
4747246
474722
47472121
474720
474719d
4747189
4747179
474716
4747154
47471515
4747147t
4747130456
47471285
47471234
474712156982
474712
474711j1
4747118
4747117
4747114l
4747114
47471020
474710
47471
47470helen
4747096
47470950
4747095
47470919
474708
47470742
47470737
4747065ms
4747058
4747056
4747054
474705
47470364
4747031
474702269
47470067
47470043
47470020
47470008
47470000
4747-syd
4746rs64
4746o
4746mvb
4746isgo
4746dan
4746c13
4746949
47469467
47469087
4746907
47468830
4746872
474686
47468517
4746840
4746821
474680a
4746801
4746791
4746780
4746741
474674
474669005
47466636
4746647
4746612
474661
4746579
474657
4746560
474656
474655
4746523
4746517Schatz
474651610qq
4746506735
4746505axd
474649
4746470j
474647
4746469
474644431830
4746431
474642e
4746427
47464015
474639
474638
4746362
474636
4746335
4746330
4746323
474631
47462mla
47462irina
4746298
474628053
474628
4746271
4746268
474625
474624j
47462412
474624
47462311luis
47462305
474621131
4746211
474621
47461th
4746188
4746182
4746160bp
474615nt
47461268
47461216
4746106
47460wazf
47460761
474607
47460639
47460608
4746052
47460506
47460464
474603
4746028
4746007
4746006
47460
4745yjag
4745tita
4745tg
4745ss
4745mic
4745md
4745jw
4745em
4745db
474599470
4745992
47459730
47459702
4745953
47459232
4745910
4745909
47458ss
4745891
474586a
4745867s
4745867m
4745867
47458643
4745850
4745849
474584569
474584
474583
474582539
47458
4745780
474578
47457700
474574
47457272
474572
47456tizy
4745693
4745692venezuela
47456764745
474566909
47456638
4745651
47456491412316
4745619
4745614
4745608d
47456030
47455brby
474559
4745585
4745569029
4745565
47455647
4745561
474556
4745544
4745541
474553118
474553
4745523
4745522
4745518
4745517
4745505
47455
4745499
4745496
4745483mo
4745474
4745469
4745454
4745453
4745444240
4745427
4745420
474541c
47454144
474541
4745391
474536818
47453529
4745348
4745332
4745307s
47452b
4745296t
4745260
47452422eta
4745241
4745232
474523
474522430366
4745220
474521macho1
4745217
47452129
4745209
474520
474519je
474518361
47451716
4745154
47451471
4745147
474513
4745128028
474512006
4745109
4745100
47450rfcys
474509207
474509206
4745090
474509
4745061
4745055
47450500
474504
4745039
4745026
47450213
4745020
4745019
474501324
474501231
474501230
474501122
4745009
4745004
474500
47450
4745
4744zxcv
4744rwqh
4744noy
4744n3
4744medo
4744grif
47449ckrfz
4744989
4744983
474496
4744924
4744898sk
4744898
474489000645
474489
4744882
474487a2
4744873
474487220
4744864
47448383
4744829
47447976
4744797
4744791
474479
474477320
474477208
474477109
474477106
474475
4744739
474471
4744691
474468
47446744j
4744671
4744655
474463201
474462
47446063
47446009
474460
474459988
474457227
474457204
474456
4744545
4744524
474451
4744508
474450
474449
4744482799
474444444444444444444444444444
4744440527
47444129
47444
474437s
474437
474435059
474435058
474435023
4744344
474434097
474431076
4744285
4744276003_bee
474427242221
4744272047
4744271054
4744271028
47442534
474425
47442416
474423
4744207988H
474420
474418007
474418
4744178
47441744
4744167
4744160
47441324
4744128
4744127
474412028
474412023
4744109
4744106
47441030
474410
47441
47440j
474408
4744069
47440660
47440656
4744060
4744059
4744057
4744053
4744041
474403076
474403037
474403016
474403004
474402421
474402318
474402121
474402104
474402082
474402018
47440200
474402
47440140
474401216
474401136
4744010613499
474401047
474401032
474401
474400451569
4744004
4743rqtre
4743irie
4743995
474398
474396
4743945katty
474392
4743883
47438699
47438600
4743844
4743837
474378791
4743787127
4743776
474377
4743713727
47437060
4743703
4743697327
4743695
4743679
4743672
474367
4743654
4743598
474359
4743579
4743578054
4743573
474357
4743563927
474356127
4743557
4743526
474351
4743500005
47434743
4743470026
4743470017
474347
4743461
4743453
4743449
474343
474342563
4743424
474342147
474342101
4743421+47
4743410004
4743410001
4743392613
474339140
474339
47433893
4743388
4743382
4743380025
474338
4743366s
4743346
474334428
4743343
4743342
4743324
474332149
474332146
474332136
47433199699006
474331046
474331031
474331028
474331010
474330149
4743292747
474329144
474329116
474329112
474329089
474329076
474329013
474329007
4743290047
4743290032
4743290021
474328244
474328109
474328018
474328017
47432797004
474327227
474327123
474327029
474327002
4743265
4743252
474325017
47432479
4743244
4743233
474323
4743210017
4743210
474321
47432038
474320
4743195
4743190
47431859
474317443
474317428
4743170465
4743170426
4743170349
4743170325
4743170288
4743170269
4743170072
4743170065
4743170020
4743165
47431604903989
474316
47431556
474315027
4743150267
474315026
4743150094
4743150031
474315003
474315002a
4743150026
47431500
474315
4743135123
4743128
474312
4743113
4743100
4743095
47430912
474309071
474309055
474309052
4743090050
4743090038
4743090031
4743090
474309
474308552
474308534
474308518
474308406
474308136
4743080098
474307033
4743063
4743060014
474306001
474305011
474305010
47430350
474303129
474303111
474303104
4743030001
47430277
47430251
47430206
4743020511
474302029
4743020051
474302
47430129
474301007
4743010013
4743009
47430034
4743000
474300
47430
4743
4742zkfwn
4742cc
4742bm
474296J
4742942
4742919
4742916654C
474290
47429
4742890hola
474289
4742886
4742870056
474286a
47428692
4742848a
4742845726
4742836
474283201
474283
474282zh
4742828
47428251
4742800003
474278007
4742780038
4742780023
4742780001
4742774
474277
4742766
474276
474275107
47427454
474273020
474271029
474271013
4742708
4742706012
474270103
4742700
47426mykmt
4742681
474268
4742673
4742671
4742660009
474266
4742651
474265044
474265041
474265035
474265026
474265021
474265014
474265008
474265003
474264008
474262
4742613
474261044
474261004
474261
474259a
474259124
474259102
474258538
474257034
474256018
474256001
474255062
474255023
4742550052
4742550024
474255
474253112
4742530089
4742530080
4742530025
4742530006
4742526
4742523m
4742523
474250114
47424qdnot
474249418
474249308
474249108
474249003
474249002
4742488
47424879
474248138
474248114
474245337
474245335
474245308
474245213
474245206
474245132
474245115
474245068
474245006
474244332
474244306
474244246
474244220ot
474244142
474244110
474244106
474244092
474244087
474244077
474244076
474244070
474244063
474244059
474244032
474244030
474244015
474244011
474244010
4742440090
474244
474243119
474243110
474243109
474243108
474243104
474243
4742424
474242010
474242009
474242
47424028
47423nm
4742399
4742382
4742381
4742369
4742363
4742362
4742356126
474235568979
4742354asa
474235
4742345
474234
474233mc
474233
4742327
4742325
4742320023
47423170
474230130
474230128
474230119