01
47132850
4713282
47132816
47132810220
4713280
47132795013
47132793238
47132793100
47132793037
47132792297
47132792264
47132792115
47132791191
47132780272
47132780159
47132780006
47132759
47132661
47132650
47132605
4713260
471326
47132550
471325
4713249
4713247
47132429
47132423
47132360
4713234
471322
4713213
4713210035
4713210030
4713210019
4713210007
47132075
47132061
47132054
471320307
4713203
471320230
471320225
471320221
4713202
471320127
47131jjd
47131jdg
471318luvu
4713187
4713182
47131818
47131811
47131800
471318
47131700113
47131648
4713164
47131613
471316
4713151
47131495
47131446
4713144
471314
471313060
471313
4713127
4713125@much
4713121
4713118
47131110712
4713110080
4713110060
4713110041
4713110010
4713110009
471311
47131060123
47131046
471310337
471310323
471310308
4713102b
47131014
47130y
4713095
4713094
47130927
4713091
4713085
4713077
4713076
4713071009241128
471307
4713067
4713066
4713060
471306
47130546
471304iclc
47130485
47130471
47130466200
4713046
47130422
4713041
4713037
4713033
471303116
471303
4713025
471302141
471302134
471302120
47130209
47130190
47130133
47130123
47130029
4713002
471300095
4713
4712vito
4712pplf
4712mg
4712jin
4712fc
4712cd
4712bw
4712argonne
4712ac
4712996
4712993
4712982
471298
47129777
4712975
4712951
471295
47129456
4712909
4712901064
4712901043
4712901016
4712901014
4712901009
47129002
4712900
47129**550
4712898
4712897
471289
4712881
471288
471286i
471286
4712858
47128567
471285460550
4712854
4712852
471285
471284922S
4712840
47128302
4712825
4712822
471281d
47128102
47128094
47128082
47128060
4712806
47128052
47128043
47128041
47128031
4712802
4712800
471279977
47127994
4712799
47127950
47127925
47127918
471279
47127875
47127859
47127833
4712777
4712772
47127684
4712763
47127525
471275
47127472teayka
471274329
4712740014
4712736
47127342
4712734
471273
47127276
47127272
47127262
47127261
47127255
4712723501
47127232
471272
47127175
47127152
4712709
4712703
471270040
471270020
4712699
4712692afp
4712664
4712662
47126602
471266
471265
4712649
47126114
4712610445
47126100
4712610
471261
471260pm
47126083
47126071
47126036
47126022
47126019
4712601006
471260
471259
4712589
4712581
4712570
471256
4712559
47125546
47125536
4712549
4712547
471254
4712538ploy
4712534
47125331994
47125299
4712524akb
4712521
47125207
47125124
47125111
47125086
47125080115
471250790
47125067
4712505
4712503162
47125012
47125011
4712501085
4712501022
47125010144
4712501
47124h
471249103
47124907a
47124907
4712490
47124833
47124805
4712479
47124709
47124648
4712464161
4712464
47124637
47124632
47124628
47124535
47124511
47124510124
47124503
4712444
47124435
47124413
471243991
47124334
4712431
4712430002
471243
47124259
4712411124
4712410005
4712410003
471241
47124070309
47124070128
4712405021
4712404
47124035
47124022
47124020123
47124010495573401
47124010249
47124010144
47124010113
471240024
47124000227
471240
47123s
4712394
47123906
4712389
47123851
47123841
4712384
47123717
471237
471236985
471236897
4712366
47123633
47123623
47123621
47123620
47123618
47123612
4712361102
47123610
47123607
47123603
47123583
47123550
47123542
47123529
4712352
47123518
4712351
47123504
47123500141100
47123500123
47123500104
47123490351
47123490251
47123490224
47123490148
47123490124
47123474
47123466
4712346
4712345
47123429***
47123404
471233s4
471233a
47123350
47123338
47123330512
47123330220
47123330206
47123330151
47123330143
47123330135
47123330128
4712332
4712330
47123290241
47123290220
47123290219
47123290205
47123290133
47123290
47123250223
47123250134
47123230254
47123229
47123220103
4712321989
471232123
47123211
4712320011
47123200104
47123190142
47123180240
4712314
4712312020
47123120139
47123102
47123072
47123070116
47123061
47123053
47123037
47123032
47123020107
47123020
4712299
47122970
471229471229
47122910
47122903/1
47122901
47122850207
47122850113
471228501029
47122847
47122845
47122837
47122830221
47122830211
47122830115jee
47122830101
47122820120
47122820110
471228
47122761006
47122760612
47122760575
47122760542
47122760412
47122760370
47122760301
47122760198
47122760157
47122760054
47122760030
47122760016
47122712
471227
47122679
47122623
4712257
4712256
47122554
471225371994
47122502
47122500104
47122470215
47122470203
47122470106
47122470103
47122466
4712243
47122422
47122420410
47122420239
47122420232
47122420225
47122420111
47122380
4712234
47122328
471223
47122277
471222754
47122258
4712225147122251
4712222
47122219
471221701201985
47122143
47122108
47122088
471220773
471220752
471220727
471220708
471220632
471220630
47122060128
4712206
471220533
471220520
47122049
47122046
47122045
47122043
47122039
47122036
471220334567899
471220309
471220209
471220204
4712202
471220118
471220110
47122009
47122002
47121975
47121944
47121931
4712193
47121912
471219
47121883
47121876
47121870107
47121870101
4712182
471218
47121731
471217
47121676
47121652
47121649
47121604
47121520
47121518
47121449
4712143
47121423
47121416
4712141
47121401
471214000141
47121339
47121325
4712132
4712129a
47121298
47121234
47121215
47121205
471212
471211av
4712118
47121139
47121129
47121124
4712110509
4712110130
4712110120
4712110104
4712110041
471211
471210YuKo
47121082
4712108
47121074
47121072
47121066
47121033
471210240
4712101583
47121010137
47121004
4712100024
471210
47121
4712099r
47120977
47120969
47120920
471208maganda
471208976
4712088
47120816
4712080
4712078
4712076
47120753
47120749
4712074
47120720
471207
47120675
4712066
4712064
47120621
471206
47120571
4712055ja
4712055008
471205469964
4712054
47120529
47120510
4712046
47120431
47120429
4712040113140
4712040
47120395
47120381
4712035871
471202572
471202528
471202396
47120227
47120224
47120220
471202051108
4712020212
471202
4712017
4712014
4712012
47120100
47120099
47120030
4712001321
47120008
4712
4711watersave
4711tw12
4711pd
4711nuhq
4711nannytoon
4711ms29
4711monkey
4711mlf
4711ml
4711mika
4711lovely
4711ka
4711emory
4711emil
4711edc
4711dom
4711bp
4711L.B
4711FOUR
471199
47119862
4711980
471198
4711977
4711968
4711960
471195memo
47119367
471192136
471192130
471192113
471192108
47119193
4711907
471190
47118898
4711889
471188
47118716
47118708
471184130
4711811
471181
47118063
4711806
47118054
47118052
47118013
47117989
47117976
47117914
47117873
47117829
47117823m
4711780
471178
47117797
47117789
4711778
4711776
47117757
4711773
47117678
4711764
47117585
47117580
4711750
471175
47117423
47117387
47117362
47117361
47117347
4711734
47117335
471173336
47117333
4711733
47117320
47117307
47117298
471172861
47117282
47117275
47117257
47117219
47117189
4711718
47117174
47117171
47117142
47117105
47117086
47117072
47117070
47117031
47117019
47117012
4711699
47116950
47116930120
47116930088
47116930017
4711693
471169
47116847
47116842
47116759
47116740078
47116736
47116730056
47116730038
47116730019
47116726
47116720151
47116720068
47116720037
47116720030
47116720006
471167
47116695
47116670020
47116620
47116607
471166029
471166024
471166001
471165955
47116587
471165
47116475
47116437
471164
47116397
47116372
47116330
471163
4711629
47116215
471162
471161572
471161053
471161009
4711604140166
4711604042
47116040
47116032
471160177
47116017
471160153
471160137
471160136
471160128
47116009
471160067
471160047
471160042
471160035
47116001
47115969
4711596
47115910
4711590
471159
471158bf
47115894
4711581
47115803
471157
47115639
4711560
4711553
47115506
47115456
4711542
4711537
4711531050
4711531041
4711531025
471153083
471153023
471153020
471152831
47115268
4711526
4711525
47115233
4711523
4711522
471152
47115187
47115173
47115167
47115147
4711513
4711512
47115113
47115103
471151
47115097
47115081
47115077
47115068
471150500
471150456
47115031
47115019
47115005
47115
47114970
4711497
4711483
471148282
471148117
47114707
47114699
47114640
47114624
47114582
47114574
47114475
47114438
47114401
47114376
4711434
4711430
4711428051
4711428047
4711428044
4711428032
4711428028
4711428010
4711428006
47114276bt
471142580000
4711425037
4711425004
4711421
4711415007
47114149
4711414333
47114135
47114117
4711410113
4711410084
4711410077
4711410012
471141001
4711409511
47114064
47114048
47114040
471140240
47113865
47113840
47113824
47113821
471138
4711374000
47113709
471137034
471137
47113667
47113592
4711350040
47113444
47113426
47113422
4711341003
47113402-2329
471133567
47113352012
47113339
47113329
471132527
4711321
471132
47113170
47113139098396159
47113133
47113123
47113122
4711312040
47113118
4711311028
4711310150
4711310149
4711310148
4711310103
4711310080
4711310052
4711310032
4711310026
4711310014
47113056
47113055
47113052
47113050
4711304102
4711304076
47113036
47113031
4711301220
4711301115
4711301105
47113011
4711301056
4711301
47113
47112rod
47112d
4711297
47112958
471129507
471129104
47112859
4711285
471128
47112792
47112780
4711276
4711272
4711268
4711256
4711255600
47112545
47112537
47112520022
4711250130
4711250082
471125
471124945183
471124645283
471124445159
471124346463
4711243447569
47112418
47112415241
4711241468
47112414
471124124
47112388
4711236
47112354
4711234jh
47112339
4711233513
47112312040
4711230314
471123
47112266
47112255
47112249
47112233
47112232102
47112232063
47112232062
47112232046
471122141
4711221277
471122126
4711221181
471122118
471122115
471122110
4711220676
47112206
471122019
471121c
471121alek@
4711218456
47112180
4711218
4711217
47112169
4711216048
4711216041
471121505
47112133
471121203
471121201
471121131
4711211
47112107hm
471121065
47112106
4711210528
4711210431
4711210412
4711210350
4711210301303
4711210301
4711210286
4711210275
4711210265
4711210262
4711210240
4711210192
4711210185
4711210105
4711210031
4711210
4711208133
47112081
4711205416
471120516
47112045
47112044
47112038
471120329
471120314
471120311
471120306
471120042
471120034
471120026
471120007
471120005
471120
47111love
47111984
4711194
47111927
4711189
471118
471117642631
47111756icih
47111653
471116052
471116021
4711160
4711155
4711153
47111515
47111511
471115017
471115
4711142
471114
4711137
47111365
4711134
4711133
47111320091
47111320064
47111320032
47111320027
4711132
47111315
47111310027
471113
4711129
47111232
4711120272
4711120103
47111174
4711116025
4711116
471111524
4711114014
4711114005
4711113032
4711112430
4711111972sa
471111195
47111111
471111081
471111040
471111035
47111102042
47111102
4711110117
4711110106
4711110070
4711110007
4711110
4711108025
4711108024
4711108022
47111065
47111062028
47111062026
47111055
47111042049
47111042022
471110345
471110341
47111032036
47111032033
47111032031
471110311
47111021
47111019
471110169
4711101121
4711101030
471110
47110986
47110984
471109538
4711093
47110919
47110911
471109
47110895
47110887
47110879
47110820
471108101
4711081
4711079
471106988
471106954
47110687
471106467
47110631989
471106228
471106116
4711060246
471106
4711059
47110582
47110580
47110579
4711056426
47110531
471105178
471105112
4711051
47110506
471105055
471104782
4711047110
4711047
47110469
47110459
47110448
47110425
47110424
47110410
4711040
47110372
4711036
47110359
4711033018
4711031605
47110316
4711031
47110300
47110272
47110270
47110267
47110236
47110234
47110232
47110230
47110214
47110210012529
47110202
471101wk
47110197
47110192na
47110185
47110177
47110166
4711014
47110122
4711012018
47110116
47110113
4711011020
4711011015
4711011011
47110097
4711009611
4711009576
4711009532
4711009520
4711009509
471100940
4711009345
4711007
471100647443
47110063
471100545446
471100545194
47110051
47110048
47110045
471100416
47110038
471100345341
47110025
471100189
47110010274
47110010263
47110010074
47110010039
4711001
47110009
471100071
47110001
4711$&!!
4710nene
4710gochis
4710do
471098
4710968
4710963861
47109638
4710963614
4710963374
4710960248
4710960024
471095842
471095
47109495
47109400
47109250
47109228
4710919ca
47109111
471091
47109070188
47109021
4710901076
47109010478
47109010442
47109010421
47109010397
47109010331
47109010314
47109010252
47109010102
471090
471089
47108881
47108733
47108667
4710855
4710847108
4710837alealanes
4710828
47108203
471082
4710812
471081
4710809
4710808
4710801103
4710801100
4710801009
4710800
4710797
47107750
47107727
471077008
4710764
4710756
4710752
4710751126
4710750185
47107443
47107439
4710743
47107421
47107416
471074
4710737
471073514
47107321
471073008
47107222
471072
47107164
47107131
471071177
471071176
471071156
471071127
471071049
471071
47107010099
471070072
471070022
4710677
471067
47106679
4710663164
4710662
471065po
471065
4710642
4710631
4710620024
471062
47106141
4710612500
4710612476
4710611841
4710611783
471061120
471061104
471061103
471061088
471061074
471061050
471061033
4710610272
471061
4710608
4710604
4710601077
471060065
471060029
471060013
471060007
47106
4710596
4710588
4710586
47105846
4710582
47105775
4710560113
47105580
4710554
4710548092
4710540brenda
4710535
471053389
471053
4710529
47105237
47105210
4710520117
471051119
471051111
471051075
471051054
471051029
471051
471050ml
47105022
47105014
471050114
47105010136
47105010091
47105010049
47105010044
4710501
471050035
471050024
471050
47105
47104971
4710483
4710482
47104818
47104817
47104815
47104807
471048
47104776
47104710
4710471
471046
47104583
471045788
4710454
4710448
471044
4710437
47104313
47104156
4710413
47104120311
471041034
471041016
4710407
471040266
471040219
471040216
471040127
47104010199
47104010146
47104010050
47104010047
47104010
471040091
4710400810
471040062
471040054
47104-1
47103841
471037s
47103742
47103700
4710370
4710363
471035937
47103536
4710353
4710351
471035
471034901625
47103471
47103416
471034
4710335
47103304
471032
47103152
47103148
471031281
471031266
471031227
471031206
471031171
47103111
471031091
471031085
471031073
47103091
47103072
47103070315
471030266
471030152tik
471030140
47103010539
47103010535
47103010376
47103010350
47103010283
47103010273
4710301023
47103010146
47103010126
471030
4710297
471028amor
4710285e
4710284
4710282
47102777
4710275
471027043
4710270
471027
4710262
47102617
4710260102
471026
471025630
4710254
47102518
471025
47102468
47102454
471023802
471023800
4710237
471023
4710227M
47102269057
4710225
47102243
4710224
47102212
471021443
471021395
471021365
471021351
471021304
471021290
471021282
471021250
471021204.47
4710212032
471021203
471021178
471021154
47102115
471021113
471021086
471021083
471021080
471021063063
471021038
471021*15=siesgol
4710202
47102010560
47102010556
47102010539
47102010488
47102010456
47102010355
47102010323
47102010291
47102010224
47102010095
47102010013
4710201
471020056
47102005
471020021
471020018
471020014
47101993
47101989
4710198
47101969
4710195197906
47101951
471019440
4710194
471019
47101886
47101884710189
47101841
47101833
4710182
47101811
471018
4710174
47101722
47101639
4710160609
471016
4710158
47101541
47101524
47101518
47101512
4710151
4710150
47101489
47101479
4710147
47101462
4710145
4710143315
47101431
47101415
4710140
4710137
4710135406
4710135
47101340
4710132516009
4710132514016
4710131
47101308
47101290
4710127
4710125414098
4710125414042
47101254130701
471012541
4710123431001
4710123422025
4710123422020
4710123421010
471012331805655
4710123318055
4710123318052
4710123312002
47101233
4710122518037
4710122518017
4710122507070
4710122507064
4710122118017
4710122115099
4710122111003
4710122108023
4710122108005
4710122104009
4710122
4710119
471011311
471011261
471011178
471011127
47101112
4710111
471011070
471011028
471011019
471011006
4710106
471010510
471010484
471010456
47101038
471010374
471010360
471010341
4710103
47101027
4710102128
4710102113
471010202
471010193
471010143
47101010178
471010059
471010051
471010013
47101
47100isz
4710090
471009
47100896
4710088
4710074
471007
47100656
4710061229
4710061013
47100609
4710060312
4710060122
47100575621392ga
4710057
47100558
47100536
471005018
4710049
47100471
47100458
4710045
47100437
4710041
4710039
47100372
4710035488
4710033100
4710033
471003
4710029
4710026
4710023
47100211
471002040743021
47100185
47100180
4710016
471001536147205
4710015
47100128
4710010400
4710010301
4710010
471000978
4710004849
4710003
4710002525
4710001
4710.2.
471-0361
470w3u
470vh4
470treeside
470plumpaper
470plane
470iwigilc
470ijogv
470hnn
470d4225
470alias
470GANGSTA
470BABY
470APTB
4709spt
4709nc
4709merion
4709hhdpmna
4709beau
4709986
470998
47099779
4709927
470990000
47098eciu
470988
470984
47098300
470982
4709817
47098126
4709812
470974071026
470972
470971
47096d
4709688
470968
4709650487
470963454
47096313
470962
4709615621
4709614905
4709614749
4709614061
4709613998
4709613378
4709613279
4709613162
4709613
4709612990
4709612123
4709611711
47096116877
4709611554
4709611273
4709611067
4709610366
4709601236
470959
470958vg
470955
47095222
4709520227
4709477
4709467
470946522
470944476
470943
4709423
470940
470939
4709345
470934
47093083
4709301
470930
470929
470928
47092748
470926
47092448
4709223
470921
4709195siang
4709187d
4709184a
47091744
4709169
4709167
470915
4709146
4709120427
470912
4709118
470911
4709103
4709102
47091
47090865
47090844
47090806
4709078
470907
47090653
47090626
470906
4709046
4709042
47090355
4709035044
47090347
4709032
4709030383
47090258
47090232
47090177
4709011
47090062
47090054
470900049728
4708wambara
4708nikos
4708n73
4708kress
4708kids
4708chaf
4708bivensdr
470899
4708977
4708971
47089507
47089002
470890
47088817400905
4708878
47088699
4708862
470885
470882653
4708826
4708810
4708804
4708802
470879
4708785
47087842
4708722
470871
4708674
470866045
470865
470859
4708584
470858
47085414
470853
4708529
470850
4708479
47084708
470846
4708459
47084561
470844
4708418
47084122
4708406
4708384
4708344
4708338
47083340
470833
4708325
470831k
4708313
470830k
470830054175
470830
4708295
4708287
47082647
47082532
47082455
4708237
4708233
47082200
4708207
47082052
4708205
4708200
47081994
470819625
4708187
4708181
470818
4708165
4708161
4708148
47081450
470813
4708118
470811022
4708110
470811
47081088305200187
4708102
470810044
47081
47080999
4708093
470809
4708084
4708077
470807
470806
47080551
470805
4708045
4708042
4708032
4708031
4708025
47080214612529
47080205
4708004
4708003
4708002
470800
4707sb
4707rusk
4707melwood
4707long
4707deep
4707aliya
4707Cherokee
4707BEARD
470799
470798
4707978
470797
4707953
470795
470790000436
470790
470789j
4707889
470788
47078797
470787
470786
4707807gls
4707801
4707783
47077774751001
470777
4707758
4707752
470775
4707735
4707724
470772
4707712
470770
470768
4707675
4707666
4707662
470766
470765
4707610467
470761
470759
4707571
4707501260
4707455
4707448
4707431
470741
4707396
4707394
4707374
4707364t
470735
47073350
4707325
470731sd
47073173
470729
470727
4707262
470724
47072268033
470722
47072
47071985
4707197
4707193
47071893
47071808
47071775
47071652
470715003
470714052
470714
4707131
4707125
4707114011
470710
47070965
47070948
470709046
470709
4707085
470708101079
470708
470707
47070594
4707059
47070514135760712
47070492250
4707045
4707044
47070355
4707035
47070347
4707034
470702457203
4707022
470702
4707018
47070156
47070135
47070123
470701
47070079
4707007136
4707006005
4707005
4707004794
4707004414
47070044
4707004174
4707004
47070034
4707002525
4707000040
4707
4706wuil
4706tw
4706love
4706kp
4706jr
4706hx
4706hw18
4706amore4u
470699
470697
470692
4706881
4706879
4706862
4706861
470684
4706823
470681
470680
4706750
47067342
4706733
4706721158
4706710938
4706710797
4706708
4706705
4706700319
47067000319
47066978
47066799
47066526
4706651
47066473
4706631
470662
4706614056
4706612449
4706610476
470661
4706606
470660
4706590
470656
4706559
4706555465
4706544873
4706539741
4706539
4706534825
4706531383
4706530591
4706526466
4706520436
4706520022
4706518703
4706517
4706500032
470650
470647064706
4706459r
4706439
4706430545
4706429695
47064258
4706413
4706407220
4706395
4706393
47063901
4706378
47063727
470636dear
4706363
47063623
47063521
470635
4706342
470634
470633r
47063268
47063220
470631h
4706302
47063017
47063003
470630
47062849
47062757
47062682
470625th
4706230
4706229715
4706228402
47062278
4706227
4706225515
47062252
4706224958
4706212539
4706211416
470621
4706201094
4706195098
4706188234
4706183359
4706181122
470618
4706179
47061761
4706169705
4706169499
47061650
4706158955
4706158104
4706156482
4706155761
4706155307
4706153519
4706152412
47061494
4706147
4706145325062640
4706143
4706141802
4706138
47061379
47061363
4706133933
4706132125
47061304
4706129
4706128719
4706126663
47061254
4706123760
4706123
47061212mm
470612
4706109651
4706107630
4706106
470610
4706098698
4706092915
4706088509
4706086115
4706086065
4706082239
4706078062
4706076744
47060694
4706067
4706064
4706062041
470606
4706058593
470605802475
4706056001
4706054
47060506599
470605
47060495765
4706048602
4706048586
4706048255
4706047661
4706039387
4706039031
4706034941
4706032
4706030121
470602b
4706029735
4706026376
470602458047
470602457386
470602457333
470602457317
470602456454
470602456155
47060242
4706024
4706023951
4706022588
4706021484
4706017722
4706013929
47060108033
4706010068
4706010042
4706010026
4706007624
4706005987
4706004902
47060017
4706
4705ss
4705sjr
4705rg
4705kaige
4705hall
4705a
47059976
470597193
470596
47059325
470592107
4705902
470589
470587
4705855
470584
470583
4705808
470580
47058
4705785
470577
470575nv
4705752.
4705747
47057332
47057229
4705717
47057120
4705704
4705700443
4705700419
4705700237
4705681122
4705681106
4705680694
4705680363
470568
4705670
47056668
4705666
47056643
47056635
4705661
47056584
4705656
4705653
47056197
470561164
4705610402
4705610253
4705610170
4705602
4705601
4705597
47055942
4705590
470559
4705579
470557
4705569
4705562
4705554
47055405
4705538
47055281477587
4705520098
4705520
470552
4705502112
4705500587
4705500553
47055
47054957
470549
470547
4705466
4705463
47054604
4705451j
4705447
4705422
47054192
4705418210
4705413
4705410119
4705402
47053764
47053717
470537
4705354
4705351
4705350
47053467
4705344
4705343
4705330
4705326
4705315
4705314852123
47053108
4705307338
47053053
4705301
4705295
47052811
47052804
470528
47052767DX
47052668
4705262
47052569
4705253
47052495
4705236
470523
47052248
47052231
470522
4705218
4705212
4705210
4705207
4705205
47052014
47052010
470519th
47051903
470519
4705186
470518
470517015288
4705167
4705166
4705160037
4705156
47051537
47051529
47051440
47051298
4705127
4705105
47050933
4705093
47050903
47050875
47050816
47050783
47050748
47050720
4705070por
47050689
47050672
47050651
47050630
4705063
47050602
470506
47050571
47050541
4705053
4705050
470505
47050423
470504
47050393
47050391
47050382
4705036
470503457935
4705032
470503
4705029
47050248
470502459170
47050239
470502304
4705021329
47050209
4705020016
4705020
470502
47050169
4705016600
47050162
47050150
4705015
4705014928
4705014837
470501455865
4705012930
4705012088
47050101
470501
47050098
4705009662
4705006247
4705005959
4705005181
470500247
470500235
470500172
4705001719
470500025
47050
4705
4704nisha
4704jr
4704au
4704WOOD
47049871
470498
4704967785
47049523
47049514215464
470495
47049249
470492
4704901
47048nc
47048908
4704890
470487
47048580
4704850loco
47048392
4704823
470481
470480041
470480030
470480020
470480019
47048
470477
4704748
4704747047
470474
47047382346863
470473
4704721988
470470bjl
47047030
470470019
470470018
470470006
47047
470469
47046833
4704670
47046631
470466
470465
4704644
47046326
470462023
47046182
47046060c
470460404
470460192
470460059
470460034
470460013
470460
47045pr
47045980142
470458
47045643
47045592
47045427
47045315
4704528118
470452
4704517
4704510
47045023
4704501859
470450076
470450054
470450048
4704500083
47044sm
47044984
47044961
470448
47044607
4704460
4704458
47044559
47044535
470445
47044494378
47044494175
47044494136
47044494103
47044492316
47044492210
47044492138
47044395
47044199
4704418528
4704418304
4704408204
4704408141
4704407227
4704407216
4704407132
4704407117
47044069
4704403115
470440256
470440250
470440184
470440148
470440137
470440136
470440061
470440054
470440012
470440
47043960110
47043934
4704393
47043918
4704387
47043781
47043741
47043734
47043659
47043610167
47043610147
47043610115
47043571126
47043475
47043471172
47043471113
47043411
47043370114207
4704333103
4704332
4704331229
4704331224
47043299
47043201
4704319
47043180141
47043180137
47043180102
47043170129
47043170112
470431537
4704313228
4704312
4704311239
4704311213
4704311134
4704311128
47043102
4704310
470431
4704305108
470430482
470430424
470430384
470430371
470430312
470430294
470430267
470430238
4704302212
47043020201
47043020173
47043020158
47043020154
470430143
470430067
470430047
47042970151
47042941124
4704288
470428
4704278
4704274101
4704270
470427
4704259103
4704251
47042504
4704249333
4704249317+22
4704249214
4704249129
4704249101
4704248108
47042478
47042461
470424237
47042409
4704240061
4704233
47042311201
4704216
47042110124
4704210
47042097
4704209
47041mnl
47041975
470417MA
47041787
47041720
47041712
470416bimp
470415791273079
47041576
47041540144
47041540129
47041454
470414
4704133r
4704129
4704118j
470411605
47041157
4704114
4704110
470411
4704107
470410048
47041.37
47040936
47040922
4704091
47040806
47040755
47040751
47040732
47040724
4704072
470407