t
4876nathan
4876mb
4876bj
4876991
48769828
48769754
4876954337625
4876954
4876934
4876915503
4876894
487689
487688tt
487686
4876858
487685
487683
4876788
487676
4876706
4876702
487669
487668
487666
487664
4876636
487663455
487663
4876618
48766
487659xxx
4876599
487654321
48765321
48765204
487652
4876516
48765155
487651
4876502
487650
487649848
487648
487647a
4876472
487647
4876457
4876455
4876447123456789
4876427
487642
4876410
4876409
4876381
487637
4876339
48763290v
4876326
4876318
487630
48762930
4876278
487627
48762399
487621
487620
48762
4876149770
4876141
4876134
4876133
48761316
48761313
487613
48761156
4876103
487610
4876094
48760821
4876074ca
4876069
4876057
4876038
4876035
48760185
4875j
4875bradswfc
4875anp012
4875alex
4875aaron
487598695
487598412
487596753
4875951
4875937
4875910
48759
4875889
4875882
48758659
4875852s
487585
4875834
487581
487578645362
4875784
4875781
4875744
4875741
487573
4875710273W
487570
4875691
4875673
487567
4875661
4875651
4875635
487562
487560110
48755ks
4875597
4875575
4875571
4875567
48755470
4875540
48755329054
487553
4875523
4875518
4875515n
4875512
487551
4875507
4875504403
4875500
4875492
48754919
4875487507
4875451
4875421
4875410
4875400
4875396
4875367
4875355
4875351
487531mg
4875311
4875305
48752920
4875278
4875267
48752652
487524875248752
4875237
4875220
4875210
48751991
4875195326
48751905
4875171
487517
48751542
48751336
48751299
487512345
48751230.
4875123
487512097
4875114
48751111
48750wel0
4875098
4875088
487508
4875052
487504
4875038
487503
4875025
4875021
487501
4875007
48750000
487500
48750
4874tc
4874pin
4874amp301206
487499789
487499
4874980
4874969
4874965441
4874930***
4874908
48748yfrqf
4874896
487488
4874878
4874874
487486548670423
4874855
48748541
4874849
4874835
4874834alan
487480
4874782
487477
487476
4874732
48747302281635
4874729
4874672
4874670soly
4874645k
48746025
48745602494669
487456
4874554
4874496
4874448744
4874443
4874442
4874425
487441991
487441
487440j
48744002
4874398
487437j
48743701
4874369
487436
4874325
487431
48742qewpa
487429
487426
48742512
48742421234
487421
4874207
48741991
487416
4874149
4874128700729318
48741
4874092
487409
4874088
4874080
4874071
4874064
48740624049
4874024rebecca
4874012
4874007
48740011
4873yy
4873stam
4873namanue
4873mom
4873elva
4873TH
487397
487395
4873946
4873941
4873938
4873936
4873906
4873905
4873900
487390
48738958
4873880
487386
4873850
487383740
4873835
48737mc
4873787
4873772
4873771
4873751
4873740
4873729
487372
4873712
4873702
487370113
48736_6
4873699
4873685j
4873651456
4873598
48735962
4873571xahora
48735699
487356
487355
487354
487351
487348kien
487348348
487348
487346
48734387
4873436segurity
487342
4873407
48734004
4873390+4873390
487339
487337
4873368
4873349
4873328
48733180186
4873314873
48733132
48732914
487329
487328
4873271
48732553m
4873248450
4873236
48732300
4873213
4873196
48731851
4873183
48731481
4873123
48731222
4873109
48731
48730fmvtn
4873098
4873085a
4873074
487307
4873060
487305
4873045010688284
4873024
4873020edonardo
487302
4873006
48730005t
4872y50162
4872marina
4872dolphins
4872dani
4872amixforevermag
4872987
4872968
487296
4872946_V
4872936
4872931
4872928
4872922
487291876
4872914
4872911
487288
4872863
487285207930
4872835
48728166
48728147
4872800
487280
487278
4872768
48727586
4872730925
487273025
48726jfvub
487268
487267
4872658476254862
4872647
487264
4872637414saji
4872633
487263195032
4872604
48726**phong
48726
487259
4872566
4872530J
4872524
4872519
4872511
487251
48724tello
4872487
4872486632hning
4872444
487244065
487244057
487244-4-
4872415
48723caro
4872358
48723502
4872337223
48723246854205
487231
48723063
487230011
487229MJ
487228
4872270
487225jj
4872254
4872253
4872251
487225
4872217
4872214
487218
487217
4872162
4872160aras
48721574994
487215
4872148
487213a
4872135968712657
4872135
487212773psl
487212773968431187
4872127733
4872118
48721161992
4872113_dj7
4872101569
487210
4872099
4872094
4872092
4872075
4872073
487207
4872063
487206
4872058
4872054
487205
48720496
487201
487200cc
4872007
487200
4871wrc
4871scarface
4871jx
4871cat
4871bmbm
4871994
4871983
487194
4871936
4871922
4871917manuel
4871903
487187
487186
4871850
4871849195K
4871848
487183
487178192697
4871780
4871769
487176
487173
4871719
4871715
487171
4871706
4871704
4871697
4871694332
487169
4871668
487166
4871655
487164
4871637
4871622
48716185
487160
4871589
4871584sam
4871575
4871561
4871551
4871548
4871540
4871529
487152
4871508
4871497
4871495
4871488sn
48714570MP
4871448
48714462
487144
4871425
4871396
4871377
4871365
4871344
487132
4871316
487131314
4871308
48713025
48713009
487130
487129
4871284
4871273
487125639
487125
48712345
4871234
4871210045
48712001
4871198
4871191
487119
4871188
4871184
4871183
4871180948061248473
487116
4871156
4871147
4871138cgm
4871138C
4871133
487113
48711062
48711052
48710758
48710666
4871065
48710611
4871053
487105
487104523429100
487104
48710396
48710358
4871033
487103
48710248
4871018
4871015
48710109
48710085
48710045
4871002
4871
4870yaya
4870sw12
4870sd
4870`1
48709hdryj
48709962
4870988
4870983
48709633
487096
48709188
48709051
487090309
487090
4870893
487089
4870888
48708861
4870883
4870877
48708765
4870871k
487087
4870862
4870843398I!
4870835
487081065
48708094
4870801
4870800
48708
48707746
48707721
4870752
48707431
48707188
487070p
48707080033a
48706943
4870676
487067193+
4870663
487065811
48706434
487064
487063886ginger
487061406
487061
487060987
48705rnrik
48705931
4870577
48705715
4870563
4870544
4870536
4870534
48705223
48705220200
4870522
487051kl
48705139
48705130060
48705035
4870497
48704936
487048854
487048364
4870471
487045370
487045207
48704429
4870436
487043
4870422521
487041901
4870419
4870416
4870407
4870402
4870401
487040041
4870370
4870355
4870340
487033
48703218
487030mds
4870309
48703032
48702929
4870282
48702741
487027301
4870267775
4870266
487025707
487025270j
487025270
4870242
48702392
4870237
487023
487022472
487022
4870211m
487021
4870203
4870201523J
4870191
48701873
4870187
48701845
48701791
48701640
487016
4870158
48701540
48701513
48701404
48701400
487014
4870137
4870133
487013
487012
4870111
487010247
48701014
48701012
48701
4870095a
487009
4870087
4870079
4870074857
4870070865707781
487007
48700676
4870048
4870044
48700389
4870023
4870014
4870008325
4870004
4870-b
487-00usf
486xzx
486xp42
486xbytt57
486t4r
486sx33
486sx1
486skincare
486ngnsx48
486mpncv86
486mil
486love9464
486lol
486kill999
486jokey
486johar
486iee
486hhpni
486f746584sda354d3s5a4d63
486eqvat
486dx4
486doodlelady
486dingo
486dcfqw
486chazychaz.123
486b92de
486_porto
4869zhiling
4869yyfrt
4869toxin
4869ping
4869la
4869korea
4869kd
4869jpamb
4869hunyg43
4869hp
4869holmes
4869fa
4869door
4869boycrazy
4869anime
4869aa
4869a32
4869NIi
4869CoNaN
4869A4869
48699uugzf
486999
486998
48699684
4869959138
4869949r
48699311122
4869907
486990
48699
486988
486986568k
486985
4869845
486983672
4869833
486983266
4869827
486982
48698
486979
486978
4869764
4869763
486976
486973pp
48697002
48697
486969
486967477
486966056
4869639
4869633
486961
4869602
486960
48695iytga
48695789
4869574789654
4869574512
4869574
486957135
486957123EmO
486957123
486956
486953
4869513
4869511
48695
48694912
486949
4869477
486946
486945shin
486943254a
486943
48694293
486942646
4869369
4869366
4869339260
48693373sj
4869334
486932
48693160406
48693137
4869311k
48693103
4869303
486930041K
48693
486926245
486926
486925245123
486925
486924792
486924
48692383
48692303
486923015
4869221
4869204
486920270
4869194
48691859
4869183183
48691769jm
486915
48691446
486914121999
486914
48691369
48691354
4869120790
486911891
486911351579
48690929
486909
4869081
486908015
486908
486907979
48690616
486905345
4869023
4869021177
48690180
4869000
4868road
48689vhecm
4868993
48689788
4868977a
4868913
486887013
486887
486886
4868851
4868836
486883371
4868806891
4868784
4868778
48687635-q
4868758
4868752r
486872
4868717
4868712
48687007
486869A!
4868697
4868691482
486868881
486865
4868648291
4868645
4868637
4868629
486860563
48685jimmy
4868593
4868592
48685763
4868568
486855a
486855
48685425
486854
4868528
486852
486851
48685024
486848684868486
486846c
4868456
48684555
486845123
486844dany
486844803
486844
486841g
486837h
486837cv
486833
4868312417
48683120123
48683014
486830
4868297
486828410
4868281lol
486827
486826
48682413
486822
486821234974
4868208
486820
4868189
486818692
4868163
4868146
486812j
4868116
4868112
4868097j
486809
4868080
486808
486805aam
4868055+
486805
4868037
48680269
4868013
486801
4868007
486800
4868
4867neeh
4867mj20
4867mc
4867jrmkd
4867jaiden
4867clev
4867calle103
4867990
4867960
48679521325
4867952
48679513
486795123
48679512260062
48679456
486794159
486793512
486793
4867927375
486792531
4867923
486791352
4867895
48678721
486786
4867856
486785
4867832
486780
4867796
486779
4867787
486777
4867761
486774
4867719
4867712
4867695
486762m
486761
486759w
486759947531
48675978901
48675952
4867591320
486759123
4867591023486759
486759$$$
4867547
486753
4867465
4867464
486746
4867432
486742a
4867422
4867413
4867406
486739
4867358
486735
4867346
486732140034
48673140212
48673140092
48673140034
48673130086
4867313
4867302
4867255
486723
486722
4867202
48672
48671h
486719
4867183
4867141
4867138
4867129creepyluv
4867129CREEPYLUV
48671286
4867123
4867122
48671135
486711
486710
4867094
4867087
486708558388
4867080
486708
486707j
486706
486705
4867020
4867015
4867010
486700
4866upefa
4866rda
4866jg
4866ernella
4866cmt
4866bella
4866LE
486699944
486698
4866931
486692327
4866913
4866907
4866906
486690
486689
486688
486687
486684905a
48668478
4866844l
486684456
486682
4866811
48668000
486680
48667978
48667813
48667779
4866757
4866726
486672
4866710
486671
48667
486669
486668
4866663
4866654101
48666302854815
4866606
4866577
4866571
4866565
48665603
4866560073
486655
4866543
4866529
48665219
4866520
4866483
486648
4866463260
4866461207
4866461058
48664571992
4866456838
4866440177
4866440169
4866440128
4866440011
4866424
4866406
4866402
48663737
48663633
4866360110
4866351
4866349
486632
48663174
48663156
48663008
4866299
4866296
4866288
4866271
4866264056
4866263777
4866263546
4866263264
4866262118
48662605
4866260070
4866253
486624555
4866240353
4866240213
4866230610
4866208
48662068
48662026
48661982
4866193
48661896
486617
48661647
4866163621
4866163555
4866163548
4866163217
48661611
4866161047
4866160098
486615973
4866153
4866152
48661516
48661449
48661425
4866141031
4866140413
486614
48661302
48661296
486612584112529
48661243
486610203
48660999
4866095
4866085
48660633
48660626
4866060
48660572
4866035
48660053
48660
4866
4865sam
4865cairns
4865bouk
4865bo
4865SISSY
48659ryl13
48659963
4865977845
4865972135987
4865957
48659320
486593
4865922
486592
4865919
486591
4865904
486588
486587
48658538
48658444
4865800
486580
486579ivan3rose
486579987
4865798
48657978
486579213964582
486579213
4865791532
486578912384268
4865789123
486578
486577
48657332
4865684herbert
4865683726
48656720
486566
486563
486562
4865616
48655gh
486558
4865571
486556328
486555555555555555555555555555555
4865534
486553201
486552113
486551
4865507
48655
48654rk
4865494
48654865544
48654861
486548
48654789
486547
4865469p
486546
486545685353
4865455
486545
4865441
486544
48654265
4865422
486542
4865419
48654
48653891
4865377
4865376a
48653577
4865352
486535
486532
486531
4865309123
4865298
48652846
48652825
4865281
486528
48652788
4865274
486525labuz
48652519
486525
4865248652
4865242
486523917
486523
4865227
4865213pim
4865210
486521
48652020
4865195
48651855
486515320grey
486514790210
4865141588
4865135
4865132
486513
486512a
4865123789
4865123
48651219sc
4865120**
4865120
486511D
4865119
48651032
486510
48650hpss3720asl
4865063048
4865062037
486505
4865048
486503
4865020
4865016
4865007
486500314
486500
48650
4864k
4864hung
4864hd
4864gorham
48649polymer
4864997
486499486499
486497
4864949
48649421
48649350
4864905
48648gunit
48648a
4864896
486489
4864880711
48648700
486487
4864867895
486486789
486486486ozge
486486486DANBEAMBIG
486486478
48648625379
48648622
486486157
48648566456
4864850
486484
4864818
48648170
48648
4864718
4864706s
48647
48646822
48646622682488
486465
486464L
4864646
48646255
4864611
4864602v
486460
48646
48645acaif
4864590
486456153123123
4864559
4864549
48645484584
48645452
486452
4864511
48645
486449a
4864499ky
4864486
486448
486447
486446
4864444
4864414
48644111
486439
486438
4864357cgz
486433
48643283
4864328
4864314
486431
4864302
4864299
4864273026
486427
486426aM
486426759153eb
48642656
48642648624
486426471471
486426456
486426357
486423
4864219
4864212
48642079
4864204
48641cat
486419
4864188j
4864185
486418
4864175
486417
486415Con
48641476
4864142
486414
4864130623
486412
486411m
4864112
48641113
48640a
48640857
48640642
486406
48640581
48640544
48640505
4864049
4864045
4864044
48640321
486403012
48640277
48640109
486400
4863mainst
4863ko
4863ab
486399
4863985
48639626
4863901m
48638axshs
48638888
486386
4863858
4863822
4863811
4863810
486379
4863781
4863771wp
486374
4863738
4863723
486372
4863719
4863712
4863693
4863690
4863673
4863643
486362t
48636200
48635j
4863588
4863579120
4863578951
48635555
4863553
4863552abc
4863522
486349CL
4863483
486348
4863441
4863421
486341
486339
4863364
486336
486333
4863311
48632938
486329147
486329071993
4863284
4863267
48632587485
4863248198
4863245
4863223a
486322
486320501
4863178
486317428
4863167
48631501047
48631263
48631206
4863110
4863101104
48630773
4863049
4863030
486303
4863019
4863016v
486301041110
486300486300
48630019
4862yency
4862star
4862sex
4862sebastian
4862rohab
4862p5
4862leop
4862haha55
4862dent
4862chan
4862bp
4862bh$
4862bahama
4862asdf
4862asd
4862amp
4862ames
4862a011
4862_qw
4862ZAI
4862MEW
4862MANUEL
4862974
4862957
4862951753
48629515
486293
486292
4862898
4862897
486288i
486288F
4862886
4862878
486286st
4862867
4862859
4862846
4862825
4862821
48628189455700
4862811
486281029
486281022
486281004
486280a
486279686
4862795130
4862795
48627946135
48627913852
486279135YACKY.
486278112
486276022
486275931
486275913
4862759
48627539510
4862753951
4862753159
486275
4862741
4862726
4862707
48627
4862696
486269
48626899
486268540
48626840
486268
486267
48626620
486263d
48626219
486262
4862619
4862607
48626023
48626021123860
486260
48625x
48625k
48625b
48625J
486259d
4862597741
486259718
4862596
486259541po
486259541
4862593
48625896
486258625
48625852
4862583
486257931rit
4862579315
486257913k
48625791325tnvm
48625791300
48625777
4862573195
486256120
48625605
486255kate
48625557
4862554
48625533
486254jp
4862547
48625456
486254
4862539710s
4862536
48625353
486253197
48625310412
48625179
486251739
4862513795
486251379
48625123
4862511as
4862510
486250b
486250am
486250465879
48625000
486250.
48625.
48625+
486249s
4862498
48624896
48624895
4862486579
486248624862
4862486245
486248624
48624862326598xd
4862486215937
486248620
4862483
486248227
486248216
486248141
486248130
486248117
4862479135
48624789
4862475
4862466
486245c
48624598
486245858
4862456852
4862453
4862448624
4862442684
48624390
486243
48624268
486241983
48623960
486239
4862383
48623791
48623774
4862366
48623625
486236011995
4862357
48623451
48623333
4862327
48623179821995
486231597
48623157
486231166
4862311
4862305
486230
486229
4862281
4862272
486227
486226845
4862267b
4862267
486226
486225100
48622503
486224et11189
486224
48622242
486222
4862209
48622066
48622049
48622047
48621mol
48621994
48621985
48621973
4862193
4862192
48621863
486218549+
486217935b
486217935.
4862179300
48621788
4862175390
4862173
4862171038
486217
48621651
48621597530.+
4862159730
4862159111
4862157934826159357
486215793
48621559
486215318319700499
4862150493
486215
48621474
48621465333463
486214
486213975
486213794613
4862137946+13
486213790
48621379-*/
486213579x
4862135
4862134679
48621237890
48621233210
4862123
486211a
4862110119
4862110112
486211
4862100jemeroo
486210
48620965
48620927
486209
48620880
4862071
48620630
4862059
4862058
4862050
4862042
4862041
486204
48620385
4862032098
486203101
4862030
486202684
4862021
48620202
48620194862019
486201793.
4862013579
4862012
486201
4862004
4862000
4862.jeff
4861yknip
4861kick
4861jenn
4861jeep
4861el
4861TONITO
4861QTH
48619988775
4861998877
4861998
4861988
486197532
48619735
4861970
4861950
48619482
4861936
4861892
486189
48618817
4861875
4861867
486186
4861842
4861826
4861819
4861798
4861785
4861772
486177
486176
486175350
486175
4861738
4861737d
486172X
4861721
4861718
486171
48616982
48616893
4861682
4861649
4861606
4861604
486158
4861572
486156814
4861565
486156
4861545
486153r
4861538
486153759426
48615336
486153279
48615327
486153023
4861522
486151
4861491
486147
4861467
48614649
4861459
486142
4861410250
48614025
48613975
486138
486137952
4861379
4861351
4861331q
4861322
486131
4861309
48613077
48613049
486129
48612724
48612507
48612471
48612444
4861241
4861237
48612363
4861235
48612340
48612303
486122jd
486122695
4861226
48612254
486122530310
48612232
48612206
486122
48612188
48612181
4861217
4861215
48612142
48612135
4861211
48612102
4861210192
486121
48612099
48612077
48612049
48612042
4861204138
4861204049
4861204011
4861203013
48612020232526
48612010
4861177
4861174
486115
486114
4861110124
4861110005
48611076
48611035
48611032183
48611032
48611030
486110
4861095926
4861089
4861085
4861072
4861051
48610485
4861045
486103
4861028ึ
4861028
4861020
48610120
48610091
48610060
48610027
48610009
486100
4861*2
4860so
4860mrs*
4860mom
4860lost
4860kate
4860jkm
4860fast
4860cute
4860cl
4860KW
48609mm
48609945
486099
4860971179971
4860971
4860955
4860932
4860926
486090
486089027
4860856
486085232
486081432a
4860778
4860763
486074
486073j
4860732469505
486072138659
486072
48607155
4860704
4860702
48606999
4860676
4860662
486065518
486065345796961863
486065
4860648932109345
4860648
4860647
4860646218
486064
486062483
4860622
486062012
486061
4860609
486057
4860557
48605301
486052
4860507
4860500245
486050
4860498
486049
486048710
48604860a
486047974420
4860474
4860447
4860434
4860414
4860413
4860407
486039
486037
486034
4860322
486031bt
48603066
4860298
486029263
4860290
4860273
486027173
486027
486026287
4860255
486025
486024478
486023667
486023
4860227
4860218
486021347
4860204
4860203086_62
4860201
486020
48602
48601793
4860169
4860128687
4860123
4860111
486010y
486010034
486010025
486010
486008
4860077C
4860077
4860068
48600448181
4860017413
48600048
4860.MC
486/76
486/69
486-98-8175
486-0456cf
485tuxkt
485tory
485rffcr48
485nazqT
485mint
485mhcc
485holl
485hills
485f485
485ev5200c8x
485ehb
485dkwmn97
485daewoo584
485cap1
485bus4
485badfix1lc
485b4851165f1
485=1502
4859love
4859MAISARAH
48599999
48599902
485999
4859984
48599817
485998
4859960
4859956
48599553
4859954
485994
4859932
4859914
485987adj
48598689
485986
4859854
485983088a
485983
4859792
485977
4859750
4859732
4859717
485970
48596ijxnp
48596857
48596708
4859649123
4859646
4859636nr
4859635
485963258
485962m
48596250
48596248
485960
48596
4859589
4859579
4859578
4859523
4859519
4859509
4859502jb
485948
4859474
48594682
4859467
4859456
4859440
4859434
485943324
4859419
4859404kab
485940115
4859386
4859378
48593584
4859343
4859332
485933
4859321
4859305
4859287
485928461
485928
4859269
48592600
48592553678
4859255
48592536
485925
4859239
4859236
4859196nerito
4859196
48591676
485916720
4859155
485913c
4859136
4859127
4859112
485911
48590794
48590697
48590677
4859062
48590590
48590584
48590500
485905
48590485
48590476
48590450
485904
48590381
48590378
48590363
4859035
485903
48590257
48590253
48590124
48590063
48590054
48590010
48590
4858zvqij
4858tf
4858krissa
4858fish
4858bente
4858Tamo
4858LEStari
4858JT
48589930
4858985
4858971
485894
4858937
4858930573
48589137784
4858913
4858911
4858873
485887
4858855911
485884
485883506
4858823
4858818
485881
4858804
485880
4858788
4858781
485875
4858730j
4858730
4858723
4858722
485872
4858710
48587010
485869i
4858691t
485869
485868b
4858688ll
4858681987
48586681
48586629
4858662
4858657
4858648586
4858633nenita
485861986
485861983
48586152
4858603
48586
4858585
485858
48585799
4858572
4858545
48585358
4858531
485853
485851
48585008
48585
4858487
4858475
48584523
4858448
485843
485839
485836
4858355
4858351
4858333
4858331
4858320.
485828
4858266
4858247
48582415
4858239
4858221
48582006
48581m
4858194
485818l
4858183
4858177
485813292
485812
4858104
4858082
485807
485806
4858051
485804
4858035
485803472
4858024
4858006
48580
4857vg#
4857tin
4857korn
4857home
4857ftgxk
4857ahtram
4857ab
4857SSn
4857999
4857959658
48579461
485793
4857926
485789
4857874
48578629
485786
485785
4857844
485784
4857834
4857815665
4857799
4857797
485779
4857781
485775M
485775
4857733
4857725
4857722k
4857713
4857712454
4857710z
48577
48576932111045
4857656
4857648756
4857621
4857613578
4857612
48576102
4857601dg
48576
4857598
4857596848
4857586
4857582946
4857572
485757
485756
4857554857556
48575
48574eanfj
48574859
485748574857
48574693
485745
4857447
4857446
48574234
4857413
4857410
4857406
485736461905
485736
48573446
485731996
48573110b
48572956
4857290
485729
4857278
4857260
4857251
485723
4857221
4857213h
4857210
485721
4857173p
4857170
485717
4857151
48571234
4857061
4857059
4857022
4857019
4857002
485700
4857
4856tony
4856sam
4856kbt
4856ilovemymusic
4856hb02
48569gabby
485699
4856978
4856956
4856936
4856932953810
485693
4856927
4856921
48569067
48569
4856882
4856872r
485681x
4856803
48567f
4856795
4856791
485679
48567890
48567781905
485677
4856759
4856758
4856741
485672
4856719
4856715
48567141
485671
485670
48567
4856694
4856691
485669
48566898
4856688
4856661
485666
4856639*
4856608
485659
4856589
485658
4856545
48565434698
485653516
48565260
4856508
4856500
4856477
4856463152313.
4856456
4856433
485642ladang
485640
48563dogluva
485638o8
4856380
4856358
4856356
4856333
4856328708
485632
4856308
48562grhcx
48562910743
485627913
485627
485622slp
4856225855
4856219
4856215
4856210
485620
48562
48561831
4856165
4856163256769
4856163
4856148
485614
48561290
4856127
4856123
48561201
485611
4856103
4856088
4856078
48560616
4856058
485604
4856023
48560162
485601
485600739
48560018
48560000
4855ss
4855slim
4855sheldon
4855l
4855end
4855cassi
4855an
4855a4855
4855989
4855971
485596369
4855962339
4855941
4855937
4855934
485593
48559255
4855925
4855922
4855918
4855914
48559
48558580j
4855855
48558432
485584
4855817
485578
4855770
485576keke02
4855760
485572dad
485571
48557
485569
48556866
48556821
4855682
4855672
485566
4855651
485560
48555608958
4855560
48555584
48555555
4855542
4855517
485551
4855509
4855506
48555
4855496
4855485666
48554836
48554787948
48554570
48554539
4855442
485544
4855437
48554349
48554221
48554
485538nl
4855365
4855338
4855322
4855318
4855311
4855306
48552845711990
48552792
485527
485526
485524p
48552421978
48552280
485521893079763
4855216405
4855215
485521
4855207hm
48552069947086
48552068
485514
48551306
4855125
4855106
485510
48551
4855089
4855087
4855079
48550781
4855078
4855072034
485506899
48550651
4855052
4855051013
4855045
4855041J
4855033
4855021006
48550095
4855007
485500
4854vv
4854tv
4854tqbpi
4854heatherd
485497jt
485496485
485494
4854938
4854927733
4854912208
4854897
485486
4854848
4854841cn
4854833
48548
4854797
4854792
4854789
485477
485476
485472
4854711
485470
48546m
485467d
485466b
4854667
485464
4854631
4854626
485462
4854614
4854588
485457
4854557
485454892
4854546886
485453
4854527anc
485452
4854515
485451
4854496
4854485123
4854484
4854477
4854464
485446
485445
485442
4854418102
48544180
485441
4854407111
485439
48543837
4854374
4854370
48543646
485436
48543510
4854334
485433
4854311136
485431
4854305
4854278032
485427518
4854274m
4854262
4854249109
4854244
485422jc
48542294
4854210059854cjg
485421
4854203
485420205
485420201
48542014
485420037
4854200
4854197
48541772
4854163z
48541619
485415kj
4854154
4854153yea
485415
4854148jj
4854148
485412fs
485412FS
485412
48541147
48541106
4854109
48541072
485407x
48540731
48540683
4854050
48540362
4854011675
4854010388
4854009901
4854009323
4854008408
4854006691
4854005644
4854000652
485400
4854
4853ghie
4853ehs
4853QM
485396s
4853953EML
48539371
4853929kitty
4853926
4853914103Q
485385
4853802j
485380
485379
4853776donia
4853768B
48537
48536zuxpf
4853690
485369
4853688
485367891a
485367
4853669
48536638
485366
485364
48536326
48536226
48536
4853578
4853573
4853569
48535571
4853548
4853533
4853532
485352
4853517
48535
4853469
485345
4853439
48534336
4853419555
485341
485340ar
485340AR
485339826
4853398026
4853398
4853385
4853384
485336
4853348
4853325
48533180120
485331
4853306
48532se
48532baby
4853283
4853275
4853257
4853239
4853235
4853211
485321
485320a
4853199
4853187
4853182
4853174
485317
48531643
48531612
4853151
4853147k
4853121229
485311
485310106
485310102
4853091
48530784
485306633
48530653
4853049
48530448
4853042
485304
4853020
4853010411096
48530018
4853000349
485300
4852vivian
4852booboo
4852CIMA061102
4852999
48529855
485297k
48529784
4852976maru
4852970
48529645133
4852963
4852960
485296
485295
4852944
48529276
485292323
485291
4852906
48529015
4852887
4852885
485288
485287
4852866
4852862
485286+-*
48528582
48528407
485283
4852826
4852825
4852821hch
485281000
485