18
4689417
468940
4689379
468937
4689334
468932
468931
4689299
468928noor
4689278
46892742islove
4689262683
468923
4689207
4689200
468920
4689189
46891671f
46891619
4689159
468915
468914
46891250
46891227
4689100k
46891
46890btopd
4689090
4689078
4689059
46890299
4689024
46890123
468901
468900c
4689000
46890
4689
4688susu
4688r4688
4688pdm1775
4688nolij
4688mjt
4688ka
4688jose
4688gibrann
4688eieiei
4688andsexy
4688aj
4688LOVE
4688999
468894l
4688932470
468893
46889
4688888
46888864
468887759
4688793
46887897
46887792
4688733
468870
46887
4688698
4688673
4688671
468866
4688644
468862478
4688622
46886169
4688616
4688612
468861
46885518
46885
468848
46884688e
4688464
46884253
468842
4688415
468841
4688406
46884
468838120
4688370
468833
46883010
4688300k
46883
4688277T
468826101987
468826
46882527
4688252
468825
468824
468822
468820
4688180
468818-k
468813
468812211979
4688121
46881
468807003
46880688
4688066
4688041
4688010298
468801
4687west
4687tlkn
4687sri77
4687rj
4687nm
4687ne
4687kma
4687jr
4687gwapo
4687dvd
4687cherry
4687bvnuy
4687bolita
46879m
468799787
468799
4687985
4687959875
4687956
4687939
468793
468792
4687918
4687917p
4687911
4687903
468790
46878k
46878988
468789
46878833
4687862
468786
46878522
46878242779
468782
468780
4687792
46877886
468777
4687766
4687759
4687735
4687733j
4687733
46877143619
46876jr
46876j
4687691h
468765
4687629
4687605
468755
468752
468750
4687481sk
4687481
468745
46873music
4687384
468738
46873651
46873
468729
4687289
4687235
468722
46871968
4687174
4687160298jj
468712
468711259888
4687111
4687101
468710
46871
468705
4687036
468702
468701
4687009
468700
4686pp666
4686nw
4686evelyng
4686czmg
4686cute
46869hrc
4686971
468697
46869624
4686933
468692idecchfe
4686895
4686881046
4686871394
468686dada
468686d
4686866283
468686
468681
468680
4686725
468670
46866purmb
468668
468666duh
4686666
4686657
4686622
46866
4686588
4686568
4686563
4686550sr
4686505
4686487sabmaya
4686482
468648
468647d
4686478
4686473
46864625
468645
4686448
468641
468640
46864
46863
468629
468628
4686263527D
4686245
4686208
4686203
46861918
4686174
4686170
468616t
4686129
46861188
468610198n
46860858
468602e
468601
4685tam
4685sam
4685ppa62402
4685hmn
4685dauyk
4685As
46859kitty
4685981
46859567
4685929
4685902
4685887
4685871
46858687
4685851
468585
4685844560000
4685835
4685814
46857958h
468579132
46857910
468576662
4685745c
4685742
468574
46857391
4685736
46857077
4685707
4685692
4685688
4685681
46856738
4685666
4685653
4685636
4685622
46856200592
4685619
468561
468558778990KATIE4RYAN
4685586
468556
4685546
46855241
4685494259400
46854889
4685485
4685469
4685467
46854658
468544
4685435483
468542
4685413
46854040
46854
468538
4685359
4685333ste
4685332
46853188
46852fiore
4685292
46852214
46852195735
468521379
46852135
46852134679berlin
46852123
46852
4685190
4685189
468518
4685162
46851354
4685135246854
468513
46851234
4685123
4685121314
468511a
468511
468510
4685077c
468504663
4685040
4685035
46850300
4685028
4685016
4685013
468501
4685007
4685...!
4684wed
4684spoiled
4684ni
4684lulu
4684le
4684beaner
4684999
4684991
468498765
4684974308941412
4684950
4684939/7kami
4684924
4684893
468486
468483
4684735
468469um
468469
4684686
4684685548
46846855
46846846800
4684681
468467
468465
4684642
4684620
468462
4684615856
46845qiiqv
46845nidhn
46845bsmgm
4684575654
4684562
4684561
468451
468448
4684475
46844684pol
46844684fa
468446
468442
468439w
46843974
4684346
468434035
468434
4684332mi
4684332120890
468432378
4684321
4684317
468430
46842MD
468428TT
4684273016
4684272025
468424
46842
4684190
46841822
46841711
4684169
4684147683235037
4684111
46841034
4684103
46841
468408
4684066
468406
468404
4684035
4684014796
468400
4683uzecy
4683mel
4683love
4683isme
4683dea
4683bub
4683NHW
46839ivxje
4683988
468396e
4683969
468395,328708_5
4683912
468389
468385
4683846838
468384
46838370
46837953
468379
4683774
4683766
46837482
46837467
4683741
468373
468371
4683708
46837066
4683694
468368yamila
4683681wafa
468368
4683674
46836731
46836553
468356712
4683529
468352
46835122
468350
4683499
4683496
4683494
4683488
4683468346834683
4683463v
4683462
468346
4683454
4683438
46833878
4683382
4683373
4683365
4683358
4683345
468333
4683321
468331236
46833123
4683300080
4683300076
4683300028
4683290056
4683290052
4683290048
4683290024
468329
4683286
468328
4683275
46832700807657
4683270
4683258
468323
468322
468321pf
4683207305
4683200141
4683200139
4683200129
46832
4683170665
4683170592
4683170578
4683170514
4683170496
4683170477
4683170451
4683170395
4683170368
468317025
4683170235
4683170199
4683165
468316
4683154
4683150554
4683150512
4683150509
4683150472
4683150468
4683150449
4683150430
4683150382
4683150360
4683150281
4683150239
4683150145
4683150086
4683150007
4683150006
4683127941768570083
4683122
46831014
4683090010
4683080274
4683080236
4683080137
4683080101
4683080077
4683080073
4683080023
4683071
4683061
4683056
46830495
4683021231913132
46830143kn
46830143kk
46830101
4683-7482
4682yell
4682pm
4682pimp35
4682mqfdc
4682jkg
4682cvbn
4682_4682
4682MO
4682MKJL
4682Juli
4682IRIS
46829fahoq
4682996
468299
4682989
468297531
4682973
468297
468296
4682951753
4682951
46829499
4682949
46829483
46829371
468293
4682928
4682923
468291735
468291375adrian
46829084
468290
4682897
46828926
468288
46828702
4682870032
4682870023
4682870
4682864282
4682852
4682851379
4682841
46828264
46828138
46827mstfw
4682795130
468279513
468279510
46827913123
46827913.
468279
4682789123
468278761985
4682780023
468278
4682766
468275
468273195
4682711
46826951
4682690
46826814
4682660
468266
4682645
4682642850
46826428
468263938
4682633*
468263
468262
46826022
46826013
46826
46825luis
468259713a
468259137
46825864
46825863
4682585
468258
468257hot
4682579331
46825793
4682579135
4682578913258456
468257595153
46825738
468257319
46825713
468257
4682566
468256
468255mm
468255jr
468255javiyen
468255ab
4682559
468255897855
4682558
46825555
4682555
4682546825
4682532917
4682524
4682521
4682520t
468252
4682519enmanuel
46825028
4682502545723460
468248625
468248
468247
468246dp
468246977
4682468c
46824682ll
4682468200
4682465
46824628464284
4682461
4682456
468245435314
4682450
468245
4682440061
468244
4682435
46824338
46824286
4682424
468242
4682417
4682416
468240520
4682405
46824
46823chris
468239715
4682390
4682387
468237x
468237371
46823685
4682353amw
468234m
4682328026
468232
46823145
4682305
46822940
4682290
46822864brandy
4682285
468228
468226485
468226
4682251998
468224559690
46822445
4682240
468224
468223
468222
4682201
468220
468219891
46821973p
4682197350
4682190
468219
46821679
4682163
4682162
468215987er
4682159753
468215973
4682153957
4682153
46821486
46821471
4682135
46821333
4682130n
468212j
468212301
46821215
4682116558
4682112keim
4682111111
468211102004
468211
4682105
4682079007
468205
46820466
4682029
468202296
468202
4682016
4682008
46820017
46820001
4682.5
4682+7913
4681sh
4681muneca
4681lemon
4681blue
4681a
4681Bm##
46819cpa
468199
4681985
4681984
4681961347
46819594a
468194
468193j
468192733
4681912lb
4681910
4681905j
4681893
4681882
46818721h
46818669
468184
468183tlm
46818054024017
4681800
46818
4681773
46817482
468174
468173
46816Jchs
468167
4681666
4681606
468160
4681574
46815733
468157
4681564
4681560
4681554a
468153
468152j
468152
4681512
468150938
46815023!teamoca
46815
4681486
4681466
468146
4681442
468144
46814210
4681420
468141085
468141
4681402
46813984
4681353
4681321
46813180105
468131
4681301
46813.97n
46812n
4681298
468129
4681271c
4681263
468125
4681238
46812311
46812103
468121
46812007
4681200
46812
4681193
4681192
468118961
4681184
468118
468117
468116
46811423
46811403
4681140
468114
46811356
468113
468112
4681105
468110
4681087
4681085938
4681080
46810406
46810312
4681030181
46810297
46810282
4681026
468102543655
46810248
4681023
4681016
468101214
468101112
46810104
468101
46810091
46810027
4680whitt
4680jam
4680ih
4680dombx
4680asia
4680985
4680976
4680966
4680946
4680944
4680921
4680916
4680902
46808vhqgr
4680873
4680871a
4680854
46808466
46808457
468083c
4680812
468078
4680769t
46807419
468072yesenia
4680729
46807175
468070
46806898
4680681
4680651
468065
46806432
46806402
4680628
4680621
468060616
46806
46805988
4680590
4680580a
4680574
468056
46805428
4680533
4680517
4680505
46804rolf
4680471
46804678
468046
46804420
46804404
4680435
468043134
468043
4680424
4680422
4680419
468040
46804
46803975
4680344
468034
468033
4680325
468031
46803
46802timmy
4680292
468028
468027
4680231hg
46802302
4680230
468023
468021
46802021
4680186
4680179522
4680179
46801700
4680145
4680132
468013
4680124
468012
468011.r
4680109
46801016
46801014
46801009
46801002
46801
4680098
4680089
4680080
468006m
4680068
46800593
4680052851
468005
4680047851
4680032200
468003
4680024
46800226
4680011444
4680009
4680005503
46800000
468-88-6412
467yo80505!!
467wz72f
467wqhri
467thbg
467qilah16
467pumpkin
467natz8621
467n7510
467mickey
467md2
467lzaz
467joy31
467joseph467
467indigo
467honey
467hjmb
467heysham
467dy
467dino
467da
467confessluv8
467benza
467and818
467ab
467Romeo
467K87
467HPCCU
4679saw
4679poil
4679nona1428
4679fz
4679brat
4679abcd
4679aaaaa
4679NCCU
46799999
467999
4679972
467996
4679955
46799524679952
46799520
467994489
467993t
467993c
4679927850L
467990918
46799
46798541
467985123
46798425
467984
467983
467982
46798135qwerty
467979
467978
4679764
467974
4679729
46797191
4679712
467971
467970765j
46797
4679676
467967
4679615
4679611
46795852
46795798
4679573
4679558
46795
46794rwii
46794769
46794724
4679453
467935898
467931835
46793128
467930281
46792turtle
46792850
4679247
46792122
4679211
467920
4679193
467919222
4679189
46791680
467916
467915352
46791524875
4679152
467915055
467914664
467914
46791395
467913852
467913427
467913258
467912single
467912
4679116
467911025
46791087603
467910
46790l
46790comercial
467909
467906
46790213
4679018
46790155
46790000
4679+1
4678wymn
4678os
4678ls
4678OLDEN
467899
46789860
467898398
4678979m
467897
467895
46789426
4678932
4678930
467893
467891y
4678914
4678910
467891
46789013
46788gidex
467889122938
4678887
46788527
4678833
467879862J
467879862
467878092
467877503
4678761122
467876
4678757
4678738
467871815
4678690
4678647
4678616
4678611s
4678588
46785791
4678577
4678518
467850203
4678501
46785
46784707
4678449
467843x
467842
467837
4678346783
467833167
467831
4678303
467830
46782948520
467829
4678283
4678281
467823
4678226
46782222
467822
46781l
46781L
467818237
4678175
4678163Kac
467816326a
46781579
467814589
467813
467812519
467812
4678112
467811
4678080
4678069a
4678051
46780168
4678011
4678000
4677mmel
4677lerch
4677jt
4677benny
4677MH
467798946
46779809
4677979
467794328
46779172a
46778j
467789m
46778889
467788
4677871
4677847
4677801
46777zoyhc
46777986
467779
467778
467777754
4677764
4677732
467773183
4677706
46777
467769a
467769
4677687
4677676
4677669
467765
4677623
4677618
4677613
467759959M
467759655
4677582
467757979
4677565
467756467
467753905
467753346
4677512
467751
467747
4677452
4677426
4677423
467740
46774
467739
4677379
467737
467736
4677354
4677334
46773225
46773145
467731
46772gnppk
467729tamayo
4677259no
467725
467723
4677221225
4677207951C
4677174
467716235
4677142
467712asw
467711675
467711159t
4677108
4677100
4677082
467706
46770528
4677043
4677032
4677013392
467701
467700
4677-nq
4677-24826t
4676zebar
4676tommy
4676steph
4676st6
4676rockyou
4676ra
4676pmjb
4676matt
4676kuan
4676encd
4676cjam
4676berna
4676HQ95
467698
4676961
46769555
467693784j
4676930
467693
46769
467689
4676857
467683f
467682
467679HIGHLANDS
4676778
467677655
467677
467676
4676743
4676741dj
467674
4676725
4676715d
46767133
467670
46767
4676665
467665274
4676649
4676637
4676616
46766
467659711
46765879
4676571247633325
467655
467654
467653u
467651689r
467651313
4676485
467647
467645547
46764510
4676433
467642198
46764136
46764114
4676401
4676385
467638
4676361
4676329
4676312
467631
4676274
4676261
467626
467623
467622
467620
46761787
4676162
467616
4676139
46761287
4676123t
4676123
46761222
4676113
46761086
4676097
467609
4676056
46760318
4676031
467601
467600carlarazvan
4676008
4675vkxft
4675tu
4675tom/2
4675rules
4675remember
4675pg
4675jarn
4675hapegolucke
4675f5
4675elon
4675dwm
4675ajlt
4675AF
467597
467596218
467596066
467596
4675940
467594
4675937
467593625
467592liz
467592943
467591750
4675914
4675913
467591026
467589
4675889
4675882
4675861
4675850
4675838
467582
4675817
467580923marzo
467580
46758
4675798
4675793
4675791
4675782
4675781
467578
4675778
46757688
467575902
4675757
467574304
4675735
4675734
467572623
467571875d
4675716
4675698
467567@tun
46756789
4675673
46756688
4675658a
4675633
46756246
467561
4675594
467559
46755849
467558033
467558
46755699
4675539
4675533
4675532
4675505
46754ever
4675498
467549
4675489
4675475
4675470one
467547
46754675a
467546754675
46754644
467544
46754354
4675423
467542
4675419
467541
4675405
467539196pzx946
467538K
4675389
467538635
46753690
467536
4675356
4675346753
46753321
467533
46753107
4675308
467530092
46753
4675293+2166745
467529
46752691
467525
4675237
4675221
4675213
4675211
46752
46751983
467519
4675186
4675181
4675168
4675158892
4675155
467515
46751463
4675145
4675143
467514
467511c
4675116
467510
46751
4675084
467508
467507
4675042
467504
467502
46750100
467500
4674wolve
4674inri
4674@elle
46749jay
4674993
467498
467493
4674900
4674888
467487
467485
4674847
4674836tam
46748325
46748321
4674826
4674813
4674776j
467476410
467475r
467475
4674742
467473672
4674736
4674679l
4674666411123
4674657
4674651
46746309
46746144
467461
4674602
46745as
4674579
4674527
46745213
467452
46745
46744923
4674471
467447
4674452
4674451
467444
4674433
467442
4674405
467440
46744
467435LML
46743552955
467435
4674345
467433
4674311
4674306cr
46743012
467430102b
46743
46742qrmco
4674271
46742655b
4674250hf
4674248
46742431
467424
467421733
467421
467418
4674178
467417
467414]
4674145
4674134
4674130212
46741234
46741021
467410
4674098
46740975459
4674074
46740601
4674060
4674030
467403
4674004k
46740015
467400
4673zoid
4673tabtw
4673jo
4673hm
4673cepedast
4673baby
4673Hope
4673989
467397471
4673953
46739526232
4673950
4673940
4673928
46738942521
4673894
4673883
467387
4673836
467383
4673818123
4673807
4673787
46737336464882
4673730
467373
4673716
467368
4673651
467365
4673649j
467363
4673614
467358
467357
4673567
4673562
467355
46735383
467353
4673513
46735
4673482
4673464
4673397
4673361
467334
4673336726B
4673336
467333
4673314a
4673307 9194989
4673307
4673303
467330
46733
46732iuzje
467329
4673278
46732751442
4673272
467324a
4673236486
4673230
467322
4673219
4673210
4673208
46732000
46731923Ee
467319
467317
46731400
467312
4673112
467311
467307
46730558
467305
4673033
467303
46730055
4672vickers
4672squub
4672remo
4672navotukuyawa
4672mom
4672lsro
4672k7
4672jnoym
4672halcon
4672gkde
4672bac
4672Mayu
46729794
4672969a
4672969
467296387
467295
467294mm
4672944
4672927
467291
4672898
4672886
467287
4672868enma
4672860
4672855da
4672850
467285
4672830
467283
46728294674052
4672817
4672811
467281
46728
46727b
467279
4672770
4672741
467272609
467271753
4672700
46726nerd
46726438
467264
4672634
467263062891
4672605
46726+nerd
4672588
4672584
4672582sss
467257
467256
4672547
46725311
46725201
4672516
467250
46724fhhhb
467249
467248
4672477
4672472
4672464es
4672457
467245
46724415
467244042
467244040
467244
4672425
4672420b
46724
4672396
4672395
4672376kls
4672361
46723456
4672335
4672328
467231
4672303
4672280
467228
4672275
467227
4672252
467225
4672237
4672224
467222
4672212t
4672190
467218
4672174
467216
467213
4672123
4672122
4672118
46721112
4672108
467210
4672098
4672083
4672069
4672046
46720230
46720047
4672
4671mystery
4671mm
4671fbp
4671975
46719675m*
4671965
4671939
467193
467190
467189
4671866b
46718633
467184591306588
4671823
4671815
467180_NINA
4671804gi@
46718
4671795
46717826
4671777
4671769
4671764
4671761
46717570
46717150
46717
4671654j
4671632
467163
4671627
4671611
46716035
46716018698938
46715k
4671591
4671585
4671550
4671540
46714m
46714980
4671498
4671466
467145g
467144o
467143788
4671429
4671412
46714
4671380
467137448
467137243728
4671372
467137
4671367
46713462
467134
46713333
4671305
46712pares
4671292
4671266
467126
46712564
4671254
46712533
46712525
4671233
4671222
467121ej
4671204
4671201
4671189a
4671189
4671185
467116
46711534
46711496107
4671134
4671133
467112728
46711221
467112
467111995
4671111816
4671110101
4671110035
4671110022
46711028
46710L
4671084
46710823
467108
46710746
467106LmH
4671063
46710349
467103
4671029
4671023
4671013
467101
4671007
46710009
46710006
467100
4670rc
4670khee
4670hqps
4670984
46709540
467095
4670946
46709406
46709394h
467093942211
46709259
4670918
4670917
46708923
467088
467082172mp
46708196
4670817
4670810
46708007
4670783
467078
467075
4670738
46707342
4670720betsy
4670720
467068
4670678
46706761
46706723
467067
4670667
4670666b
46706656
46706610
46706569
4670656
4670643
467060
46705cisrr
46705999
4670559
46705571
467055302
4670543
4670529
4670513
46705115
4670511
467049
467048
46704777
46704670
4670427
46704103
46703a
4670398
4670372699
467035ml
46703577
467035
46703
4670296brei
467029
4670289
46702523
46702425
467024
4670225
46702165
4670209
4670208
46702
4670168t
4670155
4670146
4670125a
46701191
4670113
467011
4670094
467006
4670046
4670029
46700223
467001
4670009
467-0904
467-0412ashley
466u0gdtm0wh
466sxf5811
466sdge
466rocket
466qfaft
466prince
466postosanto+
466pjf
466piglets
466mmzmoi466
466lillie
466l;ove
466kiss
466inny
466id
466goldgoat
466gidran
466ed566100
466east
466e81ms
466dm967
466all
466abc
466_camilo
466MARTINEZ
4669tto
4669sand
46699omyp
4669991
46699871103
4669979
46699664
466993981
4669890
466989
466987
46698674
46698623
466985966666666666666
4669836
466983
4669819
466977954
4669777
4669773
4669751enrique!i
466972
466970115
4669698
4669696chiang
4669677
46696666
4669662
4669661
4669657
466964
466959s
4669594
4669580
466957870
46695722
4669569
466956520
4669546
466953569
4669527
466952
4669512
466951
466950
46694jgyaa
46694993
4669499
4669493
4669469
4669465
4669461c
466946
466945376
466944
4669433
4669412
466941164vunMINE
4669411
4669405
46693rmh
46693959
4669368
4669363
466935062
466933765
4669331
466932067r
46693110
4669303
46692ghudm
466929
466928
4669263
4669261
46692577
4669244
4669223
466921j
466921
4669199
4669183
4669169
4669168
466916
4669158
4669157jk
466915
4669144
4669143lori
466913
466910414
46691-bs
46691
4669099
4669054
4669034
466900r
466900
4669
4668989p
466897ka
466897576
466897
466896572
466894571
466893317
466893
466892
46689046h
466890
46688815890212
466888
46688712
46688664236172
4668854
4668850
4668843
4668810
466881
4668800
466876842
4668764
4668755cman
46687381
4668732
466873102
466872803
466872
466871159bjork8475
466870
46687
4668697
4668655234
4668652
466865
466864
4668616
466859
466858AB
4668587
466857337
466853623
4668530
4668514
46685123
4668507
4668496
4668488
466848
46684668
46684604
466846
466845k
4668455555
4668420
4668419
4668400
46683j
4668389
4668377
4668373
466837
4668363
4668357
466833
4668312175
466831
46682fqfak
46682993jns
4668293
466827
46682610
46682599
4668256
466823
466821
466820c
4668209
4668200
46681871
466816587n
4668163
466811
4668103
466810
466809
4668080
4668078
466807
46680369
466801158881
4668001
4667jun
4667jj
4667hp
4667er
4667dh
4667ag
4667977
466796620
4667963
4667939
4667934
4667926
4667919392
4667901
466790
46678m
466789
46678859
46678765
4667863
466786
4667854
4667843
4667817
4667806
4667804
46677mdl
4667794
4667781
466776
4667756
466774
466772
4667719
46677154b
46677087
466767
46676510
4667646
4667626
466758
4667573
4667562
4667559g
466755908
466755626
466755
466752500t
466751483
46674887
4667486
4667471
466747
466746
4667448
46674309
4667427elmer
466742
46674016
466739195
466739
466738y
466738985
46673839
46673760
466737
466736896
46673684
4667368
4667366
4667333
466733
466731759
466730
4667288
4667264
4667260
46672595448
4667255
46672548
466725
4667244
466723zz
4667225
4667200
4667199538538
466719120
4667182435
466717124n
46671711
4667164
46671565
4667130
466713
46671209
466712
466711
46671012
4667094
4667071
46670683
4667056
466703
4667024
4667012
466700
4667
4666s-9554k
4666dance
46669922
4666986
466698
4666978
4666959
4666958
466695436
4666942
4666940
4666920
466691686
466691
4666887
4666881
466688
4666870
4666865
4666852
4666822e
4666818
466681
4666788
4666777
466677
466676835
466673648
4666729
4666728
466672503
46667138
4666708
4666700
466668
4666678
4666671
4666670
466666666
4666652
466664d
4666648
466664
4666637
4666635a
4666631940212
4666628
466662
4666611
46666064
4666592
466657137
466657
46665522
466654m
4666546
466652
4666512
46664v
46664n
46664mn
46664j
4666469
4666460094
4666460078
4666449
466644
4666426
466641
466640
46663l
466637
46663537
46663122
4666312
466631
4666308A
466630809
466630678
4666280
4666277
4666267
46662640
4666263746
4666263662
4666263522
4666263159
4666263126
4666263035
4666261062
4666257h
46662502
4666250
4666249
4666240090
4666233365
466623
46662258
466619570
46661898
46661880
4666163714
4666161098
46661591
4666152
466614t
4666147
4666141371
466614
46661377
46661369
4666125
46661120
4666109
4666106
46661022
4666101
46661005
4666100
4666098
4666080
4666075
46660693
4666064
46660569-9
4666046
46660390
4666037
46660262
46660155
4665sd
4665pluim
4665molz
4665ddd
4665cq
46659rich
4665983nandito
46659695
4665966
4665957
466595476
4665954
4665949
4665943
466593834
4665932
4665928
46659244
4665891
466588g
46658898
4665886
4665880
466587
466584
4665837
4665815
4665805
46657lind
46657966
4665785
4665782
4665745
46657
46656j
466569a
4665687
46656713
4665669
466566
4665616
4665610
46656079
4665602
466560
4665592
4665572
4665557
4665548
4665541
4665536
4665527
4665518
46655
4665491
46654875
4665482
46654660
4665464654546
4665442
4665441
4665437
4665416
4665403
4665370
466536t
466536978
466536
4665351996
4665344
466533181
466533
466530
46653
4665294
4665290
4665289
466527879228
4665241
4665235
466521SHAY
4665214
4665213
4665207
466519776julio
466517
466515k
4665110
466511
46651
4665098
4665091
4665088
46650754c
4665069
4665032
4664tasnim
4664rosa
4664re
4664paux
4664nr
4664nooknik
4664mn
4664kie
4664ijtys
4664esbmj
4664ds
4664ctif
4664ch
4664angel
46649ag
4664994
4664972
4664955
4664942
4664930
466492
4664914
466490
466489jn12
4664896
466489
466487
4664864
46648444
4664826
4664824CS
4664785
466478225
4664773
466477
4664758n
4664726
46646987
4664698
46646898
46646754v
466467
4664669
4664664
4664663
466465
46646446
4664640ricardo
466464
4664629n
4664628
4664622
4664606
46646
4664587
466456lg
46645651
4664561
4664540
4664534
4664528
466452016
46645063
46645
46644820
4664472
4664454
466444vera
4664432
4664375
4664368
466436288
4664346
4664307
46643
4664298
466428a
4664283
4664279
4664276c
4664269
46642615111
466425
466424
46642337
46642249
4664222
466422
466421263
4664200
46641cam
46641994
466418000
4664173
4664166
4664159teamo
4664159te4664159
4664159
466415
4664142
46641367
466413
46641152
4664115
466411021
46641010
466409mona
4664089
4664077
4664073
4664058
466405
4664043
4664031
466402ps
4664014
46640
4663xx
4663will
4663tra
4663sex
4663sds
4663rockyou
4663kimmie
4663k
4663doinmenotu
4663dice
4663blue
4663bILL
4663KhoSiab
4663999
4663982
4663975
466396
466395
4663949
4663938
466392888
4663922306
466392
4663912
466391
4663896
4663881b
4663881
466387
466385
46638487
4663840
466381
4663802
46637tnt
466378
4663779
4663778m
466377
4663765
4663746
46637364663736
4663722
466370
4663694
4663667
4663666
4663663
4663659
4663650
4663624
4663623
4663621
4663609
4663602
46636
466359111
466358
466357899136337
46635473006
4663546
466352
46635173
4663513
46634663a
466346631
4663466
4663454
466345
466344
46634353
4663397
4663396
4663393
466339
4663384
4663382
466338
4663375
466335
466334jo
4663330max
466332led
4663312
4663304
4663300
46633
4663293
4663290crx
46632876
466327
4663263
4663252
466325130136
466325
4663242756883
4663242
466323
4663227
46632190
4663215520
4663214
466321
46632-gonda
46632
4663197
4663170944
4663170583
46631700580
4663170058
4663168
466315
466314a
4663146106
4663141
466313493692791
466313
4663127021
4663124
4663105
466310
466309
4663078
466301
4663009
466300
46630
4662san
46629jfybt
466299
4662982
4662977
466296b
4662955
4662950
46629213
4662921
4662901k
46628izwne
466289977190
4662899
46628902536
4662882
466288
466286
4662837
466283
4662814r
466280
4662790103
4662790078
4662775
4662771
4662770
466277
466276cd
46627658
4662762
466275
466273
46627265
4662726
4662724
4662721
46627200h
466272
4662719mum@
4662712
4662698
4662689
4662664a
466261421
466261
46626
466258
466256
4662552@yoon
4662550233
466255
466253
466252972
4662517
4662513
46625054
466249
466248121
466247
46624287
46624178
46624
466237564
4662370
466237
46623689@ji
4662342
466234
4662325
4662306
4662291
4662282
466228
466227
46622579
46622547
46622485
4662222343
4662206
46621951
4662174
4662171
466217
4662157
4662146329
466213
4662125773
466212
4662110046
4662110027
466211
4662105solehin
4662102
46620946
46620852
4662076
46620717
466205382
46620498
4662047
46620274
4662014
4662003
4661nc3
4661lasnaha
4661garden10
466199
4661988
466