87
4623sirichote
4623mika
4623lido
4623king
4623eed
4623ad
4623MATUKUSTREE
46239s
4623993
462397
462395
462394
462393
4623918
46239123
4623911
4623904
4623893
4623892erts
462389
4623875
462387
4623869
4623865
462386
46238373
462383093
4623828
462381520
46238148
46238
4623782g
46237759
462377
46237591096
4623735
4623734
462373
462372
46236922010
462367
462366ph08
4623662
4623637
46236273
462362007
46235ugekb
46235943
4623581
462357
4623569ks
4623568ga
4623568
4623562
4623560
46235230
46235060-4
4623505
46235012332
462350
46234rsecq
4623499
462349
4623480
46234795
4623469
46234689
46234680
462345(manumba)
462344n
46234449
46234314
4623430
462343
46234274
462341
4623407
46234021
46233wehtam
46233acraj
46233Cathay
46233995
4623389
4623378
462332875
46233220288
46233219
462332
46233078
46233077
46233069
46233050
46233042
46233027
46233005
46233
46232920209
462329
462328
46232792020
46232781
46232773053
46232773028
46232770006
46232760237
46232760183
46232760105
46232760102
46232724
4623262353
46232526
462325213
46232252
46232237
462321511
4623215
46232042
462319
4623189k
46231886
46231862
4623184791
46231847
462318
462317
462316
46231599
4623158
46231579
46231569
46231505
4623149
46231484a
46231460
46231452
4623144011919
46231437
4623123ismy#
4623121
462312
4623118
46231163
46231151
4623113
4623111
4623110048
46231098
46230868999
4623084loca
46230819
46230810
462307054027
4623064n
4623054
462304063102
462303111
4623031
462302jen
462302346
46230179
4623017
4623010432
4623010047
462301001
46230066
46230013
46230007
46230000rafaok
4623
4622pooja1311
4622mw
4622jatai
4622is
4622iloveyou4622
4622amor
4622SanLuis
4622994
4622991
462298
4622962
462296171
462296
4622948
462294274
4622936
4622916006
462290ft
46228dt
46228957
46228911
462289
462286824153
46228675
462286
4622851882
462284
4622821
4622801662
4622800002
462280
46227us36
46227WEED
46227967
462279
4622774968
4622774174
4622771
462277060
4622766
4622752
462274j
4622744
4622714
46226indi
46226ctbdw
46226a
4622698
46226901
4622684
46226722
462267
4622669999904luis
4622664lh;tghd
462266
46226553
46226534
462263
46226277
4622605
46225zbzks
462258
4622575
462256
46225544
462255
4622506
46225
46224glorioso
4622499
46224947
462248
4622471
462247
4622462
462245ir
462244slr
46224495
462244
4622427
462242002
46224131
4622406014
4622405039
46223sicko
46223calibabe
4622399
4622397
46223933sean
46223933
462237
4622354
462235
4622333
462233
4622322
46223180213
462230
46222p
46222m
462229898679871
46222980
4622298
46222930129
46222774147
46222703398
462226
4622259
46222527
4622249
462224481228
46222420115
46222346
46222329
46222253
462220945
4622208kt
4622208
46222029
462220123
46221a
4622190003
46221867
4622181
4622178
462217774
4622177
4622171
46221550
46221517ton
46221263
46221251
46221244
46221231
46221215
46221208
4622120
462212
4622112
4622101630
4622101297
462210
46220935
46220919
4622089av
462207pst
4622075
46220630
46220619
4622061
46220603
4622059
46220513
46220448
462203j
46220338
46220240
462202131
4622020113
46220182
4622011
4622010458
4622010455
4622010377
4622010347
462201031
4622010276
4622010224
4622010172
4622010158
4622010151
4622010148
4622010147
4622010145
4622010128
4622010124
4622010120
4622010096
4622010091
4622010086
4622010080
4622010065
4622010032
4622010027
4622010025
4622010019
4622010016
4622010002
4622010
462201
4622009579
4622009013
4622006
46220059
4622005387
46220035
4622003
4622001977
4622001292
4622
4621wclarendon
4621ronnie
4621n.guilford
4621meg
4621hvac
4621byron
4621askme
4621af
4621Soccer
46219o
4621988462198802121991
4621985
46219844
4621943sj
462193
4621909
46219
46218813
4621878
46218761
4621865angel
4621845
4621830
462180
46217924621792
4621770321
4621764
4621762
4621738
462173
4621707
46217032
4621703
46216awe
462168
462167
4621664
4621653
4621648
4621639
4621610
46215funk:
4621596n
462159
4621588
4621575415
4621575
462157
4621562424
462156112
4621552
46215432
4621538
462153
46215264
4621525521
4621524
4621517
4621514
462151022
462151
4621507347
4621506
46215020
46214838
46214814
46214805
4621470490
4621469609
462146
4621458
46214567
46214561
46214539
4621453
462144
4621430
462143
46214271
46214268
46214234
462142256
46214225
46214216
4621413
462141
4621408112
4621408103
4621408074
4621406547
4621406018
4621405094
4621404087
46214040025599
46214009
46214001
462140
46213999
46213995
46213990
46213985
46213956
46213948
46213937
46213913
462139
4621387
4621382l
4621380
4621362moya.
462136261
4621360256
4621360108
462136(L)(K)
46213526
462133518945
4621334994
4621327
4621320099
4621320048
4621320046
4621320032
4621318054
4621318050
4621318042
4621318029
46213180109
4621316052
4621316046
46213160382681
4621313553
4621311077
4621311027
4621311004
4621311003
4621310102
4621310084
4621310068
4621309844
4621309011
4621309006
4621308245
4621308019
46213080
46213073
46213048
46213043
46213042
4621302982
46213025
46213024
46213004
46213002
4621300
462130
46213
46212up
46212999=home
4621296
4621290
4621282/
4621278233
4621277280
4621276
4621271225
462127
46212686
4621264
4621260191
462126
4621254937
4621254032
4621249
46212480
46212479
46212452
46212404
4621236547
4621235785
4621235
462123
46212254
4621213036
4621210067
4621210019
46212100
46212092
4621207111
4621207073
4621207044
4621207021
4621207003
4621206009
46212030
4621202a
46212020
462120
46211shar
4621195
46211839
462115952525
4621157
46211525
46211522
4621149
4621147
4621143
462114
4621138567
46211316
46211290
46211277
4621125
4621123011
4621122
46211219
4621120038
4621120001
4621120
4621118124424
46211166
4621112028
4621112019
4621112002
46211112042
46211098
4621109596
462110941479
4621109043
4621109037
4621109028
4621109025
46211074
46211049
46211046
46211035
4621102781
46211025
4621101
4621100567
462109me
462109931470
4621098553
46210985
4621098
4621097
46210950
46210936
4621090
4621088
4621087511
46210860
4621077718
46210753
46210722
46210681997
46210658
46210647
4621060679//
4621060164
4621060059
4621059
46210570
46210514
4621051245
4621051243
4621051240
4621051140
4621051125
4621050043
4621050025
4621050
4621048
46210444
46210407
4621040364
4621040269
4621040247
4621040236
4621040226
4621040201
4621040179
4621040178
4621040175
4621040154
4621040150
4621040143
4621040126
4621040124
4621040123
4621040122
4621040116
4621040112
4621040110
4621040102
4621040094
4621040093
4621040088
4621040082
4621040063
4621040051
4621040048
4621040045
4621040043
4621040041
4621040039
4621040010
4621040005
4621040004
462104
46210387
46210386
46210347
4621033456
46210324
46210302
4621030077
4621030064
4621030054
4621030018
462103
46210284
46210282
46210279
46210235
4621021648
4621021435
4621021311
4621021139
46210203
4621020196
4621020155
46210201474
4621020118
4621020104
4621020062
4621020050
4621020046
4621020041
4621020031
4621020030
4621020024
4621020017
4621020016
46210200
462101s
4621019724
4621019309
4621018744
4621018485
46210162
4621016091
4621015761
4621014765
462101462101
4621012819
4621012061
4621011960
4621011324
46210108
4621010433
4621010425
46210101132530
4621010099
4621010081
462101006226492001022-7
4621010045
4621010044
4621010033
4621010023
4621010011
4621010005
4621009508
4621008293
4621008080
4621007807
4621007092
4621007041
46210061
46210056
4621004662
46210046
4621004484
4621003976
4621003
46210027
4621002317
46210023
4621002244
46210022
4621001957
4621001876
4621000837
46210006
4621000
462100
46210
4621!agoodgirl
4620z1968
4620z
4620wu
4620sr
4620mee
4620kj
4620jeff
4620iris
4620dog
4620diego
4620dhke
4620akn
4620EC8BAF16
4620995
4620984
4620976
46209612
4620940407200718
462093
46208792118
46208757
462086
4620851
46208429
46208419
46208415
4620840power-
46208406208
4620840
462084
4620830
4620821
462082
4620794a
4620790
4620774cc
462075
4620749
46207451
4620742tlg
46207415
46207408
46207404099
4620727
4620709
4620696
4620690
46206660271
46206660157
46206660147
46206660138
46206660020
46206650001
4620663
4620662
46206496
4620649
46206476
46206446
46206434
46206420
4620637
4620636
4620624
4620622
4620620028
4620612224445
46206118
46206113
4620609
46206061993
4620606
46206041
4620601
4620598
46205850000
462058
4620577
4620576k??
462057
4620567
4620555
4620552
4620551
462055
46205434
46205431
46205413
46205411
4620541
46205408
462054
4620539
46205324
4620531
4620525
4620520061
4620519
4620516
46205159
4620514
46205119
462050ana
46205050
462050383080
4620502
4620497
4620496
4620492
462049.aqp
4620481
46204780
46204756
46204715
462047
4620464
4620462
4620459
4620455
4620441
4620431127
46204129
4620408
462040
46203942mira.
46203930
4620390527
462037
4620369
4620355
462035
4620348
4620340
462033
46203246
46203244
4620317
4620316
4620311
46203071
4620303047
46203030448
4620303029
46203002
46202909
4620289
4620286
462027
46202632
4620261695
4620261604
4620261307
4620261265
4620254m
4620250730
462025
46202490200
46202490082
46202490012
4620249
4620229
4620225
46202225
46202214
46202162
4620214
4620211
462021
4620207008
46202009061024
462018
4620171
462016
46201510*+*
4620148157
4620147
46201462
46201434
46201430
4620138
4620137
46201281
4620126
462012134
4620120kllo0326
46201204
4620120
462012
46201107
462011
4620105
46201041
4620093
46200911
46200853
462007059
462007
4620065
46200647
46200614
46200608
4620051
46200457
46200440
46200416
46200358
4620030
4620029
46200273
46200259
46200223
46200111
46200093
4620007
4620004
4620002451
462.140
461ta
461oemma
461mil
461malaga
461luis
461herenia
461diehl
461dben
461cuchita22
461c87155
461broomhead
461beer
461ana/amor
461PINK
461LWS
461DED2748
4619yamaha
4619ed
4619bpb
4619RA
46199o
46199993
461998864
461998453
46199825
461998029
461998
461995538
461995099
4619944545
4619944
46199426
461994020n
461993z
461993ikjarig
461993hannah
461993860164
461992john
461992ajd
461992930m
461992890l
461992838
4619921415
46199200
461992++
461991m
4619917
461991367
4619911
4619910
461990T
461990715
4619902
46199001
4619897
4619894tishena
4619889
46198712
4619867
4619862005
46198620041984
461985sps
461984rp
461984461984
461982m
461980rmh
46198**
461977t
4619779
46197530182
461975
46197490
4619740
4619729
4619727
461971
4619705
46197
4619696
4619690
4619658
4619646196
46196143
46195927
461959
46195622
461956137
461956125
4619547041
461954
461953996pr
46195138r
46195099
461950449
461950
461949320
461949231
461949114
461949101
461949
4619467
461946194619
46194619
46194613
4619460
46194560
4619405
461940
4619399
461939787
4619387
461937728
4619372
4619361
461934880
461934
461933813
46193292
46193199
461931
46193010
4619293
461926b
4619268
4619267
4619254
461925
46192480078
4619240
4619236
46192236
461922
461921950
4619216189
461918
461917214
4619162
461915350jcl
461914b
46191485-imperial
4619127
4619125
461912
461911564
461911311
4619110
46190s
46190960
4619092
461909
46190781
46190765
4619073
4619053
461903jo
4619038
461902118
4619021
4619002
461900
4619
4618taxsnj
4618nyny
4618kels
4618jl
4618dd
4618dbgh
4618dance
4618ca
4618amo
4618_not4u
4618VALEntino
4618999
461898203
461897686
461895
461894988
4618946
4618944
461894370
461894
46189270
46189256
4618902
461890
461889d
461888
4618876
46188692
4618864
4618863
461886
461885
46188407458
4618837
4618833
4618831
4618829
4618827
461881n
461880
461879
46187893
461878
461877511
46187666
461876197
4618760
461876
4618753
4618749yes
461874
461873
4618724
4618715
461871
461870928
46187
46186T
4618681
4618678j
4618643
461864
461863j
461863
4618621
4618600
4618581
4618561
4618541
461853420
4618522
461852163
461852
461850415
4618502
4618492
4618488
4618475
4618466
4618455
46184504k
46184456
4618430
461840
461837
4618365kathy
4618346824658
461834461834
4618340662
461832a
461832669
461832350
4618321
461831590
461831217
461830
4618295
461829
461828gc
46182815
4618279
4618278
46182770475
46182770407
46182770390
46182770364
46182770311
46182770217
46182770140
4618277
4618267
4618262
461826
46182552
4618251
4618242
461824
4618237e
46182269003
461820
461819
4618186969
4618183456
4618180
461817a
461817482
461816j
461816eli
4618165l
46181634
461815610
4618137
461812
461811737
461811177
461811103
4618111
4618109s
461810628
461810378
4618095
4618083
46180826
4618061
4618050
4618046180
461804
461802s
46180228
46180192
46180142
4618012
46180097
4618008
46180036
4618002
461800
4617oe
4617hr*
4617gr07
4617adh
4617adam
461799609
461799063
461798851
46179794
4617956
461794437
461794186
461794149
461794148
461794123
461794114
461793564
461792204
461792110
461792101051127
461791147
461791104
461791
461790131
461790102
46178954
4617885n
4617884
461788
4617877
461787101
4617858
4617849
4617836
461782ea
4617822
461781129
461781128
461781108
461780
461779315
461779131
461779112
461778
4617762
4617750
461774l
4617744
4617742
4617728
46177164
4617713a
46177112
461771
461770145
461770139
461770
4617695
4617693m
461769
461767115
461767113
461767108
461766
461765135
4617636
461763
461761739
4617607
4617592
4617591
461757386
461757118
461757105
461757
4617554
461755112
461755
461754879
461754448
461754130
461754124
461754103
461753125
461753122
461753121
461753114
461753102
4617524
461752
4617513
461750
4617482
461748140
4617479
4617475
461747
4617469
46174617
4617451029
4617451025
461745
4617443051
46174272
46174257
4617413
4617412177
4617411002
461741
4617401016
461740
4617396
461739271801
461739
461738235
4617382
4617377
4617375
4617362
461735009
461734
4617336
461732vivian85
46173229
461730632
4617301dad
46172774
4617277
46172741
461727
4617254636
461725240
461725208
461725203
461725117
4617251
46172468
4617242
461724119
461723
461722
4617218
4617214
4617211
46172107
4617210
46172051
46172017
46171lucy
4617193736
46171904
461719
46171898
46171852
461717
4617165
4617164
4617162
4617154
461715131
4617150
461715
4617146
461714
46171371
4617133
46171313
4617122
46171212
46171163801
4617116
4617113
46171093
461710084
461710068
461710047
4617093
4617092
4617088
46170806
46170730
4617073
4617055
461705
4617049
4617048
4617046170
4617031278
4617030131
4617030085
4617029
4617024
4617020896
461702
46170197
461701929
4617010378
461700346
461700340
461700317
4617003
461700270
461700259
461700231
461700
4617-9
4617
4616tucker
4616sanchez
4616ok
4616js
4616DS
4616AraikKiamo
461699
461698
4616959
461695181
461694481
461691t
461691585
461690
461688
4616879
4616871985
461687
4616865
46168597
46168514
4616830412184404
4616828
4616796905
4616793
461679
4616778
46167706
4616769
46167689
4616755
46167256
461672
4616690
461669
4616688
4616680205
4616679
4616656
46166518
46166461087
4616646108
461664
4616639
46166377
4616629
4616611
4616610772
4616606
4616601
46165959
46165917
461659169
461659
4616582
4616581
461658
46165772
4616575
46165611
4616558
46165575
461654a
4616547jen
4616547
4616530
46165270
46165216
46165162
46165141
461651127
461651107
4616509
46164972
461649
4616480
46164701
4616470
46164679
46164665
4616457
46164540
46164521
46164517
46164511
46164508
4616448
46164454
46164430
4616442
46164286
46164285
461642104katonk
461642104
461641a
46164075
4616402
46164
4616397
461639
4616382
46163770
46163671
461636332
4616363
461635756
461635368
46163440
461634
4616335
461632862678
461632829
4616326
461632
461631
461630669
4616305
46162r
4616295
46162905
46162806
4616267
4616266
4616255
46162415
46162325
461622
4616218
46162124
46162117
46162020
4616202
46161998
46161993
46161881
46161832
4616173
46161719
4616171
46161682
4616164
4616163
4616156
46161394
46161378
461613
46161261
461612
4616117995
461611647
46161147
46161030
46161
46160933
46160822
4616081
46160804
461608
46160677
461606
4616057
46160552
46160527
461605
461604125
46160305
46160255
46160214
46160180
46160172
4616013
46160107
4616001237
4616001
4616-novial-9|
4616
4615txriv
4615rt1698
4615re
4615pico
4615mon
4615lina
4615jms
4615gk11
4615gk
4615chicky4615
4615anna
4615ag
46159e
4615988
461597798
461597670r
4615975
4615973
4615970
461597
461596
4615944
461594
461593
4615914
4615896
461589
46158835
4615880
46158793550
4615879
461587106
4615862
461586
461585
46158487
461584
46158269
4615817
4615815
4615813
46158
46157979
4615794
461579
461576
4615756
461575131
4615749
4615745
461574
4615730
4615726210
461572
461571
4615705
46157036
461570
4615697
4615695
46156933
4615679
4615673
4615668
4615666
4615663
4615662
461565sol
4615655
4615654
461565
461564
4615632
4615626
4615618
461561
46155982
4615595
461559095
4615586
4615580174
461558
46155784
4615576
461557
4615559
4615548
461553003
4615521
461551989
4615518
4615515
46155099
461550550
461550273461550273461550273
461550254
461550239
461550193
461550152
461550104
461550
461549
4615484
46154837
461547122356330
461547
4615464106
4615461514
461545
4615434
461540
46153931234
461539
46153801
4615370
4615369
4615361
461535
4615349134
461534
4615335
461533
46153235
4615322
4615320
461532
46153154
4615315
46153139
46153055
46153045
46153025
461530130
461530120
461528
46152690
46152470201
46152470177
46152470129
4615247011
46152470109
46152470070
46152470018
46152470014
46152460209
46152460164
46152460066
46152460024
4615240
461523@phone
4615236.
4615236
46152336
4615222DEE
4615219
46152181
4615212
46152100890309
4615210072
46152088
46152047
46152040
461520181
4615195
4615192
4615189
4615181
4615180
4615176
4615174
461517123m
4615169
4615159
4615152k
461515012323
4615150001
4615150
461515
461513
4615124
4615123
4615121
4615120
461512
4615116
4615109
4615106
46150x20
4615092
4615089
4615086410
4615083
46150802
46150798
4615079111
46150751
46150736
46150707
461507
4615069
46150652
46150633
46150615
46150569245107
4615054
46150514
461504
4615028
46150249
4615020
4615017
4615011113
46150110
461501
46150099
46150022
4615002
46150017
4614shellct
4614pootie
4614pl
4614onur
4614lina
4614denver
4614999
461498643
46149845
461498
4614955
4614937
4614933
461492521
4614925
4614924
46149
4614898
4614884bk
46148756a
46148741
4614829
4614818
4614805
461479
461478
461477
4614769
4614730
461473
4614710
461471
4614692
46146868
4614680041
46146566
4614653
461464134
461464131
461464101
4614632389
461463228
4614632112519
461463148
461463133
461463127
4614625nb
4614624
4614620
461462
461461461461461
4614610287
4614610261
4614600dana
46145f
4614599
4614596223
461459133
46145870
4614580
4614564
46145583
46145455
46145249
461452109
4614520031
461449642
461446
461445929
461445916
461445859
46144494110
46144422
4614442
4614431
461442
461440
46144
46143cf
4614381
4614366
46143637
4614355
461435
4614346
4614344
4614343e
461433
46143252062
46143252009
461431101
4614310j
4614305
461430
46142987
461429
4614288s
46142839
461425
4614245
4614230
4614215
461420407
461420315
461420103
4614201
461420
461419
4614176
461417
4614162
461416
461415
46141361
46141200zkob
46141191
46141183
4614117
46141158
4614115
4614111133
46141101
4614110071
4614110045
4614110026
4614110001
461410789
4614104148
4614093
46140832
4614080
461408
4614074
46140674
46140588
46140559
4614046
4614042
46140382
461402
4614018
46140125
46140100
461401
4614009
4614006
461400
46140
4613va
4613ronda
4613pinoke
4613paok17d
4613n.oketoavenue
4613hywy6
4613gui
4613gam
4613ga
4613cv23
4613cp
4613coty
4613ae22
4613985
4613980
461398
46139798
4613954
4613942
461393003
4613902l
46139020
4613902
461390
4613891
4613889
4613880
461387
4613852
4613850008
4613850006
46138218
4613806
4613805
46137k
4613799
46137958
46137928
4613784
4613774
46137702
4613768
4613764332
461374
46137264
461372287
46137209
4613716
4613714
4613712
46137048
461370300
461370290
461370273
461370247
461370195
461370116
461370099
461370085
461370039
461370
4613697
4613686
46136833
461368
4613670
4613669
461366
4613654
461364ga
4613644
4613637
4613625
4613607
4613603
461360032
461360
461359
461358546
461357
46135615256
4613553
4613547
4613546315
4613539
4613530
461352789
46135262
4613525
4613524466
4613520s
4613520
4613506
461350105
461350088
461350019
461350010
46134z
4613481
4613475
461347
4613465
46134613
4613448noname
4613431
461342r
46134208
461341810248
461340bs
46134054
4613401048
461339
46133894910457
461338
4613364
46133526
4613352
461335196627455
4613345
461334
461332
4613319
4613318
4613312
4613306
4613301038
4613301035
4613300
46133
46132900233
46132900
46132883610646KS
461328742
46132833
46132823
46132811
461328
46132798104
46132793033
46132792204
46132792134
46132792112
46132791160
46132780178
46132780027
46132744608399
46132674613267
46132593
461325798
461325456123
4613250002
461322128
461322111
46132132
4613213
46132129
46132117
46132111903
4613210068
4613210029
4613210025
4613210004
46132041
461320303
46132024
461320214
4613202
461320137
461320134
461320132
461320
4613195
461319
4613183
46131824eo
4613182
461318012
461318
46131729
461317
4613162
4613157
46131544
46131538
46131440212
46131421
46131391
46131331
461313101890
461313
46131263
4613123456
4613121981
4613113
461311130
461311125
4613110088
4613110056
461311
4613108
46131062
46131024
46131022
461310114
4613100214
461310
46130pik
461309man
461309
4613088
4613085
46130835
461308
4613071019
4613071012
46130603chavota
46130521
4613052
461305
4613048
4613036
4613035
4613029
4613027
46130217
461302101
46130204
4613018
46130169
461301
4613006
461300
4612street
4612peter
4612nskd
4612nlg
4612dest
4612ca
4612br
461299
4612975
461296671
4612966
4612961
4612943
4612942391
461292546
461292
461291
4612908
461290593745186
4612902
4612901059
4612901010
461290
4612890
461289
46128897
4612874
46128733
46128689
4612852dg
4612852
4612818
461281
461280
4612788
461278
461277129
4612755
4612753
4612737
4612726
461270
4612696
46126945
4612688
46126817
46126747r
46126743
46126651
461266482
46126619
46126614a
46126595
4612659
46126580
46126536
46126503
4612650
46126466
46126462
4612646
46126459
46126349
46126269
46126225
461262
46126191
46126179
4612612
4612611196
4612611170
4612611
4612610750
4612610727
4612610263
46126101
4612610099
461261
46126075
46126065
46126028
461259904
46125967
461258
4612561
4612558
4612546
4612544
4612543
46125369
46125322
4612532
46125315
4612531
46125304
461253
46125230136
4612519
4612518133
4612509
46125010
461250
461247
461246139
461246124612
4612461200
46124601
4612459
4612454sara
4612446
4612445
4612440
461244
46124301
46124255
46124222
46124210119
46124210
4612420
461242
46124178
46124023
46124022
46124021
46124019
46124018
46124011
46124008
461240035
46124002
461240
46123jwk
4612399
4612390
46123865
4612385
46123839
46123831
4612383
46123808
46123801
461238
46123799
4612379225
46123789
4612377
46123716
46123713
461237
46123691
46123683
4612367
46123589*
4612356
46123529
46123525
46123503
46123500131
461235
46123490319
46123490240
46123490126
46123458
4612345
46123412
46123411
46123407
461234
4612336
46123345
46123330305
46123330253
46123330249
46123330241
46123330234
46123330210
46123330144
46123302
46123290232
46123290221
46123290212
46123290130
4612325011
46123230116
46123210209
46123210115
46123210106
46123180228
46123180101
46123150241
46123150219
4612315014
46123150104
4612315
4612314
46123130134
46123121
46123120116
4612311113
461231027
461231009*
461230461230
46123020115
46123020114
46123020111
46123020109
46123019
46123006
461230
46123.brat
46122980
46122973
46122965
46122955
461229310
46122931
46122920
4612292
46122917
46122864
46122850215
46122850105
46122840141
46122840115
46122834
46122823AoN
46122820241
46122820122
46122820120
46122820115
46122818
46122813
4612279r
46122760493
46122760066
46122720
46122705
461227
46122682
46122665
4612264
46122629
46122603
461225d
46122534
46122531
4612252207
46122520149
46122508
461225
46122481
46122480239
46122480103
46122470216
46122470112
46122420317
46122420219
4612242011826550
46122420117
46122420113
461224155204
46122400112
46122395
46122375
46122362
46122352
46122330
461223
461222noke
46122270
46122265
461222529
46122250
46122232011
46122217
46122216
46122209
4612220021
46122180
46122163
46122160103
4612216
46122158
46122154
46122132
46122129
46122118
46122110113
46122109
461221
46122094
46122093
461220918
461220911
461220840
46122063
461220522
461220403
461220335
46122025
461220109
461220103
4612200176
461220
46122
46121t
46121998™
46121987
461219
46121890136
46121870109
46121860118
4612185108
46121848
46121840
46121833
46121816
46121814
46121811
46121805
46121803
46121802
46121789
46121783
46121781
46121754
46121717
46121700
46121603
4612158
46121519
461215100
461215023
461215
46121494310474
46121440142
46121440139
46121440121
46121440120
46121440101
4612144
46121430103
46121430
46121420118
461214045
46121398
4612136
461213115
46121311
461213
46121280
46121271
46121267
46121261
46121260102
46121259
46121244
46121227
46121213
46121182
461211063
461211041
46121103
4612110139
4612110106
4612110072
4612110057
4612110019
46121100144
4612110002
461211
4612109
46121027
46121020111
4612101
4612100020
46120anarui
46120987
46120978
4612096
46120952
46120937
4612093
4612092
4612089
46120853
4612085
46120820
461208
461207M
4612075
46120663
4612064
4612055035
4612053
46120502
46120458
46120440
46120432
46120415
46120408
4612039
46120375
46120304
461203
46120271
4612027
46120267
46120249
46120242
46120230
46120224
4612022
46120192
46120155
46120150
4612011***
46120103
46120098
4612008
46120077
46120041
4612001174612
461200117
4612001099
4612000936
46120002
4612
4611n