35
44671360blk182
44671344
44671
4467098
44670958
446708
446707899
446707
4467060
446705
4467036
4467031
446702
44670120
44670.159
44670
4467
4466tt55
4466loveit
4466ky
4466kiko
4466jane
4466jake
4466eiyxp
4466MAH
4466Joy
44669efxdo
446699123456789
446698907
446698
4466978
4466961
446695
446694
4466928
4466924
4466912
44668945
446689
44668844
446688224ever
4466882
44668818
44668800
4466857
4466852
446685
446684
44668356
4466830
446683
4466828885
4466825
446681
4466804
44667k
44667814
446678
44667799
44667791
4466778822
44667788
4466772
44667711
4466759
44667585
446675
4466742s
4466740
4466737
4466735
44667245
44667196
4466719
4466714
4466710
446670l
4466704
4466689
4466680
4466678017
4466671
446667
446666d
44666666
446665
4466646
4466634
446663
44666234
4466622255
4466619
446659
4466586
4466581
4466565
4466559
4466556
446655332200
44665522554411
4466552
44665500
4466546
44665456
446654
4466536
4466529
44665252
4466521
446652
4466513
4466500
446650
44664wgwri
4466486
4466481
44664795ginis
446646456
44664639
4466462
4466454
446644j
44664482
44664433
4466441
4466434
44664334
4466420
446642
4466416
4466400
446640
44663798881999
44663792
4466348036
4466343
44663401242524
4466339
44663112
4466301
44663
4466284
4466279
4466273y4458889
446627012720
446627
44662684
44662671993
4466265789
4466263102
44662601994416
4466260199
446625879130031
4466258
4466254
44662526
4466251
4466244
4466232
446623
44662255
44662200
446621466
44662
44661n
44661988
44661705
446617
4466164
4466163260
4466160209
446616
4466150
44661453
4466143
44661413
44661403
4466140102
4466139
44661378
44661338
44661320
4466128
446612
4466116am
44661056
44661
44660933
44660769
446607
44660637
44660510
44660439
4466034
4466033
44660314
446603
44660249
4466022
44660202
4466020
44660157
4466015
44660141
446601
4465qwER
4465pmc
4465mwuyg
4465hamed
4465gh
4465esA
4465cpm
4465casa
44659973
446599
4465987
4465984
4465975
4465969
4465968
4465963
4465933
4465915
44659064l
446590
4465892
4465890
4465889
4465882
44658710
446586
44658544
4465846
4465829
4465827
44658134
4465783247
44657783
4465712
44657
44656sla
4465696
446568
4465656
4465655
4465650
4465648
446562690
44656204993784
44656168
4465613
446561
446560
4465583
4465573
446557
446556
446555jess
446555
4465548
4465547
44655462
4465545
44655397
4465534
4465525441
4465507
44655
4465488
44654801
446547648
4465475
4465464
446545
446544a
446543so
446543
446541245
446540J
44653fosdt
4465397000
4465394
4465385
4465381cdp
4465363
446536
4465351267
4465345
446532
4465319
4465317
446530
4465296
44652903
4465290
446528
4465276
4465267
4465263
4465257
4465253
44652520
4465241
446524
446523
446522
4465216
446520
44651974
44651972
44651881
4465188
4465171
446517
4465160
446516
44651581
446515
4465146
4465141882
4465136
446510
4465082
446507m
44650671993
446505611
446504
4465028
44650015
4464tomasina
4464pitts
4464ni4ni
4464mm62442
4464kse
4464bitch
4464=)
446499
4464985
44649798
4464954
446493
44649233
446491
44648t
4464886
44648677
4464853
446484j
446482
44647pw
44647et
4464798
446477
44647529876
44647415
44647385
4464725
4464723
446472
446470400
44647016956357
446470
4464687
446467
4464666
4464664
446466
446461
4464600
44645asb
4464582
446458
4464567891
4464557
44645540yahoo
4464550
4464547
4464542400
446454
446453
4464524
4464520314
4464520096
446449
4464477
446447
4464469
4464461
44644598
4464459
446445
4464449
44644181
4464414
44644000
44644
44643MAM
44643962
446437657
4464367
4464360
4464358kay
4464354
4464346
44643459pa
44643459
4464340
446434
44643376
44643368
4464335
4464329
4464322D
4464320
4464300091940637755
44642cnm
4464297
446429
4464288
44642662
4464265
4464260859
4464255
4464253
44642527
4464249
4464248
4464247
44642455
4464243
4464236
4464227
4464224adr
446422
44642129+
446421
44642
44641minerva
4464175
446417
4464165
446416
4464158
4464155
4464128
44641272tent
4464125
4464121
44641122
4464111785
44641089
446410
4464097
446409
44640851275564
44640823
446407
4464047
4464036
4464025
446402
4463tv25
4463tall
4463navy
4463moli
4463js
4463jj
4463etep
4463der
4463clay
4463andrew
44639721
4463950
4463924
4463919
4463913
446390
4463898
4463894
4463892
4463884746388
4463878nicole
4463878c
4463874
4463868
4463857
4463832
44638116
44638
4463776
4463771
446377
4463766
44637482
446372
44637174212305
4463701
446369
4463682
4463670
4463668
446366
4463643
4463634
4463631
4463628
4463612
44636102
446361
4463608
44636032
4463574
4463557
4463544
4463535
4463515
44635128
446351
44635
44634vl
4463498
4463483
4463464
4463461
446344
4463433E
446343
4463421
44634167
4463412
446339
4463375
44633616
4463357
446334681604
446334
446333
4463329
44633278
4463316
446331
4463304
4463289
4463284
4463276tc
4463276
4463275
446327
446326
4463255
4463246
44632199
4463215m
44632146
4463199
4463178
4463173
4463170197
4463168
4463151
4463142
44631417
4463135
446310
44630c
4463095
446309
44630805
44630800
4463077
44630760
4463074
4463044630
446304
4463034
4463024
4463015
44630047
4462tay5
4462smt
4462rr
4462penelope
4462me
4462lo
4462lee
4462ihockey
4462gs
4462gin
4462RUGG
44629n
4462991
446298
4462960
4462931
4462922
4462916
446291407
44629
4462889
4462888g
446287lanz
446287839
4462864
4462856
44628554462855
4462852
446284
44628244842
4462822
446282
4462819
4462812
4462809
44628063
4462804
4462796284651
446279132
446278h
44627613
44627500
44627291
4462721
44626811
4462670
4462668
4462664
4462661
446266
4462655
4462652
446265105
4462648
446264200
44626404pauca
446264
4462636
44626340
4462630
446261
4462606
4462602
4462599
4462598
4462597
4462596
4462584
446258
44625625
4462544625
446254018
446254
4462537
4462536
4462535
446253022
4462530
4462526
4462522
4462521
446252
446251
44624886
446248231
4462474
446247
446244
446243326
4462428
4462423
4462415
446241271
4462403
44624007028
446240
44623idokn
44623baby
4462398
4462387sniper
4462386
4462365
446236
4462357
4462356
446235
4462344
4462341
4462331
446233
4462324a
4462301
446228444818
4462278
4462266
4462264
4462246
446224
4462234
4462225
4462210
446221
44622099
44622064
446220
4462199
4462196
446218
4462177
4462166
4462162
4462153
4462144
44621414
446214
446213578
4462129
4462123
446212
446211857
4462114
4462105aryn
4462105
446210
44621
44620ihhzk
44620823280827
446208
4462078
4462077
446207
4462069
4462042
4462036
44620222
44620174
446201
4461xetk4404
4461rn
4461calle13
4461bw
4461997
4461992201502
4461961
4461952
446195
4461924
4461914
4461903
4461896
4461892
4461890
4461874
4461846
446184
44618307
4461830
446183
4461827
4461825
4461822
446182
4461812
4461803
4461800
4461799
4461791
446178
446177
4461752
446172803
4461725
44617209w
4461713
4461711
4461707
4461690005
446169
4461688
446167
44616611
4461661
446166
4461647
446164
44616322
4461632
4461628
4461610.
446161
446155sarimah
4461546
44615441
4461543
4461535
4461523
446152123789
446152
4461512JND
446150203
4461492home
4461458
4461455
4461446
44614403
446142446142
44614123
44613abcd
4461387
4461381
44613699
4461344
4461332
4461331
44613308
446133
4461322
446132
4461305
44613028
44613002
44612tim
4461296
4461291
446129
4461270
4461267
44612565
4461256
4461223
4461222
446122
446121989
44612099
4461208530
44612073
4461204
44612034
44612024
4461190021
4461187
44611823
4461181
44611727
4461171
4461170
446115614926
4461149
4461133
4461132
4461128
4461122
44611069
44611021
44611019
44611015
4461100429158
4461100294
4461100079
4461095
4461086
44610760
4461072
4461053
4461042
44610386
4461017
446100802525
44610042
44610038
446100
4460rerxm
4460jlw
4460jls
4460fedsy
4460ds
4460991
446099
4460987
4460983
446098
4460976
4460965
446095
4460934
44609238
4460923
4460909
4460903
4460902
44608tuqfy
44608842
4460880
446088
4460863
4460852
4460844
4460805
446080
44608
44607944
446077
446070
44606clemien
4460698
4460695
446066
4460655
4460654
4460637
44606252
446062
44606100
446060707
446060
4460585
4460583
4460578
44605716
4460570
4460567
4460561
44605451
4460539
4460535
44605343
4460532
4460529789
4460529
4460505
446048
4460467
446045lr
446045
4460447
44604460
4460446
44604307-Q
4460430
4460425
4460390
446037sh
446035
4460346
4460307
44602984024641
4460294
4460289506982285
4460275
44602327
446022230
4460222
4460218
4460216
4460214
4460203880
4460200613
4460200449
446020
4460193
4460184
4460153
446015241
4460134f
4460133
446013
446012
44601184
4460103
4460101621
4460100599
4460076
4460064
4460060590
4460060
4460053
4460047
4460041
4460040
446004
446003350
4460032
44600300
4460030
4460011
44600
4460!!85
4460
446.317
446-88-6680
446-7617
446-4044
445zamvj87
445za1011
445xiplus
445vbhghg
445txy#
445t69j6
445sary
445rock
445ringo
445read
445pot
445morgan
445matt
445lflp3GNR0vr
445kawaii
445irma445
445hul12
445h2c
445fulya
445fireladder
445fac7d
445evhqk
445efa
445e27s6yf
445dan
445d8057
445charlie
445cdx
445blp72
445addin89
445BR7486
4459soli
4459mnh1206
4459lainers
4459fran
4459buena
4459adk
44599kinet
445999
445997
4459950
4459947
445993
44599191
4459912
44599
445989698
445988545
4459877
4459870
445986618
4459862
4459817
4459813
4459790
4459779
4459766
445974
4459732m
445972
445970
4459698
44596941005915
4459690
445967
4459667
445966
4459658
445965310
445963
445962621
445961159
445961
4459597
4459594
445959
4459584
4459575
445957
4459569607
4459569
4459562
4459561...
445956
4459537
4459529
445952
4459515
44595052
445950
44594envmx
4459492
4459488
4459478
445944123
4459441123
4459441
445943451
44594337m
445943
4459421
4459419
44593h
4459395
4459376
4459373
445936jb
4459351
445933
44593182
4459309
445930
44592827
445928004
4459276
44592727
44592724n
445927
4459250yok
445925
445924141104
4459231
4459221
445921
4459144
44591234
4459121
4459111
4459110
445911
4459089
4459087
4459072
445906a
445906
445904
4459024
4459021
445902
44590128410773
445900645a
445900500
445900
44590
4458pw
4458purdy
4458nel
4458luz
4458l546
4458el
4458c2
4458ar
4458TS1
4458LL
4458991
4458988
4458964
44589353champion
44589260LQ
445892500
4458925
4458912181469214684816
44589119
4458903
44589027
44589
4458899
4458880
445888
4458870
445887
4458866
445885466
4458836
4458826382
445882638
44588238
445881873
445880119
445880
44588
445879
4458778
445877
4458758
4458748
4458739
4458737
445873
44587238
4458712
445870
44587
445869
4458686
4458677
445867
445866320
44586579
4458654a
4458635
445863
4458626t
44586240
4458623
445860
44585yizsh
44585875paloma
4458587
4458581
4458578
4458567
44585648
4458563241
4458557
4458555
4458554
4458552
44585495
445854
445852
4458509
445850881987
445849956
4458490a
4458490
44584864
445847
4458450
44584458c
44584154
445840vb
4458402
44584
44583ywagx
445839
4458384
445837245
445836627
445836
445834216
4458328126
4458324
44583144
44583123
445831
4458302
4458300
445830
4458294
4458289
4458288546
44582820
4458275
445826023485348
445825005
445824j
44582469
4458244
4458241
445824
4458227
4458222
445821572
44582112
44582006
4458198
44581828
44581689
4458163
4458161f
4458160
445816
4458154
4458152
4458136
445813
4458127
4458118
4458110
445811
4458102
445808831
44580848
4458082
4458079
445806656
4458065
4458059
4458055
4458042
44580120
4457west23rdpl
4457popps
4457cafepl.
4457aycxd
4457996
4457995
445797
445796a
44579559
4457947
44579388y
4457933
44579296
4457926
4457924
445792
445791
4457900
44579
445789dph
44578895mm
4457875
445786
4457839
4457835
4457832
44578200
44578122589
4457811
4457805
4457795
4457791
4457768arf
44577675
4457759
4457751AMFCANDIC
4457751
4457749
4457736
4457711
44577
4457699
4457698
445766
445765
445762
445761S
4457608
4457602
44576
445759TJ
4457599
4457587
4457583
445757460
4457571
445756mili
4457569
4457563
4457551
4457529
445752
445750
4457482
445747mevale
4457477
4457475
4457472
4457458
445745512
4457452
44574511
445744sa
44574489
4457434
44574313
44574149
445741
44573thai
4457398
4457380
445737
4457367
445736021
445736
4457346
445734
4457335
4457320
44573146
4457289
4457266a
4457259
4457243
4457240
44572173
4457215sexy
44572121
4457206
4457193
445716789
445715cg
4457159
44571511
44571453
445713
445712ca
445712
4457108
44571
44570tvxqz
4457099
4457097
4457093
4457080a
445708
4457069
44570594
4457057
44570304
445703.84
4457024
4457021crp
445702
4457000
44570
4456v2abbz
4456tpi
4456slut
4456sar
4456sad
4456rs
4456man
4456jjgg
4456bms
4456GGG
4456FM
44569athena
445699
4456987
44569732
4456960
445696
4456944
445692102k
4456916c
4456915
445691
4456905
4456894
44568927
445688
44568737
445686jossy
4456862
445685502
4456855
445685
4456847ibrahim
4456840
4456833
445683
445680Roxana
4456796
445679
445678hioih
44567891
44567839
44567777e
445677
4456766
4456756
4456739
445672
44566lor
44566e
4456699
4456697mhm
445669654432
445669252611
445669
44566889971
44566869
4456679
44566789
4456678
4456671
4456669
4456661
445665465465465465465
44566545
445665448
44566309
44566123
44566071
4456605
44566010
44565980
4456598
4456592
445659
445658
4456578
4456576
445656work
4456563
4456561
445656
445655a
44565514481350
4456547
44565438
4456530
445652729431052
44565155
4456513
4456505
4456503
4456502
4456500
44564je
44564732
4456473
4456472
4456470
44564565
4456454
4456451
445645
445644blp
44564495
4456444
4456440
445642
4456418k
4456417
44564037
445640258
4456378
445636
445634
445633n
4456336
4456332105
445633
4456325
44563111
445631
4456301712
4456300
445629982
44562952
4456290
4456277rc
4456277
44562662
4456263
44562620
4456262
445626
445625rhayane
4456259
44562552
445624328
445624
445623e
4456237
445623123
44562250
4456225
4456218
445621
4456208
4456201
445619071j
445618nhft
4456174
44561654:tita
445614
4456130
445613
445612
4456110
445610a
445609
44560846
4456075
4456072
4456071
4456054123
44560340
445603
4456027
445602
4456019
445601
4456007
4456006
44560036
44560027
44560025
44560000
44560
4455were
4455twin
4455tuk
4455teddy
4455smc
4455sa.05
4455re
4455q8
4455pui2528
4455op
4455mmm
4455mjm
4455k
4455jeed
4455hjj
4455hill
4455hglf
4455ford
4455eja
4455dyanna@
4455dani
4455cc
4455_na
4455_82rua
4455UGA
4455@gk.4455
44559988
44559911
4455990
4455983
4455978
4455963
4455955
44559518
4455951753
44559427
445594
445593560
4455935
44559331
445593
44559247
4455917
445590uvmlve
4455907
4455904
445590
445588C
4455887558
44558866
4455885544
44558855
44558834
44558811002288
4455879
4455876sammyboy
44558730
4455873
445587
4455869
4455853
4455850
445585
4455849
44558424
445584
4455839alaa
4455838
4455834
4455830
445583
4455824
445581
4455809
445579
44557877
4455786
445578563
44557789
4455768
44557620
445576
44557428
44557406
44557245
445572
44557008
44556n
445569me
4455693
4455690
44556875
4455687
4455683
44556800
445568
44556789
445566re
445566l
445566kj
445566aj
445566_
445566T
445566F
445566B
445566AA
445566999911
44556699123
445566885522
44556688522
4455668/8
44556678
4455667788999
44556677889900
4455666633
44556666
4455666
44556655
44556641
4455662200
44556622
44556620
44556611230
4455661
44556601010202
445566008866
4455660
445566..
445566#k
4455659
4455656
4455655
445565
44556496
445564
445562
4455617
4455608
4455588
44555666
4455566
4455565
445556
4455550
4455543
4455532
4455526Q
4455523
4455518
4455514
4455507
445550
44554q
4455496
4455475
445545aa
44554545
4455450
445544jt
445544ab2
445544a
4455448
445544778899
44554455a
4455445545
4455444
44554422
44554361
445543
445541
4455408
44554004
445540
44554
44553998
4455399
4455397
44553911/rzl
44553844
44553813
445537
4455363
445536
445535702
445535015613soad
44553482
4455344
44553409
44553366
4455336
44553344
44553311
4455330
445533*
4455329
445532
44553111
445530lp
4455303
44553020
445530
445527jb
44552677
445526534265
44552602
445526
4455255
44552524
44552514
44552426
445524
445523ES
4455239
4455233
445522iza
44552255
4455225
44552233
4455221165
445522112010
445521awi
44552003
44552
44551991405
4455198
44551972000__
4455194
4455184
4455171
4455167
44551653
4455164
445516
4455155a
44551554
445515
44551489
4455147
4455145
44551412
4455141
445514
4455135
4455132
4455126
44551245
44551234
44551233
4455123
4455122533
44551176
44551155
44551137
445511230
44551120
4455111
44551102
445510eb
44551081
44551078
44551059
44551
44550922
445509081230.i
44550811840704
445507
44550697
445506
4455055
4455036
4455030
4455026
44550259
44550242
4455011
44550088
4455005
44550033
4455002
445500177
44550002
44550
4455!#*%@$
4454wh
4454vnz.
4454sr
4454girl
4454db
4454cm
4454bhs
4454997
44549946021
445499
4454972
4454963
445496
445495
4454945
4454943
44549422
445493
4454925l
44549179helun3
44549043
4454901
44548wbwhq
4454895
4454887
445488
4454877
445486562
4454865
44548622
445486
4454854
445485
4454848ch
4454845428
4454836
4454819
44548044
4454801
445479
4454781
44547789
4454776
4454756
4454755m
44547523
4454752
4454749
4454739
445473
4454728
4454719
4454709
4454703murat
44547021
4454702
44547
44546kl
445469j
4454688
4454687
4454676
4454670
4454665
4454664
4454662
4454660r
445465
445464roskita
4454647
4454645
4454643
4454640
445462932
4454627
44546248
4454623
445462
4454612
4454611
4454603
44546
44545uhu
4454592s
445459
4454584787
4454584
445458
445457604
44545755
4454572
4454568
4454567
4454566546
44545646
4454556
44545543
4454552678
44545522
4454550
4454546
4454543
4454541
4454538038775306
4454537
4454525
44545174
44545170
4454517
4454515
4454510
44545051
4454501
44544q
44544pdeay
4454488
4454481
4454480
445448
4454478
445447
4454466
44544645
4454464
4454454826
4454444
4454442
445444194
4454431
445442
4454405
445440
4454397
44543737
4454372
4454368852
4454363
445435387125wwe_
445435
4454339
4454322
4454310
4454300
44542smwr
445429*243
4454284
445427
44542558198718
4454249213
44542469
4454241m
4454241000
445424
44542365
4454230
445423
445422
4454217
445421
4454206
44541a
44541991
4454187
4454182219
445418
44541692
4454152663
4454142
44541411ggggme
44541401997
445414
4454135
4454127
4454126
445412462732t
445412
44541059
44541027
445410186289
445410
4454095
4454088
4454068
4454065
4454061
44540595
4454034
4454033
4454030929
4454025SARITA
4454014
44540035s1
445400
4453tyan
4453ta27
4453kris
4453kapichufa
4453high
4453_lc
4453TC
4453961
4453938
4453930
4453927W
445392
4453900
44538991
44538937
4453874
4453859
4453843
4453833
44538091
44538028
4453799
44537950
445379
445377
44537614l**??
445375
44537466
4453703
445370
44536haofv
44536800
445368
445367911
4453672
4453666
44536521
445365
4453638
445362
44536140ariana30
4453613JHONNY
4453613
44536
44535d
4453576
4453571
4453568
4453563
4453552
445355
4453536
4453528
4453523
44535036
44534955
4453480
445347
4453464
445345
4453441
445344
4453437
4453435
4453423
4453410011
445341
4453391
4453379
445337
4453360
445336
445335858
445335697975784
4453350
4453348
445333
445332296623908
44533210
4453308
44533
4453293l
4453289
445328
44532791
44532786b
4453246.gcg
4453243
4453234
4453229
4453218
4453215j
44532147
44532131
445320
445318449
445318
4453176
4453171209
4453170353
445316181
445314
4453139tss
44531291695
4453129
4453124
4453123
44531213
4453108
44531050
445310013
4453087
4453084
445308
445307
4453058
44530520
4453030
4453022
4453011
445300lu
4453007
4452yek
4452vv
4452tru
4452secret
4452nikkol
4452kck
4452jy
4452ert
4452debbieseamus
4452ch
4452aeb26
4452995
4452969
4452964
445296
4452953
44529480
4452911
4452904
445290
44528svaxr
4452896
44528896
4452887
4452882
445288
4452876
4452872
44528700
445285
445284b5
4452844
4452843Rms
4452836
44528101
445281
4452793833
44527933
44527911
445278
445277677
445277
4452767
4452753
4452741
4452740
445274
4452685
445267891456
44526780
4452678
445266akinto
4452664b
4452656
4452647ko
445262
445261k
4452619
445261049
445261
4452608j
4452608
445260370661
44525816
4452577
4452575
445256
44525511
445255
4452534
445252siew
445251552
4452513
4452511
4452506
4452505
44524865
44524854
44524842
4452458
4452456
445245563570
445245019
44524452kk
4452439
4452434
4452424
4452415
445241017
445241006
4452410021
4452410
4452408
44524
44523940
4452392
4452387
4452378c
4452378a
44523786
445237814
4452375
4452374
4452363
4452362
4452353
445235
4452348
4452337
44523351
44523256
4452321
4452316paz
44523133d
4452303
44523029
4452302
445230
44522g
44522@hotmail.com
445229d
44522965
4452290
4452288
44522816
44522744433
4452270
44522527
4452246465419
4452236
445223
4452221
4452211
445220768
445220
44522
4452198
44521974
44521906
44521898Ac
44521624110
445216
445214kp
445214779033
4452147
4452146hbm
4452141515471215
4452136
44521326
445213
4452116
4452114
4452112
445211
4452101
445210
44521
4452092
445209
445208
4452075
4452073
4452072
4452069
4452068
44520666
445206349
4452060
44520521
4452052006123456
4452044
4452025
44520219870715
4452013
4452009
4452000
445200
4451tan
4451ri
4451m4h
4451kwang8991206
4451bh
4451Jesus
4451987
4451983
445198
4451972q
4451955
4451947
4451946293
445191
445190
44518905
445189
44518888
445188
4451878
4451875
445186
4451851
4451850
4451848
4451845
4451841
4451839-lj
4451838
4451821
44518189311
4451815
4451812
4451800
4451792
445178oui
44517882317
4451787
4451762
445176
4451756
4451729123
445172
4451718HI
4451713
4451698
4451684
44516837
4451683
445168
4451679
4451661
4451653d
445164r
4451648
445164
4451639
44516245
44516072
4451605
445158m
4451584
445158
4451579
445156a
4451569
445156
4451551
445155
44515455
4451544dr
4451543
44515394
4451510
4451508carlos-
4451502
4451501198
44515011
4451500
4451470
445146
4451456
4451445b
445144263
445144254
4451441
4451421
445142
44514145
4451412r
44514081
44514036
445140
4451394211
445137
445136913
4451366
44513621
44513606
445135
4451344
4451343
4451333
44513221
44513202cin*
445132
4451316
4451312
445131054
445130962
445130861
445130
4451292
44512812
4451276
445127
4451268
4451266
445125
4451245
4451236
4451223
4451219
4451212
44512026
44512003
445119jr
4451197
44511929ry
4451191
4451189
4451177
4451174755
44511435125
445113a
44511337
4451128418
4451127
4451121
4451119
4451112058
4451109421
4451105068
4451105
4451103
44511019
4451082
4451081j
445108
445107
4451069_nanny
4451059552c
44510404
4451040203fide
44510351
44510265
4451022
4451020582
44510200
44510140
44510139
44510067
4451001624
4451000352
4451000282
44510
4450home
4450churchill
4450austin
4450abia1975
4450YIKIU
4450ND
44509js
445099
4450974
44509628
445096
4450912
4450911
4450898
445089
4450883
4450871
445086
4450812
4450801
44507876
44507808
445078
4450773
4450770
445076
44507534040
4450729
4450728
44507185
44507125
4450702
445070
44506941
4450687
4450686
4450683
44506698
4450665
4450661
445066
445065
4450640
4450616
4450611anerthorn
44505911
445059
44505887
445057
4450569
4450563
4450560494
4450559
4450550
4450527
445050
44505
4450499a
4450499
4450482
44504701
44504599
4450445
4450413
4450407
4450403
4450395
4450387
4450382
4450381
4450376
445037
445036
44503580230787
4450353
4450331
4450315
44503057
4450301m
4450301g
44502928
445029274483884
4450290
445029
44502839auk1
445027
44502609pp
445025421
4450253
4450244502
445024011
445024
4450235
4450224l
445022471l
44502123
445021052
445021
4450207131
4450206125
4450206117
4450205549
4450205150
4450204399
4450204328
445020386
44502035699
4450201845
4450201456
4450201
44502003
445020
44502
4450190
445018601068083014420182
4450147t
4450140
44501355
4450122
445011020
4450108
4450103074
4450102332
4450102
4450101326
4450095
44500933
4450090
445008993879782
4450083fuck
445008
44500666
4450051
445005
445003
445002e
44500206644258
4450020
4450019.36.3
4450013
44500
445-96-6977z
445-4009j
445-4009
444z666z
444you
444y8u66i2
444y867w
444wtma
444westb
444wardmandem
444vm444
444vic
444vfb26
444tys
444tyler
444tt
444trd
444tkd
444tiggers
444thm
444teres
444spree
444speed
444snottub
444skill
444sjr
444sieben
444shan44
444sexyme
444sexy
444score
444rtb
444rrr
444rox
444roses
444rolly
444rockyou
444rob444
444rgg444
444rey444
444renee
444red
444rama
444raghh
444r1940
444puppy
444precious
444points
444pictures
444ool
444nut
444moo444
444money
444mike427
444me444
444me
444marius
444manakamana
444lupita
444lulu444
444lsostl
444love
444lomaximo
444lolies
444la
444kung
444kmr08
444khushboo888
444kgmp
444justin
444jon
444javonna
444jaly
444ing!
444ilg
444idonnijah
444hkw444
444hgnry98
444hgm
444h444
444green
444goldfish
444goku
444ggg
444gears
444fuckoff123
444four
444flz
444fer
444farve
444fart
444evermore
444ever
444espada
444eiyani
444e555
444dot
444dopms
444dil
444daijames444
444dad9
444cwd
444crown
444cpuay48
444ck200
444civil
444chen
444cc
444butterfingers444
444brujita
444bmw745
444blu
444bajouca4
444babydoll
444astonvilla444
444add
444aaron
444a7o
444Sadie444
444SSS
444S999
444IlovePICS
444IZZY
4449west
4449vzerc
444999a
4449999
444999555
4449991
4449989
4449985
444998
44499732
444997
4449955
4449927
44499124449912
4449912
444990666
44498sex75333
4449898
4449888
444988
4449878
444987
444986329
44498533cuello
4449852k
444985024
444984
444979
4449786
4449776
4449767
44497415
44497292
444972
44497132
4449695
444969033
444968200ivann
4449680
444967024
444965113
44496477
4449642
44496167ls
444961322
44496
444958rds
4449585
444958231
4449580m
44495551
4449555
4449543
4449541
4449531
4449517
444949701
4449495
4449494999
444949290
4449468
4449464
444946211
444945
44494449
4449438
4449429
4449427
444941113
4449411
444940525
4449404
44494
44493913
4449367
44493401
4449337
4449332
444932
44493187L
444929445
4449285
444928
4449274
444927342
4449272M
44492684
444