9_me
436699525
436699246
436699
4366952
43669488
436692
43669110
436691096
4366904
436690
4366898
436689
4366884
436685453t
4366854
43668417jade
4366832
4366830
4366806
436679321Gb
436679282
4366777
4366774
436676386
4366760
436676
4366735
4366731
43667286
4366722
43667202
436671641
4366709
436670309
43666912neri13
43666904
4366676
4366665
436662
436661
43666084310274
43665938sexy
43665878
436658775
436657DJ
4366572
436657
43665504forever
4366539
43665073
43665
436649475579
4366492
4366488
4366478
43664766
4366471
436647
436644
43664366
436640
436639257
43663801
4366376
436637493177378933
4366374
436636109
436636
4366351
436635
4366336
43663042SEVDA
436630
43663
436629
4366279
43662786
4366254
4366251
43662505
43662449
436624
4366236
4366227
436621326
4366207
43662002
436619mv
436619mai
436619851
4366192
436619
4366163
436616
4366156s
4366145
43661445
4366143
436612177
4366121
43661180
4366100
4366098
4366089
4366084
436608085
43660802
436608
4366077
43660695
4366062
43660240
4366024
436600329
4366001
4366
4365xsmj
4365wg
4365ts
4365trader
4365mx
4365mkfqk
4365life
4365Pass
436599544
436599
436598969
4365982
436597b
4365974
436596928
436596
436594775
4365946
436592609
436592
436590266
43658kuulf
4365896
436589
4365863
43658602
4365848
4365833
43658269*u*
436581K
436581
43658
436577408b
4365773
43657643
436575289
4365750
436574567
4365745
4365744
436573058j
4365718
4365716
4365699
4365666
4365658
4365649
4365645
4365633
4365631
43656142
4365610ng
4365609
436559884
436558796
4365572
436557
436556972
4365565
436554
436552510
4365520
4365516
43654dihgm
43654962_yumi
43654862
4365486
43654830
4365474
436546353905
4365454
4365445
436544
43654343
4365426
4365419
4365404
436540
436539
4365377
43653693920851
436536591
436536
436535814
4365357
43653426
4365337
436533
436532
4365311
4365307
43653
4365293
43652908
43652789
4365267
4365260123
436524
436523364
43652314
4365225634
4365212
436520
43651iwill
43651977
4365179
436517
4365167
436516359
4365163
436516269
4365146
43651452
4365123t
436511
43651080
4365107
4365105
43651!
43650hppjr
4365090
436509
4365083a
43650831
436507
4365066
4365064
436505
4365046
4365045426
43650444
4365035
4365033
4365019
436500799
43650055
43650023
4364life
4364hemi
4364brit
436499
43649822
436498
436496
436495
4364947
4364943
4364941
4364922
43649214
43649120493
436491
4364905
4364884
4364882**gm
4364875698
43648756
436487
4364856
4364855
4364851
4364844
436484
4364804
4364786
4364774
4364773
436477
436476
43647570
436473
436471850
4364710
436470409289
4364704
4364702
43646qdxoc
436469
436468
4364666
436466
43646578
4364623
4364621
436462
4364610
436461
436459977
4364590
436459
4364587
436458395
4364583
436458
4364578
4364571
4364570
4364567
4364556
43645547
436455
4364529
436451821
436451
4364499
4364496
436447
4364454
4364451
436444vasquesmillar
4364447
43644364
43644266
4364422*
4364421
4364410
436440
4364396
4364393921
4364392
4364389
4364385
436437436437
436436n
43643694o
4364366
43643655
436436436
43643637
43643550*
436433936
4364310133
4364310
43643033
436429
4364281paw
43642691
4364247
4364228
4364221
4364220
4364217
4364214
43642
4364188
4364184
4364151
43641482714mg
43641285011
436412
43641165
4364116123
4364116
43641156
436411458
4364100
43640piggy
4364099
4364090
436409
436407
4364051
436405
4364045
4364039
4364036
4364004
436400
4363va
4363sara
4363ma
4363jen
4363gg
4363angie
4363aaa
4363JJM
43639laffertyrd
436399486
4363991
436398888
436398817
4363974
4363972
4363964
436396
436395102
436395
4363949
436394
4363935
4363934
4363929
43639216
4363917
4363905
436390471q
436390
4363878
4363870
4363851
43638472
436383
4363825
43638086
43638
4363798
436379
436378
4363761
4363757
436375
4363749a
43637430
43637398
4363737
4363720486887
4363710
436371
43637088
4363693
4363680
436367089
436367
4363667
4363646
4363644
4363642
4363636
4363634569
436363
436360
436359
43635879
436358
43635741
43635700
436356950
4363565
4363558
43635465
4363546
436354
4363514
43635037
43635015
43635014
4363490005
43634841
436348
43634704
4363470
4363467
436344
4363436
43634220
4363413
436340
4363394
43633891mBBf
4363386
436338
43633791
43633739
4363368
4363355
43633486
4363343
43633421
4363341480
436333739
436333
43633112sandrayjulian
4363311
4363299
436329020
436328
436327
436326j
43632696
436325599968720
4363248
4363247
4363240
436324
436322
436321032
436321
4363209
43632064
43632007
4363199
43631983
43631976
436319
4363184
4363179
4363173
4363170156
436316
43631517
4363143
4363142
4363137
4363133
436313
4363123
436311046
436311
43631022
4363100
43630927
436309
43630888
4363080
4363074mami
4363068
436306
43630515
4363051
43630482
43630383
4363026
436302
4363015
4363014
4363003
43630000
4363
4362cat1
4362bandit
4362994
43629853
4362982
436298
4362978
4362967
4362949
436294
4362935
4362930
43629265
4362919j
4362907
436290118
4362900
4362895
436288
436285
4362828
436282
4362817
436281
43627mat
43627890
43627765
4362776
436277
436276MOntSE
4362765
4362761
4362726tt
4362700
436270
43627
436266123
4362648
4362645
436262
436261
4362608
4362606
4362601
4362592
43625906
4362576_4242202
436257
4362552
4362549
43625431
436254018
436254
4362533
436253124626
4362520
4362512
4362509
436249
43624818
4362465
43624646
4362455
4362454
4362443624
436244006
436244
4362426
4362425
4362421bouquet
4362421
4362419
4362371
4362364
4362357
43623290
436232
43623142
4362312616
43623061
4362303
436230
43623
4362297
4362265
4362263
43622622
436226
43622564
4362244
4362228
4362208
43622050
4362201
43622003
43621958
4362172
4362168k
436216
4362159k
4362144
43621412
4362140099541
4362136
43621302
436213
4362126
436211012337
4362109
43621078
4362105
4362103
4362092book
436209
4362084
436208
4362070
4362069
4362067
4362058
43620531
436205298
4362051
4362050
436205
43620204348500
4362002
436200
4361willow
4361waik
4361sr
4361rb0
4361pty
4361ltri
4361hot
4361green
4361graci
4361daw
4361981
436198
436197@lyell
4361969
436196
436194
4361929
4361918
4361910
4361909
436190167
4361900
436189
4361876
436186
436185
43618463
4361838D
43618342.valen
4361828
43618225
436182
436181a
4361816
4361803
4361777
4361776
4361769
43617654
43617382
4361730
436172
4361713
4361704
436169
43616430
4361627s
436162351
436162
4361618
4361605
43615pbt!!*-*
43615aB*
4361590
4361580
436158
436155361
43615418
4361541
43615292
43615188
4361518
436151
436150
43614966
436149
43614828*
436148
436147
43614670
4361465
43614615
4361457
43614488
4361436123
436142
4361416
436141
43614080t
4361400262
43613824
4361376
436136
4361351acasa
436135
436132_confused
4361322
436132132
43613182
43613079
43613075
4361304
4361303
4361297479
4361292
4361279pablo
4361266
436126
43612300
4361230
436123
43612122
436121
43612080
4361203
436120
43612
4361197
4361188
4361185949931804
43611634
4361146
4361143611
4361143
436113yp
436113
4361129
43611078
4361107
43611025
43611024
4361102
436110140
43611
43610740
4361071
436106
43610518
43610418sp001669
4361033
4361032
4361021161918
4361015494
436101202
436101
4361008
436100719
43610070
4361007
43610015
43610013
43610004
436100
4360home
4360eye
4360b
43609l
43609IO
4360997
4360989
4360970
43609414
43609
436088c
4360878c
436087
4360850
43608412
436082h
4360822
4360793
4360777
4360766
4360758
4360756
4360755
436075
43607169
4360711
4360700
43607
4360691
4360674
4360669
4360665
436066
436065
4360644
4360634
4360623
4360621m
43606210
436062
4360619
43606151
436061014
4360600
43606
436059
4360587
436056
4360541natu/*-
43605215
436052
43605173210z
4360516
436050
4360474
4360473
4360462
4360447
4360444
4360443
4360441
43604360bk
43604333
4360425
436042
4360419
436040
43603cdzu
43603952
4360385
436036
436033
43603255CAPRICOR
436032
4360312
4360303
43602k
43602846
43602769SCJSS@
4360271
4360261
4360249/
43602427
4360230
436023
4360225
43602190.
4360207
4360191
43601668e
4360154
436015
4360147
4360144
43601410
436012
4360112
43601119
4360102
4360101
43600pujhg
4360094
4360092&oskar
436009090872
4360089
436008
4360073
43600670
4360066
4360063
4360056l
4360041
4360040
436004
436003009
436002k
4360022
436002
436001313
43600
436-8135
436-2159
435y m3
435xkp
435wjfo
435whitney
435u5mylov
435tanayisk
435st58n967d36s
435south
435sgd
435rice
435priness
435nozrh
435n329
435mos
435moe
435maria
435luciana
435les5277
435lemonroad
435laurel9121
435laura
435kxxkv
435jesant
435home
435hdk
435harvey199
435harve
435gggp
435g67gg
435fb411
435f5
435f118d
435east
435dudesuper
435cko55
435bsaps
435boy
435bobo
435assetplus
435arbor
435SQ344MOY
435PS235
435@lake
4359oway
4359duke
4359bh
4359998
435999
4359985
4359970d
435995
435994
43598b
4359882
435986cg
43598655
435986
4359848
435984435984
4359835
4359821
43598172
43598140
43598123
435981
43597sd8
4359798
43597226bn
4359714
4359711
4359672
43596691
4359666
435964
4359635pj
4359629743596297
4359610j
4359602
4359598312235
43595983
4359591
43595833
435957042006
435956o
4359565
4359562
4359560
4359537
4359528
4359523
435952
435951ef
43595174
4359512
43594a
4359496
435949
4359478
4359476
43594748
4359470a
4359463123
43594605265
43594519
435943594359
43594359
4359431
435941
435936
4359341
4359338tqm
43593275
435930401974
43592936634830m
435928a
435928
4359279
435926d
435926
4359252
4359228
4359225k
435922595
43592152
435921
4359209
4359199
4359198
435919112
435919109
4359152
43591400
43591361
4359134
4359129
43591100247148
43591
435908
4359070
435906a
4359056
435905
4359037
4359022
435902
4359013
4359008
435900327ffvv
4358wlrs
4358lpcs
4358kjr04a
4358gxjth
4358efsbq
4358at
4358E27
43589bhe
435899018
435899-6
435899
43589878
4358986919
43589778
435896c
4358963
435895
435894
4358931
4358921
43589204
435892
43589
435888
4358864
43588588PAPISEX
435884
4358828
4358814
4358799
4358798492
43587980
435879
4358784
4358778z
435877
4358768
435876
4358745
4358743
4358730
43587291
4358725luke
435872
4358708
43587
435869
4358686
4358683
4358643586
4358630
4358627
43586100
43585brzzs
435859685
4358595
435859316h
435859
4358589
435858274
435857
4358564
435856
4358559
43585570
435855654
435853629
435853
435852486
435851k
4358517
4358514
4358512
43585105
435851
435850826
43585054
435850126
435847
435846330
4358462
435846
43584403
4358424
435842
43584023
43584
4358399
4358395
435839468
4358393
4358389
435836168t
435836
4358351
43583492
43583490
435833903
4358330
435833
43583266
4358321
435831620
435831
4358286k
4358282
43582810
43582805
4358279e
435826
43582508
4358231M
4358227821
435822
4358202
435820
43581977
43581766
435816649
435816326
4358162k
435816
43581587
435815
435812807drc
435812807
435812378
43581234
435812
43581199
43581113
435811
4358109
43581080
4358107
4358093
4358083
4358070
435806
4358056
4358015
4358008
4358007
43580051
4357tl
4357rocha
4357pheONE
4357nene
4357me2
4357luc
4357gr
4357awisg
43579me
4357993
435798900
4357989
4357972
4357964
435796286
435796026
435796
4357957
4357948
4357939
435793622
435793055
4357928435792848088484808848
4357925
435791
4357906
4357875
435786387
435786
4357830
43578264348698
4357813
43578118
43578
4357798
435779390
435778675
435777hyung
435777226
435776617
435775868
4357757
435775657
4357753
4357749a
435774493
435773748
4357731
435771240
4357704
4357700
435770
435769r
43576908
435768d
435768
4357665123
4357664
4357662
4357638
435762
435761943
4357619
435761703513
43576
435759281
435759
435758777
43575828
4357579
435757605
435757440
435757
4357569
4357568JR
4357568
435756
4357559
435752819879
4357517
4357513
43575115
435750728
435750240
4357499
4357485
435748
435747700
4357444
43574372878633
435743661
4357434
4357433
4357405
43574047
435740
435739
4357377876
435737285
435736785
435735890
4357357
4357329
43573257
435732338
435732312
435732
4357318
435731
435730737
435730376
43573032
43573019
43573018
4357284
43572815
43572758
4357273
43572712
43572656
4357251
4357241
4357233306
4357228
435722
4357216
4357214
435721
43572098
43572015
43572008133
435720
43571981
435719713
43571918
435719
435718888
4357187
43571795
435715277
435714478
4357140ccaa
4357134
4357128
43571202
4357113890
435711
435710
4357099
4357096
4357094
4357078
43570213cota
4357021
4357012
43570000
4356yyyy
4356sa1
4356q9
4356lees
4356fhghg
4356ed
4356dg@@
4356cat
4356ca
4356THRASHER
4356Ralph
43569b
43569900hMmY
4356988
4356987
435698651t
4356986
4356974
435694086
435694
435693
435692162
43569060
435690158
435689m
435689d
435689
435688
435687
4356865
435686
4356845
435684
4356818
4356812
435680
43568
43567f
43567890123
4356787
435677948
435677
435676738
43567617k
4356753
435674712s
435674652
4356746
435672622
43567259
435672
43567
4356688
4356685
435668
4356678
4356667
435666
435664a
43566370
435663
43566219
4356616amgi
435660
43565965
4356594
435657104
4356567190110
435656677
43565660
4356565
435656321
435655
43565440123
435653784
435653664
4356529
4356525
435651454
43565130
43564pk22
4356491j
43564870
435648
4356475
43564699dominga
43564694
435644
43564356j
4356434
4356430068176974
435643
4356426.
4356420_
435641a
43564176carlos
4356417
4356414
4356405
43564014921120
435640123421
4356400
435638462
435637432
435637
43563668
43563647
435636
4356350908
435634
435633715
435633364
435633193
43563264mtam
4356319
43563111
4356310
4356306
43563043
43562966
4356290039
435629
4356286
435628
4356272
4356260
4356237
4356236
4356230
43562219
435622
4356203
435620
43561legend
435619767
43561821
435618
435617842
435617759
435617062005slna
435617
4356167
4356166T
435616668
435616192veces
4356155
435615
43561489n
435614883
4356134
4356133
4356125
4356124
4356122
4356117
435611
4356103
435610137e
43561
4356077
43560453
4356045
43560230
435602
43560169
4356013
435601202
435601
4355usaa
4355spruce
4355po
4355hi
4355cascade
4355bth
435599106
435599
435597a
43559717vv
435597
435595
43559498
435594259
4355928
4355926
435592
435591397
435591
435590702
435590
4355897
43558909
4355872548
4355849
435584
4355832
435581611
4355802
435580
435579
4355776
4355760k
435576
435573971
4355733
4355732
43557215
4355721
435571319
435571266
43557
4355688
4355682
43556794355679
4355672t
435566no
4355666a
435566686
4355662
435566
4355659
4355650d
435565
4355645
4355641
4355640
4355636
4355624
435561986
435560
43555pqing
4355588
435558
4355565
435556
4355555o
435555
4355536
435552
435551649
4355512
4355502
43554cl
4355488
4355479
4355472916
4355468
4355466
435546
4355459
4355447510
435544
43554355b
4355430
435543
435541
4355402
435538
435537
43553634
4355363
435536
43553473
43553392
4355338
4355334
435533
4355328
435532489
435532037
4355311
4355302s
4355302
4355290013
4355286
4355283
4355282
4355278
4355273101
4355259
43552589
4355255
4355251
43552498
4355248
435524100
43552368
43552256
43552231
4355216
43552
4355191
435519
4355189
4355181
4355178
435517753
435516s_serdar
435515709
435515623
43551475
4355144111
4355144
4355139044
4355139
43551357
4355132
4355129
43551280
435511J
43551046
43551022q
435510208
4355100
435510
43551-k
43551
435507dawn
435507881
43550722
4355071
43550596
4355059
43550437
4355043
435502979
435502435502
435501
43550
4355
4354sid!
4354rtjj
4354nate
4354j
4354gym
4354ever
4354bnza
43549og
4354999
4354989
4354987
43549862
4354986
435497e
43549705
43549583-a
4354953098
4354953
435494zas
4354943
4354933
43549325
43549171
4354915
4354905
4354901
43548kgcuf
4354896
43548932
4354891
4354880
435488
4354870tjm
43548525
435484
43548276
4354824
4354821
43548123s
4354806
43547878
4354760
435476
43547581w
4354742
435473596
4354714819A
435470
43546ns
4354699
4354696
4354691
435469
4354685
4354682
435467
4354665
43546618
435466
435464936gjw
4354644
4354629368
43546143
43546006
435460
43545ouw
43545nap
435459719j
435459
4354587
4354582
4354575
43545740R
435456
43545582
4354558
4354555
435455
43545446
435454
4354536
4354508102
435450
43545
4354491
4354488
435447
435445
4354445*
4354440
435444
43544354
435442jj
4354428
4354419nicole
43543pulmuluk
43543axn
435439402
435438613
43543829
4354372
4354369
435436
43543566
4354350
4354349
435434
435433873154
4354335
4354333
4354328
4354325
435432
4354312
43543117
43543
4354299
435428426278
4354284
4354281
435428010061987
435428
43542323
435422524
4354220
4354212
435421
43542087910
43542084c
43542054
43542
43541922
4354192
435419
435418
435417050
435416844
4354166
4354160
4354140
435414
435412
4354112
435411
43541057
43540945
435406
435405
435404p
435401
43540051
435400
4354
4353mavi
4353eh
435399421a
4353952
435394048
4353914
4353911p
435390
43539
43538936
43538800
435388
4353845
4353843301089
43538347613679
43538304
435383
4353828382
435381f
4353813006
435381
4353802
43537t
435379f
4353790
435378809
435378590
43537829
4353774
435376
4353754
4353748
4353740
435373
43537296
4353725
4353712
43537076-p
4353706
43536p
43536999
43536816
435367b
4353678
435367
4353663
4353659
4353655
435364kec
4353645g
43536312
43536231
4353613dad
435361
435360
43535w208
435359
4353586a
435356
4353558l
43535516h
435355
4353540
435354
43535371
4353536e
4353536
43535330
4353533
43535244
4353523
43535229
435351697
4353514
435351
435350
43534948
4353494322
4353486
4353483659
43534785
4353465r
4353435343
4353433
43534313
435343
43534109
435341
435338
435337135
4353359
4353347
435334653
4353338
4353315
43533038247
4353297
4353285
435328-6
4353278
43532700
435327
4353266
435326
4353246
435322haz
435322
43532153
4353211
4353209jh
4353204
43532011
435320
43531mark
4353190
4353189
4353187
4353185
43531825maiden
43531809
435318
4353176
4353173
4353171744
4353157
4353150
435314
4353133
43531317contado
435310004
435310
43530929
435309
4353085
43530690
4353068
435306
435305
4353049
43530465
4353043
4353038
435303
43530294
4353014
4353010clover
435300992
43530069
4353005
43530045k
435300
4353
4352sq
4352rcb101
4352qq789
4352mo
4352mm
4352mexico
4352luis
4352BC77
43529986
4352997
435298s
435297252
435295pe
43529578
435294206816
4352942
435294
4352932
435293
4352928
4352924
435292
4352918
43529172
43529165
4352912
43529003
4352879j
4352879
435287
4352867
4352864
435280
435279cj
4352794765
43527912
435279
4352789
43527819
435277
4352759
4352745
435274487
4352744
435274
4352725820
43527
43526999aj
4352661
435265
4352643526
435264121001
4352640500311
43526255
43526140
43525943960456
4352593
4352590
435259
4352580
4352565
4352561
435256
435255850
4352555
4352540
435254
4352538
4352534
435252
43525120
4352510101190
435249
43524737
4352469
4352462
435245
4352438
43524357
435243314410
4352420
435242
435240rv
435240865
43524061
43524052
4352400233
435240
435239
4352385
43523791
435236
4352352
4352348
4352332
435233
43523033
43523
43522jbbdh
4352298
435229
4352270
4352266
435226
4352244242
43522211
43522172
435221
4352208121
435220
43522
43521991
43521986
43521929
4352190
435219
4352187
435218
43521725
435217240
43521541
4352154
4352143
43521388ruso
43521384
43521375ro.
43521309
43521288
4352127
4352126
4352121
43521150
43521130anauribe
4352108
4352103r
43521014065324
4352101
4352084
43520837
4352081
43520688
4352047
43520451
4352045
4352033
435203
4352028c
4352024
435202310
43520
4351ymd
4351rs
4351cappel
4351abcd
435199635
43519779
4351977
43519703A
4351965
4351962
435196
43519536
435195
435194
43519360
43519324351932
435193
4351921
435192
43519188
435191026
435191
4351904
4351902
4351882
435188
435187
43518649
435185
4351844
4351811
4351800
4351788
435177
4351764cd
4351764
435175
435174
435172
4351718
435171
4351707
4351704
435170
4351692
4351686
435167
4351666
4351638
4351624
43516041
4351599
4351598
43515969
43515949
4351577
4351572carlos
4351571c
435157
43515620an
4351557
4351556
4351543515
4351542
4351541700046
43515298163516
43515266
4351511
4351508
43514k
43514892
43514551
4351453
43514340
4351419
43514096
43514010
43514007
435140
43514
435139
4351388
4351359
435135392
43513488
435134
4351330406
435133
4351315
435131
43513098
4351301p
4351298
4351284900
43512720
435127
435126881281
435126789
435125
435124
435123
4351229
4351220
43512150
43512046
43512028
43512021
435120
43512
4351190435
4351187
4351185
435117659betty8659925
4351173
4351170
435116
4351155
4351154
43511526MIREYA
43511470
4351144
4351143511
43511399
4351129
43511266
4351122
43511
4351097
4351080
435108
435105
4351046yuccelis
4351046
4351045
4351041k
43510411
4351037
4351031250
43510263
43510249
43510245
43510209
435102
435101kh
43510191790
43510151981
43510140
4351012
4351004
435100180
4350usa1
4350slm
4350nbe
4350nb
4350jags
4350emog
4350e88
4350boo
4350b23890
4350ap
4350ajs3f
4350BB23890
43509LC
435099p
4350988_1
4350968
43509608
4350958
4350951
4350947
4350946
435093l
4350933
4350911
435091043
43509
4350895
4350893
435086900
435084
4350834
435082
43508191
4350818
435081
435080
435079
435078
43507777
435076230290
435076
4350755
4350753
4350737
4350730
4350704
43507007H
4350692
435069
435068
435067
4350662
4350659
4350653
435065050055
435065050050-2
4350630
4350622
4350603
435060031030
4350598
43505866
435058
435057
43505688
4350561
4350560
4350554
4350541
435053519361322
43505321
435052
43505072
4350506
435050
43504holm
4350493
435049
43504824
43504760
435047
435046
43504507
435045
4350447
43504389
435043504350
4350435
4350427
435042
4350418
43504144341244
4350393
43503889sc
4350375
435036
43503533
43503443
43503369
4350335
4350331
4350324
435032
4350281
43502690
43502682is:9293
4350252lbc
435025
43502499
435023871990
43502376179588
43502186
4350211
435020
43502
4350152
435014
4350135
435013
4350123t
435011
435010
4350098
435009
4350089
4350074
4350072
435007
4350037
4350022Cha
43500108julio0694
4350002b
435-tony
434ynexv
434ych
434xyze
434west
434snysl
434snuggles!
434ronald
434red
434ranger
434prnt
434patsytong
434ooo
434music
434mike
434me
434kusjes
434kus4937;1608
434k378n2749w
434john
434jen6891
434ibIGO
434gcjfwzx
434ever
434eva
434eric
434e72st5e
434dyj92
434crystal
434camero
434besi670
434bella
434ba8ilu099
434ba8ilu
434arbor
434amanda
434Silvermane143
434SROSE
434SBC
434Poplar
434II892
434DarWin01
4349zr
4349vkqv
4349eqdq
434999
43499747
4349971
4349962
43499567
4349941a
43499099anita
43499000
43498cedar
4349863qa
4349862
43498500
43498437
434984
434983AM
43498382
43498369mbz
434983
434982
434980jg
43498021
4349800002570
43497883
4349788
4349782
43497804
434978
4349779
4349767
4349730
4349717
4349710b
4349703
434970204
43496asmyg
4349687
4349686
434965
43496481
4349646
434964
4349639
434962
4349608
4349605
43495897
4349572
434957
4349565
434956
4349552
43495512
4349544
43495439
4349526482
43495138
434950
43494o
4349499
4349488
4349461
434946
43494432
43494318
4349421
434942
434941172
4349404
4349391
434939
434936
43493497
4349347
434933
4349329
4349324
4349311
4349308426
4349305
4349290
43492840
43492712
434927
4349247
434924
43492359
43492295
434922
4349210
43492014
43491rs
43491972
43491841
434918
4349166
4349146021
4349134
4349128z
4349113
4349106
43490872863449
4349079
4349058
43490170
43490109
4348zl99
4348tiger
4348pimentinha
4348ms
4348ddk
434897916
4348964396eh
4348956
43489546
434893365carolin
434892z
434891289
434891
43489
4348888
4348884
434886
4348859
4348830
434878251
434878
434877262
4348764
43487602012
4348759
434874941
4348731
434873
434872
434870
4348692
434867
43486569
434864am
43486409
434864
4348622CASA
4348605
434859713
434858-0
434857
43485678
43485677
434856769
43485674348567
4348564
434856067
4348559
434855301elizabeth
4348550
4348541
434854
434852985
4348524
434852012
4348513
434851107507
4348502
43485
43484795
4348459
43484410
434844
4348439
43484348a
434842
434840
4348397
43483867
434837
43483585
4348354
4348350
4348344
434833828
43483369
4348329
4348313
434831
4348307
434830385m
434830385
4348291
4348289
4348283
43482664
4348256
4348246
434824
4348221
4348216-daddy
4348202
43482014
43481810
434818
434817219
4348137
434813209
434813036
4348126
434812499j
43481203
434811685
434811672
4348111
434811068
434811
4348109
4348107120H
43480ro
43480906
434808
43480716SANDINO
434807**b
434807
43480612
4348056
43480518
43480469
4348034i18
4348034
4348027
434801
4348..v
4348
4347tree
4347rca
4347pinkpretty19
4347ohio
4347no
4347jh
4347hferi
4347german
434799817
4347995
434798969
434798232
434798117bam
434796727
434796302
4347959
4347958
434794220
434793
4347920
4347912
43479
434789
4347886
43478620
434786
4347854
4347828
43477b
434777974
434776570
4347754
4347745
4347739
434772667
434772092
4347706
434770409
434768
4347653
434765
43476474
4347644
434764146
434764
4347629
4347627c
43476100
4347610
4347608
434760
434759782
4347583
4347577
434757
43475682
434755991
4347552958
434754308
434754003
434753638
434753467
4347531
43475238
434752
434751069
434750337
4347494
4347457
434744
4347436
4347424
434742
4347419
434740id
43473972
4347377
434737
434734m
4347343473
434734
4347335
4347331
4347325
43473211
434731491
4347309025
4347303
4347273
43472700
4347259
4347245
434723
43471962boop
43471942
434719236
434718
434717ch
43471797
43471749klaux
43471711
434716643
43471621
4347161
434715037
4347143471
4347141
4347139
43471382
434713789
434712655
434712244
4347115
43471123
43470810
4347066
4347058
4347057
43470478
4347041
4347040
43470392
4347031
4347025
434702008
43470145
434700
43470
4346trbs
4346send
4346s0177
4346RM
43469mary
43469cmw
434698706
434698
4346979
4346976
434697369
43469470
4346920
434690909
43469032
43469
434688
43468741
4346872
434685bg
4346849
43468366998
4346824
4346810
434678940
434676900