2885118
428850
42884kstd
428849
428848
4288476
42884703
42884688
428846
428845555
428845*
428844
42884385
428842
428841
42884015
42883ME
42883950
4288393
42883651m
428836
4288357
4288354
42883461
4288337mariap
428832
428830
428829
42882698
42882652
4288261
428826
42882530
428825
42882484
4288243
428824
4288237
4288221k
4288210
428821
4288203
4288195
42881766
42881732
4288166
4288155
4288148
4288143
42881327
42881218
4288110
42881040
4288098
4288097
4288094
4288074
4288070
4288067
42880637
4288041
42880349
4288030779
428802
4288015
42880119
4287wf
4287trlk
4287pf
4287lbst
4287cml
4287asa1
4287MD
428799a
42879995
4287998
4287996
4287984
428798
4287974
428796
4287956
42879526
4287929
428791
42878emb
42878dm
428789
4287887
4287884+
4287864
42878567
4287854
428785
42878484287848
4287848
42878429
4287842
428784
428782
4287819_0
4287807
42877bmc
428779b
4287793
428778460
428778035
428777619
42877721
4287770
428776810
4287765
4287757
4287756
428774
428773145
428773
428772
428771712
4287715
428771442
428770728
4287700
4287694
42876652
4287662
428766
428763874287
42876330
4287626
428762
42876066cc
42876
42875juooh
42875890
428758
4287571714
428757
42875682501
428756
4287559
428754890
428752692
428752604
4287526
428751ailenluz
428751691c
42875103
428750669
428750067
42874love
4287496
42874898vane
4287452
4287450
42874372
4287416*
42874131
4287408
42873972
428738613
4287382
4287379
428737
42873674
428736595
428736
4287358
428735223
42873508CF
428735
42873471
4287342J
428733846
42873323
428732
428731aq<
4287316
428730449
42873
42872halo3
42872858
428728
4287273j
4287272
4287271
42872617j
4287230
4287212700
42872052
428719612
42871948
428719017
4287188
428718
4287176
428717405
4287170+j+p
4287165abc
42871590
42871465
428712955
428712874
4287123
428712062
428712
4287113
4287100
42871
42870st
42870halo3
42870fas
42870april
4287083
428707f
42870618090041
42870571
428704
428702jam
42870205
4287
4286zcar
4286tr
4286orion
4286mv
4286la
4286ja
4286hn
4286flow
4286bubba
4286G
428699815
4286997
428699
428698726483266
428698635
428698435
428697
4286958
428695738
428695472
4286950
428694095
428693294
42869313
4286923
428691eh
428691532
4286901
42868xtccd
4286899
4286897
428688d
4286888
4286876
42868718
4286863
42868535
42868517
4286819
4286811
42868007
428679445
428677214b
428677
428676771
42867619
428676
4286746
4286745J
428674
428672xsv
4286729d
42867271
428671016
4286709
42866gvjrh
4286699
428669
4286670
428666i
4286661488
4286661
428664
42866292021
4286625
4286617
4286613
42865vped
4286595
428659152
42865897
428657
4286569
42865672
4286560
428655407
428655
428654233
428654116
428653906
42865112233
4286511
4286506
428650
42865
4286487
4286483s
428642e23112
4286421
4286396
4286389940H
4286386
428638
4286372477
4286361849
42863586
4286353
428635
428634573
42863456
4286331
4286326mev
4286320
42863186
42863175
428631698
428631152
428630483
4286304
428630016
428630
42862892
4286287v
4286287
428627
4286267
4286261
4286226jam
4286223
4286211
428621
4286206
42862041
428620
42861b
42861991
42861990jazxime
4286195
428618652
428616843
42861511
4286150
428614511
4286140
428613332
4286124
4286115danie1
4286101
42860bsdwo
42860916
4286089
42860824
4286074bh
4286064n
428605
4286042j
42860383
4286003
4286000
4285nc
4285kris
4285jtlf
4285jt
4285cpe
4285999
42859707
428597
4285958
4285950
428594748
42859456456
4285944333
4285924173788642
4285921
4285919
4285917630
4285917
42859168
4285910
4285907613
428590
42859
4285897
4285890
4285884
4285863
4285861
42858536
428585
4285830
4285828
4285806
4285794
428578
4285776
4285765
428575810
4285757
428575
428573237
428573028
428573
428572850
4285728
4285717
42857136
4285712
42857
4285691
42856580
4285649
42856461
4285625333
42856246
4285612
4285601
428560
42855ggxyy
4285581love
428557907
4285568
42855679
4285565a
4285559
4285555
4285554
428555
42855308eli
42855162
42855081
4285504
4285492
4285485
428548
42854716422geyo
428547
428546
4285449
4285447
4285436
4285430
42854285
42854269
4285421
42854159
4285412
4285408
428540
42853mwcr
428538430
4285378
428537
428536
4285359
428531
42852707
4285268g$
428524843735
42852223
428522
428521
4285204
4285202
42852
42851figo1gunner3949
42851924
428517614
4285173
4285171
428515597
4285142
4285134963
428513
428512joy
4285123
42851119
428511029b
428510277
428510
4285097
428509
42850886
42850828
4285061
4285060
428506
42850577
428505
4285041993j
428504
428503koko
428503j
4285016
4285012
428501
42850091
4285007
42850
4285**ilbl
4284pj
4284mrcjp
4284js
4284himup
4284ga
4284feb
4284eva
4284dg
4284blk
4284L
4284IONA
42849990
428499
4284985
4284983+brenda
4284980
428498
4284958
4284956
428494710
428494
4284935
428493410
428492310
428492
4284896
428488a
4284882
428487
428486apit
4284863
4284862
4284849
4284827
42848224
4284820
4284813
42848035360259
42847may
4284792
428477
4284751493
4284723
428472123696597
4284715
42846map
428468085
428468
4284677
4284667
428465342001
4284630
4284626
42846037
42846
42845vyghw
428459688
42845641
42845621
4284557
428455
428454
4284538
42845208
42844m
4284493
42844647
4284462
428446
4284452
42844493
4284430n
42844284
4284422
4284416
4284407
42844061144*
42843noyxi
4284399
4284397
428438204
428437
42843653
4284365
4284364
4284362
4284343
4284325
428432
4284319
428431244164520
428431
4284302
428430
4284298
4284297
42842929
428429
428428okok@gmail.com
4284289
428428715
428428428
4284284
4284272
428426
42842527
428425
428424
4284236
4284232v
4284232M
4284232123
4284232
4284226
428421925152515
4284208
4284200
428420
4284198
428419
4284184
4284171
428417
428416161
4284157428
428415
4284145
428414
4284131
4284130
428412
4284107
4284097
4284095
42840854
42840744
4284071
4284067
42840441
4284022
4283you
4283taube
4283sophia
4283me
4283love
4283longhorn
4283lh
4283eyj
4283cel
4283carajo
4283bnm
4283awwao
4283SAM
42839968
4283988
428398644
428398
42839794
428396
42839597
4283954
4283943
4283940
428394
4283937
42839311
4283922
428388
42838625
4283860
4283842
4283836gcm
428382
4283809
4283807
42838
4283793
4283780
4283775
428377
4283766
4283754
42837513
4283750
4283743
4283742837
4283737
428373396
4283725663
428372
4283711
4283706
4283694
42836710
4283665
428366
42836392
42836222
4283605
42836
4283594
4283591
428358
42835795
4283571
428356
428354964
4283546
42835286
4283526
4283523
4283519
42835033
428350
42835
42834b
428349renzit
4283498
4283489
4283479
4283470
42834481
42834414
4283438
428343
42834283
428342
428341
4283403
428340
4283393
4283390
4283385
4283381cws
428337wip
42833779
4283360
4283357
428335
4283339
42833219
4283320355
4283320
42833
42832958
4283294
4283293a
4283293
428329003
428329
42832804
428328
42832793
42832600
42832528
4283243
4283206
428320419
4283200104
4283196
4283189
4283180024
428318
4283172
4283168427
42831629
428315215
4283150261
4283150155
4283150105
4283150054
4283148
42831436
42831358
4283131
428312a
42831290
428312756
4283125
42831247
428312
428311
42831023gismo
4283100
42831
4283084
4283054
428305
4283040
4283032
4283030
4283025
428302115
4283021
4283020c
4283013
4282zr
4282wild
4282dmg
4282cherry
4282b117
4282_42
4282FB
4282Ag19
42829971
4282987
4282955
428295
4282946
42829417
428294
428293u
4282929
4282928
4282925
4282924adri=
42829204
428290T
4282900
42828zbugz
42828940
4282893
428289
428288
4282873
42828552
4282855
4282851
4282847
4282841
4282832
428283
4282825
4282818
428281
42828
428279
4282770
4282768arnold
4282767
428276
4282753
42827471
4282742827
42827423
42827351
4282734
42827323056steph
42827057706
42827
4282695
42826812
4282664
428266
4282655s
4282655
4282652
4282642826
42826425
428263
4282620
4282605
42825992julieta
42825800
428258
42825735
428254850
4282535
4282521
428251196
428250
428248h
4282488
42824806
428247033
4282467
42824647
4282458
42824342
42824340
42824299
42824280
4282419
4282412
4282410123
4282410
428240
4282386
42823834278572
428238
4282371
428237
42823543
42823421212312
42823164
428229330060
428229
4282283
4282281
4282273bolivia
4282273963123
428227
4282269
4282245
428223
4282205
42821tygr
428219053
4282153
428215
4282148
4282134
4282131asa
428212msn
428212825a
4282124
428212
4282091
428209
4282078
4282076
4282074
42820520
428204.
4282027
4282004j
428200301
42820021
4281xk14
4281sez
4281kls
4281hd
4281993r
4281990a
4281988j
4281986
42819850
4281984srk
4281984
4281983
4281982
4281980j
4281971
42819703
4281969
4281967
4281966
4281962
4281959
42819514848
428193
4281916
4281912852
4281912
428191
42819
4281889
428188033
42818798
4281870001
428186248
428186
4281858
4281856
4281844
4281836084adrian
4281826
428182085
428179
4281788258
42817725
428177
4281768
4281757
42817557474628
428175
428174red31
42817361
428173
4281718
4281717
428170a
4281698
428168j
4281685
428167
428165
4281639
4281605
42815995
428158
428157842
428156
4281552
4281543t
4281528Luis
4281523
4281520
42815187
4281515
4281510
4281506dK
428150
4281493
4281491
4281478
4281470
428146
428145
4281449
4281448
42814436
4281441
428144093
42814307
428141992
4281415
4281410
428140klo
4281404n
428140138
42814
42813882
4281382D
4281380
428137
4281352
4281333
428133
428132428132
428131997
42813158
428131
428130g
428130e
4281304282
42812J
428129977
4281291
428129062695
4281290
4281283
4281271
428127
428126a
42812639
4281262
4281260
428125987
42812536
428125
4281245
4281242
4281235a
4281232
4281229
4281228
4281227
4281217
4281216
4281215
4281214
428121
42811rea
4281194
4281184
428118
428117
4281167
42811628
4281160
42811598.
4281159
428115116
428115
428114855
428114
42811384
4281131
42811294
4281126
4281123
42811211
428112
42811199
4281116824
4281109
428110
4281098
4281089
428106
4281045
428104
4281038617
4281038
4281031184
42810300
42810296
428102829
4281027793
42810275
42810241
428102117
4281020169
4281014
42810086
4281007
4281003
4281002788
4281000492
4281
4280uv
4280syr
4280sara
4280samu
4280lai
4280joow
4280dogg
4280dm
4280cjk
4280caiye
4280980
428098
428097
4280953
4280948p
42809395
42809313
428093
42809206316231
42809131
4280912
428090
42808y
42808j
42808alan
4280882
428087bc
4280870
4280865
4280857
428084ivi
42808461
428084
4280830
42808290
428080m
4280793
4280787AO44PB2
42807742
4280739
4280727
4280726
428071071878
4280709
4280704
4280703xp
428070
42807/tr
42806l
42806jt
4280694
42806911
428067
4280668
42806537
4280652315
4280639
428063
428062gm
428062522
4280623k
428062
4280614
4280606
42806050598
4280600
42805941i
42805696
42805689
42805620
428055
42805420
428054
4280534
428053
428052004
428052
42805133
428051
42805012
42804sechy
42804g
428049983
4280486p
428048
42804567
428044hlm
4280433
4280428
42804209
428042
42804189
42803880
4280384
42803784280378
42803686
42803590
4280353
4280345
42803408
42803322
4280329
4280314
42803057
428030
4280297R
428028165
42802725
428027
42802199493
42802181
42802080
4280201969T
42802
42801flt
42801997158
4280184
428018
428017
42801504
428015
42801328
42801320
428013
4280129822
42801254
4280123
428011445b
42801144502b
42801126
42801125
428011089
428011
4280101
428010
42800d
42800993
4280097
428007
4280068
428006
42800578
4280057
4280056708
428005
42800475
4280042
4280026
4280015
4280012
428000
42800
428/101
428-7738
428-7291
428-1585
428-0828
427z28
427yeah
427victoria
427vick
427us
427stroker
427ss274
427sqn
427sohc
427slp
427sinbad
427scj
427re7
427poindex
427patrick
427nini
427newo
427nate
427mia6573
427love
427lo04
427letmein
427l630
427kay
427kaveh
427hu2
427hsvute
427home
427hemisabre
427hemi
427fuelie
427frogs
427eric27
427earring
427eap
427dubt
427drs
427dnhnestor
427crazy
427cobra289
427chevy
427chevelle
427caminos
427camaro
427caila0335
427bekasi
427atl
427ariel
427Isis427
427HEMI
427BMXKR64
427Aria
4279o4279
4279myfantasy
4279mc
4279ls
4279lar
4279E
427999
42799721
4279948
4279938
4279937
4279935
42799342
4279931
427993
42799163
4279908
42799048
427990
4279879
42798773
4279849
4279844
4279842798
42798331
4279807
427978
42797693m
42797090
42797044
4279704
42796pelon
4279693
427968
42796730716
4279660
427966
42796514
4279650
4279630
42795jdc
4279570
4279546
4279526
42795253
427951
4279509
4279500
42794mybday
4279470
42794694
4279467
427945
4279427969
4279414D
4279410
42793td
42793md
42793coco
42793ae
4279392
4279390
4279384
4279375
4279368
4279364
4279346
427934
427932582810950kilopolo
42793199
4279314ss
42792xdafp
42792hwk
42792b
427928
4279272692
42792610
42792531
4279249
427924
4279237
427922
4279216
4279202
42791sm7
42791sem
42791k
42791d
42791c
4279194
4279190
427919
42791751
4279152
42791433
427914
4279130
427912
427911@cjj
4279115
42791114
427910444
4279102
42790y
42790sb
42790jst
4279091
4279077
4279069
427905
42790346
4279034
42790306
427901241
4279010
4278ra
4278lind
4278jm
4278jj
4278cox
4278YcNa
427899
42789892814178
4278985
4278983
427897
42789600
42789360
4278927
4278921
4278918
4278915
427891
42788n
42788jlp
42788bnr
427889
4278887
427888
42788669
4278858
4278828
42788247
42788228
427882
427881
42787999
427879
4278787
42787852
4278759
4278755
427874dh
4278737
427871
42787
42786hi
42786d
4278685
427868426117
427868
4278673
42786590
427864
42786388
4278630
427861
4278604
42785sa
4278595
4278580
42785754
427857269693
4278572
4278569c
427853seven
4278523
4278514
4278513
4278511
42785
42784jennifer
4278493
427848
4278475
4278465
4278464
4278456753
4278455
4278442
427844
4278428
4278427
4278426
4278425
4278404
4278393
427838975
427837
4278365
427834966336202
427834
4278322
42783167
427831
427830
42783
42782bxny
427829449619714
4278286k
427827
4278253
427825
427824bs
4278248
4278244
42782407a
427824
427822mc
427822
427821
4278205
427820
42782
427819
4278183
4278181kt
4278172
427816
4278157
4278155jp
427815300
4278151carmen
42781324
427811d
4278115
42781044566020
42781021
427809kathy
4278099
427809
42780811
42780695
42780617
427805
427804
427803
427802eror
427802
4278013
4278008
427800
4278/2932202014
4277thst
4277renee
4277nutjung
4277mr
4277mama
4277mai
4277grl
4277eee
4277FRED
42779jnm
42779harry
42779BRILLIANT
42779990
42779820
42779768837
427797
4277960
427795559
42779529
4277951y
4277951Y
4277951G
427795
427794821
4277947
427794
42779329
427793
4277922alive
427791
4277908
42779016
427790
42779-
427789
42778822
4277881
4277868
42778659
4277862
427786
42778535252708
427785
427784
427782ad
4277821k
427782
42778150
427781
4277803
427778
427777
4277769
4277754
427773886
4277726s
4277722
42776sr
42776rahann
4277698
4277694
4277686
42776829
4277679
427767
4277663
42776545
4277626
427761bj
42775vdwbv
4277599
427759799cm
42775970
427759570
4277591
4277585
427758433
427757607
4277576
427757277
4277559
427755
4277549
427754611
427754
427752123
427752
4277517
42775096
4277508
4277495
4277483
4277480
427748
4277464
4277462
4277448
4277441
4277439
4277437
4277436
427742
4277411e
427740
4277398
4277388
42773878
427738502
42773846656639
427737
42773690
427736069
427736
4277358
42773522
4277349
4277346
4277344
4277341p
427733852
42773246093586
427731580
4277312456
427730773
4277305
427730141
42772947
42772915
427729
427727gnm1025
4277274
42772630
42772610
427724chelsea
4277240924
427724
427723
42772187
42772136
4277206
4277202
427720
427718635aw
427717919
427717543
427717496
427717
427716958
4277166
427714863
4277138
42771291
4277123
4277119
4277114
427711260
427711
427710976
4277104
42770MLD
42770929
4277089
4277087
4277082v
4277082
42770741dante
427705
4277046
4277032
427702
42770125
4276lo
4276dragon
4276brad
4276995
42769827
427698
427697498
427697094
427697
427696554
4276962
427695778540
427694822
4276946
42769388969
427693889
4276937
4276930
427693
427691990
427691908
42769110
427690039
4276898
4276881
427688
427687
4276859
42768580
42768545
4276853
427683
4276822
427682
4276811
427680
42767warren
427679650
427679424
427679
4276788
42767873
427677800
42767735
427677160
427676958
42767676
427676
427672935
427672283
4276720
4276704
42767000
427670
4276698
4276669143
4276655
4276625
42766178
42766156
4276615
4276596c
4276591
4276581
4276572jkj
4276564
4276555
4276550
42765404
427653685
42765351
4276532463
4276532
427653144
427653
427652
4276514021
4276511
427651
4276509
42765011
427648s
4276488
427647zales
4276461
427646
4276447
4276433csp
42764276
42764224
42764143
4276403
42763j
427639JR
4276398t
4276395
427638
4276376i
427637
4276366may
427636468
427635935
4276359
4276352
427634j
4276347
4276344
4276333
427630
4276289wa
42762891230
4276289
42762806
427627
427626
427625
4276227
427621
427619
4276188
42761849
4276180
427617709186722509
4276177
42761769
4276171
427616
427615813sjf
4276154fluflu
427615
4276148
427612972
4276123
427612
427611632l
4276115427
42761151
4276101
42760913
4276077
4276063
427605
42760375
42760349
4276028
4275jcc
4275gask
4275blad
4275amyk
4275LILD
4275993
427598867
427598381
427597706
427597073
42759472
42759456
42759409
427593974
4275935
42759225
427592
42759159k
427591377
427591034
427590760
42759
42758tll
42758nuifu
42758940
4275891
4275860
4275844
427584
427582p
4275820
427582
4275818AH
427581
427580
42757864610
42757836491
4275779
4275775
427576
427575117
427574529
4275744
427573700
4275731
4275713
42756998
4275695
42756895
4275686702
42756835455
4275680
427568
427567
4275664e
427566
4275637
427562
42756120
4275607
427559641069999
4275592
427558903
427558446
4275583
427558116
4275577
427557686
4275576
4275575
4275574
4275563
4275557
4275552
427555129
427554859
427553
42755276
4275526
4275521
427550539c
427550
42755
427549
4275472
4275470
42754683
427545a
4275456
42754518
427545
4275441
42754281
42754275k
42754275
4275425
42754244
4275406
4275402
4275393b
4275391090
427538691
427538
4275370
427536426
427535421
4275345jhos
4275336
4275335
4275332
42753106
427531
427530806
42753
4275296
4275289
4275270
427527
427525
42752480
4275245
4275242
4275238
42752302311323
427523
427522
42752189jyc19
42752159
427520
427519
4275188
42751819
4275172
4275164
4275145
4275144
4275142751
4275131A
427510
4275098
427507
4275068
427506
42750429
4275036
427503
42750279
4275014
4275012
4275010
427501
4275009
4274stut
4274ssmaxi
4274neff
4274matica1
4274mann
4274gap2282
4274dd
4274XXl
4274990
42749812
4274956
4274950
427495
427492679
427488
427485
4274843
427484
427483
42748
4274793
427479
4274788
4274771
427477028
4274765
42747484
427474762005
4274741
4274736
427473424a
4274732
42747238
4274717
4274716
4274712
42747
4274698
427469
4274676
427466
42746574l
42746556
427465
427463
4274624
42746
42745b16c835
42745941
4274594
4274587
4274585
427458
4274566
4274562
4274560
4274551
4274549
427454134
4274541
42745337
4274531
42745255
4274521
4274512
4274506
4274501
427450
4274482
427448
4274467
4274465
427445
427443
42744274
4274426
427439450
427439
42743868
4274365
4274360
427435
42743425
42743333
4274333
4274331
4274330
4274326
42743242
427432
4274319
427431
42742james
42742dlcharlie
427429
4274289
427428
427427y
427427j
4274277mah
4274276
42742742a
4274271
4274270
4274266
4274262
42742532
4274242
427424
427422
4274210
427420926
427417
4274152
4274145
4274138011IO
4274126
42741190
4274115
42741130
4274108
42741
42740ld
42740976
427408
427405873
4274055
427405
4274033
4274015
4273yogi
4273pace
4273nc
4273bxcpn
4273bank
4273an
4273PSfj
4273991
4273951s
42739456
427393
4273927
4273914249811
427391
427390
42739
427389
4273888
4273885
4273880
427388
4273876
4273871
42738494
42738442
4273839
42738261
4273820
427382
4273803
427378
427377a
4273775
4273774
427377
4273762
4273750
4273747
42737373
427372s
4273710
4273709
4273706
4273689
4273679
427366322
4273657
4273655
427365
4273648
427364
427361
4273599
4273590565
42735903
427359
4273583486
4273581
4273580
427358
4273574c
427355852178297
4273548
42735252
42735186
4273516
4273515
4273510
4273497gw
4273484
427347
4273464
427346
42734418
4273428
427342
4273419
4273412
42734109
427341
4273397
42733809
427338
4273375
42733709
42733663
4273363
427336
427335
427334965
42733480
4273308n
4273308
42733051
4273300
427330
42732joe
42732hycw
42732811
42732271
427321495
427321
4273209809278159
4273209
4273195
427319
4273186
4273184
427318
427317
427316538a
427316538A
42731600
427315
42731474gtv
4273133
4273127g
42731271
4273113
42730836
427308
427307k
4273061
4273059
427304
42730312
4273028
4273006
4273004
42730032
427300
42730
4273
4272ps
4272piedh
4272oxtue
4272lb
4272gara
4272dos118cuatro
427299
4272984
4272959
42729563
4272954
427293396581669
4272920
427292
4272899
4272898
427287
4272866
4272862274
42728620920817576
427284542763135
4272831
42728302
427283
427282
4272812
427281
4272807
4272795
427279
4272785146.
4272776
4272771
427277
427275
4272742943
4272740194
4272740
427274
4272734limo
4272732405
4272730
427273
4272722
4272710
427271
427270773
4272703
427270
42726hasan
42726_527222
4272680
427265226
4272650
42726371
4272632
4272626SUDHIR
42726226
4272621
4272620
42726098
42726
42725ckk
4272576
4272571
4272566
42725522
4272551artcomjot
4272529
42725246
4272524
427252
427250e
42724n
4272499
4272493
4272489
427247
4272458
4272448309
4272446637464
4272446500*
42724456_dofus
42724455
427244011
427242glc
4272427242
4272422673682
4272418
4272416
427239sak
42723954
42723520
4272345
42723435
427234
4272336
4272320
4272316788
4272309
42723071
4272292a
427229
427228034
427227
4272261P
4272251
4272243
4272238876
4272236
4272234347
42722332
427223
4272228
42722229
4272220
427222
42722109
42721las
4272191220
4272191
427218
4272179CA
42721663
4272165
42721571
42721569
42721536
4272152
42721364h
42721300
427212
427211
42721
4272095
4272092
4272083al
427208
4272075claros
427207192
4272067
4272060
427206
4272048
4272031
427203
4272017
4272011
427201
42720084
4272007
4272003
42720
4271liz
4271l4271l
42719ms
4271999
4271993m
4271991
4271990pb
427199027
427199
42719879518122
4271987..s
4271987
4271986l
4271981
4271980
427198
4271979
4271978
4271977e
4271976
4271972
4271971
4271970
4271969
4271965z
42719566
4271956
4271951
427195
42719490
4271948er
4271936
427193
4271911m
4271910
4271905
4271902
4271900
42719
427189w
427189
42718863,.QWER
4271881
427188
4271861
4271858
42718551230
4271847
427183
4271787
4271786
4271780
4271776
4271774
4271764
4271746
427174
4271736
4271732
427172
42717118
4271706
4271701
42716ice
4271687
4271677
427167
4271669
4271664
4271660143
4271645
4271636020
427163
427162
4271618
4271615
42716
4271597
42715926
42715764
427157
42715641
4271559
4271557
42715553
4271550
4271549
4271544
42715415
4271532add
427153
4271526
4271521
4271520
4271507
4271506
4271502
4271496s
4271496
4271472
427146H
42714664271466
42714643
4271447
42714455
427144
4271438
42714368
4271433
4271416
427140042
42713917csie
42713907
427138106
4271377
427137
42713542aeoenike
4271351
427135
42713476
4271332
4271331
427132
42712946
4271285389
4271283499*
42712796
42712765
4271276
4271268042
4271264640
4271256
4271251
427125
4271242647
427123456
4271234
4271231
42712167x
4271206
427120
427119
4271187
4271184498
427118
4271173191
4271172548
4271170574
427117
4271165
4271162926
427115
4271145087
4271140177
427113714
42711340
4271110
4271105
4271103A
4271097152yyo
4271097087
4271096657
42710909
427109
4271078
42710616
4271057
4271055
427105
4271047958
42710425243em0ox4
4271040
427104
4271039
4271037
427103394
4271033
4271031708
4271027
4271022
42710206
427102
4271016063
4271013
4271009
4271006966
42710002
4270xl
4270wcxx
4270h3
4270993t
4270978
4270968a
4270960B
427095210
4270942
42709142
427091
4270904
4270884
427088
4270874
4270872
4270868
427086
4270858110
4270850
42708408
427084
427083
4270813
427080
42708
42707xa
427078CXY
4270766
4270742msms/bm
4270733
42707093
4270708
427069400
427068et
4270671
42706669
4270665
4270662
427065l
42706570315323
42706385746@!
4270637
427061a
4270611
4270609
42705se
42705ank
4270592
42705880,0214jm
4270575
42705634
4270560seb
427055
427053
4270507J
42705
42704hqjna
4270484
427048
4270478
4270469
4270454
42704418
427043813
4270428
427042
42704085
4270399
4270396
427039
42703823
4270369
427035
4270342
4270326n
42703239
42703208
4270314
4270305
4270304
427030
42703
42702zmw
4270298zs
4270298
4270295
42702843811982
427028
4270279
42702647
42702645
4270260a
4270250
4270238
4270216
4270214
4270213452
4270189
4270153
4270131
4270126401
42701189cm
427011
4270105
42701025heae
42700RD
4270091
4270087
4270074
4270066
42700641
4270051
42700356179
427003
4270022
427001842amor
4270013
4270002
427000
4270
427/56
427 rules
426ze55mi557
426yzf
426yamah
426xtams
426wilson
426uh]g
426traviesa
426superbee
426roc
426reem
426raux90210
426pratt
426pashanike792
426pamasesa
426odaniel
426norton
426mopar
426mommy
426marines
426lca
426kay1987L
426kaw
426jesus1
426farroe
426elizabeth
426eastfairlane
426dancer
426d,st
426cubes
426cly
426cell
426cam1877
426burt
426bnr!
426beth
426berry23
426ball
426asd_426
426ang
426allison
426WOODLAND
426NRNST49
426HEMI
426GO55
426C1211T
4269xy
4269sxda
4269niki
4269mom
4269mariana
4269kc88
4269jo
4269haldem
42699bmhjm
4269993
426998l
42699825
4269974dry
4269959
4269944
4269920
4269916
42698jap
4269898
426989023
426985l
42698510
4269838
4269826
4269823
426982
426980t
4269807
42697ns
42697d
4269799
4269765
426976
42697508
426974
4269733
4269730
426972
4269715
4269713lina
426971
426970962
426970
42696yotakovich
4269697
42696824269682
426967
4269666
4269662
426965
4269621
42696
42695bmb
426959
426954rr
4269538
4269522
42695207
426952001
426952
4269518
4269511
4269507diego
42694