11
423711003
42371
4237090
4237086
42370841
4237042
42370088
423700
4237
4236sr
4236nyoka
4236morenalane
4236mom
4236mint
4236jg
4236dink
4236chateauguay1980
4236bitch
4236ash
4236and
4236amco
4236JM
42369jm
42369931
423699
4236949
4236922
423692
423691
4236907
42369
42368639
423682
4236810
42368075
42368004
42367975
4236791
423679
423678
423675413082532
4236744
4236725
423672
4236718
4236710
4236704
4236702
42366921
423669
4236684
423668
423666333
4236662833
423665534NINOVSKA
4236648
4236629jq
4236628
423662
423661
423660paraquema*
4236602
42366
42365x
4236587123
423658
42365743
423656
4236549
4236544
4236543
4236537
423652
4236516fall
423651
4236506633
42365
42364tat
42364ejvyc
4236488
4236478
4236451
423644ST
42364474
4236438
42364270
42364236pasanut
42364236
4236421
4236420
42363987
42363807
4236368
4236359
4236358ja
42363505
423634alh
423634649607025
4236342
42363351
423633338
4236322
4236314
4236303
42362913
4236290066
4236284
423628
42362766
4236270
4236266
4236261
4236260
423623444
423623
42362228
4236217e
4236217
4236215036290893
4236213
42362128
423620
42361983
42361923
423617
42361683
423615
42361476
4236142
42361402
42361390
42361329
4236128
4236127
42361219
42361212
423611gp
4236119mi
4236118
4236117
42361089
42360966
4236095
423609
423607b
42360735
423607
423606
4236059596
423604
423603
42360299
42360297
4236017201034
423600
4235yo
4235wheatleyrd
4235men
4235jordanrd
4235hi5
4235fvmft
4235dag
4235da
4235asdf
4235GC
42359991
42359990
4235989
4235988
423598
423596
4235959
423595
423593
4235922
42358paw
42358794235880
423586
42358491
4235845321994
423584
42358289
4235826
4235823
423582
4235818
4235815
423581
423580
42357997
42357920
4235772
4235761
423576
42357564
4235741
42357378
4235730
423573
4235718
42357
423569carlo
4235689
4235666
4235661
423566
423565sc
4235628
4235610
423561
423559
42355885070671717
4235583731
42355631
42355603
423555
4235540
423554
4235532731
4235527
423552
42355035
423550323
4235499
4235492
423548
4235469
4235440
4235433
42354324
42354235l
42354190
423541
4235402
4235400851
42354
4235383kmo
423537423537
4235351
4235347
4235338
42353360
4235324
423530
4235299b
4235289
423527
423526423526
423526316ac
423526316a
423525789
42352550
4235254
423525
42352357limacercado
4235231
423522
4235212fah
423521
4235201314
423520
42351974
423517
42351569
4235154
4235148
4235146
42351415
4235133030
4235123
4235122
423512
423511983
4235113+
4235104
4235101
42351000
423510
4235098
423508
4235061254
4235051
4235044n
4235044350
4235042
42350413
4235040
4235038902
4235022
423502
4235018
4235015630
423501003
423501
423500k
4234tw
4234tey
4234pinkos
4234mao
4234mantekilla
4234jm
4234GL
4234996
423498082
42349761c
4234942349
423494
4234933
4234931
4234925
4234923
423490M
4234906
42349
4234888
423488
42348750
42348711
4234861
4234837
4234833
4234830375
42348271995
4234820
42347aa
423478l
423478
4234775
423477
42347661
4234758*****xxx
4234751
423475
42347153
4234701
423469pl
42346789
423467
42346545
4234628
42346148
423461
423460
4234598023
423459
4234586
4234580115
423458
42345777
4234556
4234552
423454739
42345409
42345
4234477
4234473
4234451
423445
4234425m
423442
42344083
4234404
42344
4234377
42343721
4234363
423436281
423436
4234355
42343440
423433518
4234326
42342ewqe
4234296y
423429
423426216
4234249
4234243
423424234242342
4234242
423423m
4234239
42342380
4234235
423423423
423421
423420o
4234208
4234202
423420
423418t
4234187
42341792AJAS
4234172
4234170127I
423417
4234168685
423416
4234150
423414
42341366
4234130
423412700
4234121
4234119
4234115
4234113
4234112245
42341
423409
4234084
4234078r
4234019
4234011
42340
4233sc
4233myrtleave.
4233kg
4233desiree
4233cri
4233blink
4233bc
423399403
423398
423397566
423397
42339688
4233967.
423396648
423396
423394830
4233947536
423393114
423393
4233913
423390
423387
4233869
4233865
4233835
4233826
42338188
42338105
4233806
4233804
423379508b
423379
42337864621
423378626
4233783
42337775
423375585slm
423375
4233745
423374151
423372263
423372191j
4233715
4233704
42337000
4233694
4233690
42336744
4233670
4233664
42336569
423364992316360
423364
423363
42336116
42336092
423360
423359807
4233589j
423358968
423356
4233557703
423355
423354619
42335457
423354478
4233541mj
423354
42335360
423353549
4233534
423353200
4233524
423352319
4233513404
4233504
423350309
42335
4233470085
4233470
4233465bb
423344
4233436
4233431
4233427
42334255
4233421
423341
423340
42333dl
423338904
42333854
423337713
4233375798
423337446k
42333708
423337
42333637
4233362
423336
4233356
4233355
423335343
4233349
423334438861437
42333429
423334
4233328
4233324
4233316
423330765
42333014
42333
4233290031
423329
4233285
42332849
423328431
423327jp
42332677
423326
4233256
423325
4233244152
423323l
42332372
423323
4233222140
4233218
423321236
4233211612
423321
4233208687
4233202
42332
42331sid
42331916abraham
423317754m
423316
423315880a
4233156
423315460
4233150376
423315
423314300
42331417
423314
423313955
4233133527
423313327
4233125
4233122422
423312212
42331166
423311548
423311146
423311
423310972
42331090
423310
4233099283
42330959
423308465859352
423308
4233073
4233061790
42330513
42330511
4233025
4233012
4233007
4232yeya
4232w2
4232tom1
4232th
4232super
4232pohwn
4232halo
4232gh9600
4232am
423299266
423298185
423297779a
4232968288
423296641
4232962
4232952
423295
423294anita
423294209
4232941
42329375
4232920
423292
4232907
423290
423287j
42328749
4232851
4232846
4232830
423283
4232827
4232823
4232822
42328202
423282
4232817
4232815
423281
423279972k
4232795
423278949
4232789
423278842
4232775246
42327724
4232772
423277
42327673
423276417
4232756
4232729
4232710
42327069
42326945
42326826
4232678123
4232670
42326688
4232651128
4232650
4232647
4232645
4232642
4232636477
4232632
4232613marian
423261273355
4232611
423261
42326000
42325rbzab
4232582
423258
423257212
4232563a
423256
4232559
4232557542
42325561
42325423
4232539
42325331
423253100
4232528
4232517
4232512
42325
42324863
423247
4232469
4232466
4232444
4232441
4232440
423244
42324334232433
423243001
4232424j
42324231
4232423
4232413
42324079
423240
42324
42323l
4232396968
4232388
4232378
4232374
423237
423236108
423234076
4232329
423232592
423232479
4232323
423232090
423231316m
423231
4232308
4232300vrlpg,
423230
423228
4232242691
4232235
423223
4232228
4232224
42322236
423222117
42322211
42322165
4232213223
423221
4232202
423219
423218742
42321776
4232172
4232170062
423217
42321679938566
423216
4232154l
4232140n
423213076
4232126a
4232126
4232120
42321135
423211
423210133
4232101
42321000
423210
42320971
4232096
4232095
4232075
42320725
4232066
423206073
423206
423205999yupou5496
4232047
42320411
4232040051
4232032723
423203
4232028
4232023769
42320230
423202
423201yfc
423201402
423201
4232006
423200484462006
42320027
4232001
4232000
4232*dw2
4232
4231snsw
4231scorp
4231po
4231mla
4231mathildi
4231loveu
4231keep
4231e126
4231dumbguy
4231co
4231cd
4231ae
42319ohs
423199945
4231999
4231998
4231995AND
4231992jab
423199
423198nyno08
42319866
4231985imfree
4231982sdc
4231980
4231979
4231977j
4231971
4231962jc
4231960
423196
4231959
423195
4231936
423193351
4231930
42319231983
423192
4231910
423191-7
423190
42319
4231898
42318896
4231873
4231863
4231859
42318550
4231853
4231852
4231846
42318428
423184
4231833
4231822
4231821
423182
423181
42318
42317955a
423179
423178964
4231788
42317725
42317666
423175felipefe
4231756
423175
4231741
42317129
423171
423170366
4231703515
423170340
4231703213
42316stef
423169400c
42316764
4231672
423166
4231658
42316549036=2
4231653
423165288
4231651
4231637
4231630
4231628
4231627
4231626t
4231613
4231605
423160
42315pam
42315agd
4231590ry
4231585938
42315747
4231573697
42315619
423156
4231556
42315549
423155246
4231542315
4231540
423154
4231525
42315242
42315224231522
42315209
423151927
42315135
4231511
42315 davidsonc
42314930
4231490
42314823
42314620
423146
42314581
4231458
4231457
4231456
4231445
42314435
423144
42314359
4231433
42314317
4231423
4231422
4231418
4231401
42313jr
42313924268759
423138936
42313833
42313812
4231369
423136
4231357
423135148
42313411
4231341
4231337d
4231333
4231331
423132638t
42313253663946
4231322
42313145
4231313
42313049
4231295ahn
423129
4231286
4231285n
4231271
42312667
4231266333
4231264
4231263
423125423125
42312525
4231251c
423125145
423124061
423124
42312388
4231235
4231232
42312314
42312303
423122
4231207
42312028
4231196
42311910
4231191
42311902
4231187
4231182
4231178
42311692
4231167
42311662
42311605
4231153
4231152
4231135
4231131
423113
4231129923
42311191toonnoi
4231114
42311111
423111
42311082
42311039
42311
4231094
42310838
423108011
42310771
42310750
42310714
42310680
42310660033
42310640
42310610
42310563
4231055
42310525
4231050423
4231050103
4231050083
4231050041
4231050013
4231050011
42310401
4231040056
4231040042
4231040005
423104
42310399
423103334
423103322
42310268
42310237js
4231023
423102
42310190
4231014
42310125
4231012164
42310119
423101014231
4231009821
4231002
42310019
4231001692
423100
42310
4230tigers
4230ritu
4230qgjc
4230n64dr
4230me!
4230maxx
4230mason
4230kimmie
4230jt
4230jane
4230eloisadino
4230bootie
4230beso
4230ZO
4230CORD
4230999
423099
4230978
4230977
4230962
4230957
423093
42309219j
4230915hel
4230912
42309
42308wzefa
42308ced
4230894
423089
423088886122669
423088800
4230884
423088
4230879a
4230872
4230863
4230859
423083361
4230832
42308304
42308201
423081ej
423081260
4230812
42308105
423081
42308
42307ak
423079
423078
42307786
423077
4230768
4230761
423076
4230751
42307494
4230743
4230741
42307269861163935
42307
42306nancy
42306md
42306j.
4230699
423068
423067
42306673
42306643
4230662
423066
42306587
423065
4230626
42306223
4230601
42306003
42305tyler
42305jk
42305979
4230585
4230564
423056
423055
4230547
4230546
4230535744
4230528
4230523
423052
4230509
4230508
42304j
42304NO
423048982
423048
4230452
423045
42304318
4230429
42304230p
4230417
4230416a
4230416
4230407
4230405
4230402
423040
42303db
42303broken
4230391621
4230388
4230384
423037
4230365321
42303642
423036
4230358
4230349
42303406
4230333
4230329
423032
423031097
4230305
423030
4230287
4230285
42302773
423026aa
4230266
4230252913
42302450
42302449
42302445
42302405
42302331
4230233
4230223
4230219
4230216
4230212
4230209
423020631
42301n
42301mbt
4230193k
4230190g
4230189
4230188
4230182w
42301784
4230176
4230171
4230170
423017
4230169
423016
4230153
4230150
42301401
42301341
4230127
4230123
423012
4230117
423011
4230108842325
423010150
423010
4230093152
4230089
42300874
4230087
4230082531
423008
423007797
4230072
4230067
42300357
42300300
4230029
423001
4230006225
42300000
4230000
423/1fi
423-566-8839
423-3703
423!lls
423!adh
423
422zueschner72
422z00
422xvngh93
422vteam
422vhclb42
422vball
422ukwgp
422twin
422tito
422tiff
422s3770
422ry
422rodolfo
422rocks!
422plus
422pledee
422play
422olivejuice
422nsm
422nimj3
422nancy
422n70
422mocha
422mkt
422miller
422meg!624
422mar
422maca
422lanist
422kmbrt
422kjbtr
422ki701
422jrc
422hutry
422hartford
422hand23
422grant
422emma
422egpkb89
422diana
422damp
422d0fb6
422cutie
422coons
422cool
422chien
422charity
422car
422bubbles
422bnj
422bay
422bahuman
422baby
422asuka
422amc
422almgren
422alex
422akmz422
422aaAEA
422a64
422SSBNC494
422SSBNC02
422Ryder
422KEVIN
422Brady
4229y7225486
4229r13
4229nqnot
4229milara_
4229gb
4229gaby
4229donovandr
4229cmsm
4229bad
4229JUAN
4229992
4229988
422998
4229969
4229929
4229924
42299223
42299202020
422990
42298vv
4229898jp
42298931
4229892
4229891
422987944229
4229876501
422987
422986206
4229850
422985
422984818b
4229845
4229834
422983266
4229824
42298233
4229821
422981i
422980ismynumber
4229801
422980
42297bxuvh
42297C
4229797
42297933
4229773
422977
422975
4229738
4229736
42297325
4229732
422973
422972424
42297233929
422971234
4229712
4229705
42296dmc
42296anb
4229698
422968889
4229680
4229676
422967
4229666
4229658
422965
422964
4229622
4229613
42296100h
42295l
42295jm
42295a
42295861
42295859
4229582
422957teadoro
4229575179902096
4229575105
4229574
422957
4229569
4229567
42295659e
422956
4229558
4229548
4229546
42295411
4229540
422953k
422953779
42295347
4229525
422952
4229518
4229514
4229510
422951
42294lb
42294d
42294asm
422948
4229471
422946763
42294640ing
4229451
4229446
4229444
4229432
422942
4229413142081521
4229400
42293jmej
42293j
42293A
4229397
42293863
4229381
422938
4229373
4229370
422937
42293686
4229362
42293590
4229353
422934
4229334
42293219pinillos
4229321234
42293097
42292m
42292PAT
4229296
4229264
422924
42292334274267
4229200a
422920
42291990
422919450
4229185
42291820
4229172
42291656
4229155
4229142291
4229138
4229123m
4229110
422911
4229109
42291058186345
422910
42290daniel
42290b
4229097
42290930
4229092
42290900
422909
4229089
4229069
422906
422905
4229039
4229038
42290301
4229029
4229026J
4229018618a
422901
42290*
4229-6
4228teo
4228sg
4228saaut
4228nueng
4228kdc
4228jk
4228beak
4228add
4228LOVE
42289lib
42289992
42289955
4228995
4228993
4228976a!
4228975
422896566
4228954
4228943
42289412
4228931
4228917
42289123456
4228907
422890
42288jlc
42288fj
4228896
4228891b
4228890
4228889
422888
4228846
422884
422883
4228826
42288060
4228802
42287951
4228795
4228789
42287887
4228779
42287553699422a
42287542
4228749
4228742
42287345
4228730
4228722
422872
4228714
422870
42286z
42286a
4228697
42286901
4228688
42286831
422867
4228669
4228637
422861am
42286196
422861
42286
42285d
4228586
42285854
4228575
422857
4228566h
422856
4228556
422855
422854thom
4228539
4228538e
4228536
4228531
422853
422852001996
4228518
42285108
4228508
4228506
422850
42285
42284aa
4228499
4228482
4228477
42284713
4228464
4228460
422846
4228455
422845
4228423
4228421
42284170
4228409
42283r
42283ab
42283a
42283853
422838
4228369
4228365
42283600
422836
42283547
4228349
42283428
4228342
4228341
422832493
42283
42282dez
42282VS
4228293
4228290
4228289
4228284
422827
42282626
42282588
42282527
42282522
4228251
4228233
42282211
4228221
4228219
42281995
42281990
42281968123
422819
4228186
4228183
422818
422817
42281688
42281642800
4228164
4228155
42281353
4228135
42281337
422813
422812
422810726615
422810726
422810707
42280kate
422809815
4228090
4228082
4228046246
42280336
422803
4228027
4228018
42280096
4228005697
42280
4228
4227westritchie
4227radio
4227jqu
4227he00
4227bev
4227Quibbley
42279rdc
42279q
42279jtm
42279cam
4227980
422797
422796
4227957
4227939
422793
42279165rico
422791
42279
4227874356
422787-icarus
4227866
42278520
422785
4227834
42278302
4227816
4227812o
4227811
4227806
4227801
422780
4227797a
4227785
4227777
4227768punk
422775
42277410
4227741
422773
4227728
4227713
4227710
422770433
42276km
422769jawvxd
42276710
422767
4227664
422766
4227655
42276313
4227611
42276100m
4227607
4227606
42276
42275843alexis
4227583
422758
4227536
422752
42275172rolando
42274979112132
42274783
4227478
422747211536
422746
422745241
4227446
422744
4227435c
422743595
422743553287843
42274355
42274352
42274288
4227423
422742
422741
4227392
422738691
42273854
422738
4227360y
42273584
4227346
4227342
4227335
4227324
422731tito
4227315
4227312
42273078
4227298
4227296
4227282
4227275
42272666
4227265
422726
422725cperez51
42272536
42272525
4227252
422724
4227234
422723
4227223
422722
422720ah
42272070
42272037
4227200tuo
4227179
42271700
422717
4227165
42271635
422716
4227154
42271478
42271406
42271311
4227126
42271213
422712
42271155
422711
4227105m
422710
4227095
42270937
422709301s
422709
4227089
42270884
4227078
42270777
422707
4227053j
422705
4227048b
4227042
422703278
42270272
4227009
4227004
4226x4862x
4226grey
4226fred
4226elizabeth1187
42269985
422698
4226948
4226942269
422693714
42269370
42269160
42269108
42269
422688
4226873
42268617
4226860
4226853
42268305
42268266
4226825p*a
4226824n
422682036
422682
422681
4226789h
4226774
42267703
42267659305199
422676
4226752
422675
4226738123
42267379*
4226733
422672
42267000
4226695yunus__
4226694tugba
4226694
42266923
42266828492
422667
422666*
422664
4226624
42266225
4226614asd
4226607
4226602
422657leonel
4226575
4226561
4226547
4226538
4226535
4226519
4226513
4226511011138154
4226493
422647_52
422645369
42264514
422644
42264082
4226406mencanta
422639
4226388
4226384
4226380
422637
4226360
42263427
422633
42263160
4226313
42263103
422629f
4226294
4226286
422627
42262667
422626
4226256
42262543
4226241
422624
42262261
422622
42262188
42262110219
42262
4226199
42261928
4226192
4226186
422618
4226179
4226163
422616
42261578
4226143cdlm
4226134
4226127
42261263:mars:
42261218sanchez
4226118042261180
4226114
422611
4226106
422610
42260uwjzk
422607062320165
422607-9
422606a
42260653
422606
4226053
422605
42260356
422602
42260102
42260100
422601
4226000
42260
4225thestra d
4225stieave
4225ss
4225sm
4225skip
4225rd
4225oakmont
4225mission
4225me
4225love
4225ll
4225kill
4225fmfu
4225et
4225el
4225dance
4225cjc
4225any
4225990
422599
4225987
4225980
4225976
422597
422593
4225901j
42259
422589lol
4225899
422589
4225885=dg
4225873
42258663
42258456
42258375
422583710
4225835
422583
4225808
42257997
422579
4225786
4225768
4225765
42257641
4225760
422576
4225759514
4225753
4225752
4225751
422575
42257395
4225730
4225729
4225720634
42257132
422570tara
42256olga
42256891
4225688
4225687
422568
422567-9
422567
4225668
4225664
4225661
4225654
422564
422562954749
4225622
4225600
42255963
4225596
42255751
4225573
4225551707
4225550271
422553799
4225537
4225536
4225521
422552
4225514
42255131
422551
4225500
4225495
4225489
422548
422547
4225445
4225442
4225441
4225433105
422543
42254257
42254158
422541
4225409
4225391
422539
422538tor
4225383
42253744
4225374
42253693
4225369
42253650
4225365
4225356
422534
42253327
4225324m
4225324
4225317
422531
42253028
422530
42253
42252ab
4225278
422527
422526825
4225268
42252637
42252633
4225262
42252472
4225242
422523
422522622
42252238
42252206
4225197
4225191
422519000
4225185
4225181
4225178
42251768
422516331
42251626
422516
4225134oct
4225114248
4225112
4225109
422510
42250mj
4225091
42250899
4225089
4225087
4225086
422508
4225068q
422505
4225047
422504
42250330
42250301gr99.
422503
4225024
422502212
4225022
422502
4225019
4225018
4225008
4225004
42250022
4225001
42250
4225/05
4224yb
4224xp
4224tablon
4224saul
4224rcb
4224pr
4224mexico
4224lal
4224krassy
4224kjpcp
4224ishot
4224hm
4224for
4224desoto
4224corbin
4224bb
4224b
4224auburt
4224Password
4224Emily
4224DCM1042m
4224D4224
42249huert
42249blr
42249909
422499029313173
422499
42249824
422497
4224951
4224948
4224939
4224934
42249272
42249222
42249218
4224920
4224919
4224911
42249100
42248yirww
4224893
42248920
4224892
422489
422488
4224878
42248759
422487
422486
4224841
4224838
42248349
422483
42248256
422481
42248029
422480
42247rxfkv
42247945
422479
4224771nazar
42247693
422475
422472015
42247191
4224717
4224706
4224701g
4224700890
4224700403
4224700379
42247
4224690
4224683
422466
42246500
422464st
4224646k
4224640la
422463133
422463
422462
4224618
4224599
4224598
42245917464
422459
4224584m
4224582
4224574
422457
4224564
4224561
422456
42245537544283
42245512
4224549
422454
4224524
42245192
4224517
4224516
42245149
4224512
422451
4224507
4224506
4224491
4224490
422447
42244667799
4224465
4224456
4224455
422445
422444
4224438
42244342
422442js
4224422444733736
4224420
422441100
4224410
42244
4224376
4224361
422436
4224352
4224351
4224350
422435
4224342
4224340
422434
4224331
422432851
42243253
422432422085
422432
422431ave
4224319
42243167
422431237
4224312
422431
4224304
4224302
4224301
42243
42242js
4224297
4224293
422429083
422429050
422429042
4224288
4224281
422424m
4224244
422422t
422422f
4224229
4224226
422422422
422422403
42242226
422422004
4224199
4224193
42241831
42241809
42241778
4224174
422417232
42241710
4224166
422416430
422415230ismySS#
4224151
4224139
42241336
4224133
422413
422412915121
4224123s
4224123
4224122
4224120
422412
422411j
4224111
42241087
4224104
42241005
42240aug31996
422409
4224081
422408
4224066
4224062
4224055
422405
422404741
4224040
422403890
4224032
422403
4224023
42240224
422402
42240130
4224010030R
4224005
4224004
42240006
4224.1023
4224-os
4223tonelito
4223stef
4223sp
4223slk
4223paxid
4223mk
4223ka
4223gabe
4223fa3e10
4223cool
4223c-dog
4223bt
4223bluedolp
4223aw
4223VALENTINA
4223PAOLA
422399970
422399815d
42239908
422398794
422398196TH
42239801
422397897
4223976
422396904
4223969
4223965
422396178
422396070
422396
422395894
4223958
422395183
422395
42239461a
422394
42239395
422393441
422393257
422393139
4223929
422392240
42239189
422391625
42238993
4223893
422389
4223875
42238669roo
422385
422384
422383tr
42238364
4223833
4223830
4223828
4223822
4223819
4223811b
422379805
4223779
422375917
4223757
422375561
4223754
422375157
422374818
4223743
4223736
422373089
42237020
422370
422368
4223643
4223628
4223620
42235fu
4223598
422359795e
4223591
42235754
4223575
42235747
42235705
4223565
4223560
422355027
422354833
4223548
422354159
422354123
42235377
4223535
42235334
422353224
4223521
422351863
422351744
422351603
422350731
42235046
42235025632
422350235
42234dlj
4223478
4223475
4223472
4223459
42234586
42234528
42234438
422344
4223436
4223424
42234223s
42234223p
42234223a
422341jk
422341
422340apl
422339065
422338046
422338
4223360
422335640
422335270T
422334818
4223342233
4223333
422332963
42233214
422332
422330132
42233
42232joopjoop
4223284
4223283
422328
42232781
4223278
4223277
4223271
42232682
4223266
4223262RR
422326
42232531
422325
4223247
4223243
42232425
4223236
4223235
4223221050
4223218
4223217
4223215
42232127
422321
42232036
4223201
42231v
422319re
422319945
4223199
42231989
422319823p
422319823
4223190
422318713
422318108
4223178143
422317728
4223164
42231625
4223161584
422315936
42231577
4223151
4223148
42231330845
4223132
42231312456
4223131
4223130
4223128
42231209
422311995
422311
4223102
422310
4223095
422309
422308ed
4223083
422308
4223062
42230423
422304
4223039
4223037
4223033
4223032
422303
42230294carold
42230174c
4223013
4223012
42230104
4223003
422300
4223,amanda,4223
4222pin
4222np16
4222mithra
4222ko
4222free
4222cc
422298885
4222972
422296
4222958116569
4222958
4222956
4222952
422293338
4222926
422292
42229003
422290
42229
4222897
422288
4222857
422285
4222828
42228184
4222805jvks
4222803662
4222803
4222802
422279249
42227888
422276530
42227632
422275263
42227474
4222730
422272128
422272118
422272
42227120
422271.2008
4222688ddita
4222682
4222668
4222659
4222639
4222636
4222625
42226192D
4222612
422260
42226
4222594
422259
422258451
4222584
42225803
422258
4222579
422257783
4222573
4222561
4222558
42225541f
4222548
4222547
422253018
4222526
422252100w
422252
4222515
42225111
422251
4222509
42224ufxud
422248ct
4222488
4222476
4222474
4222468
422245
4222444
4222443=gabby
4222441
4222434C
42224339
422243008
422242602010416
42224213
422242
4222410
422240
4222399
4222385
422238
42223695
4222367307
422236430j
422236430
422236191
422236
422235583
4222355
422234692
4222340
422233401
4222333
42223323
4222328
42223266
42223213
4222308
4222306
42222xdn
42222725-s
4222270
422226204
422226
4222259
42222529
422224xgt7gabby
4222244
42222431
4222239
4222233
422222fl
4222224
422222021
422221
4222204
4222202
422220002
4222196
4222192
422218891
4222182
42221808
422218
4222178
422217468
422216
42221432
4222139
4222134
422213
42221299
42221201
42221184
422211420e
42221135
4222110
422211
422210
42221
4222099
42220962
4222089
42220863
42220798
42220764
4222057
4222056
422205
42220384
4222037
422203
42220234
422202
4222013
4222011
4222010441
4222010364
4222010102
4222010100
4222010076
4222010066
4222010024
422201
4222008
4222002
4222
4221yb
4221trishashute
4221tewhan@u
4221sean
4221rl
4221rc
4221ps
4221pete
4221paul
4221otaua
4221myfavourite
4221mf
4221maggie
4221love
4221liberty
4221kara
4221jj4
4221jean
4221jaz
4221ilovmatt
4221ilovemitch
4221gandakoh
4221g
4221cn
4221aw
4221ajaa
4221KS
4221JKt
4221GJ
4221CE
4221C3E5
4221BBY
42219979
4221997!
422199456
4221992
422199134
422199
422198a
4221988b
4221987a
4221985
4221984
4221983b
4221983
4221981
4221979j
4221979
4221977
4221973
4221972
4221969
4221965
4221961
4221960
4221958
4221953
4221951
422195
422194fav
4221947
4221946
4221943
4221942
4221941
4221935
42219332
4221924
42219203
422191tid
4221919
4221913a
422191
4221898
422189
42218897
422188
4221877
4221871
422187
422186
4221848
422184
422183100
4221824
42218054
4221799
42217853
422177833
4221763
4221762s
42217607
422176
422175893
4221758
4221748090
422174803
42217357
4221710
42217079
422169
42216891
4221664
4221650
422165
4221649
4221648
4221641
42216396
4221637_b
4221637
4221633
4221630
422162541625
422161k
422161
42216008
4221598
4221596
4221593
422158
42215734221529
422157146
422155804281
42215569a
4221544
4221542
4221537
4221534
422153022
4221530
4221520T
4221517
4221514r
4221512
422150342
4221500208
4221488A
42214846
4221478
4221474
4221472
422147
4221466opop1144
4221466n
422146699
42214666359292
4221466555
422146642828
4221466272400
4221466204
4221466123
42214661
422146601
42214530
42214511
4221448
4221447
42214455
422144
422143114
4221431
42214282
4221428
42214242
4221421
42214204
422142
4221411
4221405
42214
42213992
4221396.solrac
42213948
4221393td
4221393
42213920
4221391vkm
422139115
422139
4221380
4221