
434676
43467539
4346724
434672171
4346721
434672
4346716
4346706
434669100
4346690
4346683
434667
434666rachCP
4346655
4346644
43466388.april04
4346618a
434661
43466
43465f
434658920
4346584563
434658
434657290
4346558
4346555
4346547
434653846
4346535098
4346531
434651926
4346508
43465
434649379
434649
4346478
43464698
4346440lised
434644
4346433
434643
4346418
4346410
4346402
434640
434638
4346373
434637
434636946a
4346352
434635
4346343w
43463424
43463401bebe
434634
434633765
4346331
434633
434632708
434631062
43463010127
434629790669
43462921
434629
4346287
434626
4346255
43462436
434623669
434623
434622
4346208
4346202
434618249
43461639
434616182
4346161
434616
434615602
43461512
434615
4346143
4346121
434611
43461
43460ucjou
434609
43460898
4346071E
43460707
4346067
43460620
434604j
43460435
4346033ozkok
4346033
4346029
4346027
4346020
43460153
43460
4346
4345yim
4345ye5
4345wa
4345qq
4345emma
4345cpcivic
4345VM
43459kyaw
434597619
434595
4345942
4345940fl
434594024y
43459337l1ss3thy
434593
434592
4345913
43459109
4345906
434590443
4345904
4345893
4345890
4345884
434588
4345871
4345858
4345851
434584s
43458452k
43458254
4345809.ni
4345800
4345784
434578195
434578
4345776
4345771
4345758
4345753
434574476
434574
434573
43457157
43456rules
4345690
434568
43456789
4345665
434566
4345659
4345651
4345645
4345634
4345627910143
4345627
43456258
4345614
434561
4345605
4345591
434558840
4345584
434558118
434557d
4345579
43455670
4345566
43455551207.rs
4345552029vee
4345552
4345535
434552611
434552577
4345523
43455207
43455196
434551787
4345515
434550138
43455
4345494
43454937
4345490
43454896
43454776
43454744298
434546j
4345466ddr
434545ames
43454543
43454525
434544
434543
43454264
4345403
434539753
4345385
434538225
4345381
434538
434536583
434536
434535679
4345355
4345345
4345342
4345338
4345337
434533443
43453291
434532216
4345320
4345315
43453040766
43452977
434528
43452682
43452524
434525038806idil
434525
4345246
43452344
434522nb
4345225
4345218
43452115
434521
4345207
4345202
43452008
43452006
43452
434519187
43451870v
434517809M
434517075071876
43451623
4345158
4345145
434514444
4345143451
4345136628
434513219
43451256
43451234
4345116
43451140
434510317642
4345103
4345086
43450791
43450786
434506931
4345054
4345052002018162
4345050
434505
4345049
43450461
4345029
4345025
4345015
43450135
434501130
43450
4345
4344west
4344sxgl
4344penca
4344opening
4344mtuong
4344ksb
4344jj
4344jack
4344fb
4344evc
4344da
4344995
4344989
434498560
4344983
434498
434495869
43449568
4344954
4344953
4344935
4344929f
4344916812
434491216
434491
4344899
43448949
4344889
4344859
43448543
4344853
4344836
4344833
4344826
4344821
434482
4344814
434481
43448083
43447963
434479
4344788
4344762393
4344744
43447268
4344717k
43446988
4344663
43446606
4344657
434465
4344645tw
4344640
434464
4344639
434463461ea
434463439
434463419
4344629
43446144
4344603
43445987
434459688
4344592
4344585
4344561
4344556
434455
43445416
4344540
4344537
43445088
4344508
4344505
434450366
4344501
434450
4344494
434448
4344475
43444455
434443
4344420
43444142
434440wcf
4344404
434440
43444
43443amanda
4344395
434439213
4344392
4344389
43443859
4344383210
4344375
434437
434436862
4344366109
4344360
434436
434435
4344347145woot
4344334
4344328
4344313
4344279132
4344264
4344256
43442351
434423
4344217
434421657manan
434421
43442082
4344203
4344199
4344197
4344194
4344181
4344160
4344153
4344145
4344143fam
43441392
4344133
43441329
434413
4344129
4344118
4344113
43441088
43441048
4344102120
43441020
4344101
4344099
4344058
434404
4344034dk
4344033
434403
4344018
4344010
434400b
43440001r
4344
4343way
4343tim
4343rockyou
4343rai
4343pa
4343nbhnw
4343mikey
4343mike
4343m4
4343jk
4343jcp
4343j
4343italy
4343gsniz
4343gd4b
4343fuck
4343few
4343cm
4343bp
4343bby
4343al
4343CJ
43439999
4343974
4343966
4343959
4343955
4343951
43439448
434394
43439398
434392a
4343929
4343921627
434391p
4343919
43439095
43439094
434390
43438901
4343881
434388
4343877
4343871
434387
4343869
434385
4343834
4343821427
434382029
434382
4343815
434381296
434380033
434380025
4343799
4343768
434376
43437582
4343753427
43437482
4343737
4343732a
43437312
434372
4343717
4343710lilu
4343710
43437
4343695
434369
4343688
4343668738988
4343663
434366
43436556
434364
43436395
4343624
4343613kg
4343609
4343608
43435tay
43435984
43435959
43435958sagaza
4343590
4343585
4343580
4343554
4343553
4343550
4343543435
434353
4343529
434352147
434352127
43435209199682
434352
43435112
434351
434350982
4343509727
4343509
43435042
43435002907
434350022
434350
43434x
4343496mlag
4343494
43434905
4343478
43434746
43434744
434346
4343458
434345757
434345
434344
434343s
434343k
434343di
434343a
4343439
4343435
43434346
43434321
434343088
434343.
4343423248
434342
4343417
43434100786f
434341
4343403
434340
4343399
4343393
434339129
4343386
434338034
4343375
4343355987
43433434
434333
4343328
4343327037
4343321
434332027
43433143
434331024
43433
434329005
434329
434328003
43432767
43432756
4343275
4343260
434325230
434325118
43432510
434324321
4343243
434324
4343236
43432201
434322
434321790
4343216850
4343201a
4343200030
43432000013
434320
43432
4343195
4343194
43431920123456
43431814365868
434318040
434318
4343176
434317323
434317237
4343170387
4343170314
4343170185
4343170057
434317
43431515
43431469p
43431358m
4343124
43431234
43431226
4343121118
434311
434310009
4343096kaka
4343092
4343090
4343080192
4343080143
4343080025
434308
4343075
43430623
4343057
4343056
43430546
43430474me
434304
43430304
434303035
434303
434301011
4343009
4343005
434300
4342ubxt
4342kobe
4342jdcds
4342edi
4342999
434299
4342970
4342963
4342928
4342923
434292018
434292
43429197
43429092604
434288
4342873
4342862182
434286
4342849
434283
4342808kl
4342805
4342780044
4342777
434277124
4342765
4342751
4342744
434273024
434273004
43427031
4342698
43426821
43426808
4342668
434266+b+mike
434266
4342656
4342654
434265
4342642
4342641
43426388
4342637212325
4342633v
434262
434261mb
43426
43425syg
43425n
434258
434257852
43425608
434255027
43425500
4342548
4342541
4342535
4342530027
4342530021
434252l
4342521
4342520a
43425205
4342519
43425
43424zawthein
4342492
43424918
434249
434248nu
4342486
4342466
434246137
434246001
43424597
434245232
434245221
4342451
43424502
434245007
434245
4342443k
43424413
434244117
434244019
4342440103
434244004
4342440024
434244
4342436
4342434
434243
434242
434241a
4342414
4342406
434240103
4342400rlg
4342400013
4342390026
4342390
4342384
4342379
4342367
4342363
43423570160186
4342355
4342354
434235
434234631silva
4342346
4342340
4342334
4342333326
4342321826
4342311
43423063
4342304126
43423034
4342293
4342290050
434229
4342285936
4342280201
434228
4342265326
4342265
434226434
4342263
4342261
434225chano
4342256
43422463
4342242
4342241e
4342222
4342214
43422126
43422116
43422110
4342209
43422008
434220
43421933
434218
4342169
4342151411
434215129
434215
4342139
4342131
4342129
4342124
4342115
434211345
43421067
43420vunmk
4342086326
43420845
434208
4342058
4342055926
4342046
4342043420
4342036
43420335
4342027
4342024420
4342018
43420149
4342012944
43420087
4342004
4342002443421
4342002443420
43420023
43420000
43420
4341tackawanna
4341natalie
4341koni
4341cusa
4341cl
4341blue
4341am2
43419943
4341990
4341989
4341980
4341965
4341956
4341955
4341954
4341950
4341944
434194
434193
4341925
4341914e
434190978
4341898
4341893
434188137
434187007
434187005
4341870025
43418600
4341856
434185
43418490
43418347
43418222316
4341802
4341801
4341798
434179
4341782
434178
4341766
43417474
4341730antonio
4341730
4341724
434171367
434171363
4341704rcs
4341696
43416900
43416872
434168
434167
4341664
4341623
4341606
43416
43415983
4341593
434159
4341581
4341575
4341563
43415606
43415600
4341558
43415341
4341528759
4341528
4341522
43415214
434152
434150
43414c
4341498
4341489
434148137
434148101
4341481
4341470po0028
434147028
434147001
4341465
43414624
434145024
4341447
434144017
434143b
4341437
43414344342
4341434
434143118
434143108
4341430
4341424624
4341424
4341423
4341416
4341409
43414032
43414017
4341401
434140018
4341400
434139
434135k
434135cg
434135
434133b
4341332
4341328
4341315
434131
434130ican
43413096
43413074
43413048lissetMO
43412892
4341282KEK
4341278236
4341276
434127102
434127
4341254634
4341251
434124491985
434124
434123
434122j
4341227
43412237
434122
4341219
4341209j
4341206
4341205524
43412027
434120009
43412000
4341200
434120
43412
43411s
43411994
4341195
4341175
4341172
4341156
4341153
43411509
434115
4341142
43411304
434112kjw
4341126080
43411139
43411109
434110025
43411
4341091-10
43410877
43410802
434108
434107
434106B
4341067
4341054198
434105008
434105
43410453@marina
43410439
43410425
434104008
434104
4341038300
43410359
43410349
43410335
434103103
43410310
434103
43410249
434102044
434102039
434102038
43410203
434102010
43410201
4341020018
4341020017
43410151
43410148
43410105
434101007
434101
4341.Zelia
4340xp
4340nst
4340nez
4340michener
4340Lariat
4340987p3
4340981
4340978
434097152
434097121
4340932
4340931
43409225
4340922
4340921
4340907
43409001012097
43408pl
4340898
4340894
4340884
4340881210
434088
4340878
4340865
43408590
43408379
4340827
434082
4340816833
4340812
4340809
43408000
43408
4340779
4340762
434075434075
4340751
4340728
4340708
434070
43406847
43406842
4340672
4340671
4340669243
4340669
43406643ara
43406291
434062
43406171
4340615206
434060-7
4340595
434058
4340578
4340563a
4340551
4340549a
43405420_laly
4340519
4340463035
4340457
4340451
434045-8
4340444as
4340443
43404411
4340439A
434043404340
434043304
434043
4340428
43404231
4340416
4340415
4340413
434040w
4340408
4340405p
4340405
434040
43403ap
4340398
434037210
4340365
4340362
434036-7nj
4340356
434035
434034411
43403437
43403430
43403403
434034
4340334
4340321
4340311
4340302
4340301967
434030
43403
4340298
4340286
4340265992W
4340263021
4340257010000
4340257
43402439
43402432
43402428
434024
43402332
43402324
434023
43402299
43402213
4340220
434022
4340215
4340207361Hbob
43401994
434019
4340188
4340186
4340183lina
4340182
4340181
43401807
434017
4340164
434016
4340155ggg
4340153
4340148222
434013lk
4340136
434013
43401235
4340122922
434012
4340113549
434010
4340099
434009
4340088
43400751
434007
4340064
4340057
4340048
4340042
434003
4340022
434001jan
43400191
4340016022
4340013
434001
4340008970
434000735
434000195
4340000
434-7776
434-75-2712
433xjj
433whores
433western
433uant
433sre
433richeau
433rgr36
433post
433niggaz
433mileoak
433marin
433mak
433kent
433ke\\'ke
433k4ihe
433jxufbba
433ilcad
433hrb6-13
433ener334
433elaine
433cb6
433c9u2n8
433brooks
433boy
433angel
433abby
433_k1234
433ANor19
433ABINGTON
433@@246
4339tori
4339qvcnj
4339mssrg
4339monray
4339BO
433999182580
433995
4339948
4339938
43398982
4339897mb
4339897
4339885
433988
4339868
4339867b
433986
433985
4339838
4339831
433982
4339814
4339813op
433981
433980
4339795
433979
433978812
4339774
4339769
433976
43397588jc
433975
433974
4339706
4339688
433968
4339678
433967
4339654
433963041
4339619
4339616
4339609
43396
43395733
4339569
43395571
433954589
4339531
4339528
4339524
43395191
4339517mc
433951
43395020
433948
4339471
433946p
4339440w
433942
4339415
4339400
433939600222122
433939
4339376
433937
433935
4339348
433933635
433933
4339324
4339322
4339312
4339305
43392drmye
43392bafyb
4339296
433929
43392840
433927ale
4339276
4339268
4339256
433925
4339244
4339234
433921
43392076
4339200
43391965
4339195
43391911k
4339188
4339186
4339179
4339166
433915
43391369
433912765
4339105
43390990
4339090
433909
4339089
43390859+66
433907
4339059
43390536
4339045
433902
4339018
43390115
4339009
43390087
43390024
4338994c
43389890906
4338986
4338977
4338967
433896657
433896333
433896047
4338954
4338945
4338943
4338940
4338936
433892770k
433892609
4338925
4338915
433890262
433890052
43388kuak
43388819
433887
43388642
433886
4338834
4338833
433882pero
4338829
4338811
4338805
43388
4338796
433878
43387546/vere
4338752
433875
4338743279
433874
4338738jj
4338732=
43387291
4338724
433872
433871530
4338700
433869
4338689
433868766
4338677
4338665
4338660
4338656
4338648
4338639
4338616
43386021
433860
43385996
4338581
433857040L
43385695
433856639
433856121
433855183
433854093
4338540
4338524
433851465i
4338514
4338496
4338453
4338449
4338443
433844
4338434
43384338
4338420
4338405
43384018
433839727
4338397
433839390
4338391
4338387
4338385
43383785N.YAYO
43383706
433836836
433836800000
433835940
43383543
433835261
4338352
43383483
433834364
4338340
4338338
4338331a
433833
4338328
433832549j
433830335
4338302
4338298
4338283
4338268-yatakjoel
433825559503741
4338232
4338213
433821
4338200
433819850
4338192
4338176
4338172
433817043a
433817043
433816859
4338161
433816
4338156
4338144
43381415
433813939
433813602n
433813539
433813
433812606
43381110
433811
433810279
433808
4338059
4338055
4338053
433805
4338043380
4338014
4338
4337vifm
4337cottage
4337camila9509
4337POISON
4337998
4337992l
43379875
4337982
433797753
433796703
433796074
433794-5
433794
4337928
4337923lp
43379234
433791928
4337916
433791023
4337910
433789
4337883
43378780316
4337866
4337862
43377fareh
4337793
4337780
433778
433776970
4337764
4337761
43377584b
4337755
433775492
433775284b
433774771
4337720
433771511
433770936
433770661h
43376871
43376750.
43376685
433766
4337654
433765
43375mm
43375985321094
433759
433757240
4337563
4337561
433755480
4337551
4337548
4337546
433754360
433753
433752438
433752
4337516
4337491
4337481v
433746igga
4337458
433744897765
4337444115.
433744022
433744001
43374347
4337425
4337423755
433742343
43374234
433742231
433742211
433741313
433741226
433741138
433741113
433741104
433741
433740
43373919
433737
4337368
4337355
4337346
433733473
43373318903333
43373259
433732
433731869
433731831922
433731110
433731086
4337310
43373
4337287
4337278
433725
4337249
43372452
4337235863
433722J
4337227
43372100
43372003
433719yo
4337199
433719160
433719
43371829
433718012
433718
4337161
433716089
433715940
4337146
433714581
43371392
433713355
4337133
433713028
433712
4337117
433711
43371087
43371004
433707
43370659a
43370658844
4337062
43370577
43370574
433703a
4336sjs
4336sha
4336mafi
4336beth1
4336bd
43369884
4336980
433698
4336972
433697
4336965
433696362v
4336961
43369506
433695
43369470398
4336947
433693j
4336939
4336935
433693
433692
43369145
4336902
4336893c
43368785001
4336866
4336865n
4336863
4336857
4336856
433684
433683
4336820j
4336820
433681003
433679717
4336780
433676269
433676009
433675875
433675
433673392
433672186
4336706933
4336692733
433668
433667
43366565
4336655
4336646
43366442
433664
4336628633
4336615433
4336612
433661
4336607
4336594933
433658706a
433658
4336573
43365658
433655499*up
433654720
4336536533
4336533633
43365286528
4336527933
433652039
4336520
433652
4336515
4336504
43365031
433650051
4336494
4336491
4336487
433647k
433647
43364565
433644
4336435
4336433
4336431
4336422
43364041
43364033
433639064
433638899
4336373105
43363716
433637053
433637
433636
4336354
43363467
433633z
4336337
433633341
4336330
4336329
4336322195
433632
4336319
433631710
4336312
4336305
43362fujnd
433629
4336283
43362826
433627mh
43362711
4336271
4336270
43362654356529
4336255781
4336253
43362458
4336245
433623
43362292
4336219
43361a
433619478
43361914
433619
4336188
433618583
433618
43361765
4336159
433615201
43361468
43361427
433613522
433612597
433612517
43361144
4336109
43361028
433610236
433610
4336093832
433609
4336066
433606
433605pm
4336036
43360212
4336016
43360159
4336011332
43360082
43360080
433600
4335zv
4335sp
4335green
4335dj
4335diva
4335UN**
43359999
433599146
4335987
4335983
4335979
4335978p
433597
4335958
4335950079
433594771k
4335944932484
433594128
4335936
433592
43359167
433591
433588(m)
4335867
433586
4335856camila
4335850246
4335839cr
4335832
43358251
433582
433579w
4335797
433579
43357874
4335775
4335758
433575
433574
433573_k
4335737
43357118
433570610A
433569
4335687
4335684
433568
433567
433566
4335659
4335653031
4335639
433563
4335626
4335620
4335615
4335613
43355paddy
4335599
43355981
4335593031
43355849
4335565
433556242
4335549
4335548e
433554770j
4335541
4335529
43355274
433552243
43355147
4335513931
4335511
4335502031
4335500
4335482
433547
433546
43354586
4335454
4335451
4335444
4335439.
433543
43354141
43354137
4335411
43354064
4335400319
433540
43354
43353975
4335396
433539028
4335371
43353528
4335344
433534247
4335340
433533895
43353378564
4335330
4335309+
43352nghm
43352cbh
4335294
433529
43352786
4335270
4335255
4335251
4335244
43352211
4335219876_-..jd
4335214
433521144
4335211
43352101
433521
4335205
4335203
4335189
43351812
4335175
433517
433516931
433516798800
43351630
4335163
433516
43351591
4335153
433515
4335147
43351439933
43351410
433514
43351379
4335130
433512777
433512515s
4335120
433512
43351087192487
4335106
4335100
43351
43350escrapi
4335096
4335090
433509
4335084
4335080
433507
43350645283292
43350643
4335040
4335022
43350142
43350133
4335012056
4335011
4335002
4335
4334tja
4334rw
4334md
4334kathy
4334gills
4334assk
4334_178
433498117
43349735
433497
4334969
43349672
4334964
433495127
433493
4334921
43348967
433489
43348760
4334864
43348637
4334854
433485
4334843
4334835
43348271471
4334819
433481
43348
43347kim
43347976
4334788
4334779
4334775
4334774
4334751
4334742
433474
4334733
433473
43347244321422
433472162
4334715
4334712
433470237
433469
433468
433467
4334652
43346498
4334646
43346336
4334625
4334607
4334604
43345sheen
433456141
4334545
4334542
433453235
4334530
433453
433452496
433450105j
4334485
43344680
4334464
43344542
43344500
433444
433443p
4334438a
4334435
4334433
4334426a
4334424
433441217
43343eo
4334398
433439
4334387
4334364mdp
4334362
4334353
43343517
4334347
4334343
433434206
4334336
433433433
4334325
4334323
43343214433221
433432
4334319
43343179
4334314
433431
4334305
433427jt
4334271
43342658
433426
43342524
4334240
433424
4334228
433422
4334216mm
43342077
433420
43342
43341jamez
433419657
4334195
4334183
433418
4334178
43341640
4334154xx521
4334148
4334143
4334142
4334126
4334124
43341232
4334123
4334120
433412
433410
4334095
433408i42
43340803
4334080
433407
4334068
43340647
433405dalinda
4334053
433405
4334024
433402
43340188
4334018365
433401
43340046
433400033
433400
4334
4333ss
4333sff
4333munger
4333jo
4333ellitfjbnova
4333984jose
4333972
433396
4333950
4333946
43339358
4333932121101985
4333930
43339288
433392
43339127
433390
433389
43338742
4333847
4333833
433383
4333826
4333811917
4333795
4333792
433378650
4333752
4333730t
43336930
433367
4333668
4333665
43336619
4333654
4333640
4333619p
4333617
4333613
4333609
43336066
43335diogo
433359258
4333587
4333583
4333575
433357322
4333572
43335507
4333550
433355
4333537
4333524
43335239
4333492gm
4333488
4333472273
4333471
4333461
43334550
43334291
4333425a
4333418
4333402
433340
433339044
433335508
4333351
4333347
433334460
4333343c
4333342222
43333331
433332j
4333328
433331l
4333319
4333311
4333303
43333
4333266065
4333258288
433325
43332438
433324
43332387cheli
43332387che
4333234
43332331
433323290.
43332311
4333223
433322
4333212
4333209
433320087
43332003
433320
43331999
43331990
4333190
4333182
433317049597645
433317
4333166
4333150
4333149yr
4333145
43331435
433313866
433313
43331234
4333123
433311037
433311
43331029
433310
433308
433307701
433305
433302004
4333011
4333000
4332zcrbw
4332sdc
4332pr
4332kenzie
4332kansas
4332jl
4332ebmk
4332cep
4332ann
4332_ball
43329wbbfb
4332996
4332982
43329800
4332980
4332978
43329752
4332975
4332961
4332959lie
4332954
4332935
4332927
43329218
433291
43329
43328fibim
43328900
4332884
4332878jq
4332872
433287
4332866As
4332850
4332849m
4332849
4332835
43328299
433282
433281
43327931
433278441
4332779
4332775
43327737
43327705
43327659
4332764
4332756
43327542
4332749
433274
4332734
43327303
4332725
4332694781993
433268522101985
4332679
4332674
43326680
43326627
4332660
4332652
4332649
4332640
43326376
4332633
4332630
4332627
43326201
4332613
4332605
4332599413
4332597
4332593
433259167
4332588
43325874332587
43325845123
433258409999
433258
43325789
4332552
43325451
43325360
43325279
4332527
4332522
433252
4332508
4332504
43325016
43325011
43325
4332495
43324915
4332491
4332486
43324711
433246
43324469jose
4332441
4332437
4332436
4332434
43324311
433241brb
4332417
43324120
4332412
4332409m
4332403
43324
4332397
4332395
4332368723
43323513
4332344
433234
4332338942
43323344
43323111
433229
4332279
43322789
43322724658210
4332265
4332256
43322553
4332238j
43322338
43322332
43322237
4332213
433221
4332206723
4332201
43321jouj124770
4332199
433219830
4332195
43321937
43321907
4332190
4332182
43321811
433218
433216
433215
43321372
433213
43321249
4332122623
4332121
433211
43321090
43321052
43320zrrkr
4332097
4332095323
4332094h
43320908
43320886
4332079
433207
4332060
4332052
4332040309a*
4332040300
43320332
43320324
4332029
4332019lano
4332019
43320167
43320134
43320112
43320100
43320092
4332002
433200
43320
4331xx
4331vd
4331nilda
4331miry
4331into
4331dnb
4331992
433197ng
433196
4331945
4331929
4331912
433190125
433190023
433190-6
4331897
43318944
4331876
4331873
433187015
43318664832
4331863
433186170b
4331849
43318480041
433182
4331818
4331813
433181
4331799
4331795
4331789
4331787
4331779
43317727milisita
4331750
4331749
4331732
4331700
43316961
4331689
4331680
4331667
433166
4331655
4331650
4331629
4331622
433161021
433160
43316
4331596
4331595y4327027
43315927
4331568
4331566a
43315661
4331558
433155
433154420
433154240183
43315404205792
4331535
4331523
4331521
4331518
4331507
43315
43314e
433149147
4331487
43314713
4331455
43314491
4331437
4331436
43314319
4331428
433142605
4331422
43314205
43314194
4331414
43314134
4331400
4331399
4331362
433136
4331356
4331352
433135
43313469
43313402
4331338
43313378
4331334
4331329
43313113
433131
433130
43312958
43312891
43312790052
4331271
4331267
433126
43312546
4331253seth
43312522
4331242
43312279
4331223
433122045
433122
4331218
43312149
4331213
43312123
4331211087
43312057
4331205
433120
4331199
4331197
433118932
4331187s
4331179
43311762
4331172
433117
4331165
4331161
433116
433115
433113211610
433113211230
4331129
43311288
433112500
43311212
433112
4331119
4331111
433111
43311085
43311072
43311060
4331096
43310857
43310846
4331080
433108
4331075
433106e
4331067000
43310653
4331060
4331053022
4331050151
4331050104
4331050059
4331048
43310468
43310459
43310431
4331041
4331040023
4331040017
4331040007
43310392
43310322
43310310
43310287
4331028
43310259
4331022270
433102
43310188
433101804
43310123
4331011
43310039
4331002821_cu
43310005
43310
4331.,.,car
4331
4330ma
4330lucy
4330jhhpc
4330encinita
4330dayla
4330cmnzg
4330990+
433099
4330982
4330978
4330971
433096
433094
433093m
4330938
43309372
433093
43309154
43309066
4330900
433090
43309
4330898
4330895
433089
43308825117119
433088
4330879L
43308765
4330862
433086
4330859
433084
4330833
433082332423
4330801
4330788
433077
433074111987
4330723
4330704
4330703
433069
4330689
4330671
433066
4330656
4330652
4330640
4330624
4330612
4330607
433060
43306
43305viht
4330580
433058
4330567a
43305657
433056
43305529
433055
43305487
4330532
433053
433052931469
43305214a
4330513
4330500
43305
433048fourzaa
4330474
43304590
4330455
43304240
4330420
43304158mario
4330410
433041
4330409
433040493
4330403
4330402
43304
43303wdhbu
43303ab
4330387
4330376
4330375
433037
4330366021
4330350
4330346
433034
4330311
43303
4330299
43302826
4330280
43302752
4330274
4330269
4330268
43302527
43302481
43302420
43302408
4330240
43302379
433022a
4330229
43302281
4330228
43302278
433021069
433021042
4330206
43301w
43301987
433019
4330182
433018
4330172p
4330149
4330147
43301426
43301404
43301402
4330136
433013
43301258
4330123
43301220
4330122
4330118
4330113
4330110
43300sks
43300975543807
4330088
43300797
433007
4330063chekwa
4330063
4330061
43300417
433004
4330039921
4330030
43300292
4330029
4330012
4330009yireth
4330005
43300042
4330004
433.1558
433-9151
433-6874
433-5861
433-4
432wsx$#@W
432wdokz
432w7by
432vtbh
432toester
432tiff432
432tech
432step
432stef
432sgreen
432rosewood
432romeo
432ridgeview
432rew
432rajdj
432peachorchard
432odessa
432niij
432nic
432my08fo
432mxiZvy
432mtm
432mickey
432losaltos
432kl;?po
432kayley
432jokers
432jayst
432iloveyou
432houston
432hjj
432happy
432gu111
432gabby
432fhesp
432f17da432f17da
432elite
432easton
432e5785e
432dvkvh
432dvd
432dork
432dom5990
432center
432celaka
432carrol
432b64
432b4kbg
432ard
432ajee1980
432a30
432_FER*
432SUPER
432SEXCME
432SEXC
432QUEEN08
432NVUZS62
432MAY
432KING
432JOKERS
432Dante
432BYRON
432@Prx3
4329verone
4329tm
4329rt
4329pinANZ
4329cristi5864
4329cherry
43299ijrb
4329972
432997
43299595
43299579
4329953
4329952
4329934
4329930
432993
43299130
4329912915
432991
43298981329898324
43298961
43298845
43298781
43298658
4329858
4329850
4329840
432984
4329836
4329809
4329798
4329797
43297922
432979
4329782c
432978
4329774
4329769
432976
4329757
4329734
4329729
4329696
43296874
4329686
4329684
4329644
4329643
4329619
4329612
43296069pau
4329605
43295700
43295662264
4329553
4329552
4329551
432953
4329525ae
432951po
432951
4329481
43294804gonzalo_
432946
4329457
432945
4329436
