753
3875286
3875269
3875258
38752529d
387525
3875243
3875233
3875232
387520
3875196
3875174
3875117
3875109P
3875102
38750K
3875083
3875050
387500239
3874shimeinv
3874mr
3874995
3874993=eresuncagon
387497
387496
3874942
387494
387492
38749140
3874904
3874892
3874884a
387480
3874794
3874785
3874770
3874737
38747114
387469
3874686
3874676
3874644
387464
3874602
38746
3874583
38745799
387456
38745504
3874550
387454m
3874538
3874506
3874496
387448
3874478
38744515
3874446911:t
38744322
387443
387440
3874390
3874375n
38743695
3874330
3874328
387432
387429z
38742944
387429
3874265
3874256365
387424
387423
38742048911owlen
38742048
38741914
3874180757
387418
3874131_amp
3874117
3874074
3874072
38740586
387403
3874019
3874018
3873wal
3873qyfkx
3873linds
3873kwmwi
3873dust
3873cind
3873bruno
3873balletdudet
38739973870586
3873965
3873939
3873924
3873922
387390640
38739
387387c
3873871
387386400
3873860
3873852
387385
387384
3873828
3873816
3873740
387373875
387373
387371
38737
3873695
3873694
3873690
38736879
387367
3873663
387365CLS
3873649y1
3873649y
38736411
387361
387360_dulce.
38735934
387359
387358
3873566
387356
3873555
3873551
3873534
3873532
387350m
3873494
3873476
387345
38734390
3873438
3873434
387340
3873396
38733873
3873384
387338
3873354
387334
387331
387329223
387329
3873274
387325a
387325
3873248
3873217
3873208
387319
3873172ok
387316743122422
3873160
387315as
3873136
3873134
38731232901372
3873102386
3873092
387308
38730107
38730032
387300
38730
3873
3872commendation
3872aj
38729cjdru
3872987
387298
3872943
38729323312412
38729302
3872925
38729128
38729121
3872901
387289
3872866
387286
3872848
3872815
38728
3872791n
3872782
38727492
387274
387273
387269t
387269
387267
387266387269
38726580
3872655
3872641
3872633
387263
3872590
387259
3872537
3872536
3872535
3872534
38725302
387253
387252934437
3872523
387251
38725
38724akvhj
3872481
3872451
38724104!
3872399
3872388
387238723872
3872351
3872347
3872307
387230
38723
3872299
3872286
3872268
3872255
3872242
387223
3872227
3872222
387222
387221re
38722118
3872200
3872185m
387218158
387218
3872177
38721660
3872137189
3872126
3872125
38721111
3872102
3872101
387209
3872082
3872079
3872075
3872069
3872056
3872052
387203fags
38720398
3872038
3872034
3872020
387201
3872
3871hb
3871fear
3871abc
387198413436
387198
3871976
387196
3871954
3871950
387193
3871926
3871896
3871893sofi
387188g
387188
387187
3871860
387184589
387184555
387181
3871778
3871776
38717735
3871769
387175
3871747a
3871747
387168912
3871643
38716238
387162
38716168
3871606
38715s
3871592
387159
387158701
3871579064r
387157
387156
3871549
38715456
387150
3871482
3871481
387146
38714538
387144hhm
3871445
38714404
38714256
38714051
3871400
3871393
38713903
387137
3871353
387135
38712994
3871287k
387128
3871279
387127
3871268.
387126
38712533
387125
38712412
387124
38712387
3871234
387123
38712238
3871222
387121;-)
3871216
3871207
3871197
3871175
387117
3871147
387114
3871136
387112
3871116
387111
3871100
3871071
387105
38710415
38710220314
3871020
3871015916404
3871013
38710094
3870tc
3870ss
3870nc
3870murtosa
3870jaar
3870good
3870es
3870avery
38709ijzxt
3870992
38709887
3870963
3870960
3870948
3870942
3870941
3870913
3870902
3870893
387089
3870889
38708792
3870859
3870841
387084
387082
3870807
38708
3870797
38707808
387077
3870704
38706438
3870640
387064
3870630
3870629
387062699
3870614
387061387
3870608kg
38706015
3870591236951
38705802
3870557
38705388Dj
3870531645
3870504
38704jqvhg
3870495
3870487
3870484
387044myo
3870445
3870430
3870425
387041
387040983
3870401
387040
387036m
3870362
3870350c.l.g
3870348
387033
3870322
3870310
387030
3870294
387029
38702886
3870273
3870271
3870250
387023
3870213s.t
3870208
38702070
3870196
3870188838470
3870129
387012
38701124
387010072
38701
38700j
387009
38700694
3870068
387005150
3870041
38700383
3870037601
3870030
38700238
387002
3870011cinthia
3870.205.pekenina
3870.205.amanda
3870.205.adrt
387/842
387-eso__?
387-9408lot
387-9408hits
386zivr
386xdjge
386wzvrw22
386west
386spruce
386sandy
386ppzea
386pok
386pirates
386p327s3
386oak
386nigga
386naa
386lj1
386liljustin
386land
386kuhio
386justin
386jos
386hntci
386girl
386forlife
386echo
386ebc32
386click
386clark
386bbqwj
386amherst
386aaava82
386XMU
386REZ13
386NIGGA
386MOB.
386HOTCHICK
386BIGFOUR
3869ember
3869elmore
3869ajl
38699629
386994
3869908e
3869900129315
3869900084940
386990
3869888ne
3869876376
386985
386984
386983
386980809
3869806
386980
38698
3869794
38697550
3869721.
38697
3869694
386968550
3869666
3869662
3869659
386964843b
3869640
386962
386961s
3869611
3869602
3869583
3869545
3869543
386952
3869512427
3869501
3869480
3869467
38694531
3869425471
38694
38693980
386939
38693869
386936
38693280
38693121
38693
386929
3869274
386925
386920048
38692
386919
3869151
386915
3869146130
3869143
38691415
386911eng
3869102971
386910
386909179
386908
386905
3869030jpc
3868sun
3868labadie
3868jagt
3868hvkdv
3868ap
3868D19E
3868990
386899
386898
386895008
386893
3868929
3868901
38689
38688ajsug
3868894j
38688681
386886
3868853
3868825
386878
3868771
386877
3868750
3868732
38687122
386871
38687062
386870
386869polijas
386868
386867l
3868668
386864nfl
386864640
38686251
386861
38686
38685887
386858
3868570
38685624
3868532
386853
38685258a
3868522
38684bysav
3868499
386849
38684875
38684842
38684841994
3868468818
38684580
38684566mob
38684566
386845
3868444
386844
38684371
3868424
38684134
38684030
38683868
3868370to
38683701
38683684
386836
38683542
3868325
3868324
386832
38683001
3868295
3868288
386828
38682781
3868274
38682712
38682675
386826
3868255
386825
386824
3868223
38682214
3868200
386819
38681313
38681191
386811
3868099
3868082
386806muriv
3868062054
3868059
3868050
3868032
3868012m
386801
3868002
3868-a
3867a684
38679msb
38679b
3867986
386798
386795
3867933yy
38679214
386792
386789102
386788
386785d
38678522william
38678480744
3867845
3867841
38678328
386782
386781
386776
386775er
386775
3867730
386773
3867721
3867712
3867709
38676zpkyp
38676sfnxb
386768
3867677
386766r
3867661
38676059
386760
38676
386759
386758495321
3867538
3867518
38675
38674612
386746
3867453
3867449
3867438
386740
38673841
386735
386732
386731d
38673187721194
386729
3867265
3867225o
3867225300
386715bmm
3867156
38671462
38671410
3867140100
386714
38671366W
38671359
3867126
38671253stella
386711
3867092032532
38670871
38670789
3867076
3867071
3867069
38670620
386706
386704
38670255
3867017386
386701
386700
3866wooden
3866thyn
3866DUNN
38669955dejdi
38669945
386699
38669853
3866971
386694740
3866945
3866934
38669291
3866916654I
3866914
3866911
386691
38669007
3866899484
386687
386686
3866838433
38668374
386683
38668200
3866810
3866800
38667794
386677
38667690
386673
38667183
3866713
38666855
386667
3866654
3866632
3866623
38666195
38665982
3866588
38665866
3866579
386657
386655
3866545
3866544
3866536
38665111
3866502
386650
38665
386649
386647pimp
386647
3866461
3866448
386644
38664328
3866420a
3866408
386635fmr
3866359
386633
3866328
3866294
38662628
38662561
38662533
386625
3866243
386624
386623
3866227
3866226683
3866220
3866203
3866183
3866180k
3866178
3866149
386613j
386613d
38661
3866053
3866018
38660000
3866***jolanda
3865ra
3865ncaa
3865evol
386598501
386593
38659168
3865914
3865913146620
3865902
3865899
38658613
38658548
38657best
3865796l
386579
38657678
3865748509
3865730
38657072
386570
386569
3865685
3865675
3865667le
3865656
3865650
386565
38656423
3865629
3865628
3865604
386560
38655cf
38655ami
3865566
38655414
3865539
386551
38655
38654sleepp
38654TIM
3865494
3865488
3865463
386546
386544me
386543
3865427
386540tm
386540
3865385
386534
386532849
3865325495
386532
38653
38652nxzhx
386529
38652882
3865281
386527
3865250
386525
386524
386523
386522s
3865146
3865121s
386510
38650hpym
386508
386505
386503
386502
3865001
38650000
386500
3864zaid
3864trt
3864lynn
3864dikno
3864989
386498
3864967
38649658
386496
3864941
38649275
3864920
386492
3864907
38649
386488bba
3864878
386485
386484
3864823
38648
3864795
38647898c
386478
3864734
386473
3864725
386472
3864710
38646ohrod
3864686
386467
3864662
386466
3864625460
3864625183
3864609
38645gurl
3864568043florida
3864548938645489
386454
3864535253
3864533444
3864525
386452
386450
38645
3864489
38644862
38644855
3864476
3864474
38644645
38644597
3864444
38644415
38644342
38644137
38644118
3864409
38644003
38644
38643872
38643833
386437
386435
3864338
3864324
38643239
3864320
386432
3864310e
38642amvkg
38642976
386429517a
38642945
38642810
386427
38642618
386426
38642570
38642509
386425
3864241
38642371
38642306a
3864205
38642.T
38641j
3864194
38641905
3864184
386417752028
3864175056
386417
38641649
3864157
38641488
386414
386413a
38641356
38641322
38641218
38640arona
3864092
38640544
38640012erika
38640000
38640
3863yasmin
3863sr
3863ruby
3863jkh
3863four
3863ah
3863998
3863996
3863995
3863987
386398
3863979
3863978
3863965
386395282264351
386392
3863910aw
386386386
3863855a
386382
3863814
386379
3863770
3863766
38637410
38637320
3863725
38637201
38637
3863685
38636677216
386365
3863644
3863636
38636306
38636109
3863596
386359
3863589
3863583
386354
3863517
3863509
3863506
3863504
38634jwwoy
3863493
3863469
386346
386344
3863421
3863415
3863403
3863386d
38633864
3863366
386334kk
386334
3863332
386331594827509
3863305
3863292
386329112
3863258
386323
3863217
3863216
3863209
38632042
38632
3863198
3863197
386318
38631612486
3863143228
386312
3863114
3863112
386311
38630M
386309
386304
3863
3862th
3862phs1
3862ockwx
3862my
3862joshua
3862hendrix
3862heda
3862az
3862989
3862981
386293
38629196
386288
38628692547876
3862839
386282
3862814
3862806
386280
38627979
386276
3862758
3862745
386271
386270
386269
38626779
3862659
38626582
3862645
386264
3862639
3862627
386262
386261
38625lu
3862585
386258
386257
38625658
386254
386253021
3862526
3862517
3862499_al
3862471
3862464
386244
386243
386242
386241j
3862416
38623862
3862385609
386237
3862367
3862362k
3862361
3862355
3862343
386234
38623116412490
3862288
3862263
3862261
3862247
386224
386222
386221221
386219
38621818
386218
3862159
3862140
386212
386211
386210
38621
386209a
3862099
3862097
3862091112
386209
3862072
3862071
386207
386206
3862037
38620
3861sally
3861len
3861ash
3861990
386199
3861972
38619592ximena
3861948
38619439
386193
386191
386190
38618954
386189
3861850
3861843A
386184
386182
3861819
3861813
3861797
3861791
3861759
3861753
386175
3861748
3861723
386170675
386167
3861667
386165
3861638
3861634
3861629
386161
38615g532632
386159472
3861588
386156
3861556
3861537
3861530
3861522
38614769
3861474
38614615
3861458
38614522
3861447
3861445
38614446
386144
38614340me
3861432
3861430
3861428
38614223
3861412
38613993
3861395
3861369
3861363
38613515
386133
3861318
38613179
386131
3861300
38613
38612923
3861287
3861269
38612650
386125og
3861251
3861247K
38612414
38612400
3861236
3861234
386123
386122
3861219
38612156
38612149
3861211049
386120874
386120
38612
3861195
38611930
3861192
386119037
3861189
3861165221
386116078
38611506
386115
386113a
38611351
3861123
386111
3861107
38611
38610sam
3861096rampyara
3861089610
3861072912
3861071c
386107
38610572
386105
3861045
38610422
38610371
3861021
386101d
38610180
3861017
3861011
3860yoan
3860ma
3860igfrg
3860986
3860981
3860976
3860944
3860932
3860914mm
386091
38609080987
386090
3860897
38608823
386088
3860873
3860861
386086
386085949
38608578
3860855casa
386085
386084
3860837
3860836
386082194
3860814
3860812
3860810
3860803cw
3860800017738
386077
38607640
3860749
3860741
386073
3860715
3860714
3860700289302
38606km
386069
3860666
3860664
3860656ama
3860647
3860636
3860627
386061355
386060aB
3860600098827
38606
38605826
3860523
3860515
386050ag
3860493
38604687
3860453
38604452
386044
3860434
3860419
3860414
386041
38604092
3860402
3860400551
3860400414756
3860400178742
3860400118537252
3860400
38603860
386038333
38603788
386037666
3860371
38603688
38603441
3860338
3860332
386033
3860306Az
3860300265627
386030
38602972
38602937
38602923
38602900
38602751
3860270edu
3860266yari
3860262
386025o
3860258
386025
386024552
38602209
386021
38602094995
3860200411401
3860200132668
3860200099041
386020
38602
38601t00214o280p
38601j
3860194mc
3860194gm
3860194HC
3860189
38601739
386015
38601446
38601405
386014
3860132
38601088400
3860108840
3860101033254
3860100882207
3860100584257
3860100347573
3860100335117
3860100171114
3860100110280
38601001
3860100045640
3860100021279
3860100009589
38600lm
38600977
3860091975757862
3860090
3860084
38600818
38600810
3860075
3860074
3860070
3860063
38600605
3860059
3860056
3860053
3860046
3860031
386003
3860026F
3860009556
38600050
386000
386-08-1107
385yadig
385xxx93ji.com
385wj.
385tss
385thomas
385rndr
385rebel
385rbdy
385mezo
385maple
385m&m
385lpa
385live
385kayla
385jas
385hol
385hana*01
385gip
385cod
385bearbear385
385bb
3859piegy
3859mom
3859lola
3859dad
3859cart
3859baby
385998
3859935
3859928
3859911
3859906
3859900106412
3859900085377
385990002907
385990
38599
38598e6f
3859898
385989
38598873
385988
385986
3859823r
385982
3859816
385981--
385980221289
38598010
38597500
385975
3859739269
3859738597
385972js
38597020
385970
38596ene
38596abc!a
3859696a
38596921
385968
385967
385966
385965312
385965
3859649
385964152
385963601
38596077
38596031
385960
3859594
38595937
38595877
3859581
385958
385956
385954
385953
38595103
3859472
385947
38594618
38594615
38594580
3859449
3859440
385943
3859426
385941a
3859419
38593859
3859383
3859347
38593240122
385932
385931052
3859301
385930
38592ads
3859288
3859279g
385926
3859246
385924
3859234646
38592313200
3859230
3859229
385917
3859134
3859128
38591267
38591246
3859113
3859100
38590pe
38590412210
3859026
38590203
38590
3858w56st\\\\
38589zauxw
3858992m
3858992j
3858954
385895
3858944RUBEN
3858916
3858902jen
385890
38589
385887360
3858850
385882874
3858808
38587981a
3858781
3858771
38587444
385874
38587233m
385871925385871925
385871
3858695
3858683
385868
3858676
3858670
3858645858
3858612345
3858560
3858518
3858503
3858493
3858488
3858469
385844
38584328
385840r
385840a
3858408
38584034aukje
385840
3858357
3858330
385831
385830
38582ydbzx
3858299
385826
3858246
3858222
385818412818
3858130
385813
385812146
3858111095
3858097
3858071
385807
3858050
38580480
3858025
3857usa
3857tvj
3857jman
3857jfnpq
3857ilc
3857gateway
3857fc
3857edusg
385796
3857937
3857902
3857898
3857896
3857860
38578245
385781
385779
385778
385777
385773*LM
3857702
385769
38576842
3857679
38576721100
385767
385765
385761
3857607zta
385759cap
385759
385758a
3857588
3857578
3857555
385755
3857522
3857514
385751
3857447pop
3857446
385742
385741322
385740
38574
38573je
3857397
385737
385734
3857296
385729
3857271
385727
3857242
3857241
385724
3857228
3857222
3857221
38572142
38572
3857161
3857121
385712
385711
3857108
38571050
38571
3857078
3857064
385701234
3857000
385700
38570
3856vmg
3856ungum
3856lt
3856jwgo
3856hjd
3856h7sp
3856dar
3856PERU
3856998vj
38569681
3856947
3856927
385691s
38569042
3856883g
38568817
3856864
385686
3856851
3856823
3856817
3856812205311
3856810
385680
385678279
3856776
38567694
3856766
38567573
3856740
385671
3856695j
385669
38566753
385666
385664
385662maju
3856611
385661
38566081a
38566008857
38565982
38565827
38565817
385658
3856577
385657
38565688
3856559
38565557
385655
3856545
3856515
385649
38564850
385648247
385647670
385647
3856450e
3856430
385642
38564113
3856367
38563456
385634
385633
385632
38563175
3856317
3856312695
3856312694
385630
38562997
38562712
38562586
38562427
3856224
3856222
3856221
3856219
3856211
385620
38561sean
3856194
385619
38561878
38561846
385618
38561465
385614
38561236
385612
38561122
385611
38560836
3856064
3856062
3856043mai
38560348
385602
38560142
38560101
3856.
3856$$$
3855tac
3855ref
3855nh
3855hARRISON
3855gh
3855fdl
3855f8
3855chichi
3855am
38559986
3855995
385598
3855923boom
38559054334672
385590
385589
385587038
3855861
38558599
385585
38558401
385582
3855814
385581
3855809
385578
3855756
3855753
385575
38557155
385568
3855668
3855667
38556657
38556629
3855660
385566
3855641
385561713
3855615
3855610
38556098759199528
38556093
38555one
3855591
385559
38555830
3855571
38555555
38555554
385555
38555366
3855515
3855510
38555022
3855470
3855468
38554514
3855436
38554130
385541
38554068
38554035
38553855
3855382
385538
3855377
3855374
38553555
3855340
3855328
385530
38553
38552fgkqv
3855288
385526800
38552625
385526
385524
3855232
38552144
3855208a
385520
38552
3855195
38551800
38551769
385517
3855164rosez
3855162
385516056
38551175
3855113
3855070
38550579
38550309
3855026xyz
3855025
385502
385501
3855002
385500
38550
3854trm
3854nw
3854lo
3854ka
3854coon
3854984
385497
3854969
3854951
385495
3854932
385492
385491
3854903
3854902
385490
385486
38548565
3854843
3854829
3854822431
3854797
3854786
3854767
3854747
38547293
385472
3854707
3854703
3854700
38546977
385468
385467y
3854674
385467
3854666
385466
38546553854655
385465
3854622
3854608354
385460
3854595
385459
385458
38545779
385457
385456963
3854558
38545543
3854550
385451
385446
3854458
3854434
38544257
385442
385439
3854389
3854385cute
385436
3854341124
38542gay
38542896
3854281347195698
385428
3854274
38542658
3854236
3854217
38542122mw
3854200767
38541k
3854188
3854181c
38541613
3854150
38541385
38541319
3854114583
3854114
385411
38541065
3854101
38541
38540kf
385409_07_RAV
385409381
385408
385406
3854055
385405
3854007717
3854000001841
3854
3853njg
3853metro
3853jrb
3853idar
3853hsbc
3853dysej
3853duke
38539968.njtgvbv
385399
3853967
385390
3853895
3853891
3853890
3853885
385388
3853878
3853866
3853857
385385695
3853855
3853854
3853851
3853832
385382rv
3853815
3853800
3853791
38537903
3853748
385374252768
385372
38537110
385371
385370016
385370
3853688
385365
3853646
3853610
385361
3853603
385360
385357
385354
3853516638345370
385350
38535
38534728
3853461a
385346
38534358
38534123
38533isar
385339
3853385342514251
3853384
385338
3853367
385332
3853318
38533
3853280
3853256
385321
3853201
385320
3853171
385317
3853162
385316
3853112
38531
3853099
3853061
3853014526
3853012
3853000
3852yb
3852sa
3852love
3852kgygb
3852jp1
3852de
3852chelle
3852abc
385299
3852982
3852976*
3852976
385297
3852951
385294
385293h
3852938529
38529361
385292
38529
38528991
385285
3852840
3852835
3852816
3852783ender
385278
3852777
3852767tsrl
3852751
385274
3852734
385273
38527251
38527221
385272
3852717
3852702e
385270
38526c
3852682
385266
3852654
3852638
3852601
385260
385259
3852583
385258
3852565
3852553
3852550
3852538
385253
3852520
385251abe1
3852515
3852499
38524984
3852497
385249
3852489
3852484
3852480
385248
385245881
3852428
3852424
385241988
3852419
3852410
385239
3852383
38523813453292
385238
385235
3852347
385234
38523253
385232
38523182
385231
3852302
3852298
385227
385226c
385226C
3852263
3852252
385224
3852238
3852228
385222
385221Mfm
38522153
385221
385218
3852167
3852165
3852162
385216
385215
3852140
3852139
3852135
3852125
38521124
38521116
38521114
385211
3852108
3852101
3852100
3852085
3852082
3852080
385208
38520788
3852067
3852033
3852027
3852024
3852023
385202293
385202
385201314
385201216
385201
38520
3851taft
3851nfl100
3851bm
3851al
3851SC
3851971
3851957
38519524
3851947
385193
3851924
385192
3851919
3851910
385191
385190322
38518935
3851880
385188
3851872_p4743678
3851872_4743678
38518658
385186
3851856
385183
385182512
3851825
385181824
3851814
38517t
38517ce
3851758
38517559
385175
385174
3851706
3851689
3851681
38516729
3851672
3851659
3851652
385164
385161
385160836781569
3851605g
3851599
3851568
385154
3851525
3851520
385152
3851515
385149
3851486
3851483
3851482
3851478h
3851476
385147
3851466
3851457
385145
3851435
3851427
3851425
38514
3851397++
3851369
3851360
3851340
38513333
385131
3851291
38512876
38512812460
3851279
38512617803195
38512589
3851253
3851244j
3851243
38512387
385123
385122
3851216577
3851213
38512125
38512121
3851210
385121
38511r
385118
3851161
385115rockyou
3851158
3851157
3851145
3851141
385114
3851134
385113
3851122
3851120
385112
385110828804
38511018
38511
38510jame
38510j
385109
3851079
3851065
3851044
385102497033882
385101jf
385101j
3851010
3851006a
38510047
385100
3850w81stst60652
3850love
3850kst
3850bronxwood
3850994
3850980
3850973
385097
3850966559124224955
3850965
385094
3850925
385091
385090popas
3850908
385089697
3850889
385087
385086115e
385080
38507t
385078
385077
3850765
3850737
3850726
385072
38507193541174
3850718
385071
3850679d
385067
3850649
385064
385063
385062533a
385062
3850619724
385061
3850600/*-
38505n
3850595
3850589
38505347
3850502
38505
3850497
385049
3850489
3850488
3850482
38504652324
3850456
385045
3850445
385043613
38504337
3850432
38504285
3850414
38504127
3850412
3850411
3850400014227
3850382
385038
38503797cordoba
385036753
3850367
3850363
38503627
3850358
385035
3850344
385033
3850324
3850302
3850300003134
385030
38502syabb
38502ceb
385029
3850273
385026871
3850264
385026113
3850220
3850219
385020054
38502000
385020
3850189
3850181
3850180
385017774
385017
385015
3850142
3850123
3850110
3850109
38501020
3850100157699
3850100152331
3850100138508
3850100090866
3850100053545
38501
38500tdn
3850094k
3850091
3850090
3850078
385007
38500639
3850047
3850042
3850034
385003
3850010
38500
384wsj
384tavito
384strop4
384sexy
384scotland
384nino
384mountain
384mjd
384ltest
384live
384kulit
384j71P
384hl276
384gga
384frilly
384ehs
384be8
384bak
384apartments
384ab9c376
384a52
384CKGXH
3849bkoby
38499843
3849960
38499539
38499333
3849931
384993
3849900343
3849900158
3849900118046
3849900108628
3849900011128
384990001051
384987686
3849867
384985lu
384985
3849838
3849836
3849823
3849822lover
3849822
384982
384981797
384981
3849806
384980223
3849767
3849742c
3849738497
384971
38496ncbay
384967528s
3849670
384966
38496548
38496404
38496178w
3849593
384959
3849587
3849566
3849563
38495520
384955
38495492
3849547
3849538495
38495314
38495289da
3849522
38495167
384949726z
384949550
384948795
384945457
3849419
3849403
384936k
38493558t
38493558
3849309
38492zygmu
3849276
384927432a
3849265
3849260
3849235
3849178174250ANITA
3849172
3849171
384915
3849130
3849121
38491
38490l
384909
384908695
38490861
3849083pr
384908
384906
38490388
3849037
3849008
38490000
384900
3848wjtvo
3848speedway
3848lk
3848kiko
3848kc
3848ffibo
3848away
3848_7616
384898
3848977
3848947
3848936
3848907
384890
38489
3848890
384888
3848870
384887
3848867
3848842
384884
3848828
3848822
384882
3848806
384879510
3848772
3848761
38487598
384875
38487443973452
3848699
384869082x
384868808
384868
3848671
384867064
3848637
3848635
3848627qwe
384861566
3848611020230
38485954
3848555
3848516
38485059
384850506102
384850504129
384850504108
384850101727-0
3848501017114
384850101508
384850101042-4
384850101001
3848490
384848sp
3848486
3848452
3848451
384844
384843
384842a
384842
3848419m
384841
38484
384838
3848375
3848363121
3848354
38483528
3848350
3848339
384831
38482pwphw
3848249
384824102121
384824
3848235012370
3848233g!
384822
3848213
384821
38482
3848198
38481947
3848192
38481694
38481439948
384811
3848107z
3848102
384810
38480hzojt
38480927
3848071
3848051
38480483848
3848045
384802393
3848
3847qmh8
3847hot
3847dd
3847KYISH
3847@kn
38479841omer442
3847984
38479800
384796
38479594870110
3847955
3847943
384791
38478966613
38478721
3847856
384784883243
3847828500
384780
3847793
384779
384778
3847751
384775
3847700
384770
384769
384765
3847630h
3847625
3847619
384761156006
38476077
3847600
38476
3847586
384756c
38475656
3847555
3847554
3847549
384753336
3847530
384750101516
38475
384749ln
3847497
3847480
384747QY10229
3847463
3847398
384739
38473847
38473731
38473725
3847346qwe
3847335
38473250
3847316
3847308
38472utyvj
38472pqhhv
38472887
3847281400
38472744
38472507
38472395
3847223
3847222
384722003
38472134
3847177
384714kai
38471495
38471316
3847128
3847116
3847103l
384710
38471
38470z
38470654
38470531
384703alper
3847024
384701
3847000
3846k
3846ijyvw
3846guitar
3846cr
3846946
38469257
38469207
384691
38468880
38468789
384686
384685
3846819
38468
3846789599221
3846783
3846781
3846777
3846771
384676
38467274
3846716
38467
3846697
384669
3846684
3846674
384667
3846668
3846667
3846657
384665
38466203
3846608
38465981
38465932
384659
384658
3846579
38465598
384655
38465459
38465345
3846531
38465
384648
3846460
384646
3846451961
3846449
384643
384642
38464181
38464122
38464082
384639
3846378
38463469
38463228
38463139
38463104
384630j
3846301
38462924
38462444
3846243m
384624
384622
38462104
3846210
384621
3846193846193l
384618
38461768
384617
384616
3846159
38461581
38461321
38461276
38461181
3846115
3846111
384610220547261
384610
38460910
384609
384600
3845yellow
3845sandy
3845m16
3845lj
3845kc
3845james
3845emk
3845dover
3845FORT
3845995
384599
384594
3845921
3845920
384591121
384590
38459
3845892
384589
3845873
384587
3845859
384585
3845841
3845815
3845807
3845806
3845804
384579
384578
384577
3845763
38457588621
384575
3845742
3845729439
3845719
38456985
38456827
3845672019
3845655
3845648
38456429
3845640
3845627
3845611
3845607
38456
38455953311974
3845594
3845585
384557
384556
3845542
384552
384551
3845488
3845478
384547
3845460
3845450
384545
3845442
3845429
3845427