3271222-v
3271220
3271216
3271210
327121
32712045
32712
3271193
3271192
327117
327116lynn
3271159
3271155
3271151
32711481
327114
3271136
327113327113
3271132
3271122Y
32711205_teamo
32711204
3271110823
327111
327110819
3271106
3271100673
32711
327109
3271087
3271086
3271078
327107
327105
3271043012
3271038960
3271034
32710309
327103
3271025
3271003
3271
3270rosa
3270punk
3270khyn
3270ek
3270choo
3270capone
3270JO
32709924
327099
327098
3270962
32709517
3270946
327094
3270939
3270935
327093
32709275
32708lt
327089
3270854
3270853200920092
3270847
327083hc
32708223vanelin
3270822
3270812
32708
327079
3270746
32707442
3270742
3270702
327070
32706s
32706783
3270676
3270673
3270651
3270650
3270648
32706363
3270632706
3270612
32706109
3270609
32705r
32705895
327058
32705776
32705771
3270569
3270554
3270543
3270538
32705374
3270533
3270530
327053
3270523
3270521
327052
32705004Q
32704rip
3270491
3270489
3270487
3270481
32704633560650
327045
3270449
3270445
327043024
327043
3270420
327041
3270408
3270403
3270402
3270401
32703911
32703845
3270372cas
327036321
327036
3270357
32703529
3270348
3270338
32703331
3270321
3270304
327030001
327030
32702994
327028792o
3270287
3270286
32702744
3270268
3270264
3270260
327025k
3270249
3270244
3270243
3270232702
327023
3270223
327022
3270217len
327021
3270201
32701956
3270188
327018
32701699
327016
3270151035
3270139
3270132679
3270132
327013
32701121903
3270108.1234560
3270103
32701
327009jv
32700923
327008katty
3270089
3270088
3270082
3270081
3270067
3270065
327006314
327006
3270059
32700360
3270035
32700306
3270030
327003
3270028
3270026
3270019
3270002
32700
3270
327/729
327/713
327-abc
327-4382
327--4422b
327*imx
327
326xx82
326west
326vindale
326velcherean
326tuk
326tranquility
326tlckt22
326theking
326terceira
326swagner
326starz
326sokno14
326smith215
326smg
326shaw
326rbtr
326purple
326pnynb65
326plainst
326piiinky
326pierce
326nny
326nndmc45
326nike
326mpal
326mat
326madison
326macko7
326lyn
326lne8021
326ljm7
326leroyy
326leroy
326lele
326jeksen
326jedi
326jar
326intheam
326iel
326girl
326franklin
326foreland
326fntzj
326faith
326ev799ler!
326etown
326eko
326creek
326cool
326cohwy152
326cmh
326branch
326bkm
326bil
326be486
326a326
326SLOW
326SINGLE
326Collette2004
3269y62726=
3269xjdtr
3269so
3269pin
3269maddyrocks&p
3269lenny
3269kris
3269jd
3269fany
3269eboy
3269dany
3269da
3269cj
3269anne
3269N
3269Dany
32699zap
32699y
326999
326998
3269967
326996
3269958
3269954
326994
3269935sarah
32699201
326992
326991nik
326991
3269900074613
32698txnfa
3269899
32698983
3269893
326989
326988
32698666
3269862
32698541
32698520431
32698512
3269849
3269842
32698340
32698331
32698328
3269829
326982
32698112
326981
3269804
32697diablo
32697d
326979
32697748
32697740
3269771
3269770
326977
32697615
3269752
326974syah
3269742s
3269734
326973
32697289
32697232083
3269719
32697000
32696sjh
32696bored
32696943
326969
3269686
3269685
3269684
32696827
3269677
326967
3269647
3269623
326960
32695sk
32695j
32695Z
326959200961
32695909
326959
32695873
32695847
3269580
326957
32695622
3269542
326953sr
326953ejl
3269536
326953
326951b
326951
32695
32694u
32694me
32694ever
32694b
3269491y
3269482
326948
326945003
3269450
326944st
32694433
3269441
326944
3269426a
32694099
326940
32694
32693scs
32693angelic
326939412-dame
32693840
32693749
3269371
3269366
3269362
3269359
32693559
3269347
326934262_117
326934
326933
326932m
32693269al
3269325
3269311
3269307
32692xl
32692green
32692a
32692TB
326928b
3269287
326927
3269267
3269262
3269258
3269233
32692311
3269231
32692277
326921440
3269213
3269207SM
3269207
32692014
3269200
32691kg
326919s
32691981
32691969
326918
3269171
32691706
3269165
32691528
3269152
326914a
3269143b
3269143
32691420olivia
3269131
326913
326912ml
32691275
32691221
326912
326911
32691056
32690gb
32690cr
32690b
3269090
326908
326905
32690109
3269008
32690053269005
3269,snake
3268t
3268shadow
3268sh
3268rp
3268rcc
3268lunch
3268ki
3268jtl
3268johnny
3268fz
3268fupsg
3268cb
3268bdf
3268at
3268art477
3268SW
3268K
32689t
32689luv
32689l
32689bw
3268969
3268966
326896
3268951rx
326895
3268940
326893qwe
326893
326891xuan
3268914
3268907s
3268906
326890
32688hmc
32688hcs
3268884-14/02-82
3268873
326887
3268851
326885067rhkj
326885
3268839
32688162
326880241
3268785
326877cal
326875
3268746
32687444
3268741
3268733
3268715
326870
32686oyop
32686950
326869180
326868237
32686811
326867
326865
3268633
3268621
326862004
3268607
3268606
3268576g
3268574
32685720
326855
326854462
32685411
3268541
326852smbm
32685201
326852
3268480
3268472
326847
326845
32684471
3268446
326843q
32684363
32684321
3268421480
3268415
326841
326840801ag
32684020
32684
32683970t
32683964
326838
3268369
3268366m
3268349
3268329
326832
326831
32683088
3268308
3268306
32682DJ
3268296
326828
3268279eb
3268272
3268261
32682524
326824
326823420javier
326823315
326823
32682225
3268211194
3268210414
32681978
326818
3268179
326817
32681693
3268159872
32681520
3268152
3268149
32681388
326812
326811
32681
326809
326808
326807
3268066
326806580
326805
326804841
326804
3268034
3268032680
3268001
32680
3267ka
3267ek
3267brent
3267DONNA
3267CP
3267998
3267994
326794
3267922
3267911
32678989
3267889
3267879
326787536
32678606J
326784
326783000
326781247
326781
3267809f
326780114142525
3267798
326779
3267781
3267756
3267754
326775
3267746
32677323126856
326772671
3267722
326771
3267707
32676y
32676fhs
326769373n
326769373
3267693
3267692
326768
3267675
326767
32676626
3267659
32676465
326764578red
3267643
3267641
326764025
3267633
326763
3267629
3267620c
3267598
3267593
32675852
3267571
326757
326756
3267530
32675222
3267522
3267520luis
326752
32675136
3267504
3267500
326749998
326749
3267484
326748159
326747515
326747
3267456
3267452
3267450
3267434
326743298
32674215
32674014
3267386
3267382
3267366
3267362
326735
3267345
3267343
326733j
32673342
32673266
326732326732
326732
32673108
3267308712
32672phdmd
32672969
326729
32672811
326728
3267275
32672714
32672704
326727
3267268
326726649
32672509
326725
3267238
326722474
326722
32672124
326721
326719hi
3267198+_a
32671910glamurosa
32671823
326718
3267179
3267178
3267175
3267172
3267153jna
3267144
3267126
326710411
32670sosog
3267098
326708
32670758
326706533405
326706335
3267062
326706
3267057
32670147
326700949
32670067
3266xx
3266t1676p
3266shelby
3266rddj
3266pd
3266linsey
3266kv
3266cutie
3266ca
3266bd
32669wongphan
32669one
32669lo
32669d
32669D
32669B
3266999
326699326699
326698
326697800
3266951
3266942556
3266940
326693a
3266932669
3266932
3266930e
3266926
3266923
326692
3266914
326691102
32668terry
3266890
326689
326688
32668728
326687
3266867J
3266867
326686522132738
326686522
326685856
3266857
32668530
3266842
326680
3266781
326678
3266775
326677
326676
3266759
326673
3266724
32667147
3266714
326671
3266702
3266701
3266698
326669713
3266697
3266690
3266675
32666666
32666599
3266654
3266651
326664pilar
3266647
326663
3266627966
32666279
3266619
32666165
326661
3266604
326660
32666
32665aa
3266581]
3266577
32665680
3266564
32665544
326655
3266532
326653
32665252662
3266508
3266500m
3266496
326648
32664636
3266460
326645
3266444
3266427
32664252739698
326641392
326641
32664011991
32663812
326638
3266374425
3266373
3266363
32663569g
3266345
3266344a
32663425
3266331
32663288
32663261
32663217
3266321
326632
3266318
32663
3266295
3266286
32662832
3266279j
3266279
3266272
3266268
3266261
326625
3266248
326624
3266229tina
326622936
3266225
3266224
32662203
326622
3266216
3266210419
326621
3266201
326618
32661773155116
3266175
326617
326616
32661521
32661360
3266136
3266133
326613
32661102
326611
326610
326608
3266045
3266042
326604
3266021
3266014
3265vixblix
3265trapito
3265seven
3265kytr
3265kk
3265jasa242004
3265is
3265honda
3265gert
3265fuck
3265flaco
3265cjay
3265HIDE
326598a
3265988
32659875421+meli
32659874124578963
3265987410
32659874
32659865
326598471
3265982
32659800
326598   
32659789
3265972
32659487
32659333
3265927826lp6mT
3265927
3265925263263
3265918160
32659121nico31
326589k
326589
3265874
326585412
3265849
326583
3265815
326581
32658.88
32657l
32657944
326579
326578qu
3265783
3265772
3265757
3265755
326575
3265745
3265743
32657411
326574
3265710494T
3265701ok
3265698
3265694
3265690ple
326569090
3265682
3265656
3265614t
3265614
3265609
32656014
32656
32655justin
32655goofie
3265595
3265581
32655707
3265554
32655469
3265545
326554
3265535
326553
3265529
3265525
3265524
32655133
3265490
326548
3265472
326547
32654655
326546
3265452
326544
3265435
326543
3265420a
326542
32654141
3265412M
3265412
32654119
3265404
326540
32654
326539
3265386
326537
3265361156
3265360
3265358
3265354
32653533
32653526
3265348
3265341348
3265334
3265330
32653265s
3265326
3265276
326527
326526326526
32652622646
326524
3265239
3265237
326520ao
32652050
3265201
326520
32652
32651984
3265194
3265171
326516
32651503294874
32651503
3265147890
326514789
3265140j
3265140-n
3265136
326513574627
3265133
326512040307174
32651145
3265114
326511
3265107laj
32650d
326509
3265088
326508454
326508
32650665
32650574123
3265056755
32650376
32650324
3265031
326501
3265004
32650
3264wy
3264stop
3264rose
3264rmr
3264opq
3264las
3264kyei
3264kia
3264ia
3264hoppy
3264guyssuck
3264elle
3264ejo
3264eab123
3264dy
3264dmh
3264daniela
3264chsb
3264b1302r
3264@DANIEL
3264992
326499
3264989
326497C
3264978530
3264974
326496
326495674404
3264953
3264952
326495
3264942
326494
3264932
32649202du
32649095
326490310647
3264903106
32649
3264899
326489258
326489
3264876paqu
32648751999403
326487336
3264873
326487
3264863
3264861
326485778712279
326485
3264849
32648457
3264841
3264834
3264832
32648286
32648273
32648266
3264826
32648121
32648
32647992
3264790derikamor
326479
326477
32647637446
32647615
326475891
32647501
326475
3264749
326473
3264716
3264714
326471
3264706
32646947644564
326469
32646889WILLOw
3264686
32646814
32646709
326467
3264662
3264661
3264657
326465
3264644
3264639
3264635LESLY
32646280121
3264618
32646107
32646101994
3264597
3264591
3264590489
3264587
326457
3264567
3264560
32645514
3264548
3264542
326454
3264532645
3264530betl18
326452ght
326452
3264510
3264503
32644wkfst
3264492
326449
3264486
326448
3264472
3264461casa
3264461145
32644608
326445
3264438a
326443
3264417
3264406
326436744367497
326435teamo
326435skills
326435r
326435mari
326435magszvlamce
326435j
326435eibbed
326435daniel
326435J
326435932774
3264358
32643576
326435555jess
32643553d
32643552
326435486
3264354827
32643536
326435322
3264353
3264352v
3264352dcdc
3264352_5366_6264
32643526772
32643520
3264352+f
326435143
3264351
32643508
326435*
3264341
326433a
3264331
3264330
32643264r
326432552
3264315
32643100
326431
3264301
32643
3264286
3264285
3264283266
32642779
3264277
326426DA
326426327039
3264252
326424
326423allie
32642228
32642220
32642200
3264217
3264209
32642
32641981
3264197732641977
32641927
3264192
326415
3264139
3264133
3264130
3264128
3264116
3264114
3264101
3264095
3264080
326408
3264078159357456
3264068
3264057
3264052
3264050
32640430
32640313
32640282
3264006
3264001
32640004
3264+-
3263teddy
3263ne
3263money
3263hqance
3263gege
3263dan
3263bg
3263asif
3263SAHH
3263990
326399
3263987
32639804
3263974
3263966
326396
32639522
3263949
32639474
3263946
326394
3263914432P
3263911
32639090
32639032
326390
326389
3263876
3263867
326386
3263839a
3263827jg
32638270
3263820
326381535
3263813
32638116
32638110
326381
326380
3263772
3263768
32637620
3263734
32637307
326373
32637042
3263704
3263703
32637
3263644
326364
326362
3263616
3263614
32636106
3263609
3263604
3263601L
326360040903
326360
3263596
32635908
3263588
326358
326357
326356233
3263553
3263542
32635417
32635413
32635412
32635375
32635331
3263517
3263507
3263504
326350065
32635
32634s
3263495
326349
326348
32634758
3263465
3263458
3263443
3263442038
32634318
326343
32634281
3263426
3263412
32634043242069
326339asd
326339224248
3263390
326338jedpoo
3263381
326338
326337am
326337
32633677v
326336
3263359
3263352
326335
3263342540
32633424
3263334
3263331
326333
32633025champ
32633025
3263302
326330
32633
32632qagsk
3263296
326329
32632814
326328
3263279
32632783
326326326
3263263
3263261
32632559
3263247
326323a
3263237
3263221
3263218
3263217
326321
326320
3263185
3263180
3263179
326316
32631495
3263143102
326314
32631310
3263131
326313
32631289
32631254
326312242526
326312
3263118
3263107
3263097
3263088osl
3263087
3263070d
3263063c
3263057
3263032
326302
326301
3263009
3263003
3263
3262qldreds3262
3262pix
3262now
3262nh
3262mighty
3262liente
3262kourt
3262k7
3262jon
3262hk
3262hej
3262elly
3262doezr
3262dmxyq
3262di eu
3262dan
3262damc
3262burger
3262ana
3262992
3262964
3262958
32629575
3262939
32629379
3262930k
3262930378
326292dyf
326290
32628lollyPop
32628b
32628986
3262895
3262893
3262890221
326288dc
32628894
3262888
3262882
3262873
32628685
326286
326285369
3262852
32628443647447
3262844
32628379p
326283
3262822
32628125
3262808
3262807
3262804a
32627NK
326278
32627753
326277237
3262765
32627523
3262743
326273
3262716
3262714
32626960
32626803
326267
326266zz
32626691
32626645
3262662
32626595
326264
326263
3262629
3262616
326261
3262603mbm42
32626
32625991
3262599
32625975
32625860
3262574
3262559
326255
3262541
3262536
326253214
3262524212
3262517
3262513
32625120
3262507
32625064
32625031
326250
32624ibrdy
3262495
326249
32624888
3262484
3262482
3262481
3262480
3262471
32624625
326246
326245tatiodonto
3262459
32624580
3262455737
3262450
3262419
3262418
3262412
326241
32624091
326240
32623d
32623863
3262386
3262384
326237m
3262377
3262365
32623646
3262363
326235286326
3262348
3262346
326233482
32623323
3262331
326232m
3262323
3262319
3262318
3262314
326231105
3262301
3262297
326229324111
3262288
326228
3262264424
32622545
326225328
3262244
326224
3262230
326223
326221905
3262211
326220
32621pr23
3262177
3262175
326217020
326216sbi
32621688
32621669
32621651
32621619526
326215J
326215
3262149
3262142
3262140
326214
32621300
326212r
3262125
3262122
3262121
32621196
326211
3262105
3262103
32621027
3262102
326210
3262098
3262097
3262088
32620830
3262082
3262077
32620723
32620625
3262054
3262032
32620301
326203
3262021
326202
326201
3262005chs
3262001
32620000
3262000
32620
3262 32
3261vga
3261mcca
3261leo
3261l9
3261karen
3261fuckin
3261994143
3261993jkn
3261992e
3261984
3261983
3261982
3261981
3261980ob
3261979J
3261979
3261978
3261977
3261974
3261973
3261971
3261969
3261962
3261960
326196
3261959
32619551
326194
3261935
3261931j
3261931J
3261931
3261923+a
3261921
32619183
32619123
326191
3261905
32619
32618x
32618jut
32618a
3261883
326187
32618555
3261820
326180
326178981
326178
3261766
326176
326175
3261724
3261708
32616pekepu480
3261698
3261695
326169
3261667
3261666
326166477
326164
32616020
326160
32616
32615d
326159zxc487
3261598
326159487x
326159487pepuk
326159487p
326159487g
326159487dodo]]]
3261594877
3261594873
32615948701
326159487+d
3261586
32615763
3261567
3261563
326155142110198
326154897
3261517
326151614
3261509
3261508
32615019
326150
32614m
32614LQ
326149
3261485
326148
326144k.
3261449
326141o
326141
3261409
3261408
3261404
3261402
32613c
3261398
326139
32613857
326138
32613740
3261373
3261369
3261353
326134
3261328
3261318
32613123
32613
326128
3261271
326127
326126jp
3261258
32612531
32612529b
3261252
326125150
3261242
3261231
32612304
3261228
326122504
32612224
3261222
326122
3261214
3261210
326121
3261207s
3261203
32612007
3261199
326119
32611714
3261162323
3261158a
326114
32611379
32611356
32611310
3261130
3261129dj
3261128
3261125717
32611255romina
3261120_YANLI
32611168
3261106
3261105
3261096
3261092
3261083
3261082
3261081
326108
326107
3261066
3261062
3261057
32610518
3261045310
3261044
326104264
326104
326103
3261024
32610225
326102
3261019
3261018
3261017andres
3261012345
326101
32610
3261/2357
3260slim
3260password
3260ikbkb
3260hhh
3260david
3260booby
3260NINTH3420
326099walter
3260991
32609821
3260975410
3260968
326096
3260947
3260936
3260931b
326092
32609
32608m
32608894
3260868
3260864i
3260855
3260852b
326085
3260844
3260829
3260820
3260815
3260810
32607keely
32607c
32607anm
3260791
326077
3260766
3260749
326074
3260738
326073
326072
3260705
32607037
3260702j
32606pooh
326069
326068
3260677
326067524
3260675
3260664
3260632
3260627
32606223
3260616242
32605tnt
32605tiny
326059
32605866
3260570
326056
3260547423
326053
326050
32605
3260498
3260487
3260478
3260472
326047152
3260462
326046
3260457necati
3260453
326045
3260427
3260426
326041
3260401
32604
32603happy
3260391
3260361
326036
326035
32603444
3260343
326032600
326031a
326031
3260308
3260304471
3260300518300
3260300512425
3260300480990
3260300215471
32603000819212
3260300080193
3260300027471
326030
32603
3260296
3260294
3260292
3260279a
32602743
326027
3260258
3260254
3260252
3260250
326024nina
32602407
3260232
326023025
326023
3260228m
3260228ay
3260226
3260224
3260222
3260207
3260203cg
326020
32602
3260195
3260177
3260176
3260167
3260161
326016
3260156
326015
3260149
3260143yiran
32601178
3260110245
326011
3260100709241
3260100587847
3260100472900
3260100439252
3260100202244
32601
3260090
3260087
3260080
3260041
3260038
32600255
3260024
3260023
32600177
32600
326/1516
326/146
326/103wirasinee
326.dlv
326.axommoxa.a4
326-2624
326-0215
326-02
325zero
325wren
325weezy
325v728s
325tsc
325trackhoe
325touring
325tj
325tigers
325texas
325tex
325t246
325sweetwater
325sirk
325sinpatch
325shops
325sexy
325sat
325sandd
325sad325
325sable
325rye
325ram
325r465kjk
325r312
325psduu27
325pink
325osage
325ohh5
325og
325norris
325nikki
325naughty
325natividad
325mus
325mlk
325ml
325meliza
325mattie
325mary
325maliah
325maki567
325m321c
325m1962
325lo325
325lexis
325lbs
325lasala
325lansbury
325klg
325kira
325kb70
325josh
325jmvm
325jazz84
325javi
325jalor
325j611
325israel
325irene
325im84gmd
325iloveme
325ii325ii
325i8778
325i5610d
325holden
325girl
325gigi
325gates
325faffy
325f27
325elmo
325eleanor
325ej78
325ehjjz
325eb00
325e4621
325dnjge69
325djyng
325curie
325ci200308
325cas
325box
325bjs
325bimmer
325bij
325b3m8l
325anthony295070
325air
325Sembawang
325SNis#!8
325POMPA
325MAL325
325DOA
325DFangie
325Bimmer
325A130V828
3259tc
3259mo
3259jt
3259jdel
3259ga
3259desi
3259bass
3259994_61
3259981
325998
3259973
325997
325996popo
3259966
325996
325995231987
3259952
3259947
3259943
325993910
3259934
3259933
3259932
3259924    0127258200
3259922
3259900177501
3259900175215
3259900124
32599001
32599000
3259900
32598f
325988
32598702
325987
3259859
325984
3259836
3259832MM
3259828
32598143
3259800021721
3259792
325978nay
3259787
3259783
3259772
325975328
3259748564
325974
3259734
3259726
325971
3259700132865
3259700117009
325970
32596wah
3259684
325968
3259640ms
3259621
325961478altav
325961
325960
32596
32595love
32595kiki
32595j
32595hkpuy
3259584
325958
3259572
325955705
3259543
3259542
3259534
325951025
32594rod
32594b
325949879
325948
3259456
3259451
3259436a
32594138
3259410
32594048
3259403k
32593mt
32593d
3259383
32593824
325937
325935
325934b
325934
32593341
32593200634
325932
32593136
3259311
3259305
3259302
32592ozqps
32592nms
32592erS
32592as
325929
3259282
325928
3259265
3259262
325926
32592546
32592521
32592505
325925
325924
32592350
32592304
3259214
32592125
32592123a
32592102598
325921
3259207
325920
32592
32591tiffany
32591rox
32591965
32591874
3259185
325917
32591511
325915
32591420
32591317
3259131
3259127
32591020
32590sd
3259090
325906jr
3259066
3259062..
3259052666
3259052
325904
325902
3259016
32590019
3259000factor
32590000
3259*-+
3259
3258who
3258e789
3258dc
3258coco
3258brigham
3258bjk
3258az
3258anna
32589yzx
32589qkdgq
3258996a
325898
325897641
3258965753
32589654753
32589500
32589478
3258946
3258941556
325894
325891724
32588v18
3258889
3258888
32588845
3258876
325887406ripvita
325887
3258869nida#
3258868
32588678
325886679
32588649
325886
32588551
3258853
32588521tt
3258852
3258849
3258828
3258822
3258817a
32588170
32588141187
3258803
325880
32587ro921751
32587a
3258798654
3258797
3258796321
3258789
3258768
325876
3258754
3258752
32587456951
325874123
3258733
325873
32587251
3258720
3258714569
3258712
325871
3258701
325870
32586l
325869a
325867
325866mB
3258639
32586330
32586142s
32586134
3258611mlr
32586023t
325859511
3258595
325858616
325858
325854M
3258536
32585346
32585259600
3258513
3258501
32585000
3258500
3258496
32584718
3258452
32584515688
325845
32584459
325843178
325843
325842529
32584222
325842020
32584200
3258420
325842
325841l
3258415
32584144
325841
32584050
3258400
32584
32583tink1
325839
32583810
32583783
3258376362563
32583750
32583601
325835
32583457
3258327659
3258324675
325832
32583141
3258311t
32583112420912
32583100
325831
32583077
32583.
32582890
325828
3258273
325825095n
325825
3258249
325824
3258224
325822
3258200
325819zf
325819fayelinn
3258193ihsndrk
3258191
325819
3258186
325818
3258179
32581778
32581718
32581714
325817
325816d
325815
325814
3258131
3258130
325813
3258126
3258123
325811
325810a
3258107
325810
32581
32580JC
325809
32580863
3258085gt
3258080+
325808
325806a
325806
3258054
325805
3258016
3258.3258
3257ty
3257smr
3257kp
3257jmm
3257holla
3257hmhm
3257hevn
3257fries
3257earl
3257dijaboo
3257boo
32579940
3257993
3257989
3257987
3257980
3257979
3257975
3257973
325797
3257968
3257962
32579549l
32579549
3257938
3257936
3257932579
325791574
325790800
325790
325789lizzy
32578988
325789479
3257889
32578777
325786ni
3257868
325786
325785465
3257852732578527
32578461
32578452
325784
32578137
32578107812
325781
32578016
3257801
32578
3257799b
32577830
3257783
32577773814827
325774
3257724
3257715
3257714m
325771014
325771
32576883
325768
325767
3257665
325766
3257652
3257649704
3257646
325763
325762695
325762
32575kkqx
325759
3257586
3257566
32575633
32575417
325754
325753
3257523
32575224
325752
3257507
32574f
32574ANGEL
3257495
3257482
3257464
3257457
3257444
32574196
3257412
32574
325737423462lock
325736
3257353
325735
3257332084
325732m
32573258
3257312
32573
325729654
3257294
325729
32572862
3257283
3257271
325727
32572656
325725295
3257250
325725
325723594
325722
32571pace
32571jt
3257172
3257170
3257156
3257142
325713
32571234
3257120
325712
3257118
325711
32570platong
3257095
3257091
325709
3257085
325708
32570763
325705963
325704
325703
3257022
325701bee
3257+3231
3256td2145
3256sq
3256pass
3256nl
3256goth
3256clx
3256angel
32569e
32569999
3256987451
32569874123
3256987410
325698741
3256987244
32569842
3256974510
3256972
3256965
325696
3256951Flame
3256942
325694
325693_93
3256931
325693
3256929k
32569273
325691c
3256918470
3256912
32569109
325690
325689tr
325689l
325689jesus
3256893mak
3256889
3256879
3256875
32568724
32568601A
325686
3256836
32568246
3256806
32568045
32568024a
32568
32567vjxjm
325679d
325679
32567894
32567870
3256776123
3256764
3256760445
325675
3256747
3256746
3256745
3256743
3256741
3256729
3256725
3256710
325670
32567
32566moon
3256689
3256678
325667
325665g
32566330
325663173
3256626
32566235
325662
32566198
325661
32566
325658v
325658248
3256580ls
3256577ktm_kea
3256575
325656
325654787
32565335
325653
3256528
3256527
32565239
3256510
32565075
32565.
32565
3256487
32564855
325648
32564783739696
325647
3256469
3256464
3256457
325645
32564404
325644
3256439
325643210
32564100
325641
32564014523
3256401452
325640089
3256400266
32564+6
325639
32563738258
325635th
325635
3256345
32563429
32563351
325633
3256325852123
325632567b
32563254
32563094
3256302
325630
32563
32562tim
325629sag
3256265
3256252
32562512
325624334
3256242
325623judy
32562362
3256233
3256225
32562105
325621
3256201
3256189
3256179
3256174a
3256167
32561485
3256146
3256133r
325612v
3256128
32561234
32561170
3256112
3256110
325610
32560b
3256092
325608
3256069
3256065
325606
3256050
325604
32560387290190
32560382
325603
3256+4135465743486764568784563487444444
3256
3255winona
3255vgpbv
3255sn
3255pj
3255perry
3255mike
3255gw
3255fg
3255ctg
3255cjm
3255cb
3255ah
3255@54
32559mm
325599
32559852117
3255984
3255979
3255978
3255971285
3255965
3255959
325594
325592
3255913
325591
32558832
325587574
3255867
3255853
3255851
325585
32558205784
3255820
3255807
325580
3255798
32557929
3255759
3255750
3255745
3255744
3255721katha
3255710
3255706
32557026
32556893amorteamo
325568
3255665
3255660
3255655
325565
3255647
3255642
325563c
32556306
32556304
3255622
32556212
325561550m
3255615
3255600d
325559517505990
325559
32555832
3255579
3255576
325556456
3255555
3255554
325555
3255548
3255541
3255534
3255530
325552
325551
3255506
325550
3255489
3255482
32554488963
325544
325543
32553gwzp
325539
325537
3255362a
3255359
3255358
32553255r
32553197
3255317
32553036
3255302
32553
3255296
3255289
3255283
325528230
32552811
3255278
3255277
32552766837
32552577
3255255335
32552549
3255244
325524
3255238
3255237
3255232
3255230
325522olg@rog@
325522
3255209
32551994***
325519076
325519
3255181
325518
32551776
32551643
325516
3255157
3255156
325515
3255137sms
3255137asm
3255135
325513
3255129rb
3255125
325512
32550yzonb
3255098
32550912
325508
325506m
325505m
3255051
325505005
325504
3255020
3255011
32550
3255
3254tp
3254rb
3254q147
3254pr
3254nibbles
3254love
3254jqpcz
3254ee;
3254eduardo
3254damrong
3254cdnh
3254cd
3254aoswc
325499
325498731
325497646408
3