63752
3289357979
32893446
32893289a
3289322
3289316
328931328931
3289305125
328930
32892sha
32892me
32892lpb
32892957
32892900
328928
328927464
32892704a
32892608
328926
3289258
328925
3289236
328923049
3289217
328921488a
3289212
328921
328920
32891eds
32891des
32891d
328919rb
32891861
3289172
3289156
3289151218
328915
3289148
3289146
32891234
3289118
3289117
3289110527
328911
3289105
3289101
32890f
3289092
328907
3289069
32890587
3289055
32890430erika
3289039
3289020212
328902
32890123
328901
328900kdj
328900
3289....
3288yellow
3288p
3288oreo
3288imasha
3288hilary
3288ajd
32889m
32889bp
32889b
32889ahr
32889721
3288969
32889530
328895
328894
328893
3288915
32889101889
328891
32888leonrein@
32888chly
32888888
3288888
328887
3288859
328881heb
32888123289571
3288810854
3288773c
3288770
3288758
3288737
32887308
328871MEYJEN
3288712
328871
3288706
32887
32886oc
32886BM
32886806
328865
3288646
32886375
3288637
328863
3288616
3288613d
328861204
3288608
328860
32886
32885b
32885935
32885925
32885901
328858
3288555
32885472
3288546k
32885257
3288520
328850
32884sne
32884rox7
32884850
32884817
32884810
32884806
328848
328843G
3288436
328843
328842421
328842198
328842
32884110
3288410911663
328841
3288409121283
32884
32883soiyu
32883rsaht
3288398
3288384
32883780
3288370
32883682
32883663288366
3288362lerma
32883539
3288349
3288346
32883400
328833957767963
32883262
328832
32883177
328831751
3288311
32883045
328830
32882bqbv
3288290
3288289
3288286
328828
3288273
328825
328823764
3288235
328823211821982
3288222
32882147
328820
32882
32881mel
328819
3288180
328817hd
328817
3288163587
3288157
328815
3288144
328814
3288132
3288118
3288116
3288111
3288110
328811
3288101
3288095
3288090
328808552
3288082
328808
32880794
328807916
3288079
328807652
3288071
328807
3288050
3288025
32880235
328802
3288019
3288013
3287zimmliss
3287shelvi
3287ppv
3287kw
3287jt
3287dereck
3287cm
3287boricu
32879srh
32879866
3287973238
328796
3287955
3287949
32879455
32879167
328791645
3287911
328790
3287896
3287891
3287873
328787
3287857
3287854ya
32878518
328782f5
328782
328781987
32878154
32878107
32877csdet
32877_altima
3287794666
328779
3287785
328775w
32877568
328774
3287732877ra
32877156
32877040
328770
32877
32876928
3287691
328768
32876757
3287660
32876527
32876511
3287650
32876439
32876413283901
3287617
328761
3287607
32876
32875yg
32875cute
3287592
328759
328758
32875730
3287572878
32875720
3287567
3287558c
328755653
3287534
328753
32874tb
328747642
3287474
3287432874
328743
3287429
3287428
328742
328741b
32874159
328741
3287407
32873clc
328738k
328738
328737593739409937395299
3287363
3287338
32873370
328732
3287318
3287312
32873111
3287292
32872804
32872686
32872659
328726
32872530
328724
328723liz
32872315
328722
3287211
328720
328719
3287178409D
32871759hello
3287163
328715
32871431
3287139
32871234
328712
3287107868172297
3287102
32870gcdcr
328703193
328702jing
3287028
328702522
3287012
3287002
328700
32870
3287
3286tom
3286jessro
3286jb
3286gamma
3286dog
3286david
3286aa
32869kml
3286997012420
328698
328696
3286953
3286943320
3286941
328694
3286920
328692
3286905
328690
32869
3286880
328686474
328686171
32868580
32868529142
328685
328683
32868254
328680368
32867xve
3286796
328679035428
32867720
3286772
328677
3286768
3286762a
328675d
328675903
328675
328674
3286737560
3286711944
328671
328670mesut
3286702
32867
328669
328667
32866501
32866309
32866232
328661
32865zmatj
32865xuxn
3286593
328658
32865765
328656696
32865561
3286545
32865405
328653690
32865110
328651
328650mw
3286505
328650
32865
32864981dvl
3286491997
328648
328647696
328646604
3286465
3286463416
3286458
32864530
32864118
328641
3286368
3286345
3286333
32863108
3286302
328630
32862jg
328628928
32862891
32862728
3286270
328626
3286255ESMINUMER
328625361981313
3286250
32862487
32862423
328624
328623
328621936
3286202
328620
32861980
3286198
3286187*
3286182525
32861745
328616
3286153
32861526
32861392
3286134
3286129
3286110
328610
32861
3286079
32860600
3286060
328606
3286051
328605
3286036
3286015
3286011
3286.7
3285usa
3285rmd
3285re
3285qquyz
3285mudstuffin
3285gg
3285galmiz
3285cnir
3285a123
3285@bdg
3285996b
3285991j
32859798
3285965
328595
32859476
328594
328593
3285917
32859
32858ag
3285891
3285885823
32858755
328587450
3285869560
328586220
328586
3285856
3285844
328583
328581
328579
3285778
3285770
32857281
3285718
3285705p+
32857
3285683e
32856830marlui
328568
32856789
3285676186
328566960
32856661..
3285664144
328566
3285655
328565
3285640
3285600
32855962
328559600
3285596
3285577
3285561
328555
32855421
3285536
3285530
328550
3285492551
3285489
328546
328545
328544112195
3285428
328541
3285404
3285388102
3285380
328538
32853672
3285352
328535
32853240
32853131
328531
3285307
3285306
3285293
328527
3285263
3285261
32852603497
3285235
3285231007
328523
328522
3285219yeison
3285219YEISON
3285214628
32852107
3285208
32852003
328520
32851Gatita
32851989
3285187346
32851818
3285178
328516p
3285169698899
3285167
3285160
3285151
328514pink
3285145
328514
3285106
3285105
3285099
328509
3285078
328507
3285062-
32850429191
32850422
328504
328503
328502340532
3285011
3285010
3285006
3284zowie
3284vw
3284st
3284sa
3284reds
3284quit
3284jds
3284dk
3284cce
3284997
3284992
328499
3284971
3284964
3284959
3284957
32849567
3284949
328494
3284933
3284924
32849
32848834
3284865
3284864
328486
3284849
3284843
3284840pai
32848123
32848
3284794is4me
3284781
3284779
32847764
328477
3284766
328476.6
3284757
3284753
3284750
328475
3284748
32847436
3284740
32847100
32847
32846hr
32846970
328469123
3284686
328467atin
3284676
328467243
328467
3284664
3284663paolateamo
328466
3284657
3284653
328464gb
3284647a
3284642
3284634283
328463
328462dav
32846298
32846267
3284626
32846256998
3284620
32846179
3284616
3284611
3284610
328460lurgan
328460
3284593
32845820
3284581
3284568
328456217
328456
328454
3284532649
32845315
3284530
32845264
3284520
328452
3284514915
3284511
32844polat
32844lockerco
3284492049
3284490
328449
3284489
3284487
328447
3284465
3284461
328445
32844415
3284441
3284424
3284409
328440
32843xxx
32843ng
32843david
32843996
32843972724
3284395642
32843900
3284389gretanoem
3284387
3284385665
328437wife
328437s
328437john
328437d
328437264357
3284371046
328436877492007
328436
3284353
32843527
3284351
32843427242
32843419
32843346
32843316123
328432db
3284328
3284326868
32843235
328432101
3284318
3284315
3284313924
3284313
3284308
32843050980
3284300
32843.tb
32843*
32842650
3284265
32842600
328426
328425789
32842453
32842437
328424
3284230
328423
3284215
32842131
3284212
32841sno
32841a12
32841925
32841886
32841827
3284181
3284180
3284176
32841722
3284165901
3284164
3284163
32841624
3284160212
328416
3284152
3284151
328415
328414pm
328414bm
32841411223
3284140
328413839
3284133060
328412
3284117
32841122
3284110035pino
3284110
328411
328410
32841
32840892
3284080
328407
3284065
3284062
3284058
3284053
3284043
32840378mae
3284014
3284013
3283tv
3283tb
3283tam1
3283t3283
3283lb
3283kb
3283j3283
3283gone
3283eg
3283edward
3283brett
3283ah1164
328399
32839736
328396
328395
3283944
328394
32839257931939
328392204d
32839191
328388m
32838816
328388
3283878
3283872
328387
328386
3283857328315032
3283848
3283832
3283829
3283821
3283815112
32837pip
32837jenn
3283791162
328379
328376m
3283765
3283744014
32837312
3283722
32837163
3283702l
328370
32836daven
32836960
3283684776
328368
328367
3283669
3283632836
328363
328361
32835eztcg
3283592
3283574
3283573
32835542253
3283534
328352
32835113
328351
3283490
3283488
3283478
32834750
3283474688
3283474
32834680123456
3283456
3283454
3283451
328345
3283433
32834133264407
32833imgy
3283393
328339
328338_328338
3283385
3283383
328337
328336
3283354
328334c
3283340
32833329
32833300
3283329
3283327
3283325
3283323
328332295
3283322
328331994
3283316
3283311
3283301
32833002dm
328330
32833
328329
328328c
328328823823
3283286030
3283284
328328328
32832811
328327915
3283271220
328327
3283259a
3283237
32832321
328323
328322537
328322
328321
328320
32832
3283199
3283176
328317
32831694
328316
32831454
32831340
3283131664
32831255
3283123
328312
3283113
3283108
3283107
3283102
32830ywbio
3283086
328307
328306g
3283058
3283040e
3283035
3283033
328303
3283025
3283019
3283017
3282willhave2do
3282tinker
3282o3282
3282mstux
3282marylight
3282glenn
3282bla
3282JJB
32829zitum
3282994
3282988
3282987
3282981gian
3282967
328296319311
3282955
3282953
3282951
328294
3282934827
3282929
3282916
3282915
328291
32829
328289
328288
3282877
328287
3282863
32828610
328286
32828547
3282844
3282840
3282838
3282835ELTL
328283
3282828
3282825
3282823DAYA
3282812
328281
3282800cengiz
328280
32828
32827cthbu
3282784
3282780
3282766
3282750
32827469
3282737
3282733849
3282731
32827191
3282719
3282710
3282706
32827
3282697
3282696
3282695
3282691
328269
3282685
3282681
328268
328267
328265off
3282659
3282642
3282639
3282628
32826245
328261513
32826
32825n
32825934
328259
32825716
328257
328256
32825582
328255
3282548
32825374
3282533
3282525kubra
328251533n
3282512
328250
32825
3282499
3282495
3282493
328248
3282467m
32824600
32824566
3282456
328245
32824445
32824352
328243
3282425
328242
32824
3282399
3282397
3282390
3282389
3282384
3282347hoyas
3282346myhome#
3282342
3282337
3282325509
3282324
32823216sp
328232
328231mill
328231225m
3282310
3282302
328230
32822abc
328229213
3282292
328228l
32822565a
32822527
328223
328222njv
328222011
328221
3282204
3282202
3282200n
328220
3282199
3282192518
3282184
3282177
32821745
328217
3282161s
3282156
3282138
3282135
328213
3282121
3282117
328209642
3282090
32820803
3282080
3282073
3282061
3282050
328205
328204sdh
328204
328203676
3282034094
3282032820
328203
32820272
32820244
32820217
328201
3282006x
3282002
3282001
328200
32820
3281rap
3281mlk8
3281kt
3281ken
3281jth
3281feb
3281bizoo
3281bb
32819kristin
32819aa1
3281998
3281997jonah
3281997
3281996tg
3281996m
3281994t
3281993
3281992s
3281990
328199
32819887
3281986
3281984
3281981
3281977s
3281977
32819710
3281971
32819696
3281967
3281965
3281960
328196
3281958
3281956
3281941
32819388
328190kt
3281906
32819014
328190
32819
32818932
328188k
328188
3281879
3281861754
3281854
3281851
3281845
3281838
3281834
32818337
3281828
32818277
3281824
3281818
3281814
3281813
328181
32818058
328180
328178932
3281784424
3281777
328175
3281748
3281744006
32817310
3281726
3281725
328172
3281710
328171
3281705
32816MRC
328169
3281688
328168
3281679
3281678
328167056
32816701
3281662
3281652603
3281638
3281632816
32816300
328162i
3281627b
3281622
3281617
3281613
32816122
3281605
32816043
3281590
328159
32815898
3281588s
3281584
3281581012
3281577
3281574
3281567
3281562r
3281561
328155j
32815500
3281544
328154
3281539108481811
3281539
3281536
3281526
32815164
3281514
328150
32815
3281485
3281481
328147
3281468
32814535
3281450
328143v
328143rh
328143723
3281435
328143
328142584
3281423
328142
328141
32814058a
3281402
3281396
3281395
328139
3281386
328138
3281368
3281363775
32813281d
3281326
3281325
328132
3281319
3281318
3281302
32813
328129546+
3281294
3281285528
328128
32812785
3281267
3281266
32812553282300
32812542743160
32812400
32812395
3281238
3281234
328121ag
3281219
3281217
328120
32811992
3281188
3281187436
328118
32811583
328114ch
32811412
3281134
3281129
3281124236
328111356
328110491
32811++
3281097097
3281096749
328108
3281076
328107
32810600
3281060
3281051463
328105
3281040de
32810400361986
328104
3281039
3281036
3281033
328102513
3281025
32810246
32810200
328101tu
3281019813
328100
3280westtradeave#
3280olsen
3280john
3280ea
3280carlie
3280ab
32809girl
3280999774
32809988
3280997
328099
3280978
3280972
328097
328094
3280932809
328092
328091
3280900a
3280900
32809
32808lns
32808efhs
328089
3280883
3280882
3280880
328088
3280879
3280876
3280863
32808312
328083
328081
3280807
32808
32807ama
328079
3280780m
328078
3280771
3280770
328077
3280766
3280759J
3280752
3280720
3280712a
3280710
32806rodrigo
32806godiva
32806ERIKjames
3280696
3280691
328068
3280670
32806628
3280657
3280635
328063
3280626728
3280625
328062
3280617
3280614490
3280612
328061
3280600
3280598zero
328059
32805852
328058
3280577
32805760m
3280566
3280562
3280552522
3280550077
328055
32805399q
3280532
3280530
328053
328052
3280514
3280507
32805
32804dheg
3280489
32804852
3280483229
32804804
32804668
32804295629733
3280422
328040
32804
3280380
3280379
328036
32803316
3280328
328031428
3280314
3280310210
328030c
3280303
328029farrah
3280298312267591
3280290
328028
3280272990
328027
3280269522R
328026
3280249
3280234093
328023
3280219
32802142-e
32802142
328021200
328021
328020yo
328020rnb
3280208
3280207g
3280205
32802023
3280180
3280172
3280155
32801384
328013596lihao
3280130
328013
328012h
3280106
32801050
32801
32800pa
32800975
3280095
3280090
328009
328008toyconel
32800844
3280084
328006
32800538
3280053227
3280047
3280042
328004
3280039
3280031
3280020
3280018
3280016848
3280014
32800
328/63
328/104
328.c668
328 janeth
328
327yko
327wer460
327w14
327tinker
327swm11
327suay30707
327snoopy
327smallblockcevy
327ronnie
327queen
327pow
327pepsi
327p6miota
327nothing
327norris
327munchkin
327missy
327megbd
327mc
327mary
327love
327ladydi
327krm
327kittens
327kavi
327k414r
327k14
327joan
327jck
327jayjay
327jawaharnagar
327iverson
327ipq
327intel
327hun
327horses
327hbmsl37
327hawaii
327gurl
327gangsta
327forever
327ekr
327eceuv
327east24t
327dot
327denz
327db3
327cox
327cid
327chev
327candy
327butterfly
327buddy
327bubbles
327boost
327benma
327bdc63
327ayajyd2975
327atxcm57
327asgasg327
327ariel
327amber
327abcnxz51519cv992
327aaron
327Tanya
327MYBDAY
327MOCOSO
327LOVE
327FLICKER
327ECEUV
327ANTHONY
327ALKTRIO
3279kt
3279caxum
3279bmb
3279bc
32799ma
3279992
327999
3279989
3279975
3279972
3279953
32799420
3279942
327993327993
3279930
3279922
327992
32799149
32799102
327990
32799
32798mat
327987
3279844
32798294
3279811sk
327981
32798
32797s
3279797
32797928
327979
3279787
32797858
327978
3279768a
32797579
3279745kelly
3279728
327972300
327972
3279719j
3279716
32797
32796k
32796aa
327967
327966918546
32796682
3279658
3279632796
3279631
327963
327961
32795tp
32795kt
3279572
32795713
327955
32795414
32795363
327953
3279529
3279523792
3279521
327951440
32795001
32794jk
327949
3279480
3279470
327946CAMILO*
3279461
3279458
327945231
327945
32794264
3279393
3279379
327937
327936
327935
327934
3279332793
327933
32793107a
32793107
327930
32792ja
32792f
327928
327926892
3279262
327926
32792484
3279247
32792398
3279232792
3279232
3279225
327922
32792145
32792119
3279210290
327921
32791yesi
32791w
32791sf
32791m
32791l
32791907
327919
3279184
32791732
32791727
327917
327916166@qq.com
327916
3279156
327915
3279132791
3279123
3279122
327912
32791096
32791001
32790z400
32790me
32790eccmy
3279087
32790837
327908
3279072146067
3279066
3279062
327906
3279052
3279050tw
3279036
327902727
327902
327901caro
3279000
3279
3278up509
3278pasco
3278mjc****
3278mac
3278js
3278fast
3278east
3278desajoy
3278angelica
3278al
3278RR
32789case
327899
32789778
32789769
327897
327896
3278954
32789518
3278943
327893188
327891
32789065l
3278903
3278900
32788st
32788qdqts
32788gqpaf
327888422
3278878
3278869
3278857
32788553
3278823
327881
32787981
32787962
32787792
327877
32787667
327876
3278733549
3278730
3278724
3278715
3278711
3278687846
327868
3278677
327865ed
3278652
327865
327864369
32786372
3278632
3278627
3278601
3278598
32785961
3278594
3278568
327856
3278554
3278549
3278547
327854625
327853se
327853
3278518
3278516
3278506
3278500
32785
327849676
3278494
327849
3278480
3278477
3278469
32784585
3278443
32784418
3278430
327843
327842t
32784290
327842545
3278420carol
327840
32784
32783kn
32783aw
32783991
3278382
3278376
32783737
3278372
327837
3278369
3278363
32783424mar
3278338
32783278r
327832458741
3278318
32783
327828711
327827m
32782795l
3278273
32782667
3278261990
32782485
3278244
327824204
3278240
32782398
327823443
32782283
32782240
32782167
327821
32782006
32782002
32782
32781vh
32781mgg
32781905
327818746
327817n
3278176
327817
327816j
32781528
327815
32781364jz
3278135
32781252
327812481
327812
32780ishell
32780e
327809m
3278097200
3278085
327808
327806
3278049
3278044
327804
32780077
327800459
3277x66
3277lj
3277chellie
3277ABA
3277990
327799
3277984
3277983697
32779749
3277966
3277961
327796
327795treeza
3277955
32779533762636
3277953376
3277951
327794
3277930k
32779215
3277921
32779
3277899
3277892
3277882
327787699
3277825916
327782
3277800
32777999
327778933270514
3277789
32777676
3277766
32777569
3277742
3277736
3277731
327773
327772818
32777250
3277722999
3277715
32777
3277683
3277679
3277673
327766js
327764371
3277642
327760AA
32775ShyZach
327759
3277589
327757
3277568
3277558
32775549
327755
32775487i
32775478
32775417
327754
32775376
3277532775
3277530
32775262
32775212
327752
3277512
327750983
327750
327749
327748112
3277481
327748
3277466
3277458
3277456
3277453
327745
3277446
3277430
327743
3277427
3277425DAKSH
32774239
327742372l
32774159
32774/1
32774
32773r
32773872
3277374
32773738
327736sg
327736rd
327736fmr
327736e
327736522
3277357
3277344
327733ai
32773355
3277335
3277334
32773296-9n
32772927
327727128
32772566527723
3277244
3277237
32772355ayg!
32772306
3277229
32772214artur
327722
3277214
3277204
32772
32771home
3277192
327719
32771890
3277186
3277180
3277162
32771520
3277146
32771435
32771425
3277141
32771397
3277135
327712lr
32771238
32771202
327712
3277111
327711
3277109
3277104yurani
3277087
3277070
327706
3277034
3277031
327703
32770223
32770217
327701017
3277008
3277007_dn
3277000
327700
32770
3276runit
3276ka3589
3276edward50
3276asnl
3276aj
3276ace
32769933
32769849
32769649087004
32769607
3276952
327694
32769341
3276921
3276915
3276913
3276910G
32769007
32768mk
3276895
327688654
3276885
3276879
327687
32768661
3276854
327684257
32768382
3276838
3276834
327682r
32768189
3276818
3276815k
3276788
327678
32767785DV
3276778
327676j
3276759
327675
32767468
32767305!!!
3276729
32767249
3276723
3276722
327671823
327671234
3276712
32767114
3276692
327669
327668
3276662
327666
32766491994524
3276638
32766248
327662
32765D
32765801
32765742335
327655
3276547
3276546
3276541446455
3276520
32765011
3276497
3276488
3276486
3276483
327648
3276464a
327646182
327645
3276434
3276426
3276421
32764170
3276400
327640
327639
327637q
3276374
327635
32763497
3276348
3276345
3276341
3276327
3276317
32762hame
327628
3276246
327623
3276229
327621222
32762
32761p
327618
3276175220
3276173mono-nene
327615
32761404
327614
3276131
327613
3276114
3276062
3276060
3276059
32760583
3276033
32760319
3276025
32760105
327600
3276*kae
3276
3275runnels
3275person
3275mecy
3275jap
3275ihqrz
3275evco
3275dbrn
3275aww
3275_534
32759751
3275967
327596
3275942
3275910
3275906
32759000
32758seg
327589spl
3275898
3275888
3275887
32758743
3275874
327587
327586
327585
327581988
327581
3275786
3275774623
32757647
3275763
32757491391717
3275744
327574
3275730777
327572eminem
3275706
327570
3275690
327569
327568
3275675
3275670
327565
3275635
32756275
3275624
32756113c
32756113C
3275611
327561
32755962casa
3275596
3275595
3275592
327559
3275582
327557
32755673
327555673
3275540***tuna
3275532452
32755278
32755263382244
3275526
32754gr
327549957477
3275482
3275478
327547
3275455
3275452
3275440
3275412
32754118431
327539
3275376
327537
3275366590
3275363143
327534
3275338
32753275k
327532
327531_F_S
32753109
32753053275305
3275302
327530
327528721
32752769
327527
32752697
3275254
327525
3275247
327523892
3275230
32752289
32752233
327522
327521LONER
3275211
32751mm
32751dw1cw
327519
327518carl1t0$
3275181
3275173
3275171
327517
32751673
32751654
32751540
3275130
327513
3275123
327512
3275118
3275102
3275099
327508
32750536
32750386
3275034
327503
3275021
327501np
3275007
3275.
3274wbo
3274th
3274rocks
3274ffrem
3274dt
3274arjona
3274LE
3274D64C12
32749c
32749analage
3274987
3274965kissme
3274963
3274960
3274952
327495
3274946
32749424
3274936
327492
3274916
3274908
32749061yahel
32748jhfbs
32748jfzcc
3274897
327488
327487394
327486439
3274858
3274827
327482
3274811
3274804
327480131
32747ndtc
3274793
327478
3274779
3274755
327474
327473luna
3274727
3274720
3274704
327470
3274685
3274677
3274669
3274663
327466
327465s
3274657
32746419
327464
327462500
327462
3274600
3274586
3274584
327456k
3274565
327456
32745565
3274554
3274549
3274542
327454
3274532
3274529
3274525
3274520
327452
3274515
3274514
32745
3274493
3274481
327447468
327447
32744646
3274428
3274424
327440
32744
32743hi
327439
3274383266
327438178
3274375
3274367143214
3274367
3274366
32743573
3274352
32743412
3274332
32743274
3274325
32743183274318
32743179
3274315
3274311
32743031
32742fon
3274291
327429
32742889
32742803
327428
327427
3274254
327425
32742425
3274223++++
3274217
327420667gyl
32741lk
3274197
32741891
32741889
32741757
32741753
327417
327416
327415a
3274142
32741415
3274141
3274123784
327412
3274114
327410
32740p
3274088
327406
327405
3274048846
327403
3274015
3274010
3274006
3274
3273zhaf
3273zebma
3273war
3273rm
3273r81n
3273mojo
3273jp
3273iscool
3273george
3273cpr
3273amr
3273ajr
3273DE
3273997
32739524
327395
3273941
3273936
327391n
3273905
327390
32738p
32738830
327387
3273835
3273814jenni
3273811
327380386098
32737hcmzg
32737d
3273799
327379
3273789
327378400
327376
327375
327373
3273727
3273710
32737054
3273684
327366
32736563
3273652
32736466
32736428
3273639j
3273639
3273638
3273636habbo.es
3273633
327363
32736282
3273604
32736036
32736
3273592
3273586
3273574
32735685
327354
32735287putom
327352
32735122
3273511
327351
327350411
3273488
327347a
327347
327345
3273435
3273434
32734256
32734188
32734057
327339s
327339
3273389
3273386
3273375
3273374
32733641
32733454
3273335
327333
32733281842
327332
3273318
3273313
327331253706
32733107
327331
3273305
3273304a
327330
3273287
32732835
327328/
327328
327327s
327327c
3273278
327327327
32732727
3273271
327326jack
327326
32732554z
32732533
3273252
3273246varon
3273236
327323
32732237karina
3273220
327322
3273218
3273217
327321
3273207
327320
3273195a
32731871
3273180
327318
3273178
32731771
327317
3273168
32731590
3273156
327315413
3273145
327314
3273138
32731363
32731283
3273126
327312
3273108
32730c
3273098
327308
3273066
3273055
3273052
3273039
327303
3273029
32730262022
3273002
327300
32730
3272zero
3272pink
3272den36
3272cool
3272ajs
32729hygqo
32729darby
327299984
327299
3272982
3272981
327297
3272962
327293
3272921
3272915
3272914
32729137
3272913272913272
3272912
3272911
3272907
32729032
3272900
32728vie
3272895k
327288991
3272889
327288
3272854kim
3272846
3272828
32728272
3272822
327282
3272818636
32728103
32728069
3272793
327279
327278
3272766
3272758mauro
3272753
327274madlin
32727496761310
3272734
3272733
3272732
32727264
32727239
327272
32727181
3272713
3272705cali
32726jm
3272694mm
3272694
3272679
327267757
327267
327266Ag
327266
32726589
32726491
32726472
3272647
327264
32726322
3272628
3272621
3272620
32726185
3272615
32726074
3272605
32726035
327260
32726
32725j
32725KKLJ
32725820
327258
3272568
32725571484344
3272540
3272538
3272535
3272529
327252876
32725252520
3272525
327252327252
3272522
3272517
3272515
3272512c
32725055
3272504
32725
32724gak
3272492
32724908
3272484552084512
3272484
3272467
32724648
3272453699
3272451b
3272451
327245
3272446
327244
3272437
3272428
3272424
3272415
327241077
327241
3272404
327240
32724
32723980
3272391
327239
3272384
3272383
32723823
3272372
32723686
3272363
3272352
327235
3272343
32723350
327233
32723272
3272327
3272325
3272322
32723216
327230
32722k
3272290
3272287
3272286
3272276
3272274
3272268
3272266
3272262
3272256
32722501
32722395
32722361
32722360
3272236
327223
3272229
32722132
32722107644
32721i
32721LOVE
3272188
3272182a
32721815
3272159
327215
3272146
327214
3272131131
3272126
327211
3272104
3272101988
3272101
327209
327208
327207j
32720799
32720705
327207
3272066
3272054
32720396
32720330
32720230
3272020
3272015
32720120
3272010
3272009
3272005dp
3272000
32720
3272.2782
3271pk
3271michael
3271lr
3271ji
3271gm
3271dy
3271999j
3271999
3271998
3271997gb
3271996s
3271994bi
3271993146
3271989werru
32719888
3271988327
32719872211980
327198612486
327198564
3271985
327198
3271979
3271978
3271977
3271975bil
3271975
3271965
3271961
327196
3271955np
3271951
3271942
3271930
327193
3271921
3271913
327191043
327191
3271908
32719032a
3271902
3271900
32718`2
3271898
32718964
3271894
327189
327188
3271864
32718621
327186
3271837
3271833
327183
3271807
32718
3271792c
3271790
3271788
3271786
3271782
327177
3271758
3271756
327175163
327175
3271747dp
327173
3271726
32717240i07J4DD
3271714
3271712,
327171
327170
32717
32716ljw
3271698
3271689
3271665
327166
327165
3271647
3271641eri
327164
327162
32716175
3271615atr
32715901
327158
3271553
3271545
32715416
327154
3271535
32715339
3271512
3271510
32714996
3271494
3271486
327148
327147jr
3271475b
327147
327145
3271434
3271433
3271430
32714214
3271420
327141712a
327141
32714019
327140
32713b
32713975
3271388
3271385
3271374
32713730
3271369
32713656lp
327136
3271358188
3271358
327135659
3271355
3271352
327133961903
32713315r
32713271
3271327
327132
32713190
327131
327130710
3271288
3271284
3271282
327126135
32712544
32712515
3271232
327123
3271229
