254971
325494
3254938
3254936
325493
3254916*pg
3254909
32548sealonline
325487n
32548791
325487558
3254875
3254868
325486
325485
32548376
3254836
3254831
325481kjm
3254812
32548068
3254803
3254801
32547m
3254786T
32547849
3254773
3254742d
325474
325471casa
325471000
325471
3254695
325469
3254683
325468
3254669
32546562deku
3254653
325465
3254643120
3254641-6
325463
3254627
325462
325460
32545roxy
3254590
3254584
325458
325457
3254560
3254559
32545583
325455
325454120
325453
32545291
3254523
32545217
3254521
325452
3254518
32545
3254496
32544955
3254494
3254489
325448
325447503
32544523
325443kt
3254439
3254433
32544157
325441
325440
325438
3254374
3254370
325437
325436105
32543577
3254356632
3254353
325435
3254346
3254338199
3254321998
3254298
325429
32542843
3254274
3254271992
325427
325425pmb
32542533
325424
3254231801
325423
325422906
3254228
32542277
3254227
3254225
32542177
3254216
325421519
325421
32542
3254187
325417896
32541789
325417
3254160
3254158d
325415750
3254156
32541502
3254148681
3254143
32541415
325414
3254139
3254138
325412654
325412
32541131
3254110
3254107325
325410731
32541004
325410
32541-cc
3254085
3254060
3254049teamo
3254044
3254041
325404
3254036hayri
3254036
3254035
32540340
32540338
3254033
3254032540
325402d
3254017
3254007n
325400313
32540000
32540
3254
3253segredo0358
3253rdstre
3253jam
3253hf
3253dsh59
3253drre
32539dj
3253997
3253978pmv
325397
3253965
325396
3253953
32539428
3253933
32539165
325391
3253908marife
3253907
3253901
3253891
3253882173
3253878
3253865
325386
325385
32538467623779
3253846
3253845love
3253813
3253800
3253798
3253793
325379
3253788
325377244
3253768
325375
32537358
325373
32537200
325371
3253707
325370
32537
32536j
3253699
3253690
32536815
32536811
3253675
32536748
3253666
3253663
3253624
325361234536
3253601
325360
32536
32535ygteh
3253598
3253572
3253571
3253570
3253563
325356
325355
32535346
325353
3253523
32535183
3253514
325351
32534l
3253496
325348
3253475
325347
32534682
3253461
3253456
32534469
325344
325342
3253412
325341078
3253410
325340810
32534
32533MYLove
32533969
3253394
325339
325338
32533561
3253344
3253342
3253335
3253331
325333
325332824
3253315
3253312
32533
32532gtkhs
32532777
325327
32532665
325325ZAINILYAS
3253255
3253253256
325324259
325324
3253236
3253235
325323
3253228_
32532232
3253210
32532062
32531PF
3253198
3253194
3253171
325316683
3253166
32531565629
3253144
3253141
325314
3253132
325313
3253122
3253120
32530813350484
3253067
3253063
32530419
325303
3253022
3253.245
3253
3252tim
3252svvfh
3252my
3252mejia
3252mami
3252kingsire
3252ka2
3252jr
3252jb
3252dtm
3252daja
3252ae
3252MCK
3252996
3252992
325297
32529594
3252957
3252949
325294
325293612
3252931
3252927
325291l
3252911lll
325291
325289
325288
32528690
325286
325285
3252845
325283
3252825
32528232
32528231032
325282
3252811
325281
3252809
32528081
32528033
32528
325279
325278301
325278
3252777
325277607
325277
3252761
325276
325275a
3252759
3252742
32527398
32527282
3252728
325272423
32527239cmc
325272
32527013
32526o
3252699
32526969
3252685
325268497
325268
3252662bs
3252662
32526585
3252653
32526514
325264
3252639
32526336
3252629
3252625
325262
3252615
32526113
325260ktm
3252604
32525zz
32525z
325259
3252576
3252573
325257
325256rk
3252565
3252562
325256
325255683u
3252556
3252542
325254
3252533a
3252533
3252532
325253
325252828
32525109
32525007
3252491
3252472
325247
3252463
32524600
3252454223
3252453
32524524
32524523
32524512
325244ab
325244292782561
3252442
325242ratluver
3252425
3252424
32524149
3252411
325240klbh
32524000
32523=15sothere
3252395c
3252395
32523903
325239
3252367
325236204721328
3252354258
3252354
3252352
32523430
32523429329shivasgf
32523269
3252325
3252323
3252317
3252316
32523123
3252311
32523026
3252302
3252301lopez
3252301chiko
3252288
32522844
3252280
325228
32522755
3252272521
325226@Ss
3252268
325226
325225
325224
32522359
32522305
325223
32522191
3252206
32522022
325219sts
32521925
325218478
3252182
3252180
325217
3252169713
3252165
3252154
3252153
3252151
3252145
32521374
325213
325212911
325212623
3252121ia
325210r
325209
3252082
3252078
3252077
3252076
325207
3252060ic
325206
325205971
32520369
3252032520
32520245
3252020
325201
3252008ms
3252006mo
3252004
3252003
3252002
32520013626733
3251tino
3251sa
3251no1
3251kim
3251gert
3251bcmm
3251asew
3251ac
3251JHX
3251CS
3251@hoki
32519r
3251998
3251994
3251993a
32519938
3251989str
3251989e
3251986nh
3251986X
3251981
3251980sdd
325198
3251979
3251966
3251963
325196
3251958
3251953
32519524
3251945
3251943
325194132
32519385
3251932
3251926d
325192
3251918
3251915
3251914
325191
3251904
325190
32518970
325189123
32518912
3251885c
325188
3251879
32518773
32518560
3251851405
325185
3251843
325184
325183
32518293851473
3251824
3251823
325181825
32518159m
3251812
32518090
32518000
32517oso
325179K
3251785c
32517828
32517808
325177a
325177877
325176bahadir
325176
3251747
3251743
32517429
32517367
3251732517
325173
3251715
325171
32517
32516823248110
32516802
325168
325167894
3251678
32516776
325167
325166254
3251662
32516575
325164580
32516455
3251643
325164
3251633
32516211
3251621
325162
325161813misery
325161743
32516088
3251601
325160
32516
32515a
32515SAULITO
3251597
32515903
325159
325158
3251570
325156
3251558
3251552
325155
32515440
325154
3251530sw
3251530
325151
325150
32515
3251497
32514786
32514632
3251455
3251454
3251450
325144213036
3251436
3251429b
3251429
325142
3251401d
3251401
3251400
325140
3251398
3251384
3251361
32513550
3251355
32513548
3251351
32513451
32513358
325133
32513251sw
3251325
3251323251
3251313
3251311
3251306
32513
325129m,
325129591waynepe
3251294000
3251294
3251291
32512845mami
325127367157
3251269
325125
3251247
3251241
3251240
325124
3251234
32512322
32512312
3251229
325122528
325122519
32512169
3251200600536
32512005400174
3251200458241
3251200449161
3251200071053
3251200
325120
32511999
3251199
32511984
32511964116941988
3251179
3251172i
3251163
325116
32511532
325115
325114
3251129
32511289
3251127
3251121
3251115
325111
3251107
3251100336
32511
32510a
3251098
325109
3251083
3251082
325108
3251066
32510639
325106
3251059
3251058830
32510519
3251051
32510500
3251048
3251031
325102fong
325102711
3251018
325100x1
325100271
3251000477510
3251000078976
3250sb
3250pej
3250pago
3250marian
3250love
3250laceiba
3250eshwary2271
3250derryn
3250cleo
3250cia
3250ca
3250brak
3250alets
3250Lyss
3250LEXI
32509mark
325098
3250963
32509603
325095
3250943a
32509431
3250943
3250942
325094
3250926a
32509077
3250906ll
3250905
32509026
3250900138265
3250900104662
325090
32508yzybi
32508luv
32508gpmnf
32508gab
32508c
325089936
3250899
325089
3250889
32508796
3250877
32508713
3250867042622
325086651
3250855
325085
3250836
3250834
325081
3250808
3250800438666
3250800418185
325080
32507dw
325079
325078
325077
32507444
32507442
3250743
32507422
325073
32507255
325072
3250719
3250718d
32507130
3250700347740
3250700167415
3250700
325070
32506thib
32506ss
32506rhywd
32506lw
3250668
32506673
325066504
3250653
3250646
32506455
325064
325063
325062c
325062890321
325062547
325062021
325061982
3250619
32506108a
325060s
325060
32505rumor
32505jhg
32505g
32505G
3250598
3250580
325057107
3250560
3250554
3250553dad
325055
3250532505
3250531s
3250530205
32505285
3250528
3250527
32505221
32505158
3250511
3250500613853
3250500613
3250500547
32505003
3250500224946
3250500192751
3250500120954
32504woeh
32504r
3250495
3250494
325049
325048
3250477
3250474
325047
3250464
325045
3250446
325043e
325043123
325043
325042
325041118890
3250411
325041006
325041
3250400999709
3250400962961
3250400527882
3250400019739
3250400
325040
32503skm
32503l101
32503j
32503900
325038/18
325038
3250376733
32503712418
325036250
325036
32503526n
3250347
3250344
325034
32503350
325033
325032k
32503250b
325032503250
3250320
325030039
32502m
325029552
3250291
32502800
325028
325026
32502465
3250237
3250236
3250233
325023
3250221605
32502192
3250217070046239
3250215
325021314
32502011
3250201
3250200631970
3250200558024
3250200470asd
325020
32502
32501a
3250199
32501982
3250195
325019457
3250181
325017
325016
32501484
32501358298
32501331
3250131
32501201
32501189azul
32501181
3250112
3250107
3250105Rmg
3250103
32501023
3250100714652
3250100567030
3250100542924
3250100515552
3250100504151
32501004
3250100381751
3250100006259
32501+2gdr
32501
32500oconee
32500g187
32500MNBA
325009
3250081
32500789
32500693nikko
325006
32500497
325004584
3250028
3250023
32500226
3250022
3250013
3250010
325000444
3250001
325.325.m
325-338
325-0081
325 34 49
325
324zoky
324ya9f7
324water
324vks
324trill
324sno
324shelby
324sdf
324rrt
324racer
324pwiciss
324pinky285
324pilipinas
324ors
324ons
324neia
324natalia
324mvt
324mtnj
324maria
324mama
324lover
324lin
324ksn
324kdrfun
324jtrak
324jsr
324jrt
324jkn
324jjr
324jayNE
324jasmine
324jandl
324h11
324gvd
324gtcbean
324good
324gera
324fuzzy
324fucsa76
324fresh
324flo
324flat!1
324egeave
324eastside
324densg47
324deem
324crw
324cresav
324colfax
324cnedu
324cloud9
324chi
324carly
324capricorn
324bruce
324brit
324bountiful
324bonka
324apples
324ap15
324alma
324af2fi
324SJP
324S53
324Louisa
324LILGIRL
324LB6486
324Emma
324CUTIE
324BRIT
3249tzmt
3249rebecca
3249mar
3249j
3249ismyname
3249eve
3249ding
3249bzqw
32499779
324997
324994
3249932499
3249922
324992
3249911
3249900111721
324990004041
32499000
324990
32498spbod
32498kia
32498kc
32498a/a
32498DG$
3249898
32498956
324989
3249887
3249886
324987
32498380
3249835
3249816
3249812
3249802
32497alb
3249799
3249792144X
324978
324975h
32497540124883182
3249753
3249752007
3249718
3249709a
324970
32497
32496s
32496kkm
3249696
324969
32496838
32496823
32496807
3249653
3249631
324962
32496
32495cw
3249592
3249569
32495661
324956
3249539
324953449MIO
32495306
324951852357
324951318
324951
32495093
32495088sep
32494928
32494852
3249481
324944J
3249448
32494400
324942
32494179
32494
32493kss
3249394
324938794
3249359
324934
3249332493
32493249.
32493227
3249321
324932
3249312
32492hm
32492bee
32492az
32492a
324929
3249287
32492796
324926
324923
3249209
32492030
3249201
324920
32491r
32491j
32491c
32491D
324919yen
3249192
3249179
3249177
3249166
3249165
324916
3249154jjj
3249145
32491433
324913barney
32491343
3249134
324912gb
32491265230374
32491259
3249125
324912
324911flori
3249112
324911
324910280
32490h
32490c
32490K
324909
3249089
324908300
32490801
324908
324907
3249066
324906
3249032a
324903
324902
3249012
3249007
3248tr
3248toby
3248navy
3248m
3248jw
3248damon
3248bitch
32489lra
32489a
3248992384
324898
32489754901haru
32489657
3248958_zilzalsd
3248911
3248910
3248907
324890224318
32488t
32488am
32488962
3248891
324888
324887eddiej
324887
3248868
3248864
324885
324884707
3248832488
3248817
3248811
324881
324880
32487c
3248794mo
32487702ar
3248765p
324876
3248753m
3248740
324873
32487234
3248722
3248706
3248701
324869gb
324869
324868101
324867792
3248672
32486719
324867
324866mrl
3248660charlotte
32486544
3248651a
324862
324861105504
324861104201
324861
324860
324859ana
3248577_berivan
324857
324856cesarkg
32485695220
3248562
3248560
324855
324854
3248539
32485368
3248531
324853
3248528
324851301015
32485061
324850406026-2
324850404023-1
324850402029-0
324850402027
324850
32484eg
3248484
324848
3248478
3248477ff
324847
324846951
324846252
324844CEPG
3248443
32484333
3248433
3248421
3248415
3248414
3248413
32484058465
32483cheech
324839
32483710
324834
32483249
32482jkb
3248299
3248296lau
3248286
3248265
3248252
32482414
32482307
324823
324822342463
324821911
32482132168
3248213
324821
324820826
3248201grazi4life
324820
324818
32481696
3248157
3248154
324815333472
324815309d
324815
3248136
3248133
324813
3248129
324812220330
32481204mc
32481134
32480cv
3248096cj
3248094
3248090516
3248053-sara
3248048
3248043
32480349
324802181ERZ
3248020985
324801989
324801
324800w
324800480
3248
3247qk
3247pineview
3247fmxwt
3247fish
3247cs
3247cp129
3247ase
3247Toph3r
3247OMARION
32479m
324799
324796
324795272
324795
3247943d
3247943
324793
3247924
3247911
3247905384
324790
32478d
3247891
32478878
324788
324787702
32478718
324787084
324787
324786
3247853niwa
3247852131
324785
3247840
324784
324783I
3247837
3247835
324783
3247816
3247808
3247805
324780121
324780
32478
3247799
3247790
3247789
3247787
3247780
32477466
324773
324772
324769998
324768791006862
324766
324765eysoota
324765683
324764288
32476390
3247637
324762456
324762
3247616
324761104213
3247611
324761066jac
3247608
324760403030
324759
3247585
3247583
3247578
32475697
3247560c
32475585
324755
324754
3247533
324751301006
3247509
324750505021
3247505030167
324750503006
32474d
3247498
3247497
3247474
32474732
324746838
32474501
3247447223
3247447
3247435*3243599
324743
324742766
32474255
32474218
32474112109
324741
324740
324737782
3247375
3247373
324737
324735220
324735
3247338
3247336329
32473204
324732
324731
32472831
32472804
3247257
32472519362
324725
324724
324723d
3247226
3247225
324722
3247217
32472157017
324721
3247206a
3247206
32472
3247196
3247184
3247182
32471622
32471568
3247154
32471331
3247130
32471288
32471205
324712
324711574
32471103
3247107
324710021050
324710
32471
3247091
324709
32470884
3247084
324708
3247070
324704laly
32470473
324701
3247000
32470
3247
3246ruhg
3246mike
3246mery
3246kids
3246jaja
3246SANTY
3246Be7to
3246AB
32469mark
32469890tun
3246974med
3246957
3246955147
32469529946694
324695
324694
3246934
324693324693
3246932469
3246921
324692
3246907n
3246907185
324690
32469
3246887
3246882
3246881
3246877
32468701
32468700
3246858
324685
324683beb
324681
3246801camilo
32468
324679992
32467957306
3246792
32467891
3246786
32467759
324677
3246768
3246767
3246764
3246760
3246759
32467577
3246752
324674kls8
32467280
3246728
3246722344
32467197632467
3246707
3246703
32466inhon
3246699369321
3246689
3246660
324666
3246647
324664
32466313vinod
32466220
324662008
324661120
3246611
324659n
3246590
324659
3246585
3246581
324658
3246569
3246568
3246566
3246561323
324655
3246541
3246524
3246522a
3246518
32465083
32464kc
32464asd
3246490
324649
3246476r
3246470
324647
3246467012345678
3246444
3246436
3246411
324640ca
3246383
3246380
324636ms
324636
32463541
32463525
3246352
3246344
3246332
32463247
3246321
3246318
3246309ulvn24119
3246299
324629
324628
3246277
32462378
32462280890
32462174
3246217
324620
32462
3246195
3246182a
324616044
324615
3246140284
324614
3246135A
32461279
324612
32461039
32461
32460952emi
324608
3246073
32460599
3246059
3246054vcv
3246038
32460288
3246028
3246017
32460139
32460110390
3246011
3246010
324600hey
3246007
3246
3245yaelkj
3245mw
3245kilgore
3245k
3245ghost
3245ei
3245dragon
3245dolphins
3245c.d
3245KEYA
3245JAY
3245A-4a
32459m
3245991
324598vali
32459810
324598
3245970
32459684898
3245962
324596
3245951
324592922
3245922+000
324591
324590751q
3245900
324589
32458796
3245873
3245854
324585
3245836
3245831
3245806
3245804
3245802
32457pw
32457aetki
324578
3245769
324576
32457539510
324575241907
3245746
324572
3245712
3245703
32457
32456xof
32456r
324569
324568215
324568
3245667
3245666
32456579
3245656
324564
324562
3245605
32455j
32455egr
32455933
3245590
32455859
324557T
3245579
3245568d
3245566
3245562
324556
3245557
32455487
32455485534314
32455480
3245542
3245535
3245530
324552
324550
324549914215
32454938
324549
3245485
3245480
3245475acdc
324547
3245460
324545
3245446
324543902j
324542yd
32454208
32454201521191
324542
3245413
32453a
3245386
324538206
324538
324537DJ
3245379
32453762
3245372jg
3245369
3245364
32453594a
3245358
3245353
32453525
32453458
324534
324533gaz
3245324324
3245321
32453125
3245312
3245309
3245301
3245290
324528914
324528
324527
32452684
32452658stars
3245265
3245263
3245247
3245234
3245233
32452303
324523
32452123
3245206
3245203s
32452036
3245202
3245200
32451925
32451913
32451832
3245175
3245169
3245164
324515606
3245149111
3245141
324513v
3245112
324511
324510k
32451031351
3245103
32451023
32451
3245095l
3245095
32450940
3245084
3245082000
324508
3245073
324505
3245032450
3245032
324503
3245028520g3
3245024
3245023
324502(molh)
32450195
324501641
324500p
3245009j
3245000
324500
3244rocker
3244rj
3244lr
3244ivy
3244bld
3244bank
3244CW
3244996
3244991
3244989
3244983td
324498
3244979130
324497
3244969
3244967
3244962
324496
324495fai
3244937
3244927
324492
32449166
324491
32448a
3244889
3244886
3244885
324488
32448520
324485
3244817
324481
324480
324478
3244740
324474
324472
324471
32446nsqyo
3244693
324469
3244675
32446722
324467
324466
3244659
3244650
324464
32446323340890
3244620
324461
3244609
3244606alaa
3244606
32446035
32446
32445969
3244589
3244583
324458225520
324458
3244564
324456
324455
3244518
3244510
324451
3244501
32445
324449112
3244471
3244465
3244464
3244463
3244459
3244456
324445
3244447
32444439
32444401
32444251
32444051
32444037
32443kas
3244386foo
32443865
324437
32443621
324434sj
3244343
3244342
3244335
3244331480
3244324
324431
3244305
32443
32442xegjdg
3244299
324427
3244269
3244266k
3244263
3244257.
3244248
3244245
324423hl
32442323
32442311
3244228
32442265
3244217
3244214
324420x
3244204
3244194
3244182
3244167
3244161
324416
32441580
324415
3244147s
324414
324413kk
324413
324412
3244116
32441106
3244105
32440z
32440azqpx
324407683
324407
3244067
3244066
32440610
3244055
324405
3244047
324403LUZ
3244032440
3244013
324401
3244002
32440
3243oprgw
3243kp
3243efoo
3243eastwood
3243atli
3243agus9700
3243D
32439857
32439713
3243959
3243955
3243942
3243933
3243923
32439212
3243914
324391
324390
324389
324388
324387831234
3243873
324387
324386
3243855
324385
3243849
324384
3243833
324383
3243815
324380
32437doein
3243790
3243776
3243773398
32437641
324376164235
3243754
324375
324373
324372
3243713
3243688
324368
324367
3243669
324364L
3243647
324364
32436390
3243639
3243638
324363
3243622
324361k
3243614
3243612
3243607
32436043231785
3243603
32436
32435ashley
3243596
3243593
3243582
3243580
32435533
3243552chata
3243550
324355
3243548
3243547
3243541na
3243530e
3243528
324352
32434qtqp
32434jkgem
324349
3243486
3243485
324348
32434748
3243471
324347
324346
3243457
3243455
3243453
3243441
324344
3243427
3243425
324342034
324342
3243410
3243404
32434033
324339
3243385
324336
324335132
324335
3243349xyz
32433404
3243330
324332433243
3243317
3243314
3243307
32433
324329
324327892r
32432789
3243274
324327
3243261
3243255
324325455
32432544
324324kl
324324eee
3243242
32432409
32432400
32432366
3243224914
32432211
324322
324320
32432
32431981
3243196
32431788b
3243176
324317436
324317
3243161
324316
32431425
3243142
3243132
32431179
324310870
324310
32430d
32430963
3243086
324308
3243075
3243073
3243041
324304
324302
3243012
3243010
3243009
324300
3242rnc
3242kpc
3242kay
3242Roxie
3242Dipset
3242994
324299
324297
3242936
324293372
3242925
32429113hwan
3242911
3242910
324289
3242888
3242887703
3242885
324286
324285
3242849
32428463
3242834
3242832785
3242832428
324283
3242821660
32428199
324280716
32428057
3242805
32427ycdit
32427peja
32427m
32427kwnsf
3242799
32427988
3242798
324279
3242784red
3242781
324278
32427740
324277
3242765
32427571
3242755
3242745
3242737
3242731
3242730
3242729
3242722279
3242716
32427092
324270532
3242700
324270
324269/9521407
32426744
3242674
3242668
324266643
324266
3242649
3242646
3242642
3242632426
3242632
32426252
324262
3242617a
3242615_yo
32426132
324260
32425sfzqy
32425a
32425926
3242590
324259
3242588
32425754
3242562
3242561
324256
3242551+lol
32425490
3242538334
324253
3242526282
3242525
3242522
324251isamar
3242519
32425146
324250
32425
32424qrzjz
32424d
3242494
324249324
324249
3242484
32424660
324246
3242458
3242453agt
3242453
324243
3242427
32424232
3242411415
324241
3242409195
3242401
3242397
3242380
324237
3242369
3242363148
3242354
32423500
324234564
3242343
3242335123
324233
3242325
3242324
324231
3242306090
3242303omerate
324230294053
324230
32423
3242292jv
324229
3242280paul
3242276
3242273
324227
32422633
3242261
3242252
3242250
324224777
3242238
32422267
3242225
324222
3242208
3242205
32422013
324220
3242197
324219
324218L
32421886
32421744
3242154
32421448
3242141
324213d
3242135
3242132421
3242129
32421227003
3242120ER
32421174
32421111534
3242110
3242080
324208
324207
32420591
32420528al
324204vanillaicecream
3242046almacen
3242042
324204
3242034
3242032
32420271a
3242020
3242015
3242005aml
3242005
3242000
32420
3241rocioos
3241lh
3241kn
3241ggd
3241ftg
3241denlinger
3241dancer
3241camp
3241benn.
3241ABC
324199j
3241997
324199512
3241993
3241989k
32419875
3241985
3241982
3241980
324198
3241979
3241974
3241967
3241964
3241962
3241959de
3241956
32419502
324195
3241942a
3241941
3241939
32419347902
3241930
324193
324192897
3241920
3241915
324191
32418995jnb
324189
3241889
3241887
324188293091513
3241881
324188
324187c
324185
324184jg
3241837aa
3241836
32418231
3241821
3241816
3241805
3241804
32418032
32417954a
32417910
3241785960
324177
32417560
324175
32417431
3241734
3241733
32417325
3241732
32417147
3241714
3241704
324169
324167
324166
3241657
324165
3241635
3241628
3241627
32416232
324162
324160cmt
324160
3241598g
324159771
324159
3241582632415826
324158
3241575
3241572
324157
3241564
32415529
3241543
32415310
324153
3241521b
3241512
3241506jonathan
324150
324145549
32414404
324144
32414367
32414344
324142911
3241429
3241424
32414217330
324142
32414135
3241407elba
32414050
3241402
324138514
324138
32413746
32413731
324137
3241369
3241367985
32413594
3241357
3241356
32413551b
32413551
3241350
32413362
3241335
32413324
32413310
324133
324132413
3241324
3241309
3241308
3241306
3241302
3241297
32412875
32412852
324128
3241276
3241274
3241269
324126364
324126
3241246
3241234
32412276
3241225
3241224
32412207
32412200
3241211
3241210
324121
32412048
32412025
32412013241201
32411984qn24
3241191gurl
32411854
324118
32411764
3241173
324117
3241163
32411600
3241151757590221
3241127
324112324112
3241122
324112
324111111
3241103
3241100
32411
324109081
3241090
3241088
3241086
32410834
324108
3241079
3241063
324106269
324106
32410560
3241054
3241051760
324105
32410445
3241042
3241040
32410385
3241034ss
3241034
3241031
324103
324102
3241018
324101
324100887
32410067
3241003
3241000z
32410..orange
32410
3241
3240tak
3240lilj
3240lapoya
3240ktwcu
3240ja
3240grey
3240fllp
3240ehlers
3240bd
3240avelar
3240ab
32409cj
3240998
3240994jar
324099
324098
3240979
324097245
32409709
3240964
324096163
324095222
324095
324093
3240909
3240902
32408900
3240885
3240883
32408779
3240866
32408623240862
324086
3240855
3240851
3240831
3240823
3240814
3240812
3240800316579
3240800220644
324080
32407fla
32407dkny
32407D
3240793
3240778
3240760
324076
3240758
3240740
324073
3240715
324070
32406pjiix
32406kands
32406f
32406durlin
32406chula
32406991
3240693
3240686
324068
324067hi5
324067
324066
3240659694406W12
3240654TT
3240654
32406435
324064
3240629
3240627
32406222
3240621
32406098
3240600490711
3240600472607
3240600418581
3240600361660
3240600244795
3240600022458
324060
32405mc
324059
32405707
3240541514200512
3240541
32405143
3240511
3240505
3240500222102
32405002
32404ke
32404991
32404980
3240495
324048
32404755
3240456789
3240431
324043
3240420
32404091287
3240405
3240404
32404036
3240400611794
324040
32403rip
32403j
3240398
3240396
324038b
3240379
3240370.93011614980A
324035
324034017cali
3240336
3240324562
32403143j
324031133
324031
324030kara
3240300566720
3240300204097
3240300049571
3240300031931
32403
3240289
3240283
324028%
324028
32402762718
324026
3240247
32402420
324024014
324024011
32402316
324023
3240219
3240216
3240213
32402006
32402
3240192
324019
3240189
3240182
324018165
324018157
324018036
324018
32401696
3240164
3240162
324016
324013mym
3240138
3240134
3240127
32401127304
324011240
3240108
3240106
3240100819616
3240100790138
3240100718356
324010056121
3240100400259
3240100314573
3240100273958
32401000
32400rs
324008812
3240083240008
324008
32400750
32400472
3240032400
32400312
324001a
324001420
324001321any
3240013
324000j
32400058
3240000
324/324/
324-mcr
324-2198
324-0351
324
323zxedx87
323zen
323yque
323xqrln22
323x13
323willy
323wicked
323watts
323vzkpo
323v2581
323uus
323tommy
323tivo
323tasha
323superman
323star
323stacey
323sport
323sol
323sharp
323sexy!
323scyko
323scla
323saul
323sassy
323sandia
323sam323
323ruyaa36
323rules
323roxie
323rotary
323rota
323ricardo
323rajo
323rae
323queen
323pooh
323pink
323pebbles
323party
323pajero
323owl
323nywold
323nalgas
323munchkin
323msn
323mr.jones
323mobs
323mkh
323minnie
323minerva
323mine
323mike
323mika
323melissa
323mcrcz56
323matt
323marlb
323marianita323
323marcus
323maplest
323man
323mami
323magic
323m9365=
323lynx
323loveher
323loser
323losangeles
323long1
323llullo
323lily
323lilo
323lilmama
323leroy
323lec
323laloca
323laitna
323lady
323lact
323kotukustreet
323kmxhora$$$$$
323kiho
323keven
323karen
323jon
323joe
323jlrlino
323jesus
323jesse
323jazz
323infinity
323imsexy
323ie21
323ib
323i6868
323hussnian9561
323homer
323hoe
323gtr
323gtjlr85
323goldhawkroad
323gnuey
323gigz
323gatita9880
323fuckyou
323fl2520
323fgt
323fayreid
323faruc28
323familia
323f9365=
323epal
323elobit
323elmo
323dxt
323deb
323daz
323daveopah
323dare11
323danna
323dajujr
323cvm626
323cleo
323cicoupe
323chris
323chick
323chica
323cherry
323chaz323
3