8458
3378457
337844711
33784343
3378424
3378419
3378411d
3378402
3378400
33783863
3378376chanchan
3378372
33783536
3378331dog
337831
33783044
3378278
3378266
3378253
337825
33782456
337823
33782165polo
3378212
33782077
337820462
33782
3378189jj
3378189P
337818
3378175
337817
3378169
337816
3378137
3378119
3378117
3378108
33780913
3378082123
337807
33780693
337805
337803675
3378014391
3378000
3377wwjd
3377steve
3377skye
3377sea
3377ms
3377marian
3377iddnc
3377hoes
3377heatkat
3377green
3377dm
3377dixie
3377cs
3377cristo
3377creme
3377_55
33779qzdxo
337799jd
33779988
33779933
3377987
33779755
3377955
3377932m
33779202
3377909
337790
3377898
3377891
337788A
33778899
3377881987
337787339
3377873
33778724
33778667n
337784
3377836
33778328miki
33778231
3377822
3377815-
3377811
337780
337775
3377747
3377744
3377741
33777336+-++-+
3377729
3377703
33776s
33776biw
3377698
3377691
337769
3377687
33776783
337767183
3377666
3377656131
33776554
337765
33776462076842
337764
337762190
33776007
33775hunter
337759589
337759
337757774
3377577
337757
3377568
337755m
33775577
33775547
3377552211
337754
3377531
3377526
3377520949
3377501
33775002
33775
33774908
337749
337748912d
3377485
3377480
337747l
3377475
3377473
3377465
3377458
33774452
3377423
337742
3377413
3377391960
337739
3377387
3377386
337738
33773737
337737119199377372200
33773711919937737220
3377355d
337735
33773472
337733w
337733c
33773399
3377337ts
337732k
33773281
3377328
3377298xyz
337729
3377274
33772623
3377254
337725
33772468773395108284
337724
337723
337722749
3377227
337722
337721INA
337721829
3377218
33772105Queenie
337720615
337720176
337719Elizabeth
33771991
337719
3377176ydaleu
33771717
3377170
337716j
3377161
337716
3377144
3377143s
3377143
33771404
3377136
337711j
337711d
3377119
3377114
33771046
33771001491amo
33770tbkmg
3377086
3377076
337705816
3377037
33770367
3377034
33770312
337702480
337701
3377006
337700
3377
3376vn
3376sa
3376mary
3376lilia
3376js
3376ja
3376iszzo
3376brownleeboys
33769lbc
33769976
337699
3376969
3376968
3376953m
3376936
3376919941711
3376894
3376886
3376876690k
337687
3376862steph
3376853
337685188
33768236
337679
337678
3376777
337676
3376759
3376758
3376721067
3376699
337669
337668
3376660fabi
3376659
337663
3376625christian
337661jb
33765f
337657
33765683227
33765566
337655
33765357
3376532
337653
3376521
337652010200044
337651
33764972552
337648
337646i13.
337646
337645
3376447
33764411
3376440
337644
3376422
337641
3376402
33764
3376374
337636
337634
337633376
337631
3376298750
3376291
337628719
3376265
337626339f
337626323
3376263213
337625
3376233
337621
33762
3376191
3376184
3376162372
3376154
3376141
337614
3376125
337612
3376101b
3376085
3376066cea
3376033760
3376032
3376021
337602
337601.
337601
3376008
33760000
33760
3376
3375mqd
3375JA
337599
337598327525
33759669
337596
33759554
33759514
3375933759
33759260
3375900
33758eqndp
33758971
337589
3375879
3375874
337587146
3375870e
3375865lp
337585
3375832
33758067
3375784315
33757533
337575
33757329
3375720
3375715
33757000
33756g
3375695
3375693
3375692448
3375680
337566
33756529
337563
3375625
3375618
3375604
33756
33755843
3375565
337556
3375556
337555
33755496
337554
3375536
337553
33755020juanma
3375499t
33754870
3375472
3375466
3375465
33754611
3375454
3375449
33754408
337544
337542
3375400
33754
33753l
33753946
337539
3375381145
33753725lm
33753682
3375356
337534
337533yo
3375333
3375324
33753186
3375313
3375312
33753062
337530
33753
337527b
3375275
3375273921
3375267
3375261
33752541
33752535
337525
337524382
33752336
3375224k
33752189
337520
3375192
33751838
3375181
337518
337516
3375135
3375133488
3375131n
337513
3375121
33751142
33751111
337510583
3375104
33751022
33750mdefi
3375089
3375071
3375067
33750605
33750386
3375017
3375015
3375012
3375005j
33750019
337500
3374ts
3374t
3374sv
3374ripa.
3374otara
3374jef
3374h174
3374emi
3374cheer
3374ani
3374alcoa
3374Into
33749hsczq
33749d
3374993
33749901
3374987
3374983
3374964
337495303
3374931d
337493
3374890
33748725
337486
3374857
3374854
33748468
3374846
3374835
337482d
33748
3374797
3374796
33747840
337478
3374761
337476
3374733dr
33747331252
337473
33747299
3374723
337472
3374703
3374685
337468
337466693
337465
33746485
3374641s
3374608
33745942
337459
33745876
3374579
3374553
337455
3374547
3374542
3374533
33745253
3374522
337452
33745160
33745121
337450
3374492
3374490
33744788
337447
337446
33743k
3374349
3374343
337433p
3374336
33743324
3374322
3374320
337432
337431
3374299
3374280537753722
337428
337427
3374265012K
3374254.
3374254
3374240
3374234
3374233
3374228
337422
33742092
33742
3374191
33741862
337418
337415
337413
3374124
3374123
3374112
3374106
337410
337409
3374080lzp
33740529
3374039
337401769
337400
3373turn
3373tt
3373sammi
3373lc
3373ja
3373eb
3373derf
3373craig
3373co
3373bxb
3373FREY
3373D
33739nxbnc
33739733
337394p
337394
337393
33739085
33739
33738t
33738890
33738782
3373869
3373855
337383738
337382
3373818
3373787
3373776
33737607
337376
3373749
3373729
3373715
33737084
33737
33736906
337369
3373676
3373666
3373663
3373656
3373649759
3373633
337363
3373618
3373610
33736075
33736033
3373601m
3373601940
3373600
33735cd
3373568
33735566
3373539
33735274
337351a
33735105
337350
33735
337349
337348590
3373478
3373455
3373450
337345
33734294
33734189
3373410
33734036
33734
3373388
337337lee
337337b
3373376
3373374
337337337
3373373
3373371
3373370702
337336
3373345
337334
33733373a
33733355
3373333
3373323
3373313
3373308
3373305
3373303282
337330
3373281
3373247
3373227
33732252
3373221
3373208s
3373206d
33731962
337318
337317
3373167
33731561
33731423
33731185gs
33731051
337309 a
33730715
33730640
33730520
337305
3373049847
3373036811
3373032
337303031493
3373025
3373022
3373013
33730031
3373000
3373+30990
3372whoop
3372trrt
3372mzjc7reggae
3372mp
3372marco69
3372liniso
3372icklegirly
3372ian
3372hwy1
3372er
3372emc
3372cr
3372DEpc
3372987
337298
3372976
33729669
33729665
3372946
33729452
3372917
33729105
337291
33729
3372884
3372882
3372881
337288
337285
33728472
3372846ok
33728441
3372827
3372792
3372791
337279
337278735829
33727873
3372785
3372783
33727766
33727554dulcero
33727516
33727228415
337272011
337271
33727079
3372698danielaj
3372690
337269
3372675
337267236
3372667
33726623
337266
3372640
337263
3372629
337262
337260r
3372604
33726007
33725k
3372597
33725707
3372562
3372560
3372544
33725379
33725354532
3372533
33725329
337253
33725274
3372526
33725231
337252
3372513177l
3372512
33725115
33725021
33725
3372497
33724929
3372488
3372470
337246xqp
337246v
3372469
3372468
33724547
33724498
337244
3372438
3372437
3372433724
337243
33724271
3372421
33724148
3372408
3372405
337240
33724
33723tms.
33723993
3372397123
3372390ka
3372390251
3372386
3372360
33723444
3372339283
33723382
33723371
33723337
33723252
337232
33723128
33722b
3372284
3372276
337227567
33722726
337226767
3372260
33722579
33722526
3372249
3372241
3372240
3372237
3372231
3372219406406
33722183
3372216
3372209
33721919
3372185
33721831
337218
33721521
3372151839
337215
33721441
3372141
337214
3372134
33721234
33721052
3372095
3372071399
33720550
33720442352655
337203
33720188
3372014
3372011
3372009
3372008A
3372008
3371pong
3371pb
3371lag
3371jm
3371jc
3371br
3371a9506
33719709
337196
3371957
337194628
3371932
33719246
3371902
33719001
33718blue
337188
33718708
337187
33718652
33718599
3371847
33718350
3371835
337182
337181
33717999
3371791
33717893
3371785
33717741
337176083622003
337176
3371746
33717332
33717309
3371713
337171
3371708
33717
33716943911
337169377
3371688
33716810
33716569
3371642
33716325
337163
3371623
337162
3371618
33716119
3371611
33716062
3371587a
337158
3371557
337155
3371544
3371505
337150
33714cs
33714c
3371498
3371495
337149
33714840
33714801euamovc
3371477
3371454
3371448
33714245
3371417
3371414
3371412
337141
337139
33713776
3371371
3371366
337136
3371342
3371333
33713324
337133
337132
337131180
33713114
337131
3371296
3371294
3371274
337127
337126
3371252
3371250
337125
33712423
3371234
3371233
33712242
33712158a
33712083
3371208
33712066
3371204
33712000
33712
3371196787
33711934t
33711902345
3371185924
3371183da
3371181
33711798
3371177
33711767
3371155
3371150
33711409
337114
3371130
33711277
3371121
337112
33711151
33711
3371065
3371063m
3371056
337104mac
3371045
3371044
337104
3371038
3371037b
3371036
3371032
337103093
3371029
337102
3371017
33710072
3371007
3371003
3371002520
33710011
33710
3370tu
3370rd
3370nash
3370mom
3370mb
3370DOLLY
3370And
33709999
337099
3370989
33709779
33709501
337095
337093m
33709364
3370914
33708newb
337086s
337086
33708554
3370842
337084
33707941
3370789
3370786
33707734
337076255
33707552127178
337074
3370701
337069
3370689
3370681
3370679
3370673406
337067
337066
3370649
33706320
337062l[]
3370619
337061
33705b
3370598
337059
33705852
3370559
3370558
3370555
3370542
337054
337053
33705293
3370498
337049
337047
337046
33704510
337041
3370407
3370404
337040
33704
3370377
3370376
33703737
3370371
33703251
337031
337030951
3370306
337029
3370282
337027
337024g
33702469
337024
337023
3370229
33702136gemv
337021
33702024
33701988
3370196
3370182
337018
3370178
3370163
337015
3370147
337014
337013
33701.
33701
337009
337008
33700550
3370053
337005190mui
3370042
337002
33700063
33700
337-4676jasmin16
337-1226d
337*sweets
336vbvsa25
336sqd
336south8
336smibb
336site
336ray
336racer
336r34
336player
336obobob
336nmmalj
336ncowens
336martini
336mafia
336ladybug
336l2498
336keiria
336ka0965
336jnm
336jk3993
336jAn18
336gnc
336gdh
336finest
336elm
336elf
336ed72e
336duval
336dts336
336dck
336che
336carolina
336cap78
336cap
336bobbottom
336billy
336band
336babycak
336ayu
336anson
336akaq
336Peck1234
336MACYMACY
336Lilia
336GEE
336BABYZ
3369t
3369milk
3369la
3369kdk
3369kc
3369jt
3369jqmuj
3369jc
3369hoe
3369fop
3369ed
3369cougar
3369chuck
3369a
33699zxzos
336999puiu46
33699910
336998336
336998
33699663
3369963
3369955199
3369933699
336992
3369917
3369909c
33699033
3369900038055
3369900
33698j
3369887
33698856
3369885211041
33698846
3369881988
3369880975
336988
3369878184
33698700
3369867
336985AB
3369854
3369852lov
3369835
336982k
33698262
336981jt
3369817348
3369817
33698120720355166
33697rock
3369791
3369753
33697512ab
336971
336970
33697
3369694
336969336969
3369683
336967
3369662789
3369640
336963
3369623
3369618
3369616
336961
336960
33696
33695hn
336959
336958
336957a
3369578
336957
3369564
336955472
3369550sasha
336955
3369541
3369538
336953
33695247
3369524
3369519
33695176
3369515
3369512
3369501241
33694miaudxs
3369488
3369486
33694734
3369470
336947
3369463
336946
336943
3369426
336942
33694056
336939
336936
33693557
3369355
3369354
33693468
3369340
336934
336933t
336933kim
336933e
336933bh
3369334
3369327049
3369326
336932342791
336931865
33693091
3369308
336929943
33692866
3369283
33692811
3369275479
3369272
3369258147
33692523
3369251
336925
3369248
3369234
3369226
33692258
3369217
33692087
33692
33691d
33691906
3369189
33691814155995
33691622
3369152439
3369143
3369129
3369121518
336909
3369080
33690774
3369076967
3369069121
336906
3369058
336905
336904877
3369041
336903
3369026
3369021
33690209
336902
3369009
33690
3369.258
3368tr
3368padc
3368mr
3368lmt
3368ga
3368bs
336898
3368970
3368926
3368912
33688shqey
33688hdebq
336889
3368886
33688852
336887
3368867
336886
3368852
3368840
336880c
33688077
33687runner
3368784
336876
336873232
336873
3368722
336871
336870812
336870
3368691
336866408412
3368661
33686509
3368630199
3368624
336861076
3368605l
336860
33685dshwh
3368587
3368576
3368575
336855erl
3368554
336853
3368522
336852
336851m
33685
33684vxfeo
3368499
3368485
336848
3368475909
3368470
336847
3368455
3368450
336845
33684457
336843c
3368439
3368430
336841654
336840461
3368389
3368353
3368351
33683368g
336833
336832533
336832
3368308j
336829
33682842
3368284
3368281
336828
3368261
33682568
3368256
336825
3368248
336824
3368233682
336822457
3368223940
3368222
3368211
336821
3368200
33681993
336819600
3368193
336818
3368172
33681717
336815
336814
3368117@#0121871644
3368117
336811
33681031
33680rizky
3368091
336807ares6.5
33680772
3368077
33680717
33680712
3368066
33680557
336804nm
3368049
3368010
336801
33680
3367vdidv
3367rr
3367rich
3367paaf
3367mustad
3367k106
3367dlm
3367deez
3367999
336798
336797
3367962
33679616
3367960
33679555
336794
3367930
3367929
3367928sad
3367913
33679083
336790122451
3367899913047
3367897
33678935039
336789
3367884
336788
3367877
3367872688
336787
3367865
3367856
3367833
336783
336781800
3367814
33678
3367772
336776J
3367768
336776
3367754
3367741
336774
336773
3367719
33676jj
336769
3367688
3367681
3367670
336767
3367661
3367640
3367639
3367636
3367621
336761
3367599Fancy
3367575
33675739
336755
336753373397213672005
3367530
336753
33675135
3367502edward
33675
3367493
336748924klk4850
33674754
336747
336746abc
336745
33674432
336743
3367426
3367421
3367415
336741
33673993
3367395
3367391
336736
3367351
33673367v
3367336
33673357
3367333673
336733
3367326
336732
336731647012
33673
3367262
3367249
336724179
336724
3367236
336722
3367216o
3367213
336720jc1
3367206
336720020
3367192
3367188
336715
3367147
3367141payton
3367132
3367109nata
33671065
33671032
3367100
3367099
3367076
3367074
336707
3367058
3367048
3367032
336703000
3367024
336701
33670
3366txtech
3366tong
3366sh4
3366redred
3366me
3366maywood
3366lab
3366ktj
3366karin
3366jun
3366jb
3366gyyy
3366duda
3366deon
3366arca
3366aaa
3366_no.1
3366SHARK
3366@#1
33669p
33669dgr
33669a
336699p1
336699ok
336699mc
336699liv
336699js
336699jane
336699j
336699ea
336699d
336699aa
336699VM
3366999966666
336699996633
33669988774411
336699885522447
336699885522
336699852
3366998
33669955
336699440434405
336699369
336699336699
336699225588114477
336699225588
3366991234
33669910
3366991
3366990011
3366990
3366987
336698
3366966nasist
336696
336695
3366945
336694
3366939T
3366933
3366928
3366922
3366914ab
336691006016485
3366905
33668pepe
33668900
33668899
3366889
3366888885
3366888822998800
33668844
33668811
3366881
33668737
3366860
336685
336684
336683034427
336682
3366815
33668121
336681
3366809
33668077
3366805
33668
3366782
33667789
336677541PoM
336677541
3366770a
336676174
336676
33667594
3366751
3366742
336674
336673
336672
33667
3366699
33666957tamo
3366692
3366683
33666699
3366666
3366643
336664
336663
3366627
3366624
33666200
3366613
336661
336660
336659
33665802
336658
3366579215639398
3366577
33665735
336655a
336655889966
33665562
3366555nanary
3366555
3366553e
33665512
33665502
336654h
3366549
3366548
3366547
33665412
336654
3366532
3366530
3366511
33665
336649280
3366487
3366481
336648
336647orange
336647imma%
336647cm
33664773
33664730
33664624
3366451
336645
33664488
3366441
33664236
33664235
3366420
336642
336640
33664
3366395
3366391724681
3366368
3366366
3366362
3366351
336634497
33663433
336633ss
336633a
3366338
33663366MH
336633663366
3366335
33663261soto
3366324
336631698
336631392671364
3366310889
336631
3366304
33662ysfko
33662x
3366296
336629
3366280117
3366260
33662575
3366255947
3366250
33662466
3366236865
336622663399
33662211
336621a2b
3366216
33662060895
3366206
33661996
33661973
3366190ang
336619
3366182
3366171
3366158m
336615
3366149
33661261
336611c
33661188
33661026
336610
3366081
33660791
336607
3366065
336606
3366059narby
3366057
336604
3366030
336603
33660291
3366028777
33660227
336602
33660166
33660101
3366001
3366**tintin
3366*
3365ttab
3365sns
3365sarge
3365rb
3365lu
3365llr
3365kar
3365frc
3365cs
3365_LESLIE
3365998
3365997950
3365985
3365982
3365978608
3365926
336592200
3365920
336591
336590
3365899658
3365899
33658957
3365889
336588
3365878
336587
3365864
3365863
3365859
3365853
3365850
3365841
336584
336583992
336581871986
3365812
336581
33658004
336580
33658
336578m
336574
3365730934
3365719
3365714288Bs
3365703
33657
3365695
33656903
3365686
3365682
336568
3365656
3365643
3365642
336564
33656367
33656365
3365634
3365631me
33656259
3365625
33656122
336561
336560305367
3365595
3365588
3365585
336557RIMH
3365576
3365562
33655533327893
336554
3365532
3365526
336552
3365518
3365517
33654u
3365496
3365489
3365486
336548
336547
33654674
336546
33654427
336544
3365421e
336542
33654186
3365412798
33654123
336541
3365405
33654041
3365392
3365389
3365374
336533653365
33653005m
33652849
336526g
336526
3365256a
3365252
3365233
336523
33652256
336521
3365209
336520
3365194
3365193
336519
33651830
336518174
3365176
33651309
336513
3365126259
3365123
3365113
3365110
336511
3365106
33650663
336505
3365033
336503
3365028
336502
3365014
33650123
3365011
3365007
336500685086
3364rm
3364ZJ
33649apwtx
3364994
3364976
3364972
3364963
33649527
336495024066
3364944
336494
3364933649
3364933
3364932615**ya
336493**yadeniz
336493
336491
33649055
336490
3364863
3364860
3364859
33648538
3364852
3364844
33648305247
336482
33647bo
336479
3364773pekora
3364773308
3364771
3364768246
3364767zz
33647506
33647402
336474
3364736
3364727ev
3364726
3364724
3364706217
3364702
33647005
33647
3364685
3364677f
336466
3364653
3364634
3364633646
33646255
3364619
336461
33646078096
3364597
3364587
3364583100
336458
3364578
3364574
3364560
3364550
336453412
33645315
3364515
336451461352brk
336450613645
3364499
3364497
3364490
336447
336445
336444555999
33644424
3364440
3364428
33644252
3364423
336442
3364410
33644043
336439dob92
3364391
336439
336438
3364366
3364365
336436025
3364353
336435
3364337
33643354
3364309
33643089demonio
3364305
336430
33643
3364286
3364285s
3364277
33642645
336425
33642489
3364240891584467
336423
3364228
336421a
33641abc
33641964
3364194
3364192
3364188
3364180
3364179
33641752
33641631996
33641600
336415920
33641416
3364141
336411520kae
336410
33640anamur
3364097
33640812
3364066
3364061
336406
3364058
3364042904
3364032
3364019
3364014
33640100165108083
3364009
3363yash
3363mw
3363lmc
3363lexi
3363jamisondrive
3363cannes
3363april
3363akademi
33639c
33639bcvwm
3363993
336399
3363982
33639708
33639627
3363950
3363943
3363936s
336392407
3363922s
3363919cem:
3363912
3363911245
3363901
33639
336389
3363885
336388
33638771
33638747
3363872
3363862
336386
3363857
3363852
3363847
3363843
3363826
3363816
33638157
336381
33638001
33637h
33637bia
3363789644
3363787trosky
336378792trosky
3363750
3363727
3363723
336371907*fenerbahçe
3363717
3363711
3363691
33636750
3363663
3363660
3363655
33636490
336364581158
336363a
33636363a
3363636
3363633^^
336361
336360
33635SATNURAK
3363598
336357w
3363575
3363570102
336357
33635609
336356
336352
336351
3363481516
336346bk
336346
3363445
3363441
33634383
3363433
33634316
3363430
33634248
336341997
3363415
33634145
33634010
33633c
33633827
3363382384082988
336338
336337001
3363370
336337
3363366
33633645
336336336
3363353321
3363350
336335
33633363
336332alex
33633285
3363322
3363319
3363317
336331
3363306
33633055
3363288
3363283
336327m
3363277
336326ida
336326878
3363262b
336325
3363248
3363231
3363223251
336322
336321m
3363212
3363211
3363207liying
3363203
33632
3363190
336318073
336317
336316
3363159
3363158/s
33631575mio
3363140
336314
33631333
336313
3363126
3363124
3363123
3363120
336312
33631195+
33631137brujah
336311
3363109
3363105
33631048
3363100
336309
3363070
3363067
3363065
3363063701
3363063460
3363062
3363055
3363047
336303b
3363033mei
3363025
3363023
3363002
33630**
3363*lybeto
3363
3362leng
3362greg
3362free
3362dave
3362bunce
3362S3362
3362992
3362989
3362977
3362973000
3362954
336295328180
336292
3362918
33629160
3362903
3362896311
3362892
336288
3362852
3362851a
3362840badz
336284
3362837
3362834
3362833733
336282
33628
33627sxfhh
336278
336277
3362760
3362756154
336275
3362729085
3362721180
336272
3362703183
3362691
3362688
3362683
336268
3362676723
3362676
3362673
3362671304
3362669
3362641
336264
3362628
3362617***
3362613
33625twy
3362585
336257
3362566
336256
3362548536
3362530441
336253
3362528m
336251v
33624evpnu
33624al
3362494
3362471
3362470
3362465
3362461
33624415
336244
3362431
33624263
33624249
3362424
3362417
3362409219jossy
33624056
33624
336239
3362388
3362379
336237
3362340
3362335
33623260
3362317
33623145568
3362309
33623054
3362303
33622z
336229
3362286
3362281
33622740
3362274
33622705817
3362268b
3362255
33622393349431
3362227
3362224
33622
33621L
336219
3362182
33621810
3362179
3362173
3362167
3362159953
33621595
3362159
33621421
3362133
33621325
3362124
336212
3362107
3362100291
33620b
3362085
3362083
3362067
3362065e
33620607
3362040
3362034
33620321
336203
3362005
3361marina
3361lu
3361loozers
3361le
3361dj
3361biko
3361and
33619gurl
33619J
3361996
33619948a
33619948A
3361960
3361946
336194
33619170
3361910
336190
336188
33618789
33618647
33618601919
3361849
3361841
3361835
3361832
33618245
3361824
3361821
33618032
33618/
33617924
336179
336178
3361778
3361772
336176
3361756
33617544
3361743
33617415
3361737
3361732
336172537000
33617020
33617
3361694
336168
3361678
3361672
336167
336165F
3361657
3361653
336165
33616464
3361645
3361637
3361629
3361620
3361600
3361597
3361593
336159
336158508
336158
3361579
3361577p
3361574
3361557
33615526
33615396
3361536
3361524
3361522q
336152122
336151138/
3361509
336150
33615
3361483
336148
336147b
33614789
336147
3361458
336145
336144465
336144
3361433614
3361424
3361420
336141
33614
33613t
33613r
3361396
336139
33613892
3361386
3361378
336137
3361350
3361348
3361344
33613420
336134
3361336
3361334
336132
3361317
3361316797
3361303
3361301
336130034499
3361300344
3361300102260
336130
33612j
33612864
33612814
336128
3361270
336126w
3361266
33612642
3361262
33612514
3361250
3361239
3361237
3361236
3361232813
33612277
3361226
3361224
3361220
3361215
3361212
336120a
3361208
33612007
3361200438517
336120
33612
33611z
33611945
3361189934
33611813m
336115h
3361151376
3361151
3361131
3361130
336113
3361124dp!
336112
336110511
3361101
3361100337077
3361100145
33611
33610c
3361098
3361073
3361059
3361057
336104
3361039
3361033610
3361030888
3361025
3361023
3361020
3361017
3361015
3361014samuel
336100s
3361001035170
336100072381
33610
3361
3360steve
3360ri
3360kkgaldy
3360jh
3360haha
3360greyfriars
3360ermd
3360alice
3360LAW
336099
3360975
33609710joro1501
336097
3360966
3360965
3360963
3360960
3360949braulio1
336094
3360938
3360936
3360929
3360913
3360911
33609
3360881
3360875
3360873
336085
3360849
3360837
33608360
3360835
3360826
3360820514
3360806
3360801
3360800040
336080
33608
33607isqt
3360799
33607766
336077
3360766
3360765
336076
3360757
336075
3360743
336072485
3360721
3360719
3360674
3360665vicky
3360660
3360646
3360641
3360621
336062
33606033
3360600011811
33606
3360593
336059
33605833
3360579616
336057312321
336055
3360517
3360500771890
3360500757650
3360500320588
3360500076679
336050
33604harley48
336049
3360485
3360468
33604631264,gkn
33604536
336042wwee
3360422
3360404
3360400861323
3360400698139
3360400592471
3360400180661
3360400
3360396
3360375
336037
3360364xolorojo
336033608     h
33603360
336031
3360304
3360300115735
33602sndpn
336029711589
3360297
33602960
336029310462
3360293
336029
336027141
3360264
336026151
3360260
336025
3360244
3360243
336024
3360221
336022
336021808
3360218
3360216
336020416
3360200457464
3360200280211
3360200
33601968
3360192
3360184
3360179
3360171142
3360170
336017
3360167
336016
3360153
33601504
3360143
336013
3360121
3360113e
3360113
3360102
3360101440911
3360101196
3360101122383
3360100968483
336010085
3360100221761
3360100034545
3360100
336010
336008
3360074
33600715245959010
3360066
3360064
33600633
336006
3360049dk
3360048
3360045278
3360038
336003
3360023
3360016..0
3360009
3360002
336*3527burnsb
335yukito
335xnzey49
335xgird
335wwe619
335wfjwj
335vgn
335tig
335sura
335star
335sf4
335pnoz
335oakwood
335mtf
335lespaul
335lee
335kamrin
335jrcbt45
335joselito
335jmdknf
335jeff
335james
335j1
335isis
335ired
335ikuzak
335iain
335greenrd
335flh
335eja
335ej
335dark
335dany
335dan335
335dahlia920
335d24
335bff
335aringwoodroad
335ant
335agapelj
335act/
335acb
335JMDKNF
335A4ca9
3359snugk
3359pm
3359bell.com
3359ad3ali
33599m
3359984malik
33599788
3359975
3359963
3359930
335993
3359925
3359909k
3359907
3359903
3359900125659
3359900099291
3359900004606
33598ifmyw
335989
3359889j
3359888
33598847
335988
3359872
335987
3359862
335986
335985394
33598517
335985
33598354
33598291
335981
33598070334
33598025vg
33597l
335979
335978
3359773
3359765
33597582
3359748
3359744
335973
3359729
3359726
3359714
335969
33596702
3359660
33596560
335964
3359624
335960
335959
3359586
335958
3359568
3359560
33595567
3359548
33595377
33595349
335952
3359478
335947
335945
335942
335941
3359395
3359391
3359360
335936
33593421
3359330
3359326
335932
3359308
3359307
335930
33592sonne
33592773
3359275
335926jh
3359266
335926
33592486
335923
3359227
3359222
335919
33591784
3359161
3359138
335912548
3359124
3359120
3359105
3359103
335905
3359024
33590173
3359016
33590072
3359001
3358bubby
3358990
3358981
335897
335895
335893dada
3358933589
3358922c
335892
3358911
335891
33589047
3358902
335889389
3358892
335889
335886
3358844
3358837
3358829
3358812
3358805
335880
33587cream
335878wolf
335878
335875
335871
335870
3358690
33586263
335861
3358607
33586033
335860*a
33585j
33585cslau
33585840
3358576
3358547
33585362844134
3