46
31351515
3135145387
3135138696
3135134tefy
3135134@lljboyrt
31351348
313513462
31351343
31351342029
3135134162za
31351341622
31351341621
31351341620
3135134162.
31351326
3135132508
3135131980
3135131
31351305
313513
31351189
313511405
3135113451
3135112026
31351029
31350z
31350i
31350A
3135097773
313507
3135069064
3135069
3135062303
3135062
31350468duster
3135046
3135045420
3135045
31350352
313502027
313502
313501od
3135012694
31350038
3135003719
313500369
31350
3135
3134workrd
3134opcc
3134ninemi
3134leafar
3134jwm141191
3134f190
3134arbor
3134_impala
31349JB
31349911
3134985
3134983550
313498
313497aleja...
3134978686
3134978242
3134974
3134966655
3134965023
31349646
3134964
3134961
313496
3134949696
3134940008
3134935210
3134933232
3134932813
313493
3134928701ALEJA
3134922390h
3134921734
3134921159
313492
3134918467
3134911881
3134910596
3134909163
3134900906
31349
31348972
3134892
313488mpje
3134875802
3134866478
3134863304
3134852987
3134848133
3134843436
3134842400
3134837543
3134836636
313483056789
3134826468r
3134825506
31348240d
31348209
3134817240
3134814646
3134812393
3134810507
313480
31348
3134797822
3134791458
3134789279
3134783068
3134782417
313477l
3134775342
3134775
313476971560090
3134757vm
3134757400
3134756
3134755405
31347551983153399342230507
3134754385
3134753348
3134751595
3134747882
3134746029
3134745415
3134743
313474
3134727733
3134720370
3134717892
3134717275
3134715119
3134709344
3134706189
3134703445
3134702221
3134699556
3134698009
3134693199
3134691031
3134690784
3134690109
3134689086
3134687393
31346857970910
3134685600felip
3134684847
3134683737
3134682162ericky
3134681496
3134676959
3134676
313467289
3134655041
3134648494
3134635956
3134635581
3134629282
3134628800
31346168
31346119
3134610
313460737
3134606832
3134604160
3134601842
31346
31345tyu
3134597
3134594563
3134590177
3134588199
3134585153
3134583454
31345827
3134582446
3134580058
3134577783
3134576103
3134573766
3134572101
3134568921
3134568
3134542249
3134542184
3134538851
3134533
31345311907
3134520
313452
3134518p
313451
3134509086
3134504680
3134502263
3134501797
3134499049
3134499
3134493987
3134491490
3134490818
3134489456
3134489
3134485225
3134482
31344809938075
3134475891
3134471848
313447
3134465836
3134462749
3134460319
3134457478
3134457
313445/
313445
3134448112
31344469
31344444
31344403
313444
313443
313442
3134410075
313441
3134408513.
3134405662m&m
3134403834
31344012
3134387213
3134386633
3134385602
313438
3134373839@
3134373431
3134370157
3134369570
3134361
3134359207
3134355058Na
3134354805
31343536
3134352
3134351
313435
31343395avf
31343341
3134314a
31343134a
31343115930+.
3134308
3134307
3134301
3134294508
3134291473123
31342905
3134288945
3134279132
3134277792
3134275204
3134272170LOKITA
313427
3134269
3134263090
3134262786
31342621
313426
3134259726
3134257651
3134256933
3134256414
3134254455
3134253
3134252235
313425
3134242654
3134240174
31342333531993
313423
3134228987
3134228
3134227672
3134219
3134203064
3134201080
31342
3134199
3134193061
3134184
31341717
3134171351312
313417
313416972
3134167545
3134163064
313416
3134159107
313415661422bj
3134154165
3134151523r
31341508963930932
313415
3134146251
313413k
3134139039
3134135364
313413513217
3134135
31341316
3134124645
3134124307
313412363
3134123501
3134123091
3134122935
3134120565
3134116874
3134113174
3134113
313411
31341064714355516
31340zhane
313409im
31340992
31340967763103214531
3134095200
3134094990
3134090
3134085720
3134073
3134071633
3134070887
3134069277
3134068
3134061507
3134061
3134058835
3134056518
3134055614
3134054904
3134052216
31340513501973
313404b
3134046748
3134043434
3134043132
3134042
3134041863
3134040685
3134036285
31340343139869
3134030392
313402
31340120
313400r
313400777
31340050b
3134004717
31340
3133yo
3133tta
3133st
3133peng
3133meowmeow
3133mamu
3133jr
3133ice
3133alex
3133EMT
31339lexy
31339a
3133994713
3133993033
313399
313398
313397al
313397248856
3133960569
3133950149
3133945674
3133945520
3133942777
3133933883
3133932912
3133931
313392685022
3133922353478
3133921930
3133910381
313391
313390c
3133907166
3133897020
3133896588
3133894965victorarandatekieromucho
3133882895
3133879907
3133878
3133871455
3133863
313386
313385a
3133856
3133854854
3133852132
3133851166
3133850497
313385
3133845
3133836340
3133836219
3133834385
3133830023
313382980
3133822
3133811724
313380wa
3133807053
3133805459
3133805
31338045405721779
31337t
31337m364n
31337love31303
3133798
3133797898
3133792985
3133783062
3133781231
31337811717
3133780351GISyyk
31337794
3133779391
3133773958
3133771
3133761
313376
3133752122
3133750
313375
3133748
3133745
3133744840
3133743744
313374
31337330
3133731732
3133731337
313373
31337253731073
313372250291
3133722
313372
313371s
3133717381
3133716209
3133712095
3133710542
313371
3133709935
3133706501tripi
313370
3133695
313369
3133689707881726
31336854
3133685
3133682190
3133669
31336637
3133663154
3133663
31336605649313
3133656865
3133655
3133652
313365
313364kb
3133631143
3133624
3133614085
3133612842
3133611
3133608146
313360553
3133605
31336
3133597861
313359
3133585480
3133582
313358141
313358
3133577
3133575672
313357
3133569346
31335653150714
3133564000
3133563488
3133557732
3133555
3133553743
3133553
3133551352
313355
313354jkm
31335414
3133540
3133539764
3133538646
3133537646
3133535
3133534407
3133534220
3133530hcl
3133526
3133525986
3133525
3133523049
3133520742
313351a
31335186309
3133516417
313351633
3133515811
3133515
3133514657
3133511725
3133511320
31335108
313351
3133501004
313350
31335
313349690
3133491
313349
3133487730
3133486925
3133485302
3133484645
3133481
3133479086alexand
3133478305
3133476
3133473385
3133465347
3133460
313345r
3133459789
3133448231
3133448
3133446878
313344
3133436915
3133432859
313342517
3133418
31334
3133393412
3133392721
31333925
313338j
3133387300alejandra
3133384
3133379
3133376302
3133374364
3133373
3133369945
31333678783300
313336
313335
3133349209
3133343125013
3133343058
3133343
313334
313333L
31333256
3133323462+
3133322553
3133321464
3133321199
313332
313331994
3133317186
313331688
313331
3133307344
3133303m
3133291049
3133288425
3133288
3133285083
313328
313327b
313327
313326ok
3133269906
3133267
3133266
3133264406
313326421iq
313326339rab
31332633963
313326338
31332633
3133262233412
31332600
3133259832
3133259665
3133259107
3133258942
31332577
31332533
3133250139
313325
3133247577
313324324
3133243009
31332414333
313324
3133234
3133233kim
3133233
313323
3133227475
3133227407
3133226898fear
3133226212
3133224109
3133223760
3133223684viviana
3133223595
3133223
313321Mum
3133219379
3133218311
31332181
3133213114
31332123
3133210184
313321
3133207
31332059
3133205318
3133205062
3133203519
3133202320
3133202
313320
31331z
31331m
31331j
313319l
31331994
31331991
3133197132
313319200
3133190b
31331854
3133184728
3133181091
313318
3133176559
313317
3133169
3133161214
313316
313315t
313315emma
3133159412
3133157030
3133155841jhon
313314863
3133146648
3133143578
3133142946
3133142744
3133141612
313313weldo313313
313313t
313313d
3133139780
313313715313313
3133137
31331357
3133135353
313313313313
313313313131
31331331
31331328
31331311
3133127201
3133126
3133125759
3133125044
31331213
3133119649
31331175
3133110
3133107027644
3133107
313310
3133097978
3133095
313309
3133088297
3133086048
3133084800
3133083707
31330835954814
313308
3133076017
3133072636
313307*9663
313307
3133067834
3133066
3133065
3133063687
313305z
3133052
31330462
313304454
313304
3133039691
3133036
3133031330ale
31330247
31330209
313302
3133012483
3133012123
3133011853
313300d
3133008260
3133007721
3133007197
3133007
3133005239
3133003ds
31330
3132william
3132w.elmst.
3132thomas
3132sexcee
3132ru
3132razi85
3132pac
3132p
3132nty
3132momma
3132love
3132jw
3132jack
3132hubby
3132ebu3132
3132da
3132cds
3132bf4l
3132benyi
3132art
3132993
313298
3132978990
3132969854
3132966665
3132961
313296
31329577
3132953032
3132951
313295
3132949
31329459
3132942
3132939725
3132936471
3132931125
3132930969
313293
3132929581
3132920206
3132919315
3132909720laura
31328chepe
3132894802
3132890733
313289
313288500
3132877711
313287
3132868209
3132867960
3132867870
3132867416
3132867072
3132863412
313286
313285m
3132855313
3132855
3132852
3132851
3132850380
313284950
3132849
3132847863
3132846
31328450
3132833
3132831
3132830400
313283
313282
3132815832
3132814889
3132812353
3132805710
313280
31327olp
3132795552
3132794-08663@
3132792698
313279
3132785549
3132784330
3132777
3132775
3132771
313277
3132767715
3132766930
3132765174
3132763141
3132760294
313276
3132757330
3132756764159753
3132746857
3132744
313274
313273abby
3132737262caro
3132735191
313273
3132727412
31327267
313272327905
3132720549
3132720
313271Isaura
3132717304
3132717130
31327163
31327109599
3132707821
3132703162
313270
3132694615
3132691332natalia
3132691
313268bb
3132688
3132686620
3132685
3132677
31326762
3132675
3132674874
3132666x8210
3132661839
3132656830
3132655
3132653373
3132647
3132645335
3132642211
313264
3132635775
3132631
3132630585
313263
3132629291bjgd
3132626444M
3132623789
3132623146
31326170
31326168
3132615
3132611266128
3132611
313261
3132606402
3132605614
3132604669
3132601460
31326
31325944538
3132591
3132582
3132575964
31325752
3132573896
3132570380
3132567914
3132562368
3132558992
3132556885
3132551239
31325503
3132546587
3132544756
3132542385
3132542
31325403692993
3132539
3132538057
31325377
313253732
3132537
3132533
3132531344
3132531
3132530934
3132530016
3132530
313253
3132529
31325274038
313252717
3132527
3132526
31325251982
3132524
3132522518
3132522512
3132522
3132518918
3132518442os
3132514
31325137
313251
3132509
3132508012
3132500167
31325+31325*
31324th
31324aa1
31324_elena
31324902
313248m
3132485840
3132485220
3132482854
3132480101jm
3132479882
3132478853
3132478494micel
3132478051
3132476677ma
31324730676
31324713jia
3132470727
31324692355
3132460803
31324590
3132457058
31324568624113n
3132456
3132455957
3132450211
3132447427
3132446892
3132445
313244
313243alex
31324389
3132436630
3132428802316227
3132425526
31324229
313242
313241S
313241Long
3132415772
3132415
3132413
3132411
3132408583catherine
31324065
3132402
3132401893
31324
31323sr
31323r
31323overtime
31323mingnana
3132399
313239
3132386
3132384108
31323831
3132381102
313238
3132378862
3132377497
3132375959
3132370084
3132369644
3132369550
3132368847
31323673
3132362904
3132362510
313236
3132356850
3132355691
31323552563118292083
3132353720
313235363839
3132353328
313234e
3132349712
3132347
3132343536
31323435
31323410
313233pa
31323393313233
3132338
313233748506
3132337381
3132336341
31323336
3132333437
31323334353
3132327043
31323231
3132321446
3132321
3132318
313231701992likin
3132317
3132316
31323153
31323144
31323140661008
31323133
313231323132
313230706
3132306
31323000
3132291667
3132290275
313228liz
3132284619
3132276389
3132274718
3132268
3132267
3132263913
3132260460
3132260293
3132257
3132256h
3132243una
3132238627
3132233578l
3132233
313223127
3132230168-2658703
313223
313222q
31322289
3132223
31322210
31322203
3132217487
3132216801
3132215982
313221420
31322130
31322082-andres
3132207900
3132205662313230
3132205625
3132200620
31322
31321n
31321992
31321991
3132198
3132197997
31321978
31321974
31321972b
3132196395000000
31321933
31321831
3132181607
3132179469
3132176429
31321716
313216wp
3132169455
3132164394058500
3132161887
3132160545
313216
31321591
3132156
31321522
31321520
313215
31321459
313213p
313213987
3132138095
3132137
3132134
3132133
3132130287
3132129855
3132127
3132124757
3132124700
31321246
3132122631
3132121121
3132121
3132119948
3132119435
3132118495
3132116pipe
313211683472
3132114710o
3132113887
31321128
31321097
3132104715
313210
31321
31320dt
3132098029
3132097074
3132096
3132094586
313209
3132084973
3132082027
31320803
31320797
3132078
3132065156
31320648293133127523
3132064
3132062
313206
3132050
3132049870
3132049233
3132046325
3132046214
31320455
3132044753
3132041514
3132037115
3132035
3132033
31320258
3132021525
313202020
3132018600
3132017126
3132013alexx1000
3132011
313201
3132008
313200708617
3132004800202
3132003342
313200.313200
31320
3132
3131zxcv
3131z
3131ykcor
3131yk
3131yaimk
3131ww
3131va
3131sz
3131syl
3131s3
3131s
3131pitanga
3131onom
3131motion
3131mky
3131mgc*
3131lyssa
3131lo
3131lcb
3131l
3131klla
3131jz
3131jdmp
3131in
3131gunit
3131fern
3131fabz
3131f7
3131cla
3131cb
3131callie
3131bvd
3131baby
3131acc
3131ab2
3131aa
3131Terry
3131QW
3131Maddux
3131IE
3131BYRD
313199j
3131995k
3131995j
3131994omorfia
3131993eaw
3131993/1291992
3131992loser
3131992i
3131991k
313199
313198f
3131988jtj
31319880165113949
3131987slimi
3131987m
3131980aam
313197923
3131976
31319711
3131957
3131950alberto
313195
31319313164
313192
31319191
313191758
3131908
31318991
31318956
3131880
313187d
313186k
313185
313184hh
31318443173
3131835
313183
31318240
313182
3131817626
31318124058
313181
31317kiki
3131789
313178
3131752
313175
313174j
313174
3131733
313173
313172337
3131718
3131705
31317
31316944sv
31316854
3131684
313165
313164061427
31316262c
3131617
31315942
31315911
313159
313158
31315797
3131571
31315566
31315417
3131540
313154
3131535
31315231313
3131522
313152116
313152
313151hk
3131519
3131501
31314me
313147
3131463
31314600
31314533
3131452
313145
313143273
31314325
31314221990
31314169
3131415
313141
3131403
313139279
3131389845
3131385
31313822
31313800
3131378
3131377
31313714m
313137
3131369
3131364
3131353
313134052
3131340
313134
3131339ab
313133919
31313333
31313232ok
31313232
31313210
3131320m
313131z
313131w
313131v
313131tev
313131r
313131m
313131lb
313131j
313131e
313131d
313131c
3131318
31313178
31313162
31313131jp
31313131a
31313131315
3131312m
313131245
31313119
3131311
3131310
313130064
313130
313129f
313129
313128teamohayde
31312898
3131288
313128281010
31312828
31312822
3131282
313128/
313125899
31312547
31312525
313124id
313124b
31312426
3131241
31312407
3131235
31312331
3131227
3131226
313122312
31312227
3131218
313121314
31312114
3131207
31312053
3131200
31311aud
31311983
31311972
3131190
313119
313118
3131178
313117573
313117
313116B
31311679
313116
3131158
3131152royz
313115226
3131152
313115086
313115
3131146
3131143
31311427
313114
31311396
3131136627
3131135
3131133mae
3131130
313112989
3131123
313112122626
3131120801
3131120512
3131115
3131112c
31311102
3131104
31311021eli
31311004
31310kn
31310cgs
3131091a
31310808
313108
313107
3131069
31310683
3131066
313106
31310510
3131045
3131041
3131038
313102598
3131025
31310246
31310228
3131022
31310210
3131020
313102
313101825
3131018
3131015
3131014
313101383
31310101
313100tb
313100ana
3131009
3131001
3131*maee
3130nws
3130nc
3130moose
3130mj
3130kat
3130jh
3130j
3130ihate
3130b6
3130PINE
31309l
31309937
313098c
3130973
313096334456489
313095
31309381
31309336cali
3130932?j
313092lad
31309295
3130915
313091
313090w
31309046
31309
31308kn
31308ellie
31308MS
31308AM
313089passwordseton
313089a
31308966
313089047zh
313088lin
3130867
313086043
313085m
3130857
31308557
31308540
313085
31308450
3130844109
3130836
3130835
3130824
31308203
313082
3130812
313080b
31308030
3130803
3130800
31307tom
313079p
31307981
313079
3130784
313077
31307564liliana
3130753
31307519
31307308
3130722
313072
31307003
31307-cynthya
31307
31306abj
313069
3130688
313068461
3130680
313068
31306713
313066315
3130647
3130643
31306389
313063803
31306329
313062738
3130626
313062
31306193
3130614
3130611cy
313061107350
313060635
3130605
3130600380924
3130600195558
3130600159
31305952
3130595
3130591
313058ap
31305897YOYI
31305892
3130581
313058
313057
31305623
31305573
313055315
3130541
31305383
31305324
3130532
313053
31305282
31305150
313051313051
3130513
313051
3130508
3130500219439
3130500184325
313050
31305
31304tbrb
31304c
3130482
313047999
313046
31304518
313044
313043256
3130427
31304234
313041652
3130410d
313041
31304067
313040130296
31303roo
313039ee
3130398
313036b
3130344
3130339
313033
313032
313031m
313031h
31303143
3130314
3130311708
31303031
3130303
3130300623732
3130300614512
3130300562881
3130300351317
3130300213372
3130300095744
3130300
31303.c
31303
31302storm
31302928
313028
313027
3130260
313025ck
31302530
31302522
313024d
3130236163a
3130234
31302265593542
313021kan
3130218456
3130217
3130215
3130200332507
3130200170604
3130200149
3130200118700
31302
31301988
31301984
3130198
3130195
3130174
3130173
31301616
3130158
3130151606
3130146
313014
3130131301
3130126
31301234
3130121
313012
3130104
3130100471092
3130100471076
3130100392940
3130100385757
313010034974
3130100060432
3130100057865
3130100008325
31301000026962006
313008
3130079
31300617sb
313006004cenia
313005
313004503
31300367
3130033
3130031.
3130027
313001852k
3130014
313001
3130000
313/2chompoo
313.nunu
313.5902122
313-814-41-72
313-374741
313)7777
312zabrina
312z465a978q
312yol
312yami
312y385
312xyz
312xscyh
312wbzd35
312was
312w1n1981
312vuo)(o)u
312vroyy
312twins
312tinky
312teybm
312state
312snowyowl
312slash312
312sgv
312sexy
312sac
312rusty
312rose
312ridiculous
312rcp1985
312rabidusH
312popit
312poli
312pleasant
312pistas
312pig
312peanut
312ogl
312obet
312notts2007
312nolove
312nikkon312
312nicole88
312nene
312nanoi
312nGee
312n38
312mys
312msdim
312mom
312mdbj
312mary
312mack312
312lyall
312lra
312lang
312lamg=)
312lamberton
312lalie
312kyaun&shay
312krew
312kk0237
312kitty
312keith
312kats
312k1987
312jvf93
312julian
312jsu
312jolly
312jaz
312jayson
312jaysha
312jamal
312jade
312indiana
312imindian
312houses
312hallave
312gizmo
312game
312froggy
312forever
312eqw
312ed66
312east
312dje
312dianitamay
312dhoomtata
312death=
312day
312daniela
312dafkn5
312daa0a
312d14n
312cuz
312ct604
312cruz
312crunk
312college
312cogswell
312clear
312chevron
312cherry
312cat
312cashews
312broadway
312brent
312boys
312boyd
312bitties
312b2600
312anjelo
312anh412
312amy
312alexiel
312ahmmah
312adri264ana9254
312a712a
312_pwh
312YESENIA
312Wchurch!
312Sprinkles\\'
312Sprinkles'
312Schato
312ParLn:@)
312Nana
312K!rras
312JHON
312InDaHoOd
312ILOVEDAD
312Frog
312CUZ
312BkS312
312AV26228
312@SWjr
312@C
3129ubiel
3129pk
3129nelson
3129millwood
3129mai
3129lov3
3129ko
3129a68s
3129LOVE
312999312
3129991
312998
3129951
3129950
312994
3129931299
3129922
3129912
312991
312990love
3129907
3129905
3129904
3129903
31299020071
312990025726
3129900250901
3129900182107
3129900146097
3129900045339
312990
31299
31298vlo
312989593
3129889
3129887
312988
31298715
312986832
3129867
312985774
3129852b
312984
3129829
3129825623
3129821
312981887
312981
312980
31298
31297DA
3129797
3129786450
312978387
31297837javi
312978
3129779213
31297784
312977
3129757
312975
3129731297
31297216
31297104
312970
3129685nj
31296826
312968
3129674
312966
312965633
3129654
3129651
312965
3129648
3129644
3129633
31296277
3129623z
312961lr
312961
312960mp
312960782
31295diane
31295a
3129594
31295922
3129591599
3129578
312956b
31295620
3129559
312954951459
3129548
312954
3129539y
31295374
31295299
3129526060
3129524
3129511
31295022020359
31295013
31294of951234
31294hd
31294cumpleanos
312949
3129488
31294676
3129457
312945
3129439
3129434
3129424
312942
312941
3129404
312940
31293nd
31293ds
31293S!
312939
312937
3129354
312934942
3129331293
3129331
312933
312932924
3129329
3129326
312932
3129303
3129301
312930
31292c
31292bmd
31292Santa
31292931
312927pt
3129279
31292788
312927
3129266258
3129266
31292620
3129262
312925agi
31292552
31292530
31292529
31292528
31292524
31292517
31292507
31292416
3129221034
31292205
312921611
3129214
312921269
31292106
31291sa
31291mikey
31291deja
31291darz
3129199528
31291945
312918monica
312918brandon
31291814
312917148
312916s
3129159
312914357
312913210
3129131291
312911us3
31291137
3129112
3129111
312911
3129102819
3129101293520
312910
31290slw
31290sk
31290nev
31290kc
31290J
3129090
312909
31290836326
3129080
312908
3129078
31290709
31290706
312906
3129054920
312904
3129035
3129033
31290319
312903
3129017
3129015
3129012aleja
3129010391
312901
31290000
3128xxxx
3128tch
3128sm
3128re
3128one
3128mnbv
3128mireya
3128jl
3128jasper
3128etereum
3128east
3128amor
3128am
3128TYuu
31289d
31289b
3128999479
31289980
3128998
3128994734
3128991491
312899
3128985998
3128981558
3128978240
3128978116
3128975602
312897554
3128969108
3128968295
3128963961
3128963
312895656
3128949657
3128945054
3128942
3128941543
312894026627
3128933965kathe
3128933891
3128933113
3128932951
3128931589
3128931479
3128928529
3128927390*
3128924836
3128924138
3128923875
3128922589
3128920952
3128920380
3128918770
3128917803
3128916337
3128911907
312891
3128909030
3128907327tefita
3128904605
3128901
31288jmc
31288clh
31288997732
3128899169
3128897746
3128889178
3128887159
3128886881
3128883824
3128883620
3128882805
3128882375
3128879728
3128878356
3128878166
3128878072
3128876933
3128876701
3128873
3128871628
3128868726
3128865
3128860470
312886
3128858916
3128856290
3128856165
3128856
3128853743
3128853293
3128846989
3128846528
3128843232
31288430
312884190
3128841665
3128841
3128840387daniela
312884
312883811
3128836068
3128834615
312883395
3128833412
3128831646
3128831639
3128831475jarol
3128831288
3128830
3128828565
3128827115
3128825218maria
312882368/2
3128822689
3128821779
3128821001
3128821
3128818864
3128815356
3128814965
312881367
3128812237123
3128811613
3128811383
31288108
312881
3128809949
3128807883
3128806822
3128803842
3128803249
3128800950
31287y
3128796364
31287883
3128787
3128785707
3128780
3128778205
3128777537
3128777517
3128773480
3128771826
3128771534
3128760729
312875rj
3128754542
3128753214
312875
3128744
3128741071
3128739626
3128739001
3128736274
3128735438
3128734424
3128733797
3128730
3128728652
3128725820
3128725195susi
3128725195susana
3128723
3128716ill
3128714689
3128710936
312871
3128708599
3128705026
3128704092
3128704084
3128701026
312870
31286b
3128697219
3128696171
3128694720
312869
3128686964
3128683476
3128681829
3128681598
3128679625
3128676732
3128674727
3128674081
3128672648*
3128671980
3128660663
3128659942
3128659481
3128656394
3128650739
3128643227
3128643
312864
3128638903
3128638885
3128638
3128631286
312863
31286240
3128622110
3128606648
3128606396
3128599
3128596301diana
3128595602
3128591391
312859
3128589
3128584821
3128583497
31285832003
3128582449
3128578728
3128578557
3128578111
3128577631
31285752qz
3128572768
3128572158
3128570761
3128570637nena
3128568346
3128566332
31285660454
3128565682
3128565042
3128559918
3128559529
312855312855
3128551441
3128548803
3128546259
3128544365
3128541599
31285379
3128536418
3128532878
3128532003
31285302
31285289
31285244
3128523501
3128521211
3128520
312852
3128519
3128518025
3128515573
3128511405
3128504847
3128503829
3128501778
3128499431venezu
3128499226
3128499075
3128498333
3128498154
3128492834
3128490
3128487
3128483861
3128482
3128479990
3128478484
3128476942
3128475333
3128471294
312847
3128468969
3128468897
3128461148
312846
3128455073
3128453320
3128452511
31284506
3128444797
3128444419
3128442j
312844
31284375541609
31284366
3128434801jorge
3128429757
3128429600
3128429012
3128428579
3128428108
3128426583
3128425667
3128425465
3128424598
3128424373
3128422tk
3128422790
3128420247
3128420190
312842
3128419916
3128418180
3128416596
3128410372
312841
3128407636
3128404170
3128402
312840
31283m
31283luv
31283987
3128395397
3128394150
3128392379
3128392211
312838996
3128389123
3128386530
3128386007
312838
3128378723
3128372505
3128370371
31283699733
3128368039
31283667
3128364822
312835dane
3128358031
3128357441
3128356196
3128354571
312835
3128347
3128336249
3128335327
312833310
3128331741
31283266
3128323501
3128323
3128320116
312832
3128317658
3128311955
3128307446
3128306664
3128303943
3128303
3128300409
312830
31282shan
31282robert
31282dbdance
312829love
3128299
3128298602
3128298454
3128296136
3128294537
3128293332
312829329
3128292792a
3128290127
3128289972
3128284769
3128283638
3128282422
3128277
3128276986villa2
3128276770
3128276
3128272898
3128271602
3128271584
31282710
3128270880
3128266540
3128266313
3128265322
3128262375
312826188521305*
3128261333
3128260958
3128260000
312826
3128257210
312825101
312825
31282455polatalem
3128244747
3128241698
3128241460
3128241043
3128237748
3128234539
3128232853
3128232533
3128231805
3128231522
3128231272WILFE
3128231077
3128230793
3128230153
312823
312822jj
3128229119
3128221616
31282210702524287
3128219553
3128215328
3128214272
3128211529
3128207338
3128201474
3128201023
3128201
31281lr
31281b
3128192910
3128192830
3128188838mando
3128185635
3128181567
3128181
3128180602
3128179852
312817935
3128175281
3128174215
3128172058
3128167969
3128166384
312816570
3128165412
3128164817
3128163109
312816
3128155847
3128154282
31281527
3128152289
3128149260
3128149186
3128147914
31281479
3128147616
3128147
3128145129
3128143919
3128142490
3128139040
3128135861
3128131281
31281302
3128130163
3128127931
3128127411
3128127395
3128127
3128126652
3128124841
3128123536
3128123162
3128123
3128122537
31281222
3128122151
3128120332
3128119313
3128119222
31281103
3128109048
3128108870
3128108233
3128107869
3128103789
3128103717
3128102535
3128102180
3128100754
3128100329
31281
3128095532
3128094126veronik