5
2882745
288273
2882724288
288272
2882718
288271
2882701
288270
2882695
2882689
2882678
28826748
288266
288264
28826123
28826116
2882611
2882610z
28826
288259
2882581
28825799
2882569=kls
2882565
2882564
2882558
2882556
28825518
288255
288254
28825392882539
2882539140
2882539
2882537
2882534
2882533
2882530
28825290
2882528
2882525
2882518
2882517
2882512
288251110
288250291
2882501
2882500
28824lm
28824id
288248
28824734psique
2882469
2882461
288246
28824552
288245
288244145
2882436
2882430
2882417
28823dkzxa
2882395
2882390r
288239
2882375
288237
28823613
288233340r
2882330
288233
28823233
28823200
288232
2882317
28823167
288231
2882288s
28822886
28822882j
28822882@agustin
2882288
288227
288226
2882254
2882250
288225
2882245
28822442
288224
28822369852
2882232
28822308
288223
2882222
288221
288219
2882186
2882177
2882157
2882154
2882145
2882141
2882129
28821246
2882124
2882115
2882112
28820m
28820e
2882097
28820878822269
2882082a
288208
2882079can
2882073
288207
288206
28820581
2882050
2882046
2882033
28820274691
2882023
2882020
288201491
288201
2882009loveu
2882008
2882007
28820040
28820
2882*
2881veloz
2881seleighave
2881ray
2881nv
2881lctu
2881gb
2881dc
2881ch
2881aw
2881995cjy
288199553227
2881995+
2881995
2881991yya
288199
288198428
28819811
288198
2881977
2881975
2881972
2881969
2881963
2881962
2881960
2881959
2881952
288195
28819484
2881942
2881935
2881923
28819
2881890
288189
2881884
2881868
288186
288183
2881828817
2881825
28818236
288182
2881814
28818122
288181
2881807111
2881804
28817990
2881793
2881787
288178
2881736
2881732
288173
2881723
288172
2881713
2881712
2881703
2881700q
288170
2881653
2881630
28816289
2881627
2881623a
2881622
2881621f
2881619
28816172876500
2881609
288160
2881599
2881597
2881583
2881581
288157
2881554
2881551
288155
2881549
2881546
288153
2881528890
28815279
288152
288151
2881509
28815047
28814oopif
2881476
2881474
2881469
288146
288145
2881445
2881442
2881441
288142846
2881412205
28813l7
2881393
2881381
2881361
2881354
288135
2881349
2881334
2881327
288132
2881310911
288131
288130crm
28813
2881298414
2881297
288129001505
2881288
2881287
28812850T
2881282
2881280
288128
288127
288126
2881258
2881242
2881239
2881234
2881231420061
2881221
2881220226741
288122
28812156
2881215
2881214100130deutza
28812108
2881210
288121
2881205245042
2881205204991
2881204
2881203430041
2881202
288120
28811eur
2881195
288118
2881175
288116
28811593
2881159
288115
288113530
288113
2881129324786
2881128
28811269
2881126
2881124
2881123637
2881123
2881121350033
2881121
2881119134121
288111717
2881115297335
28811131301115
2881113
2881111141818
288111
2881108
28811033
2881103100198
28811
2881089
2881086carlos
2881080
2881079me
2881069a
28810699
2881068
2881063
2881062632
288106
28810536
2881052903
2881044
288104
288103
2881029134166
2881029080031
2881029
2881028810
28810280100754
2881026
2881022
2881020134145
28810171
2881012132854
2881012
2881010
288101
2881009100203bety
2881007
2881006410070
2881003
28810
2881.67
2880xx
2880tomflo
2880sims
2880niuxd
2880love
2880iu
2880drea
2880diogo
2880delPhi7
2880bornem
28809jip
28809bpznr
2880994
2880988
2880982
288097
288094
2880935
28809301602919
2880930
2880925
28809242990824
2880920
28809146
2880912430020
2880910103826
288091
2880904105032
28808minmin
28808babieangel
28808LC
2880898
28808914
288088chenyiangirl
2880886
2880882
2880857
288085
2880839
28808231094
288082
2880808
2880801
288080
2880789
28807807
288077
2880724
28807232100857
2880722
288072
28807187
2880714471337
2880714125799
2880711
2880710410103
288071
2880708460018
2880707060017
2880707
2880706295903
2880703297378
288070
28807
2880699
2880698
288068814
28806711
2880664j
2880664
2880663
2880653
2880622
2880621420201
288062
288061m
2880618
2880613
2880612410017
288061
288060T
2880605
2880604134197
2880600
28806
288058
2880579
2880577
2880564
2880552
2880546
2880542
288054
2880530360020
2880528212714
2880521152471
2880521
2880520020161
2880520
288051
2880508105047
2880506
2880500
28805*8.9
2880494
2880466243
288045656
288044
288043248
2880428804
2880426420179
2880422
2880418
2880416
2880410009
2880405
2880404361515
28804
2880396
288038e
288038d
2880387
2880386
2880369
288036
2880346
28803453
28803335
28803262na115191
2880322430016
2880317134149
2880314142611
2880314104288
2880313374525
288031
288028
2880257
288024
2880226
2880223
2880220336558
2880212
2880208
2880206125803
2880206020092
2880205
28802006123
288020
288019
2880181
2880175
2880174
28801612
288015
2880148
2880147
28801403
2880136
2880133
2880131
2880128802
2880126023984
2880125260011
2880123171705
288012012
2880118350060
28801178
2880117
2880114295321
2880112170078
288011
2880108134151
2880103226883
2880101260018
2880093
2880083176
2880082
288006
288005
2880046
2880031
2880028800
28800272
2880022
28800193
2880018
2880015
28800136
288001
288000420-6
28800000
2880
288.kawaii
288.ferreira
288-3677
288,kpfN
288*949
288 3113
287yomajesty
287waqjj99
287tya
287timreh
287sls
287roger
287rocku
287rich
287power
287pica
287partyonedge
287oioqn
287nbcmd27
287mbp
287master,
287luque6668
287kdnt
287k86l
287k14'
287jorge9749
287j287
287iul27350040
287iselaguapa
287indies
287bstoninostholyfamilyvill
287a287
287_8512
287XWCNZ82
287TRRDE29
287Man00
287FULLamor123
287Danny81
287Amxs
287Aerdna
2879w12st
2879vale
2879srigarn
2879poi
2879luvaddict
2879ia
2879emy
2879dogs
2879crab
2879bwoy187
2879ben
2879NANCY70884
2879Ben
287998hm
28799886
287998
2879967
2879959
2879958
2879950
28799463
2879939
287993
2879927
287992
287991
28799
28798912
287989
287988
2879873money
28798598
28798580
2879856
287985
2879845
287982
28798145
28798126
287981
2879792
287979064
2879761
287976
28797246
2879721
2879711
2879708
2879705
2879685
2879662
2879659
2879658
2879654
2879640
28796200
2879615
287961
28795bby
287959
2879583
287957682
287957
2879562
2879544
287952
287951
28795
28794815
287948
2879473r
2879466
2879465
28794613
28794570
287945690
28794556
2879455
287945321
287944
28794160
2879412371
2879411
2879398
2879393
28793645
2879353
287935
2879344028
287933n
2879339677
287931
28793017
287930
28793.0
28792ROX!
2879297
28792871
287928
28792792
287927
287926126
28792321
287922321555
2879214
2879206
2879200928
2879199
2879191
2879171
2879169
28791526
287915
28791365
287912
2879119
2879117
2879116
287911
28791061
28791045jam
2879103
28790mplp
287909358
28790880
287908394172
287908362
287907tw
287906552
287905W
2879045
287904
2879037
287903591
2879028878
287902
2879004m
2879003
28790026
2879002
2879/36
2878ztewa
2878mh
2878lakota
2878kc
2878gewgq
2878dn
2878christ
2878burt2878
2878burt
2878bs
2878ajr
2878EDW
287899
2878989
2878977
287897
2878960
2878953641noemiteamo
287895
2878949.
287893
2878924
2878917
2878914sara
2878910
2878902
287890
28788j
287889891j
2878876
2878865963
28788555
287884870051
2878832
28788241189
28788234
287881
28787b
2878798
2878786
28787858
287877
28787634
287874c
2878748184
28787466
28787435
2878729
2878725
28787229
2878712425A
287871
28787016
287868427
287868384&bowie
287868
287867
287866287866
287865423
2878650
287865
28786462
2878643
28786427
2878627
287862359
2878606c
287860
28786
28785crazy
287859
2878587e
2878586
287856
28785588
2878546
2878533
2878528785
2878526
2878520+22b
28785
2878497
2878496
28784876
287847c
287846nla
287845
2878447
287843p
287843778s
2878433
28784
28783pin
287839
2878382
287834172
287833gb
28783300
287833
2878319
2878300
287830
2878296
2878292
2878291
2878287
2878275
287827339
28782698
2878268
2878267
2878261
2878258mitelefono
287825227
287823
28782254
28782183
28781993
28781978
287817jm
2878175fiorela
2878175
2878172
2878153
2878142
2878141179
287813s
2878138
2878132d
287813
2878123
2878122
287812
2878117
28781137238
28781136
287811
28781
28780bf
2878099
2878097
28780888
287808131
28780659
2878061
2878054
287805
2878047
2878036
287803
2878027
287802
2878018
287801
287800010
2878
2877romojo
2877rd3
2877m
2877javier
2877gmc
2877fofo
2877dany
2877clmaia
2877as
2877KRIS102877
2877DOGS
2877994
2877993
2877960
2877952
2877946
2877941ruben
2877913
2877900
287790
28779
287789joyce
2877892
2877881
287787787
287786709
2877861
2877829
2877822
287781
287780544jas
287780
2877796913077779
2877793
28777746
287776
2877758
28777544
28777447
287772
28777
2877690
287769
2877689
2877687
2877681
287766285
287764
2877634
2877614
2877612345
2877612
2877610
28776097n
2877608
28776
2877591
28775859
287757
287756
287754771
287754697a
287752
2877519
28775027
2877500
28775
2877499k
2877493
2877471
2877459
2877458
287744976123
2877416
287740780zrdr
28773nali
2877390
287738
2877371
287736t
28773500
2877348
287734
2877337
2877327
2877321
287732
2877316
28773
2877296
2877283q
2877283
287726
2877254
28772437951289
2877239
2877237
28772341
2877224
28772219
28772120
2877191
2877161985
28771616
2877161
287716
28771522933534
2877151
2877148
2877138
2877132
28771152148
28771
28770t
28770goigg
287709
287706
2877034
28770196
28770068
2877005
2877002
28770
2876rjqrn
2876pd30
2876pd
2876ofvik
2876mm
2876mk
2876hwy
2876hayey
2876ee
2876casper
2876burn
2876ag
287699slg
2876982
2876971
28769665
28769658
2876945
2876938
28769366
2876910
287690
2876889
28768716
2876865
2876849
2876848
287684287684
28768427
287684
287683
287682
2876817
2876812
2876811nana
28768065603361nm
2876805
287680
28767449
2876744
287672k
28767292
2876729
2876711
2876710
2876704
287669
2876686
287667
2876641tlv
2876634
2876624072
2876621022
287660marisa
2876599
28765912
28765894
2876585princess
2876559
2876553
287655
2876529
2876505
28765
28764icab
2876497
2876485
2876484
2876476
287647
2876445
2876438
28764301
287643
2876416
2876415
287641
2876405
287640120310840
287640
28764***
2876395
287638
2876369
287636
28763528
2876345
2876323
2876318
28763126
287631.
2876302
28763000
287630
28763
287629j
28762982750253
2876293
2876291
28762883pn
2876287308
2876273
28762614
287625s
287625a
287625
2876248
2876247
2876245
2876244
28762329
287623287623
28762280
2876226.
2876226
2876221
28762168
287621
287619435028
2876193
28761786
2876175
2876164
2876157
287614c
28761418
2876141234
2876138792753
2876137
287612
2876118
287610
28760ijkru
2876091
287609
2876086
2876083
2876077
28760529342890372
287605123
2876050
287605
287604
2876039
28760012
287600
28760
2876
2875wings
2875mwl
2875ms
2875lol
2875emccporche
2875dm
2875cwd
2875IRIS
2875@us
28759ucahy
2875990
287599
2875985
287596jg
28759628
2875939
2875930
2875913
2875911
28759029
28759004
2875887
287585m
287585733
287584
2875834
287582j
287582910
2875811
287581
28758096
2875806
28758011
28757e
287579757
2875790
287577cica
28757781
2875760
28757535
287575
287574
2875725
28757244
28756rmh
28756iii
287569010
287569
2875661
2875660
287564
2875637
287563330
287563
2875627
2875626landi
287561973
28756178
287561311
287561
2875606
28755kingd
2875594
2875553
2875552
2875551
2875543
28755214608426
287552120875856268208
2875516
28754sd
28754nam
2875489
2875482
2875473
2875468
287546281
287546
28754596
2875437
2875421
2875414
28754120
287540a
287540
2875392
2875388
28753869
2875384
287537119
287537
2875364d
28753631
28753489
2875348
28753477
287532
2875314d
2875314
2875313966398723
2875312
2875310
287530
28752q
287529628
287529
2875260
287526
28752515
287524nikki
2875245
287523
287522
287521911
287520130
28752
28751tag
28751a
2875184
287518
2875171
287517
2875166
28751620
28751516
28751494
2875140
2875133
28751109
287511
2875109
2875104
2875073
28750728
287506
287505
2875042
287504007
287504
287503
287502ga
2875023t
287502266
2875
2874wausaway
2874tine
2874nancy
2874kdb
2874ja
2874essw
2874db12
2874daryl
2874bear
2874ap55
2874a4311
2874973
287497
2874969
28749615
28749586
2874950
28749200
28749
2874895
287489
2874886
287488
28748761
2874865
287486
2874856
28748549
287481456
28748136
28748058
28747cvq7
28747cvq
28747969
287477
28747582
28747521
2874744
287474
2874729
2874720
287471CPIP
28747136
287471
2874703
287470
28746972
287469
28746865
2874685
2874668
28746598
2874658hs
28746579
2874641
287464
2874639
2874629
2874625
2874618
2874616
287461535482
287460
287458
2874569
28745634
287456
28745542872801
28745528
2874547giovanny*
2874539
28745252avril
287451992
2874519
2874505284463
2874501
28745
2874499
287448198
287448
28744782
28744766
2874468
2874458
28744522
2874446
28744280
2874425
287441dragon
28744189
2874418
2874415
2874400
2874391t
2874377e
2874368
2874367a
2874367
2874366
2874364
2874350303238
2874345
2874335cola
287432555
2874310
287431
2874307
2874304
28743
2874293
2874290
2874285
287427672
287427
287426burhan__
287426__
2874268
2874266
287426287426287426
287425
2874232
287423
2874226
28742230
28742156
2874213493
2874212589
287421
2874205
28742013
2874200
287420
2874197
287419
2874186985
2874178
2874173
2874168
28741666
2874163
28741624
287416
28741585
2874149
2874141219836
287414
28741376
287413
287411a
28741160
2874114456
287411
2874104
28741039
28740r
28740maztv
28740838
287408
28740667
28740620jt
28740608
287406
28740536
28740482
2874044
28740345
287403
2874028
287401M
28740130
28740100/Arof
2874*house
2874!(TONKa)?
2873r7
2873jellybob
2873iajqe
2873dcyvb
2873bri
2873aure
2873ameerah
2873M235
2873@Hc
28739970
287398
2873977
2873968
287391aa
287391605
2873914
287391
28738e
28738888
2873888
28738838
287386
28738287
287381234
287380812
2873801
287380
28737a
287377
2873743
287374
2873734love
2873734
2873721
2873717j
287371232828
287370
287369
2873682
2873677
2873669
287365368
2873648
28736419
287364
2873636
2873627
28736195
28736098
2873601
28735par
28735Prerakan
2873592
287359
287356
2873553
287355
2873536
2873518
287351369lei
287351
2873506
28734bzhyc
28734957232
2873461
28734574
287345
2873446
2873420
28734151133
28734109
287341
2873392
2873372
287337
2873360
28733543623136
287334k
287334bw
28733387304
2873338
2873333
287333
2873317
28733073
2873307
287330
28732veoz
287329699
28732873
2873275
2873261
28732551
287324d
2873240
2873237
28732322
287323
2873227
28732156
28732
28731paulo
28731920
287318
2873176
28731645mamita
2873157
28731527
2873136F
2873124
28731172711
2873110
287311
287310
28731
28730936
2873087
2873070
2873063
28730612tomasaylobob
2873059
28730555
2873055
287305
2873043
287303
28730181
287301
2872sofia
2872orthodox
2872numb
2872kc
2872gresham
2872berrios
2872al
28729E
287298es
287298
2872977
287297
28729583
287295
2872945
287293
2872901
28728burcu
287288
2872877
2872876
28728710
287286943
2872866
28728634638*brcm
2872854
2872853
2872851
2872841
287284
2872835
287280123456
287280
28728*bs*73836
28727olyi
287278
2872767
2872765
287275
287274z
2872747
2872745
28726v
2872695hh
2872691.2344481.
287268c
2872683
287268
28726717
2872661
2872655
2872641
2872638262
287263
2872618K
28726033
28726
28725jm
2872594kld
28725925
2872592
28725792
2872561
2872557
28725546ELY*
2872540.
287254
2872539
2872537
2872536
2872535
2872534
28725328873
28725323
2872529
2872528725
2872528
2872520
2872517
28725162
28725153
28725116qqw
287250033**
287250033
287250
28724pzzap
2872495
28724893
2872470
287246JJJ
2872468
2872467
287246****
287244
2872425
2872422
287241
2872407
28724
2872371000
2872366
287235472
287233595
2872331CECY
2872326n
2872320
287231p
2872319j
2872314
287231
287230
28723
2872295
2872292
28722872y
28722872
287228
2872267
2872255
28722523m
28722523a
28722523
2872235
2872231
287223
28722087
2872189
2872185
2872183
2872181
28721634652
2872158
2872157
287215
287214_makunae
287214308
2872135
28721321995
2872132
2872120polly
28721102
2872109
28721038
2872103
2872100884
287210
2872095
287209
28720892355072
2872064
28720449182132
287203987a
28720398
287203
2872027
287202
287201815
28720176
2872015
2872002mm
2872000
2872
2871ru
2871hc
2871fj
2871ajc
2871_Shotgun
2871NW2ST
2871MAY05
2871996
28719951512a
2871992j
28719910032
28719910
2871989dfud
2871988a17
2871987yayis
2871981
2871979
2871977
2871969scp
2871965
2871961
2871958
287195507
28719518
287195
2871948123
2871939
28719323
287193
2871923
2871920
28719084
2871906
287190
2871889
2871859
2871854
287184as
2871849l
2871844287
2871838
2871829
2871826
2871801
2871800
28717cello
2871799
287179
2871789
28717602
2871744
287174
28717373
2871734
28717130
2871711j
2871700mostafa
287170
2871696
2871693
28716824542619
2871668
2871667a
2871665
2871661
2871660
287165z
2871659
28716522
2871644
28716331
2871627
2871617
2871602
28715kelly
2871590
2871572
28715708
28715628
287156
28715399
2871537
2871527
28715205*-*
2871520
287151992
2871517
2871513
287150
2871489
287148759
2871484
2871480
287148
2871478
2871469
287146331
2871461
2871455
287145
2871449
2871444
28714380
287143
2871429
28714195
2871419
2871413
28714101
287141
2871408
2871396
2871384
287138
2871373
287137
2871353
287135
28713483923135
287134114239
2871339
28713314
2871323
28713166
2871314love
2871301
28712zac
28712949
2871294
28712871
2871242
2871239
2871233
287122
2871217
2871208823
28712
2871193
28711782
2871162
2871160
287114901
2871142
2871136
287112218
2871115460032
2871113124939
2871113
2871102
287110
28710torrelaguna
28710895
2871078
2871061
287106
2871048
287102871028710
2871026250030
28710200
2871013080080
2871012
2871009045356
2871003394446
2871002133916
2871001430022
2871001
2870mi
2870gkbdz
2870gbs
2870fhsjh
2870diamond
2870998
2870996
287099
28709899
2870982
287098
2870972
287097
2870961
2870946
2870942
287094082
2870928709
2870926
2870919360037
28709190
287091600546
2870906520463
287090
2870897
2870895
2870893
2870879
28708654231
28708651
2870856
2870850
287085
28708250105493
2870824
2870818134176
2870813
2870811
287081
287080914
2870803204091
2870803
28707adnen
2870797110192159
287079
287078
2870774
2870773
2870745
2870744
2870725440149
28707252
2870724100178
2870715295908
2870707
28707028
28706ilovenicole
2870693
2870691
2870681
2870680
2870676
2870671990
2870669
2870657
287063136
2870627
2870626152524
2870626
2870625
2870624134122
2870624
287062191
2870621
2870618035272
2870610
2870605
28705a
2870588
2870584
2870578
2870566
2870563
2870550
2870549
287054
2870532
287052527
28705251301696
2870523
2870522
2870521222802
2870517
2870516+
2870516
2870515125825JEANPAUL
28705082161699
2870497
287049
28704814D
287047
28704517
2870434
2870427330192
2870426xime
2870426191993
287042
2870417
2870409
2870408341396
2870404297259
287040
28704
28703892
287038502
2870381
2870365
2870359
2870345
287034
2870334
287033125
2870329210013
28703281
2870327
2870326
2870324294736
2870320330800
2870317
2870309
287030500883
2870302020134
28703/1987mya
2870297
287029
28702870
2870286
28702720
2870272
287027
2870267
2870266
2870252
2870244
287024
2870238
2870233
287021992yemp
2870213
2870210440045
2870210088450
2870206450019
28702011600433
2870201001
28701994
28701992
2870199
28701971
28701915
2870185
287018
2870176
2870173
2870164501
287016149
287016
2870152
287015011604
2870148
2870134
28701186/55
2870111080037
2870103
2870102045kitty
28701
28700784
2870077
287007
2870042
2870041
2870040101
2870040
2870032
287003
2870029
28700217
2870020
287002
2870019
2870005
287-6549c
286xmu
286woody
286vupcj3
286sass
286salvsmaped
286sa478
286s211211
286rhodes
286note
286nicole
286n8cbx
286n096
286mobb
286manisa
286lucia
286lm42
286lad
286kskar
286kenyacr
286juan
286jh749
286jan
286hrf
286hamsterCAVALO
286gcdn
286evomr
286e55
286e400s
286dm870
286dec
286cancers69
286campbell
286b428
286arroz
286anthony
286a8324s
286a3233
286VIILAGE
286Tatay
286MAHE199
286BHP
2869wp
2869wbk
2869tbtry
2869pamela
2869nbr
2869moni
2869ls
2869cwbxx
2869carola
2869aa
286999
286998
28699764
2869970
28699682
2869948
2869926
2869918
28699163
28699120
2869911
2869902
2869900024477
2869900002244
286990
2869895
2869874
2869872
286985
286984
2869834
286982
28697kn
2869791
2869776
286977
286976
286975
2869738
2869728697
2869715049
286970
286969523
2869686
286968
28696752879098
2869672
286966840241
2869663
28696598
2869647
2869646
28696274
2869614
286960550
2869595
2869592t
2869582
286956
2869550
286954
28695389mh
2869532
2869528
2869524
2869509
286949
286948903
2869488
2869483123
28694800101
286946227
2869452
286945
2869438
286943
2869421214
2869411
286939
2869382a
2869381
286938
286937s
28693732009
28693720
286937
2869369
2869365
286933
2869315
286931
28693089
28692TE
28692869t
286928654
2869286
286928528
286928254
286927888
286927
2869253
2869252j
2869247
286924685gary
28692443
2869243
2869231
286923
286922808
2869208
2869207796
28691_/06
286919132423
2869191
2869187
2869182
286918
2869174
2869172
2869141
286912
2869118ye
28691171289
286911694
286911628691
286911
28690xikita*
286909
286907
28690538
286904170
2869018
2869006
2869002040086664
28690020
2869002
2868wnx
2868poetic
2868mkbr
2868ks
2868gmqhq
2868bs
2868JE
2868999
286899
2868981
286898
2868978
28689562
286895
2868947mh
28689279
28689
2868896
286889511
2868880
2868862.dani
286886
2868852
286885
2868844
286884
2868827
286882029
2868810
28688068
2868789
2868777
2868776
286877
286876804
2868766
2868765t
286874s
2868745
286873
2868728oof
28687049
28687018
286867
2868662
28686618
286866
2868658clc
286865
286864
2868639
28686357
286863
2868620
28686135
2868603
28685wei
2868594
2868588
28685807
286858
28685698
2868539
2868536
28685317
28685162
2868509
286849
2868481
286847930
286847
2868466
2868465TO
286846
2868449
286844466
286844
286843218davidm
2868387
2868373
2868367
2868351
2868349
286833
2868328
286831
2868306jeraldine
28682cedp
2868294
286829
286828
286827285
2868255AL
286825567
2868247
286824
286821666
286821
2868209
2868208
2868201
28682
2868181
28681688
28681541
2868151
28681484484
2868147
286814
28681244
286810476
2868103
2868100
286810
28681
28680dn
286808
2868066
2868062
2868060
2868059
286805
2868041a
28680219
2868019
286801850
2868013
2868001
2867zz
2867yzex
2867york
2867szxab
2867monk
2867mj
2867_fa
2867@we
28679848
28679817
286798
28679793
286796
286795
286793
2867929r
286792
286791992
2867911
28679
2867895
2867888
286787861k
286787
2867861
286784b
2867845
2867837marialejandra
286782556
2867825
2867818
2867805
286780119
286778
286777
286776
2867751
286774
2867731
2867728677
2867709615347
28677062498
2867706
2867700
2867688
286768690
286768200
2867657s
286764
286762
2867613
2867600
28675tkbqz
286758cpf
286758
286756
2867547
28675406l
2867540
2867516
28675106323
286750
28675
28674874
2867477
2867472bon
2867446
2867429
2867419
2867407
28674003929494
28674002249787
28673912
286736
286733
2867327
2867326
286732
28673034610
2867301
286730+
286728933800
2867289
2867286
28672714
286726
2867258xst
286722
2867201
286719
28671869212
2867182
286718
2867167642
286715
28671310
2867128671
286712345
2867117
2867115
2867102
28670n1p
2867090
2867074
2867053
286705
28670420
28670341991
2867000
28670
2866sdn3179
2866mh
2866marko
2866libraJ
2866jm
2866elen
2866cdh
2866bimbo7
2866ackg
2866TLE
286697
2866967ale
286695
2866949
286694
2866924
2866921
286692
286690
286689793
2866888
286686w
2866861
286683
2866828668
286682
286680
286679086
2866775
2866771
286677
2866752
2866745
2866743
2866721
286671
28666mb
28666999143
286666
286665113
286663c
286663
28666296476
2866629
2866616
286661
2866606
2866600
28666
286657
2866547931
2866547
286653980
2866539
28665337jiang
28665300
2866530
286653
2866521821
2866506
2866505
28665
28664rche
28664953
2866491
286648134
286648055
286648
28664721
286645993814161
28664448
2866442
286643
2866429
28664200
286641926
2866410
286641
28663paris
286638
2866374
286637
286636
286634035555
2866333
28663219
2866316M
2866306
28662jjbac
286629j
2866297
2866289
2866286074
2866270
2866248656
286624
286623
2866226
286622
2866219
2866218766
2866217
2866209
28661991
2866194
2866186
2866164
286615
2866148
2866143
28661346
2866124*
2866121218
28661
286609
2866067
2866045
286602m
2866016yns
2866007
28660
2865sw
2865lal
2865ipasd
28659858556
2865982
2865979
2865968
286596
2865941
286594
2865914
286591
2865909a
2865909
2865907ws
2865907
286590
2865898
2865888
286587
286586
286585817
2865842n
2865836
2865829
286582
2865800
286577
2865761
2865751
286575
2865739
2865726
28657170
28657123
286570
28657*
28656767
2865668
2865667
28656620
2865651
2865650375
286562
2865619
2865613
2865603
286560
28655lyh
28655hello
2865587
2865580
2865569
2865562xiomy
286556
2865558
2865551
286555
2865531
2865527
28655249
2865524
286552
2865509
28654pin28031983
28654837
28654613nsyb
286544
286543
2865417
286541379
2865410
286540
28653987
2865394
286539
286537383
2865363
286536
28653503
286535
28653454
286533ppt
2865336
286530
28652930
28652891
28652880
2865282
28652812814141
286526p!
2865268
2865223crazy
286522
28652172
2865209
286520
28652
286519c
286519
2865184
28651625
2865161551000000
28651489
286514
2865137
2865134
2865128980
2865123034
286511k
286511336
2865107
2865106
2865098
286509
2865089b
286508364
2865071061836
286507
2865052
2865046
2865031
2865020
2865
2864ustone
2864taldi
2864sis
2864myman
2864murerwakilast
2864luc
2864jw
2864jac
2864irisukadeea39
2864chris
28649hddjq
286499
2864981
286497295
286496m
286496463105
286495td
2864931
286491046
286491
2864906
2864904
286490
286489
2864887
28648758
28648751
286487286487
28648564
28648500
286485
2864830110
286483
286482
286481409203983610
286481210
2864803k
286480
28648
28647946
2864792200
2864780
28647770093
286477
28647511
28647441
2864731950
28647193
2864712
2864700
28647
28646kk
286469@msn
2864670
286467
286465flor
2864650
28646413
286463