39589
24939558
24939535
24939527
24939500
24939473tepha
2493947
24939409salma
249394
24939315
2493929
24939256
2493924202
24939236
2493923
249392
249391474
2493913124
24939108
24939078
24939067
24939
24938995
249389
2493887
249387hopaa
24938788
249383
24938183
24938113
2493803
249380208
2493800
24937wa
2493797
2493795
2493775
2493771
249377
2493768
249376645
249376
249373
24937154
2493707
249366135
2493658
249365
24936418
249362674
249362103
2493618
2493614
2493611
249358i
2493587
249358026
24935791
249356
24935379
2493536
2493535
2493524932
24935136
2493502
249349megz
24934864
249348
2493478
24934693
2493469
249345
2493447
2493443
2493436
2493434
24934085
24934004
249339
24933897
24933879
24933755
24933667
2493356
24933544
2493351232
249334
24933364
24933336
249333
249331rmg
24933167meamoyop
249331460ag
2493313
24933126
24933084.jose..
24933073Emanuel
249328j
2493268
2493261
24932549
2493254
249325219544
24932501
249325
2493248
2493231sharon
2493224808
24932222493222
249322
249321m
24932100
249320a
249320
24932
24931t
24931J
2493188
24931862
24931841
2493181129
249317
249316828
2493160080011
249315745
24931568
2493155033
24931499
2493147
2493146
249314202
249313
2493126
2493121
249312057
2493113267
249311326
249311
24931
24930b
2493094
24930919k
2493091
249309
2493081
24930775
2493074
249307
2493064
249306
249305544
2493054
24930523
249305
24930491jso
249304815484
2493039
24930371
2493025203
2493023480
24930231
2493022
249302130
24930200
24930148
249301
24930090
24930.24930
2492yandel
2492will
2492von
2492vjw
2492vipers.
2492toby
2492tar2492
2492switch
2492sf818
2492sems
2492scooby
2492nbc
2492mj1994
2492me
2492lisa
2492kiki
2492kg
2492kays
2492ka
2492jj
2492jgl
2492cali
2492asde65
2492ariana
2492HOE
24929987
24929956
24929883
24929880
2492987045240
24929849
24929847
24929807
24929752
24929724
24929638ana
24929636
24929626a
249296
24929589
24929567
24929566
24929500
24929477
2492947
24929374
2492935
2492932
24929262
24929250
24929247
24929231
24929217
249292
24929145
24928zzexz
249288
24928720
2492865
2492854
24928517
249284k
2492827demicasa
2492824928
24928204
249281
2492809
24928062
2492803
24928
2492763
249276
249274914
249273l
24927363
2492730
2492728
2492722
24927168
249271099
24927102
2492695
2492693
2492691cem745
249269031
24926838
2492680
2492678
24926742891638leninana
2492674
249267
24926636
2492663
2492659
24926568
2492650
2492612
24926105
249260
2492596charo
2492596
2492585
249257tere
24925776
24925750
24925740
24925691
2492549
2492545
2492539
2492538Shop
24925342472535
2492533toey
2492533
249253249106
2492532
2492529
2492528
2492527
249252637
2492525
24925226
2492522
24925151
24925148
24925144
249251
2492508
2492506
24924m
249249h
24924993
24924958
249249249
24924900
2492488
24924841
2492481b
24924693
249245roge010
24924566
2492455
24924505
2492434
24924297
2492424
24924225
2492421
24924184
24924082
249240
24924
24923evan
2492397ale
24923933
2492387
24923708
24923707
249237
24923565
249235
24923423
24923397
24923391
24923381
24923372Michu
249233700
24923319305
24923238
2492317555
24923143
24923129
24923109
2492309
2492304
24923000
24923
24922noam
24922m
249229570
2492290a
24922893
24922877
24922798
2492279
24922753
2492269
24922669
2492262
2492261
24922531
24922530
24922529
24922523
24922501
249225
24922497
24922492v
2492242371
24922412
2492240
2492222
24922158
24922
24921s
2492187592551
24921862
24921858
249218
2492175
2492174
2492167
2492153
249214987
24921473
24921393
2492135
249213169975
2492111391
24921100
24921058clau
24920989336391
24920909
24920908
249209
2492084
249207
24920668
249206
2492058
2492051
249202no
2492027
2492023
249201jpjc
2492008
24920064ever
2492006
2492005
24920016
2492000
249200
24920
2492*
2491sandhu
2491ph
2491leti
2491feb
2491ao
2491AM
2491ABRIL
2491999
24919933
2491991ales
2491991555
249199113428
249199
2491981
249198
2491977
24919767
2491973
2491972
2491970
2491965
2491964
24919633
24919625
2491958
2491952
24919378
2491929
2491928
249192
24919196
24919173
2491897qazwsxedc
24918834
2491880
24918786
24918675
2491862
24918554
2491853
2491852
249184
249183610
2491832
24918319
249183
24918272
2491825
2491822
24918198
24918161
2491815
24918125pupi
249181
24918037
24918
2491798362972
2491788
2491787
249178
2491767
2491762
24917574
2491756
24917447
24917433angel
24917351pkss
24917351
2491732
249172055
2491705
24917025
2491702
249169
2491687
24916839
249168
2491672
2491668
24916605
249166
2491644
24916420
2491642
249164
24916389
2491638
2491630
2491624
249162357k
249162
24916192
2491611
249160
24916
24915fh
24915812
249158
2491578JP
2491578
24915697
2491560
24915586
249155
24915414424
24915269
2491525
2491524
2491523
249152002
2491515
2491514159
2491514
24915123
249151
2491508041995
2491506
2491504
2491502
24915
24914937
24914781
249147278835
249146
24914589
2491457
24914467
24914462
2491446
2491445
24914380
24914320
249143
2491427
2491426
2491425402
2491425
24914185
24914143
24914129
249140
24913917
2491372
249135
249134
2491333
24913312
2491324913
249132
24913155
24913153110
24913149
2491313
24913070
2491302
24913
2491297l
2491294
2491291
2491286
2491279
2491275
2491272
2491268
2491258
24912523
24912511
249125
24912491hl
2491248
249124
24912345
2491228
24912269
2491223972puyboy
24912177
2491217618
2491211
249121
249120991315
24912099
24911tums
24911994
2491198
249119
2491182239
2491173
249116DPP
2491169a
2491169655
2491165415
249116
2491155851
2491149
24911400199403
249114
24911371
2491136
249112005
2491114
249110514ksk
2491103
24911024
249110
249109jj
2491096670
2491096
249109
249108
249107
24910617
249105AV81
2491058
24910563
2491054
2491051222110
2491050120
2491050111033
2491050111013
2491046
24910344
2491026183
2491018993
2491011bt
24910115jk3113cr
2491011
2491010
249101
2491004460
2491001
2490tiago
2490su
2490so
2490nacional
2490n
2490marzo
2490liupapa
2490lc
2490kest
2490k
2490ferreira
2490fener
2490bubbles
2490baby
2490GSAP
2490993
24909423stu
249093
2490928
249092
24909156
2490907
2490900099
2490896
2490893
2490884
24908800
249087
2490869cyn
2490854
2490850
249085
24908460
2490843
249084
249083537
249082611
24908231gb
2490820
2490811
2490809
24907710
249076
24907594
249075
2490745
24907370
24907158
249070a
24907022MM
24907
2490692
249069
24906881
24906877
2490683
249067324
2490673
2490669
2490666
2490658
2490632
24906312
24906238
24906219
24905jnnhs
24905golf
24905924
2490586
2490578
249056ms
249056461
2490551
2490544
2490531
24905273
24905215
2490518v
24905057
24905052
2490500017011
2490492w
2490488
249048
2490469
2490458
2490456
24904375
24904352490435
249043
24904127
2490399
2490371
249037
249036
2490356
24903461
2490346
2490345
249033
2490303
2490302
2490300114
24903000395
2490293
24902920
2490291
24902907
249029
249028670205890
249027947
2490262
24902581
2490254
249025022530
2490245asd@
24902445
249024
24902354
249023
24902258
24902112
24902095
24902080681
24902009jum
2490200264
2490200016868
2490200016761
24901990333
24901975
2490194
249018_249018
24901863
24901824
2490180
249018
24901791
2490179
24901738
24901712
24901711
24901619
2490148
2490146domicaca
24901427
24901249
24901234
24901227B
249012
249011jd
24901079
2490105
24901041_sucre
24900947
2490092djmiki...
2490089
2490088
24900783jadl
2490074
2490054
249005
249004s
249004g
24900498
2490048
24900259
249002490024900
24900217
249002
24900123
2490011
24900092
24900045
2490000
249-7997
249*2130
249***
248zie
248yykms56
248y247
248xec
248with
248wili
248west
248video
248tien
248tayjes
248sunday
248spittaz
248sissy7451girl
248septiembre
248rhagk
248red
248qxnyw87
248qwer
248pbg
248palmetto
248orlando
248orl
248myspace
248marque
248manchu
248mag
248loveme
248louise
248lavictoria
248larosanegra
248kids
248kfy
248kevin
248katelyn
248kalae
248jhc
248hell
248ham
248gyrls
248frogs
248frank
248f7029
248eterno
248east
248dodge
248dhtx
248dfr23
248dani
248cuneyt
248cr622
248cnk
248casa
248boom
248beeskillcarly
248bchongst
248balda
248b12o349
248ash
248annie
248amilate
248ale
248abik
248_keli
248BLUE
248@236
2489xpwqf
2489xl
2489x
2489snf
2489pm
2489panxpo
2489mh
2489marie
2489ma
2489ka*
2489jr
2489joe
2489jj
2489jesus
2489je
2489jamr
2489elmdrive
2489biby
2489ai61
2489abel
2489LB
2489APF
24899978
24899945
24899868
24899857
24899809
2489974
24899680
2489968
24899653
24899630
2489963
248996
2489950
24899499
24899485
24899468
248994262489
24899388
24899353
24899330
24899320
2489924899
248992
2489916
24899145
24899112
24899095
248990563
24899051p
24899023smfn
2489902
2489900025485
2489900021528
2489900019001
2489900018616
24899
2489899
2489895
24898916x
24898916
24898875
2489878
2489871
248986
24898517DA
24898438
248983266
24898312
24898301
24898243
248982
248981992
2489819278
24898071teresa
24898031
2489802
24897supassornpalm
24897891018
248978
248977
2489767
248976
24897515
24897499
24897398
24897318w
24897316mari
2489727d
2489725
248972
2489714590
2489706
248970
248969j
24896998
24896946i
2489689
2489677
2489670
248967
24896647
24896630
248965dym
248965dea
24896403
248963W
24896338
248963
24896299
24896243
24896067
2489605
2489600020185344
24896
24895eve
2489598
2489582911
248958
2489567
2489565
2489562
248956
24895545
24895541
24895536
24895461k
24895439
24895305erika
24895299
2489523
2489521953688272923
2489518563
248951789
24895149
2489512
248951
24895005
248950
248949
248948
2489476
24894696
2489466
2489463
2489442
248943
2489424894
248942
24894170
2489415
248940
24894
24893sharna
2489395
24893531
248933link
2489339
248933567
2489331
2489324893
2489307
2489300305
248930
24892lh
24892933
2489289
2489287r
2489280
248928
248927
2489266
2489263422390731
24892600
248925tink
24892595
2489259
24892589marcia
24892537
24892497
2489237e
24892287226
2489225944
2489221
2489210
24892086
24892050
24892007134457
24892007
248920
24891naome
24891aa
24891@24891
248919r
24891955
24891953
248919342
248919191
24891901dani
248919
2489183
248916050049851
248916
24891533
24891521
248915
2489142
24891412
248914
2489132
2489119
24891151
24891111
2489108
24891011
248909
248908
2489077
2489069
24890628
2489055036
24890512
2489048
24890317
2489031
248903
2489021696
24890210j
24890210
248901b
248901933
24890193
24890060
2489000300389024
2489000
2489*ED
2489!4398
2489
2488yareaj
2488vic_
2488vane
2488tavo05
2488octubre
2488kc
2488kb
2488k69
2488jk
2488cm
2488caba
24889uruguay
24889939
248899110
248899
2488966
248896201
248896
2488952
24889475
24889435
24889432
24889363
2488936
248893
24889268
24889194
24889132
24889122
2488904793
24889034v
24889011
24888m
24888bat
24888942
248888bryan
2488888
24888822
24888792
24888744
2488870
24888568
24888426
2488834
248882143
2488821
248881k,v
24888175
2488814
2488812
248881
2488804
248879845
24887937
24887869
24887825
248878
2488766
2488760
24887566
2488755
248875
2488749
248874344j
248871813
24887121
248870644
248870371
248870186c
2488699
24886985
24886963
2488674
24886715
24886713
24886654oyg!
24886625
248865467a
24886542
24886511
2488650
248863318131607
248862827
2488621
24886208
24886200
248862
24886182
2488616
2488608758
2488598m
24885960
248859595
24885848
24885846
248857626
24885740
24885703
24885668
24885657
24885653
2488565
24885639
24885638
24885631
248856244
248856
24885586
24885490
24885451
2488541
2488536
248852
248851787
2488513438
248851140
24885100
248851
2488505
24884ym
24884982
24884974
24884942
24884938
24884858
24884820070696A
24884814
2488481
248848
24884791
24884772
24884672
2488462
248846
24884592
248845
248844906
2488449
24884372
2488432a
24884311
248842sad
248842956317
248842127
2488421234
2488417
2488413
24884104
2488409
24884
24883973
24883960
2488393
2488392
248839
248838
248837225
24883721
24883600
248835868
24883559
24883551erika
2488345
2488341
2488339
2488335
248832
24883012
248830
24883
24882opsfs
24882962
24882868
248828651995
2488283
2488277
2488270298
248827
2488254
248825309
24882523
248825182519
24882515
248824fi
24882499
248824882488
24882472519143
24882456
24882424
24882390
24882327
2488232
24882305
24882276
2488226
24882201
24882163
24882128
2488210kat,
2488210
248821
24882054
24882031
24882009
24882
24881pp
2488199
248819404
2488193
248819
248818903577
24881886
2488187
24881860
248818419
248817885
2488173
24881722
24881667
24881626
248816
24881584
248815431
248815188
2488151
248815
2488146
2488140
248813947
2488137
2488135
24881328
248812tayx
248812035
2488112771
248811
2488106167
24881050
24881000
24881
24880guerrero
24880805
248807
24880659
2488055
2488051
2488046
248804145
248804
248803
248802529
24880230
248802177
2488015
24880022
24880000
2487v@a24
2487rk
2487murphy
2487misheli
2487love
2487kookie2487
2487kino
2487jv
2487dw
2487cubilla
2487cube
2487bay
2487bailey
2487baby2487
2487ap
2487angeli
2487R00
2487MC
2487A.F
24879n
24879mjg
24879j
248799920
248799
2487980
2487974826
24879675
2487961253
248796
248795381
248794
248793m
24879365
24879341
248793
248792jsrq
2487929
24879215
24879169
248791409
24879119
248790bac
2487906c
24879040
24879*
24879
2487890
248789
248788ny
24878894
24878812
2487881
2487876
24878751
248786py
24878664
24878639
24878621
24878597
2487855
2487852
24878464
24878427
248783k
2487838
248782832
24878065
248780
24877ning
24877769
24877653
248775346
24877511
248774925
248774736
24877433
24877425
24877420
248774153
2487741
248774
2487731
2487730
2487724
24877176
24877133
24877101
24877067
24877050
24877
248769875551453
24876862
2487684
24876807katrin
24876745
24876740DENANKO
2487672779
24876676
248766
24876514
248765
2487642
24876384m
24876379q
2487636
24876328
24876231
248762
2487616
2487615332
24876125
248761
24876068
24876058oka
2487602
248760
24875suzie
248759403
2487594
2487581o
2487580
248757123
248757
24875636
24875624
248755674
2487551
248754127
248754
248753f
248753715
2487537
24875352
248753
248752698400489
24875212
2487521
248752
2487514
2487512901910
24875055
24875032
248750122
2487500
24875
2487499
24874985
2487495
24874906
24874842
24874833
248748
24874778
24874548
24874420
2487442
24874395
24874387
2487426
2487424
248742
24874182
2487417
248741
24874
24873994
24873891
2487388
2487375081
2487375
248737359
24873729
24873717
24873674
24873613
248736
248735040
248735
2487345
24873446
2487339
248733567
24873333
248733270
24873287
248732480
2487314x
2487313381321343
2487305
24873012
24872r
24872846
24872803
2487276
2487275
248727
2487267
2487265b
248726
24872590
24872531
248725
24872491
24872487n
24872222487222si
248722
24872192g
24872167
2487213
2487201
24872005
24871pink22
24871983
248719716060
248718360
24871777
2487175
24871610
2487159
248714699
24871456
248714367
2487128
248711
24871027152
2487100
2487078
2487074557
248707103
24870658
2487061
2487060kc
248705
248703
248702539
248702
248700349700
24870
2486xnl.
2486wrs
2486stone
2486s17935
2486romance
2486rc2486
2486ohohe
2486nick
2486montecristo
2486mil
2486michi
2486mh
2486mariposa
2486lol
2486lind
2486jonahmum
2486jojo
2486jo
2486je
2486jaimelauralo
2486isc
2486india-peru
2486hvtzw
2486gle
2486eyn
2486ecba
2486dex
2486chun
2486cd
2486cbi
2486carlota
2486avon
2486andr
2486acr+
2486aal
2486aa
2486a2
2486Papi
2486JaJa
2486@Anye
248699531770
2486993
248699
2486984082
248697523
248697513
2486973
248697135
248696717
248696
24869527
2486951
24869317
248693
248692747
2486921
248692049
248691b
248691673
248691
2486899
2486894
24868812
248688
2486872r
2486872DT
248686
248685
2486843
2486842
248684
2486825093
248682
24868132
24867ecik
248679513
24867950
2486791350
24867913
248678n
24867892
2486788
2486777
24867705
24867675
24867610amanda
2486759aq
24867584
2486753951
2486751sen
2486751
2486746
248674-bb
24867391
2486739
24867320
248672916
24867153
248671033
248670
2486697
24866915
248669
24866878
248668420
2486676
2486666
24866450
24866362
24866328
24866321
2486626
2486623425983
24866192
2486619
2486618
24866045
24866031
24865willy
24865wan
24865m
24865kskjc
24865kambali
24865jmv
24865f
24865changa
24865bgrkg
24865bata_lovely
24865ahj
24865abi
248659a
2486599
24865975
2486597314
248659713
248659371
24865931
248659.
2486587
2486583
248657951535
248657931
248657913ben
2486579135
24865790
2486575210
248657391
248657139
24865709
2486569136013120
2486567139
248655K
248655973..aa
2486557920
248655513
24865540
24865539
248655338
2486552486milix
248655248655
24865522
2486552
2486551793
2486551230
2486550
24865411
248653971
24865374573
24865370
248653698741258
248653197563
2486531970
248653179
24865313
248653100
248652bobrbm10
24865288
24865247
2486522
2486517933
2486517930
24865139
24865137900,
2486513759
24865130
2486513
2486512
248650802365135
24865062cv
24865.
24864yydux
24864wdrsc
24864h
24864fyfhc
24864993
2486499
248649
248648t
2486486
24864852514927
24864825
248647854
2486475
24864630
24864602
2486457
24864561
2486444
24864425
24864361
24864320
248642jlo
2486395170
2486395
24863917
248638255
24863791504
24863777
248637514
24863737
24863719
248637
2486363
24863612
2486357951
248635761594123
2486357159555
2486357159
2486351
2486344538
248634326
248634
24863374
2486336
2486335fidd
248633205
248632483
2486324
2486318
24863179r
24863179er
24863179AC
2486317952521552
2486317931
248631779
248631579
24863157
2486310126029828
248631
24863055
248630212
2486301630
248630
24863
24862xx
24862o
24862m
248629814122504
248629651
2486284
24862830
2486279135q
2486272886
2486262626
248625ma
24862595
2486259
2486258schmidt
24862589
2486258852mis
2486258789
24862580
248625795
24862575gx555
24862574
2486257
2486255k
24862550
2486255
24862532
24862520
24862517935
24862507
2486250
24862496
24862495
2486248677
2486248624
2486248619
24862486159753
2486246
2486245
248623na
2486234562812545
24862342
2486230
24862275
248622684
2486219
248621530
24862153
2486214789456
248621300
24862051379
24862008
24862+-as
24861987
248619790
248619735
24861973
2486193750
248619375
24861937
2486190489
248618907
24861793love
248617935ke
24861739
24861635
2486162
248616
24861590
248615391
248615379
24861532
24861530
2486150223
24861470luis
2486144
2486141
248614
248613vicy
24861399
2486138
2486137950
248613791739
24861359
248613579p
2486135790
2486132140
248612r
24861284
2486123654
24861224
248611377162
2486110
2486108M
2486107
2486102
248610120
24861010
2486097941
24860800903047
2486070
248607
2486065
24860609
248606
24860464
2486046
248604
24860322079
24860314
24860223eyo
24860216
248602
248601eeeeee
24860126
248600aa
2486004
2486..
2485tb
2485spooky
2485san
2485saeng
2485rb
2485piano
2485oeeu
2485kathy
2485jps
2485jj
2485jb
2485dsw
2485drms
2485diana
2485de
2485daya
2485cori
2485blue
2485ang
2485af
248599k
248599
24859854
24859790
2485978003303331
248597
248596006
248596
248595m
2485956524
2485951
24859480
2485945
2485938
2485937
248593
248592l
248592
24859185gabriela
248590618
24859028
2485901
248590
24859
2485898
248589
24858889
248588
2485877740
2485866
248586
24858573
2485855
2485842
2485837
2485832
2485822
2485821paola
248581
24857effzy
248579631
24857954
2485789000
248578771
24857847
248576
2485749cc
24857483
248574427
248574308
248574104
248573ibra
2485735
2485734
248572383
248572
2485717
248571
2485698
2485696
2485695
2485692omar
248569
24856853
2485684
248568
24856611012
248566021294
248565
248564793139
2485647
24856458611
24856384
248563
24856278waltona
24856225
248562
24856188
2485612
24856108
248561
2485601
24856
24855j
248558258
24855820
248557
2485566
248556
248555km
24855578
2485557
24855487
2485534824855348
248553432
24855323
24855302
248552336
248552
248551642
2485514
24855110
2485509
24855055
24855035
2485500
248550
2485497
24854966
2485490835
2485480
2485472
24854623
248546
2485454
24854520
24854502225253752
248545
24854498
2485449
24854464casa
2485442
248544
2485428
24854214
24854191
248541
2485407
2485404
24854
24853919
24853814
2485380
248538
2485376
2485360
248536
2485359
248535857321
24853524
248535190109246
24853512
2485350
248534
248533a
24853398
2485333
248532866425
24853158
2485314
24852s
248529
2485287
2485280
2485279
24852766
248526980
248526
24852554
2485251
248525
24852499
24852490
24852485JK
248524852485
2485240
248524
24852333
248523248325
248522a
2485226
2485224852
24852197
2485210
248520lyz
24852076clbjmi
24852062
24852005
24851985
24851915
248518531
248518
24851716
248517
2485169
24851620
248516
24851595
2485157
24851537
248515299
2485152
24851441
24851410
24851402
2485139
2485137kll
24851366
24851250
2485123
2485101
24851
248509345
248509
24850854majestic
24850793
24850713
24850644
248505
24850417
2485041
24850362
2485036
248503
2485024
248502
24850199
24850196
2485019
2485017
2485015
2485013
24850054
2485003
2484xxx
2484vig
2484tjj
2484star
2484socwk@@
2484sb
2484myles
2484mesa
2484macwq
2484ldw
2484kaen
2484jc
2484j3nn
2484hzchf
2484eom
2484dj
2484cooperalpg
2484carnederes**
2484bj
2484bere
2484bacd
2484KAEN
24849joban!
24849932
24849860
2484976
24849731814
248497066a
2484970
24849632
24849528
2484951
248495030000000
24849455
24849448
2484931g
248493
248491
2484904900
24849
2484891541
248489
248488
24848588
24848413
24848410
2484841
2484834
2484833c
24848336c
24848258CV
248482
24848176
2484816432
248481038134
24848094
24848075
2484798
248478
24847711
248477
24847697
24847696
24847652
2484762612
24847510CEL
248475
24847470
24847412
24847337
248473
24847235
2484722348
24847213
248472020
24847200
248472
24847161
2484711
24847070
24847026
24847018
24847017
24846mooboony
24846k
2484696
24846944
248469
24846892.eli
24846892.e
24846884
24846877
24846874
2484687
24846869546
2484685
248468351
2484682
2484676
2484673igr
2484667pentek
24846656
24846490
24846430
2484639
2484638079
248463
2484624
2484622
24846203
24846046ci
24845c
248459448464766
24845903
24845881
24845827
248458
24845700
24845664
2484550
248455
24845467
24845430
248454
24845268
248452177
248452052
24845174
24845156
24845012
248448
24844796
248447
2484467
2484464
2484461069
2484458
2484454
2484452
248445
2484445
24844436
2484441
248444031pwo
248444
2484438
24844375
2484437
2484432
248442
24844162484417
2484416
2484410
248441
2484409
24844063
24844035
248440
2484398m
24843919
248439
2484382
2484381
248438
248437538
248437
2484367
24843655
2484354
2484342
248433mgchtblery
248433mgcht
2484337
24843304
248433
2484329
24843222
248432
248431
2484307
2484305
24842990
24842787zule
24842737
2484258
24842519
24842511
2484250204
248424k
24842487
248424842
24842365
2484231
2484226
24842136
248420m
24842053
24842015
24842
248419856!
2484186
2484185
24841777
248417
24841699
24841692
248416
24841572
248414978
24841490
24841422
2484142
248414
2484133
248413
24841219jb
24841212cyma
248412002
248411dani
24841151Ju
24841111
248411
24841026
24841009
2484100711
24840b
2484092369
248409
2484080
2484071
248406
2484041
248404
24840378
2484033
2484026
24840245
24840191
24840132
24840130
24840084
24840071
2484002
24840000
2484-gopar
2483ya
2483winx
2483sb16
2483pyhcx
2483martin
2483lnm
2483jm
2483brat
2483a
2483Rolly
2483RDM
2483LOEF
2483Chris
248399588
2483995
248399
248398985
2483984
24839818
248397
24839633
24839590
24839567
2483951
2483941
2483938maria
2483933
248392799
248392528
24839217
248392
2483905
2483900
248388k
248388
2483871o
248386
2483838912ema
2483819
2483811332
248380000000000
24838000000000
2483796
24837916nancy
24837838
24837690
248376258
2483756
24837384
2483735
248373
24837263
24837202
248372
248371J
24837127
248370jesus
24837
24836965
2483693
2483691
2483681
24836739
248367195138
248366m
24836651
2483660
248365
2483643
248364
24836338
2483633600
248363
24836223
24836200
24836160
24836051827
24835ridgecroft.
24835947
24835930
24835917
2483570
248357
2483542
248353637
24835352
248353
24835294
24835261
2483525
2483524523
24835219
248351kae
2483518
248351
24835021
248350020
24834815
24834675
2483461568
248346
2483457
24834478
24834444
24834290
24834244
24834213
248341
24834054carlos
24834030
2483401
248338
2483359385
2483350252
24833483
24833456
24833406
24833371
2483336
248333
2483322608
2483321074
248331
24833014
248330
24832973
2483295asm
2483292
24832738
24832712
248327
24832698
24832611
248326
248325armenb
24832523
24832519
24832509
248325076
24832413
248324
248323f
2483239
24832211
248321jhon
24832194
2483216
24832055
24832009
24832000
24832
2483199105abbz
2483199
24831972
2483197
2483191
24831902
2483188
24831823
24831747
2483170
24831626
248316
2483159
2483157
2483155
2483154524831545
24831457
2483142
248314
24831395
24831355
248313
248312
24831170
24831160
24831101
24831031
24831007
2483093
24830921
248309
248308
24830782
24830619
24830597
2483051
248305
24830495
2483048
24830474
2483046
24830449
248304
2483037205
24830314
248303
248302na
2483028
24830266
2483024830
24830215
2483018
24830072
2483007
2483-7804
2482vero
2482vardon
2482saiyanstyle
2482rob
2482rafael
2482pooh
2482pitt
2482mm
2482ling
2482lindley
2482jw
2482jm
2482hamc
2482gabe
2482cf
2482camuy
2482WX
2482@Katie
248299grcm
24829848
24829730
2482963
2482962
248296
2482955
2482949
2482947
2482944
2482933
24829320
248293074
248292r
2482929
24829282
2482924k
2482924829
2482923
24829195
2482919008thay
24829185
2482912039
2482906
248289
24828864
248287n
2482876
248287
2482862
2482851
24828482
248284
248283
2482827655
2482815
248281
24828
24827969
248279
2482771
248277
2482768
24827476
2482744
2482742
2482734
24827219
2482720emmary30
248272
248271j
2482700ishan_jayal
24827
248269a
2482690
248