2685557913
24826825
248268226g
2482682244
248268159
2482674a
248266
248265650
248265
2482648
2482624826
2482616
24826159/gabi
24826122
2482608
248260
24826
24825dae0
248259766
2482593
24825700
248257
2482569
2482566
248256519
24825643
24825611
24825549
2482550888
248255
24825400
2482538
248253617733
2482536
2482533
2482529
24825270
2482524825
24825227
248252221
2482519
2482511
24825102612
24825102482510
248251
24825030
2482500564
24824xj
24824wxgk
24824bitch
24824992528
24824979
2482496
248249
248248nh
248248m
248248jm
248248jazzril
248248Sh
2482484
2482482468
248248*6136303
2482477
248246dko
2482466
2482460//
24824591
24824530
24824522
2482446f
24824430
24824369
2482433s
2482431
2482426429174
2482424824
248242102
2482416
2482414
24824131177
2482412G
2482412
248241112
248240m
24824063
24824**
24823s
2482398
248239
2482387gw
2482379r
2482379
24823788
248236h
2482364
24823637
2482362510
2482361
2482357
2482356
24823529
2482345
248233x+x4ever!(L)
2482335
2482331
248232m
2482328
24823272
24823250
2482324
2482318
24823110
2482306
24823041188
248230
24822m
24822as
248229a
2482288
248228
24822736
24822709
24822701
2482269jm
24822623
24822595
24822517
2482251
24822488
248224830m
248224822482
24822479
2482241982
2482231
248223
248222shah
24822223
248221234
248221
24822087
24822067
248220572482
24822009
24822
24821991
24821990
2482182
2482180
248216
24821587
24821556
24821555n
2482132
2482130
248213
248212mrg
2482127
24821262
2482126
24821151
24821107
2482109oil
2482101041
2482100
24820ycoq
24820ss
248209
2482087
2482080e
248208
248207532
2482074
248207
2482069303P
24820668
2482066
24820649
2482063
248206131077ekangry
2482061
2482056
2482055
2482052
248205
24820387
2482036
2482034
24820314
2482031
24820190
24820167
24820099
2482008
2482007+2472007
2482007
2482004
24820030
2482000
248200
24820
2482
2481smcc
2481rockoff8476
2481pin
2481nkotb
2481love
2481km
2481kl
2481jc
2481jb
2481imm
2481humphrey
2481eve
2481canto
2481_angel
2481HUMPHREY
24819988
2481997
2481996
2481992loveinair
24819928444
2481991hamooda
2481990f
2481989v
248198914
2481989
2481986511990
24819847899
2481982
2481980
2481979
2481977
2481975
2481974
2481973
248197210
2481963
2481961
248196
248195ai
2481945k
2481933
248193
24819188andreita
24819
24818995
24818990
2481899
2481895
24818909
248189
2481888
24818742
24818624
248186
2481859
24818588
2481856
2481855
2481852
24818342
24818328
24818313907
24818308
2481830
248183
24818272
2481827
24818266
24818243
2481818
24818172
2481817
2481813a
248181
2481809
24818089sivira
24818049
24818000
24817960
2481793*
2481782
24817721
24817709
24817698
2481763
24817585
2481758
2481747
2481745
248174378
2481734
2481728
24817273
24817241
24817152
2481714
2481713
24817107ee
2481708
248170256426265
24817019
248170
24816942
24816923
24816908
2481690
24816866
24816814
24816811
248167935
24816721
24816712
248167
2481661t
2481661424061994
24816589
24816560
24816529
248165
24816474
24816430
2481637mch
24816333
2481632karla1224
2481632a
24816326412848163
24816323
248162A
24816181920aq
24816180
2481612
24816042
24816031
2481600
24816
2481598
24815937
24815931
24815827
24815825
2481582
24815793
2481578
248157
24815686
2481568
24815628
248155k
24815584
24815570
24815530
24815503
2481548
2481545
248154297
2481540
2481533
24815311
248153
24815294
2481528
24815265cool
2481526
248152
248151m
24815162342
2481512
24815090keywardjesus
24814tum
2481495
2481487
2481484
24814838
248148
24814734
248147
2481457
2481441
248144
24814345
24814342879
24814338
2481432
248143
2481426
24814258
24814245
24814211
2481415
2481414
24814111
24814074
2481404
248140
2481397
2481396
248139
24813880
2481381
2481380
2481376
248137
2481369-J
2481363
24813599
24813579
248135
2481346
24813338
248133
24813243
2481319
2481313
24813110
2481306a
24813049
24813
24812cr
2481296
2481294
248129
248128921
2481285
24812831
24812815**!!
24812808
248128
2481277040
2481276474
2481270801
248127
248126859
24812657
2481265
24812632
2481261
24812593
248124j
248124ihsanraul7
2481248
2481247
2481246
24812377.ss
248123577
2481235
24812345
2481234
2481233
24812299
2481228321
24812184
248121692722105
24812148
24812145
2481213
24812110
2481210
2481209
24812047
248120
24812
2481199108
2481199
24811989nun
2481185
248118
2481170
2481168922
2481168382
2481165
2481162
248116
2481159
248115678
2481155
2481153827
24811535
24811528
2481148
24811456
24811450
24811441
24811440
2481140615
2481140095
248114
24811378
2481136542
248113558
2481132745
248113
2481128
2481120
2481119a
2481117j
2481117A
2481112
2481106004120500369
24811019
248110
2481095
2481090
248109
2481085790
24810850
2481084
24810824
2481082
2481080261
24810618
2481057014
24810508
24810494
248104123
2481041216
24810410
2481040
248104
2481032364
248102sercan
248102mechita
2481027276
24810272
2481026
2481023
24810204
2481020
248102
24810195
2481019
2481016076
2481016
2481015278
2481014473
248101214
2481012
2481010
248101
24810077
2481007
2481000
2481
2480paddy
2480mutual
2480ln
2480lm
2480gg
2480free
2480dady
2480chola
2480cf
2480celular
2480ca
2480Nurse
2480Draw
2480CHOLA
24809bouz
24809822
24809745
248097040
2480961
2480941355
2480921
248092
2480919920306
2480907
24808946
2480890
24808829
2480881031
24808771
2480876
2480873
248087
24808676
2480863
2480852
2480842
24808375
2480823ah
2480822
248081
248080712345
2480802
24808
24807amtbebe
24807946266
2480789
24807766
2480771856
2480765
24807590
248073839
2480729
2480724807
2480720
248071622303404496023
2480716
248071
248070
24806ecdl
24806955
2480686
24806789
24806697
24806682
24806642
248066
2480658
24806525
24806442
248063489
24806257
248061129
248061
24806099
24806087
2480603
24806
24805un
24805986
24805969
24805913
24805764
2480561
24805606
2480555
2480553
2480551
2480545
2480541
24805320
24805316
248053
248052400265355
24805146
24805123
2480511
248050s
24805073yyy
24805037
24805
248049
24804895
248047lg
2480459933
24804498
24804495
248042
2480418
2480410
2480406
248040
24803936
2480391
2480382
24803791
24803645
2480346642
24803438
24803365
2480336
2480333kr23
24803336
24803275
2480326598
24803265
2480326
248032535
248030
24803
24802960
24802933
248029
2480284
248028
24802794
24802791
24802790
24802779
24802762
24802756
2480275
2480273n
24802723y
248026
24802559
248025529614
24802522
24802521...pollo
24802482
2480248
24802479
2480243
24802401
2480236
248023077
2480229
24802191
2480216
2480204
248020
24801taree
24801center
2480198
248019
24801872
2480186
2480179
24801749
24801721
24801564
24801551
24801543j
2480154
24801448
24801413
24801390
2480138011F
2480135
24801311788
24801257
2480124ws
248011phill
2480119
2480110
2480104
2480100a
2480100016301
248010
24801
2480090
248008246130
248006851
24800649
2480056
24800419
248003a
24800396
2480038
2480033
248003
248002482
24800234
24800217
2480014
248001395017
248000k
2480002
2480000
2480.013
248/22
248.073
248-2614
248!(*@RAS
247zro89
247zayne
247ypi
247youth
247xtrmlf
247worship
247who??
247west76
247vaw
247tu
247ttga
247trill
247tornado
247tongan
247tmac
247tina
247tick
247thr4u
247th4e
247tb31
247taylor
247tahaia
247t8t
247szk
247swim
247sun247
247success365
247stud
247strestime
247starz
247soulja
247soccer
247snzmx
247snakes
247shuu
247shore
247sfx
247sfh
247sfd
247sexy
247scc06
247sandy
247s33bz
247s326
247runner
247run
247rubzpavz247
247rtrnrd
247rose
247rorrirocks
247rocks1996
247rocks
247rju
247ricky
247rfd
247rebel
247rain
247qt
247pvc
247pro
247prince
247pot
247poop
247pompey
247polk
247pink
247pilgrim
247pic
247pens
247pek
247peaches
247opi
247onthego
247online
247onja
247oct72007
247nsum
247noob
247nomin
247nomad
247mta8y
247monherdene
247momma
247mom
247mod
247mfp
247may
247matt
247mapnayrb
247mac21
247luis0.90
247lt247
247loveu
247loved
247love4him
247lorraine
247lord
247lonnie
247long
247lol
247lec
247kito
247kiri247
247killer
247kids
247keno
247junglist
247joy
247jonmom
247jenna
247jabawokies
247inmah911
247imonone1238
247iluvnan_
247idag
247i789
247hustlers
247hustle
247hq
247hornytoad
247hope
247honey
247home
247hawaii
247hardcore
247happy
247hans
247hairtai
247gymnast
247gurley
247grind
247goodlooking
247godk8
247gneba
247girl
247gentry
247gato
247gangsta
247g2995
247fun
247frpgr32
247friends
247friend
247freckles
247fool
247flirt
247flames
247fiona
247fijian
247feb
247fdrayton
247falcon
247fai247
247ewhca
247evil
247eater
247dstudio
247dream
247domingo
247dme
247dizzy
247dios
247dick
247dib
247devil
247delta
247dazx?4eva
247dawg
247dave
247dairylea
247daddy
247czlcl
247crime
247cops
247coomber
247colombiana
247cock
247clubber
247cky
247chiotti
247chargers
247ceo
247ccunk42
247caz
247cammy
247bway
247butterfly
247buddylove
247bobsy
247blue
247bicggg
247bebo
247beats
247beast
247bbrigor
247bbb
247bandit
247ballin
247ballers
247baller
247babe
247austin
247at711
247asap
247aprilcheers
247amandaa
247alysia
247allday
247alex2jo4ever
247aldiaguillermo
247aldia
247agq
247aecmissc
247abalost
247aaa
247a7x
247_lomejor
247_joker
247_hado0oya_247
247_dyf
247_bestfriends
247_0212
247WEEZY
247POWer
247PLUMBING
247ONline
247Jrd99
247JESUS
247Hijitos
247Fucku
247Ellie!
247ENT
247Chimney
247CPT
247CEO
247Bitch
247BOYZ
247BMPP
247BMB
247@shops
247@247
2479puh
2479lvru
2479lothrop
2479liz
2479lc
2479kalita
2479iwtkp
2479ic2479
2479davids
2479clpa
2479cjsr4
2479bobjonesrd
2479bcf
2479ak
2479abc
2479999
2479989mabeyx
24799870
24799835
24799833
247998
24799772
2479974213658
24799742
247996bb
247996b
2479966
24799648
2479964
24799512
2479945
24799444
2479943
24799346
2479932
247993135
247993
24799266
247992
24799185861
2479913
247990833618671
2479900018616
2479900016915
24798991
24798985
24798966
247988bec
2479885
2479866
24798619
24798511
2479841
24798373
2479835
247983
24798284
2479823
24798134
24798126
24798084
24798039
24798
24797997
2479789
2479785
24797822479782
2479780
2479778916
24797775
24797748
24797743
24797726
247977
2479765
24797627
247976
2479755
24797538
24797510
24797462kyle
247974
247973k
247973568
2479730
247973
247972
2479715
24797
24796983
2479688124796881
24796806
247968
24796773
24796750
2479669CS
2479669
24796637_yaneth
24796611
24796524
24796509
247963
24796209906
2479611
24796107
24796044
24795banco
24795971
2479593
24795911
24795905.
2479585
247957974
24795712
24795703
247957
247956941
24795619
247956
24795598
2479558424795584
24795461
24795409
24795242
24795215
24795203
247951763
2479517
24795123
2479506
24795059
24794f
24794915sj
24794882
2479488
24794782
2479476
2479473374
24794726
24794707
24794678
24794652
24794616
2479430
2479428
24794219
2479415
24794114
24794091vegasvivas
24794059
2479405
24794043
2479403
24793ern
24793darcy
2479384424793844
24793734
24793584
24793540
24793523
2479339
2479335473FAI
247933
247931288
2479311
2479310
247930cook
247930865
24792976
24792908
24792894
2479286259326149
24792743
2479272
24792712
247927
2479267
2479261
2479259
247925509
2479252
24792460
247922
24792157
247921
24792092
247920
24791A
2479195
2479193
2479190894yola
247918945
24791738
247917055
2479170
2479169
247916588
2479165
24791618
2479160
247915935
24791577
2479156
2479153raikkonen
24791520
247915151
24791515
24791513ruben
247915
247913X3
24791396
24791263
24791223
24791210
247912
24791198
24791124
24791014b
24791012
247910
24791
24790fatih24790
24790dahl
247909f
2479097
2479092
247909
24790853
247907
24790632
247906
24790541
24790508azul
24790506
247905
247904081986
24790331
2479030202
247903
2479024
2479018
2479016
24790150
2479015
2479009
24790080
2479000
2478smsa
2478sg
2478sd
2478schoon
2478salvaggio
2478riboira
2478ko
2478kgl
2478ken
2478jm
2478jan00
2478horace
2478hane
2478db
2478Louise
2478@2478
247898589
2478985
2478984
247898
24789751
247897258852
2478955
24789519
2478950
24789458tkm
24789458
247894
24789375
24789350
247892neveragain
24789295
247892
24789113
2478910
24789/mad
24788kah
24788jm
24788e
247889lop
247889885623
24788987
2478891
247888d
247888b
2478887
24788857
24788748
247887425
2478865
247885a
24788534
247885
247884mike
2478834
247882ds
2478829
2478827y
2478827Y
2478825853
24788211
2478814
247881097
24788076
2478805
24787_dsp
247879743
247879322b
2478791
24787877
247877816
247877
247876816c
247876
24787540
2478745
247874247874
2478734
247873
24787280
24787247
247872271
2478722
24787215
24787111
2478704
24787034
247870
24786leo
247868
2478667
24786615
2478657
2478656
2478642
24786411
24786283
24786131
24786098
2478600
24786
24785c
2478596
247859370
247859
24785838
247857529
2478573
24785718
247857107
24785680
247856205
247856169
247856
24785565
247854781
24785455
247854
2478525mrm
2478525arm
2478513414
2478510
24785008
247850019
247850
24785
2478494
24784802
24784748
24784730
24784715
247847132
2478458
247845
2478449
2478444
2478431
24784196
247840999
247840732201
2478389
24783869
247837721
247837472
24783744
2478374
247837311
24783721
2478364
24783612
24783610
247836
24783566
24783481paola
247834550
24783356a
247833443b
24783326
24783312
2478322
247832
247831x
2478319
24783028
24782921
247829
2478284jlo
247828
24782709teamo
24782636
24782576
24782500
24782465
247824
24782363
2478236
2478232
247823
2478217
24782086
2478205
2478204
2478202
24782012
247820
24781991
2478199
24781960
24781944
247819
247818mc
247818953
2478185
24781789
24781677lisseth1208
24781528
247815247
24781519a
247815
2478148
2478147
247814680
24781464
24781446
24781444
24781308
2478130256
24781254
247812504
24781228
24781133
2478112
247810951yoe
24781019
24781012
24780kte
24780966
2478093
247809
2478086
24780792
24780786
24780772
24780710
247806t
24780682
2478060871
2478054
247805
24780467
2478032z
247803
2478020
2478019
247801808
2478014690
24780136
24780133shia
2478013
24780126
247801
2478006
2477si
2477purita
2477lp
2477kjya
2477enter
2477derbi
2477amm8
2477amm
247799924
247799765
247799
247798
247795four
2477956
247794
2477930
247793
24779234
24779213
247792
247791
24779093
247790256
24779013
24779
24778j
24778960
247788
24778758918
24778604
24778594
2477842651*/
24778388
24778339
2477833
24778275
2477820
2477810
2477804yuca30
24778039
24777epyap
24777964
247779307
24777889
247778729
24777666
247776
24777536
2477748
2477747
24777434
247774
247773611
24777358
2477735
247773
2477711
24777095
2477709
2477704
247770216
24777
2477689
2477680
247764123
247764
24776321
24776099
2477601
24776002
247760
24775933
247758812
24775848
247757801
247757138
247757
247755925
24775588
24775553
247754944
2477546
247753
247752213
24775210
247752
2477514
247751
2477501
24774996
24774995
24774870
2477484
24774747
2477469
24774651
24774620
2477461
2477458jne
24774540
2477445
247744365
247742sidh
2477425
247742247650
2477412
24774108
247741
24774084
247740
24774
2477399
247739374
247738691
24773856
2477383
24773824
24773612
2477358vb
24773572
24773562
2477354
247735
24773473orianaortiz14
24773426
2477340
24773288
2477321
24773122
2477310
247731
2477309
2477308
247730
2477292
2477284s
24772811
247728
24772677
2477261
24772603
24772589
24772525
24772523
247725
24772458
24772427
2477242145
2477242
2477233345
24772308
24772307
2477229
2477225
2477220
247721it
2477219600
24772168
2477216
2477205
2477203
24772000
24771992
247718874a
247716951
2477165
24771642
2477160
247716
24771310
247713
2477123s
24771221
247712
24771198
2477117
2477116
24771082
24771037
247710
24771
24770862
2477077
2477060
247706
24770505z
2477044
2477029DS
2477023m
24770144
24770
2476wheat
2476welcome
2476mahal
2476love
2476jr
2476hzsb
2476blue
2476as
2476aje
2476ah
2476BIKE
2476ACN
24769jrp
24769g
247699mwt
2476998
24769978
24769760
247697240
2476969
2476965
247696455
247695997
247695897814603
24769570
247693
2476927ap
24769247
247692186
24769187
24769117
24769112
24769105
24769044
247690
24768971
24768853
247687
2476865
247686
2476856
2476844mig
2476844
2476841
247684
24768388
24768295
2476824768
2476820
247682
2476807
24768032
2476792
247679066
24767860
2476783-
24767814
24767751
2476764
24767598
24767571
2476755
2476754
247675214
247674
247673
2476729
2476726930
24767247
24767202
247672
247671fatima***
2476716
247671283
247669kamos
24766941
247669
2476685v
24766845
2476679
2476673
2476669
24766636
2476654
2476646
247664
2476630
24766293
2476624
24766222
24766
24765teamo
247659958
247659103
2476586
24765856ar
2476578
24765760
24765689
247656643
2476562
2476553
247655
24765435a
247654
2476524765
2476521
247652
2476511
2476506
24765001
247650
24764699
24764696
2476452
247644
2476400
24763vdcye
2476398d
2476393
2476386
2476376
2476372
247637
2476368
247636428
24763607
247635847
247634
247633s
2476333467657125
2476333
247632920
24763253
2476324763
2476323
247632220
2476313
24763112
24763045ali
247630270
247630
2476295
2476293
2476278
2476274
2476272
247627
247626c
24762676
24762667
2476259
2476247
2476233
24762231
247622
2476216pyg
2476213d
24762121
24762119
247621
24762072
24761991
24761990
24761846pgda
2476180k
247618
2476172
2476169
2476165
247616
24761584
247615
2476143657
247614
2476133
247613
2476124761
2476113
24761125
24761035
2476100
24760a
24760964
24760943A
2476091
247608
2476071
247606
2476051
2476031
24760301
24760295
24760133
24760123
2476011837
2476007
2476004
2476002
24760
2476
2475ys
2475tree
2475tcr
2475mr
2475k91_net
2475alic
2475_84
2475SK
2475994
24759934325289
24759857
24759834
247598
2475973
24759705
24759695
24759694
2475962vaniq****
2475962318
2475962123
247596200
2475958
2475953
24759510
2475943
24759371
247592644
24759254
2475920
247592
24759193
24759119CSgt
247591
2475909M
2475901
24758973
24758933
247589
24758890
24758862
24758854
24758821
2475881
24758788
2475860125124153
247586
24758577
2475857
24758567
24758540
24758533
24758513
24758502
2475850
247585
247584691
24758454
2475845
2475844
2475838
2475827
2475825
24758249
24758184
247581
2475809
24758013
247580
24757kc
247579
2475786
24757856
2475781
247578
24757788
2475778
247577
2475760
247576
2475757
24757445
247574
2475722
2475705
2475697
247569
2475689
24756836
2475679
24756711
2475670
247567
2475669438
24756687
24756398
24756355
2475634
247563322952397
247562jn
24756264
2475623932
2475621
2475600673
247558314
247558
2475576
24755742
24755630
2475560shervin
24755601
247556
24755555
2475555
247555
24755477
24755462
24755455
247554505
2475543j
24755423
24755390
24755374
24755328
247553
247552291419
2475522
247552
247551230
2475506
24754a
247548
2475478
2475470m
2475455
2475443
2475435
2475425
247542431992
24754196
24754192
2475417
24754166160395
24754141
24754116
247540r
2475406
24754032
24753jdt
24753fa
247539
2475381n
24753813
24753671
24753631
2475361
247536
247535l
24753405
2475340
2475336
2475335
247533
24753287
24753247
24753246
24753239
247532
24753133
24753131
24753101
2475310
24753028
24753006
24752o
2475293
2475291222
2475278
247526kaan
2475269
247526
2475252
24752517
24752502
24752414
24752381
24752365
2475235r
24752310
2475230
24752270
24752130
2475200m
24752008
24751s
24751kb
24751998
24751858
24751852
24751836
247517123
247517
24751608
24751560
247515
2475149
2475135
2475134
247513100
2475129
24751245
2475123
24751157
24751131
2475110
2475108
24751073
24751067
2475083
24750709
247507
24750682
24750594
24750562
2475053
247505
2475039
24750334
247502
2475018
24750167
24750143
24750111
24750061
2475004
24750029
2475.03
2474tree
2474n42
2474life
2474kc
2474kaydanielle
2474jy
2474jg
2474inc
24749993
2474997
2474994
2474991
247496196
2474957
24749563
24749559
24749513
24749507
2474944795129641
247494111
247494
24749305
2474901
24749
2474883
247488016
24748512
24748437
2474842 chenique15
2474836
247482
24748144
24748116
247481
247480612
24747wa
24747r
24747m
24747g
24747c2mmie
24747axi003hjy
24747an
24747a
24747999
2474797
2474796
2474795679
2474794339
247479166
247478jesusfin!
247478g
2474789cr
24747888
24747887
247478463
24747842
24747835
247477rodel
2474779
247477255
24747724
24747596
247475
247474b
2474749
2474742
247474
24747394
24747365
247473532jokojokoz
24747349
247473275
247472kk91
247472jess
247472cl
2474727696
2474725
247472366489
2474723
2474722c
2474721
247471
2474708
247470138
24747*+vi?
24746agl
2474690
2474687e
2474685b
24746848
2474680
24746679
24746649
247466
24746378
2474623cyg
247462130
2474612
24746
247459746
24745957
2474578
247457
247456
247455
2474549
2474546
247454466
2474539
24745371676
24745336r
2474533
247453
2474529
2474526
2474522
2474520
24745121
2474509
24745000
24745
24744994
24744965802334
2474485
247447740
2474476
2474472
247447
247446
2474457
2474456
2474448
2474443
247444
2474437
24744299
24744238
2474422
247442
2474419
2474418
24744079
24744077
24744042yoa
2474395
24743929
24743919
24743898
2474378
2474375
2474369
2474363
247435
2474349
247434
24743394
2474338
24743217
24743176
24743170
24743131
2474312
24743115
2474311165
24743091
2474308247
24743041
2474302
247429s
2474281r
2474281
247427qn
2474270
2474264
24742626
247426
24742589
24742547
24742527
24742512
24742423
24742404
24742373
2474237
2474234
2474229a
2474226
2474220431
2474220
247422
2474219
24742101
247420man
24742
247419tay
24741919
2474191
24741894
24741849
2474179
2474177
2474170
24741612
2474152
2474149
24741417
2474133
247413
2474125
247412247412
2474120
247411t
247411nb
24741171
247411
2474107
2474102
247410
24740xwwwf
2474099
2474094
247408b
2474082
247407
24740674
24740669
24740651
2474064
24740547
24740500
247405
2474046
24740289
247402426
247402
24740193
2474014
24740123
24740100
24740069
24740052
24740
2473red
2473ll5
2473kps
2473jk
2473dog1f
2473NBailey
2473Bird
2473997
247399
24739898
2473988
24739804
2473978/
2473975
2473970
247397
2473962
247396
24739478
24739475
2473947
247394
247393
24739287
24739270
2473924739
24739209
247392
24739190
24739188
24739178
24739155
24739081
247390
24739
24738958
247389
2473889
2473887
24738800
24738799css
24738667
24738604
24738543big
2473851
2473847
2473844vvg
2473837
247383496663017
2473827610
2473824
247382
247381
2473804
24738
24737bbv
247379p
2473773
247377
24737677mj
2473761
24737544
2473750
2473745joe
2473730
247371
247370a
2473700
247369b
24736966
24736824ml
2473680
24736638titi
247366
247365years
247365shining
247365mel
247365dx69
247365de
247365athlete
247365as
247365ampd
247365N3WK
247365B
2473658
24736543
247365420
2473650
24736467
2473641
2473638
2473615
2473611
2473606
24736046
24736000
2473588
24735812
24735804
2473578
2473566
247355j
24735568
2473550
24735488
247354
24735387
2473535
24735330
24735282473528
2473528
2473513
24735123
2473512
247351
24735080
2473500241623991
247350
24734834
2473475n
2473475
24734743
2473470123
2473459
2473458
247344kk
24734311
24734303
24734200
24734117
247341
2473407
2473403m
24734017
2473400
24734
24733tpjoa
24733a&y
24733997
2473396
24733892
24733841
24733742
2473367
2473365830
24733652
247336
24733584
24733570
247335404
2473348
2473343
247334073247334
24733403
24733333
24733327
247332cmnv
2473317
2473312233
24733038
2473302
24732k
247329
2473289
2473285
247328
24732733350486
247326
24732473
24732443
2473240
247324
24732315
2473228
24732243
24732187
24732134
247321228
2473202
247320
2473195
24731903jp
2473180
2473178
2473176A
24731728
247317
24731695
24731687132
247316
24731533
247315114
24731481
2473147
24731436
24731410
24731321
247313
247311988
24731066
24731026
24730footbol
247309ahmed
24730857
24730821
24730788
24730740
24730651
2473064
247306
24730547AB
24730508
2473042
247303a
24730399
2473024730
2473012
24730006
2473000
2473/2473
2473-ja
2473
2472zol
2472xxx
2472shawn
2472ruwkq
2472kmb
2472god
2472gala
2472des*
2472bc
2472b2472
2472amst
2472988
2472985j
24729782
2472976
2472972
247297
24729407as
2472934
247293
24729284
24729230
24729207
24729205
2472918
247291
247290
24728n
24728982
247289
2472888
2472887
247288
2472862
247286
2472848
2472847
2472846s
24728378
247283
2472828
2472821
247281560
2472811
2472810
247281
24727am
24727928nsc
2472792
2472784
2472782
2472771
2472770
24727639
24727612
2472759
24727414
2472740
2472730
2472724
2472721
2472715
24727145
24727116
24727082
2472708
24727000
24726985
2472693
2472692
24726779
2472665a
24726633
24726515
2472650
247265
2472610
247261
247260
24726
24725xsdea
24725rock
2472596
2472595
2472587
2472583
24725817
24725736
2472572italy
247257
24725683
2472549
24725456
24725455
2472539
2472537000
2472537
2472535v
2472531927
2472531689
247253
2472520
2472519
247251485
24725124
24725018
2472499
24724950
2472491202
247249111019
247249
24724820
247247tt
247247d
247247c
24724789
247247742742
2472476
24724756
2472473d
24724713
2472471
24724665
24724611
247246
2472457
24724553
24724523423
24724513
247245
247244666
24724461
24724371
2472433san
2472426
2472422
2472413
2472412!!
2472412
24724007
24723benz
24723987
24723935
247239216169
2472389e
24723844
24723817
2472380
247238
24723761
247237601
2472371
2472369021014788
24723608
247236
2472355
24723515
2472350
247233763
2472336354426935
24723313
2472327a
24723276
2472326
24723251
24723233
2472323
24723172
2472314
247231351099617
2472313
24723129
2472312
2472304
2472301
24723006
24723
24722myvmw
2472288
2472287
247227c
2472267
2472265
2472261
24722470
247224
2472238
2472237
24722355
24722333
2472223
24722177
24722163
2472215cuy
2472213
24722125007023
24722087
24722063
247218dd
24721781
2472178
247217762
247217493642
2472172
24721564
2472152
2472151
2472150tekiero!
247215
2472144
24721434
24721412
247214
2472138
24721375
2