9moses
2619justin
2619je
2619irene
2619ilove
2619gs
2619elx
2619bb
2619azs
2619angel
2619PHYSICS
2619LAKERS
26199r
26199ilw
2619999
26199984
2619996
2619993
26199887
26199874
26199833
2619981
261997123
261996B
26199697
261996224
2619961
261995w
261995jmv
261995e
2619951
261994pogiako
26199413
26199410locoslibres
261993tea
261993r
261993pie
261993ka
261993eac
261993S
26199398
2619939
26199354
2619934321
2619932741993
2619931751994
26199312
26199311
2619930245
261993-rami93
261993-rami
261992s
261992r
261992p
261992nena
261992k
261992gia
261992ap
26199265
26199261992
2619925
26199221
26199212
26199211
26199200
2619920
261991s
261991rr
2619919
2619918
26199162
26199123
26199116
261990tazmania
261990re
261990k
261990j
2619902
26198k
261989ttm
261989a
2619899
2619892
26198919
26198910
26198906
26198905
261988s
261988happy
2619888
26198826
26198805
261988"alcoral_
261987santi19
261987ruth
261987car
261987Suki
26198755513
2619872003
26198707
261986ali
26198691989
2619861596321
26198600
2619860
261985shaara
261985e
261985diaakoko
261985aoz
261985andres
26198522
26198512
261985116
2619850
261984november
26198476
26198406
261983zm
2619833
26198313
261982a
2619825
26198206
261981tg
26198182
261981079
261980samy
2619801
261979t
26197902
2619787j
2619774
261975367
261974mm
2619739
2619734
261972wm4da
2619728889
26197225
2619703
26196sb
2619690
2619689
2619686
2619668
2619658
2619653
261965
2619645
26196404
26196395
261963085
261963013
2619630
261962
26196192
261960abc
26196
2619595
2619593
26195875
26195698
26195645
26195639
26195636jj
26195589
261955
2619549
26195468
2619546
261952
2619510722
261951
26195070
261950009
2619500
261950
261949
2619489
261948753
261948739105
261948357
261948
261947c
261946d
261946283
261946
26194412
26194358s
2619427
261942356
261942
261941
261940jkg
26194095
2619408
261940
26193944
2619383
2619376
2619374586
2619365
261936
26193596
26193577
26193522
2619352
261935
261934712
2619340
2619326
261932329
2619322656130
26193079
2619300
261930
26192916
26192902
261929
26192850
2619282
26192812
26192806
26192739love
2619264fashionmodel
2619264
26192619j
26192619dj
26192524
2619252
2619251344
2619243t
2619241
2619230
261923
26192179
2619216
2619210
2619206
2619202
26191997
2619198
2619196
26191926
2619192
26191903
261918654
26191849AARON
26191849
26191847
26191826
26191815
2619168587
261915WTV
26191513
261915
26191496
261914512
2619145
26191415
261913s@
26191319
26191314126139
26191312
2619126
261911z
26191183
261911771
26191049
261909abcd
2619092
261909
2619089
26190837
2619083600
26190799
2619077
26190622
26190563
26190526
2619050
26190421
26190414
2619021995
26190195
2619013
261901
2619008
26190069yazmin
261900623
2619/4008
2618vso
2618tj
2618son
2618sem
2618rung
2618racgd
2618nurse
2618more
2618mayri
2618lm
2618km
2618karloz
2618juan
2618glad
2618fa
2618f
2618daca
2618cail
2618blue
2618ano
2618NB
26189961
261899306
2618993
2618992g
26189926
261897
261896vfm
2618958
2618954
2618946
26189422521
261894222
26189421
2618942
2618931
2618923
2618922
2618921991i
261892
26189177
2618914
2618912kin
2618909
2618900
261889j
2618893
2618887
26188846
26188788
2618874
2618850
261885
261884h
261884
261883
2618826188
2618820
2618816
261881
261880
26187k
26187j
26187987
26187924
2618788kt
26187848784
26187824
2618774
2618773
2618765512018080
2618765
261875k
26187567
2618756
26187443
26187426
26187321
2618729
2618720
261870
2618699
2618693
2618688
2618678
26186711
26186621
261866
2618650
2618649
261864835
261864228
2618633
261863
2618629
261862448
26186240
26186180c
2618615696
2618611
26186073
2618596brx
2618593
261858
261857
2618561
261856
261854lol
2618549
26185462
261854144
26185400
26185321
261853
2618523
2618510
261851
2618509
26185
2618494
2618491
26184823
261848
261847
2618468
26184618
261846
261845515
2618453
261844l
2618442
2618429
26184281
261842
2618411
2618409
2618404
26183984
261839
26183877
261837
2618364
261834
261833lin
2618333
26183252470YUCE
26183194
26183171
26183161
26183112
2618306
26183
26182929
261829
261828d
261828308
261828182z
261827
26182635
2618259
2618249
2618248
2618245
2618243
2618242212
26182406
2618238
261823
2618226
2618217
261821
26182008
26182000
26181989
26181988
26181982
2618172asa
26181653
2618164
2618153
26181414
261813sj
261813rt
2618132
2618125
261812120
26181209
26181181
2618113
26181096
2618108
2618107952030960
261809rl
2618097
2618084
26180838
26180622
26180569
2618053
2618052
2618051
261804d
2618034
26180289
2618024
26180230
2618016
2618015
26180138
26180135
2618007
2618004
26180037
2618
2617up
2617tqm.
2617thks
2617tesda
2617tb
2617st
2617rdmz
2617nok
2617me&you4ever
2617love
2617ky
2617kids
2617jrd
2617jda
2617gustavo
2617gairis
2617def
2617cj
2617angel
2617998
2617993
2617988445
261798
2617977
261797
26179675
2617966
2617954
261795
26179483
2617932jr
26179261179
26179147
2617913
2617911
261791
26179021
261789_
2617897
26178950
2617885
26178789
26178741
2617872
261785nl
26178582
2617855
2617839
2617828514
2617824
26178234@@
261782
2617813
26178
261779214
2617791
2617780
261778
261777ch
26177702
261777
2617769000
261776
26177574
26177555tomas123
26177350
2617732
26177250
261772367
261772
2617714
2617707
26177002286967
26177000ANAHI
26176901
261769
2617675wjv
26176643
261766
26176549
2617654
2617650
26176449jl+
26176449bl+
26176449JL+
2617642
2617641
26176376
2617636nani
2617624
2617623
261762
26176170
261761
26176074
2617606
261760
26175941
2617594
261759
26175607
26175334
261753
26175250
2617517
261750
2617493
2617489
26174868
2617486
2617484
2617478
26174773
261744
2617430
261743
2617426t
2617420
2617419
2617401
26174
2617394
2617390
261739
261738061090
26173751
2617367
2617365
261736
2617355
26173531
261734villa
26173451mitel
2617320
2617316
2617304
26173015
26172s
26172rock
26172950
26172772
26172673
26172636
261726172617
26172600.m
26172600.
26172535
26172532
26172505
261724995
261724985520080
26172430
26172355
2617234
2617227
261722
261721sufletranit
2617216l
26172088
261719966
261719+45870
261718e
2617183
26171809
26171777
26171726
2617170
2617163
26171618gc
2617159pga
26171587
26171500
26171431
26171429
2617140507
26171405
261714
261713a
2617131
26171277
26171276
26171227
26171214
261712018989
2617118
2617117
261710a
2617102
26170944
26170903
26170892
26170865
2617077030500
26170724
26170714
261707
261706cy
261706
26170407
261703love
26170393
26170259
2617021019811988
26170206fnhj
26170206
2617019
26170154
2617010
261701
2617007
26170017
2617.svg
2616woody
2616rmw
2616nala
2616moore
2616melita
2616mcbq
2616m6
2616m1sa
2616gr
2616crack
2616carmen1966
2616carlos1
2616aaron
26169912
2616970
2616969
2616956
261695
2616949
2616947
261694386
261694
26169350
2616935
2616931
261692K
2616928
2616910214Jemma
26169
26168j
2616893
2616890
2616878684
261686red
261685m
261684
2616836
2616832
261683
2616821
261681s
2616818
2616813812306
261681
261679626
2616796
261679332
2616791
2616784
26167809
2616776
261677059
2616770
261677
26167660
261676
261675lw
2616758
2616753
261675
26167489
2616724
2616718
2616716
2616714
261670BELA
26167
2616697
2616690
26166753mg
261666xyz
26166647
26166611
2616661
261665rs
261665
26166459at
2616645
26166428colina
26166287
26166241
2616622
261662
2616615hero
2616604
2616600
2616589jan
261658
2616577
2616572
2616556
2616555a
2616553
2616547
2616540
261653231
261653
2616529natsumi
261652616
2616511
261651
26165062
261650
26164yendlemark
2616499
26164929
261648rt
26164830
261648
26164778
2616471
26164669
2616464
2616460
261646
2616456
2616452
2616450
2616447
26164451
26164430
26164339
26164328
2616432
26164306
26164243
2616416
2616415
2616405j
2616404
261640
26164
261639a
261639A
261638science
26163882
2616386
261637302016
261637
26163686
2616365
26163619312
261635k
26163423
26163382
261632a
26163256e
2616324
261631991
26163.2006
2616283
261628
2616271134703
2616270
261626n
2616264
26162630
2616262
26162594
2616259
26162533
2616252
2616251
2616234
261623
2616226
261622
261620039
2616200
26161987
261619068316
261619039
26161810
261617hb
2616175
2616174814
2616172
2616163..
26161625
2616159
26161588
2616148
26161420242007
2616138
2616128
26161271
2616119862537
2616118
2616114
2616092
2616084
26160807
2616079
2616063
2616061626
2616061
26160606
2616058
26160511
261604
26160316
26160222530
26160210
26160204
261601enter
26160161
2616011
2616**
2615zzz5
2615wsa
2615ulmer
2615smithdrive
2615smith
2615oldm
2615o48
2615jorge
2615jesus
2615izel
2615donna
2615dog
2615db
2615cf
2615annepanne
2615ODK
2615Deming
2615CEDAR
2615@0861113826
26159pr
26159a
2615994
261598gustavo899
2615986
2615970
261597
26159496
261594873
26159487
2615945
2615924357
2615921823
26159218
2615915
26158870
2615887
2615878
26158630
26158591
2615852
2615851
2615842
261583
2615828
26158250
2615818
2615816
26158
26157977
261578874516
261578
26157697
26157688
261575
2615747
26157454g
2615727
2615724
26157230
261572-pang
261571
261570
261569
26156807
26156750
26156716785375
26156696
2615658
2615647c
261564699
2615644
2615642
26156400
2615637
261563
2615628132
2615626
261562
2615614
261561
2615605
26155t
2615598
26155948
26155815
261558
26155757
26155738
2615567
261556
261555
261554
2615530
261553
261552
26155159
26155156
2615511yu
261550
26154ch
261549a
26154974
26154909
2615490
261549
261548dude
26154879933117
2615487930
261548793
26154879
26154848152625800852
26154688
2615466
2615460
261546
26154548f
2615447
26154414
261544
26154293
261542
26154164
2615415
26154048
26153alhwy71
2615379
26153735
2615360
2615350
26153376
261533
261531jb
26153169
26152951
26152904
261529
26152850
26152821
26152704
2615263
26152582
26152529
26152509
2615250403
26152484
26152480
26152420
26152419
2615240
26152353
26152277
2615225
2615221
261521leydy21
26152187
2615204
26152011
26152001
26151996
26151991
26151950
2615195
26151918
26151906
2615184
26151822
26151819
2615180725
2615180
2615179
26151746
2615173
2615169
261516326151
26151623
261514da
261514ag
26151444
26151441
2615134
2615131126
26151311
26151297
26151210
261511vk
261511g
26151149
2615110
261510822
261510733
26151066
26151065
2615099
26150940
26150923
26150862
26150861113826
2615081
2615077
2615073
26150658
2615064
2615059
2615051
2615044rn
26150415
261504
26150342
26150213
2615020049
261501repende
261501
2615005
2615000
26150
2614syaiz
2614roc2009
2614pte
2614nsda
2614mi
2614mayjun
2614maves
2614m@yr@
2614leonel
2614ld
2614jh
2614himai
2614fay
2614aj
261499
2614984
261498
2614966
26149612
26149556
2614954
261494
26149370
26149267
26149242
26149
26148g
2614899
2614895
261489
2614885
26148780
2614878
261486a
2614860
2614858
261484y
261484439
26148380
26148212
2614816
26148131
26148079
2614797c
261479
261478
2614777
26147652
2614763
261476
26147479
26147321
261472
2614716
261471
26147
26146guzt9817
26146993321
2614699330
26146970
26146880
26146789
26146764
26146755
26146629
261465ac
2614653
26146456150
2614626
261462
2614619
26146182
26146179
261461230
2614608
26146
26145z
26145finch
2614598A
26145953
261459153
2614587
2614583
261457
26145687
26145602
26145595
2614555
26145536
2614552
261454
2614538
2614535+9806695
2614533
2614531
261453000
26145290
2614528
261452
261451483
26145059
2614476
2614475
261445805
26144479
2614444
26144414
261443749343711040
261443
2614429
261442
26144125a
2614405
26143torno
2614389
2614382
261438
2614358
26143534
261435
26143404
261434
261433575859
2614323
26143227
2614321
2614319
2614316
26143121
261430906
26143069jt
2614304boone
26142950
261429065
26142905
2614290
261428ccs
26142841
26142820
2614281727
261427497731360
2614273
2614271
26142702613
26142627
26142615
2614259
26142532
2614251
26142508
2614244
261424344454
261423pm
26142390
2614232
2614223
26142204
2614211
261421
2614206
26142
2614199
26141971
26141901
2614186
26141842
26141828
26141814
2614181
2614180159
261418
2614179
26141760boca
26141600
2614160
2614153510
26141443
26141426
2614140
26141377
26141369
26141342
261413306
261413
261412c
26141289
2614121
26141176
2614116
26141115
26141110
2614109
2614105
2614101986
26141017as
26141
2614084
26140816
2614075
261407
26140616
2614060
26140598
2614055321
26140553
26140542
2614054
2614053
26140528
26140520
2614043
261403062529
26140306
261403
261401987
2614015
26140123
261401
2614006
26140057
26140
2614***
2613wynnette
2613skyline719
2613rale2613
2613neff
2613mt
2613marzo
2613loquiero
2613lenerd
2613jomo
2613jo
2613janine
2613honey
2613gato10
2613dr
2613dj
2613czb
2613carlos
2613bhs
2613M
2613AN
2613@hotmail.com
26139r
26139k
261399wm
26139975
26139834n
2613978
26139644
26139630
2613960
261396
2613951
261395
261394885tlp
26139419
26139360
2613933
26139311
26139284
2613924
2613918
26139072
261390
26138zb
2613897
26138952
2613893
2613890
261388
261387tm
26138690
26138670
26138667
2613865
2613864
2613855
2613854
261384g
2613845
26138437
261384
2613839
2613836j
2613835
2613834
261383
2613826g
2613826
26138126
2613812
26138104
261380369
261380
26138
2613798
26137929
261379
26137732
261376j
2613750
2613739
2613737
26137295
2613726
2613721
26137171
2613713681
26137127
26136962630751
2613686koa
261368
2613676
2613665
261366393
26136505
2613640
26136334kic
26136326
261362909
2613627F
26136252
26136231
26136217
2613611
261360cf
2613609
26136088
261360
26136
26135reece
26135904
261359
261358z
26135838
26135802
26135801
2613577
26135714
261357
2613562a0a
26135618
26135601
26135500
2613549
261354807
26135430
261354054
2613533js
2613531
2613530
2613526135
26135256
26135254
261352
26135163
2613513craft
2613510866505854
2613502
261350+0
2613490c
261349
26134821
2613478950
2613472
261347
26134683
26134655
2613461
26134604198316
26134569s
26134569700
26134347
26134305534469
2613426848
2613426134
2613426129
261341
261340m
26134005
26133979b
2613393
261339
2613386
26133725
261336q
26133614
261336
26133587
26133559
2613348
261334
2613333162
2613333
261333
2613320
261331996
2613312
2613310
26133028
2613300
26133
261329126
26132911
261329
2613282
26132623
2613256
26132529
26132376
2613237
26132311
261323040879
2613227
2613225
26132185
2613217
2613212
26132042
261320321995
26132024
26132017
26131et
261319m
26131968
26131918
26131916
261319
26131846
26131818
2613173
26131721
26131706
2613166
261316275
261315800
2613158
2613157kira
26131576
2613155
2613153
26131504
261315
261314808
261314252
26131422
26131404
261313957
26131314
26131223
26131221
2613121990
2613120
261311zz
261311683772
26131143
26131112
26131107
261310A
26131033
2613101
2613100
26131
2613091
26130894
2613087
2613085
2613078
26130779
26130778
26130712
261307-0UVAS
2613067
2613064
26130633
261306.
26130599
2613053
26130528
2613047
2613043
2613035
261303.
2613028c
26130157
2613015
2613014761
2613012608
2613012538
261300789
2613005
26130000
26130.2006
2613
2612zero
2612yingboy
2612voss
2612town
2612tedwerty
2612teamocharly
2612teadoromucho
2612talal
2612stacymary
2612sid
2612shinball2011
2612ricardo
2612preciosa
2612patito
2612now
2612naye
2612loo
2612leon
2612leal
2612kpab
2612kit
2612kd167
2612kaganni
2612julmar
2612jdcad
2612j
2612iubi2003
2612iq
2612ionut
2612hvc
2612gap
2612fr
2612fej
2612dylan
2612dp
2612don
2612beau
2612avet
2612asli
2612am
2612als
2612a5003
2612_oruga
2612TEAMOmibebe
2612RBD
2612Leslicita
2612CoRsA
2612=kel
2612994h
26129926
261298sijia
261298ny
26129823
2612981206
26129810
2612974
261297261297
261297210897111096
26129720
2612972
26129713
261297.15A
261296zavie
261296jrr
261296a
2612966
2612962
26129612
26129543
26129517
2612947
26129411
261294001
261293rdst
2612939
2612938
2612933692
2612931851
26129314
261293041006
261292f
261292birmania
261292armxabril
261292BUBBLE
26129292
26129217
2612921516
2612921463
26129207
261291y201295
261291tb
261291soyunaestr
261291S
26129170
2612916
2612914
2612911463
2612910m
2612910M
261290LOVE12
2612906905138
261290191292
26129015
261290!
26129*
26128jy
26128a
261289vatra
261289tiffany
261289s
261289cmt
261289a
2612899
261289306085264
26128915
26128912
26128903
2612890
261289.javier
261288rasta
261288marang
261288m
261288d
261288D
2612882539
26128819199805
261288100
26128800
261287teamodany
261287sl
261287juliocrazy
261287crisne
26128737609
2612873
261286590054t
2612864
2612863131
26128626
26128619
261286123
261286041190
261286*
261285250282
2612850
261284chabelinho
261284JU
261284753074776*
2612847
2612846142
26128411
261283lioyka
2612837
261283210
26128317
261283100686
2612831
2612830
261282rd250lc
26128288
26128225
2612822
261281e
26128197930
2612814
261281300977
26128123
261280m
26128080
26128054244
2612805
26128023
26128020
2612801126128011
26127a
261279a
2612799
2612793129eyglo
2612793129
261278ke
2612789
26127884ruth
261278261278
26127759
2612771
26127590
26127541
2612754
2612752
26127485
26127440
2612741xavier
2612730
261272jjr
261271ajm
2612719
2612711
261270ij
2612705
2612702
26127
2612690
26126740
26126688
26126637
2612662
26126553
26126525
2612641984
2612638
2612637
2612635
2612634
2612631
2612629272
26126262
2612622
261261D
26126181249
26126158
26126150
261261261d
26126126
2612612
261261093
2612600
261259epe
26125941
261258
261257mum
26125742
261256
26125547
2612552
261254869
26125393
2612539
2612538
2612532
26125312
2612531
261252cn
2612528
2612526
2612524
261251mm
2612519
26125117
261251
2612508
26124981
2612497
2612492772
26124850
261247
26124607
261246
26124565
2612449
2612448t
26124467
26124426
261244
26124323231
2612432
2612426
2612421
26124033
2612402978
261239a
261238k
261238b
261238007
2612379412
261237661
26123670
26123650736
26123589
2612354226
26123538
26123481135
2612348
261234561990
26123443211
2612344
26123424933
26123416nim
261234150734
26123402938
2612332
2612331
2612326
26123231377
2612322703
2612322
2612320hola
261231291149
26123082
26123070
2612306
2612303117142941
26123
261228813
26122877
2612279
26122771
26122719
2612271
261226152681114
26122612a
261226122612
261226114
2612261
26122603
26122552
26122551
26122549
26122541
26122540
261225377
2612253701092535
26122536at
261225363172
2612253128012529
261225312
261225262122535
261225258
261225251982
26122515
26122514
261225111983
26122510
26122502
261224man
261224926
2612245
26122425
26122405
2612236
2612232
261223052410
26122253
261221loh
26122156
2612214
26122127
26122123
261221212121
2612210
26122085
2612206
26122040
2612204
26122007o
26122004l
26122002
261220006
26122
26121998
26121996o
26121996a
2612199611
26121994ziga
2612199413
26121993ellinna
2612199315
26121991271986
261219912
2612199118
2612198g
261219894
261219885
26121987chia
26121987a
26121987JORGE
2612198700
26121986alisa
26121985rick
26121985ok
26121984399
26121983gustavo
261219770
2612197
26121968
26121966
261219570993
2612195566
26121953
26121948
2612192
261218bh
261218302581
26121811
2612181
2612179
2612171020
26121708
26121701
261216pv
261216jds
2612168
2612167
2612165
26121610
261216081710
26121604
26121510
261214aaa
26121490
2612147
2612146
26121448
26121431
26121401
26121310
26121308
26121289
26121251
26121209
261211978
26121140
2612113
26121108
26121101
261210ยบ
261210a
2612108912
2612104
2612103
26121003
26120kika
26120bkk
26120977
2612096
26120942
261209
261208aperfectp
26120814
26120812
26120810
261207asultina_18
26120784
261207507
261206jts
261206b
2612050926081407
261205022512Fj
26120411
261203m
261203leo
261203axelhaziel
2612039
2612037
26120321
2612032
26120315
26120312
26120307
261203051211
26120304
261202andre
2612022
261202127
2612021
261201magaly
261201376
2612013
2612012425
2612011234
26120107
261200cmll
261200Jt
2612008
2612002619
26120018
26120011
2612000048
26120000
2612.marceylalo.
2612-sv
2611yrene
2611turbo
2611ttr
2611sl
2611pony..
2611photography
2611ork
2611nicky
2611mar
2611lsj
2611lovsha
2611lov
2611la
2611l
2611kass
2611jyr
2611jr
2611jeremy2611
2611jeanne
2611jccc
2611ilj
2611home
2611gomet.
2611go
2611em
2611dada33
2611chumi
2611chica
2611aya
2611aurorita
2611apr
2611amb
2611ak
2611_83
2611NOKIA
2611NATASHITA
2611Kamron
2611IRAS
2611ILD
2611I06-M
261199tiff
261199fran
26119982611998
2611998
2611997
2611996_jp
26119936
2611992m
2611992jonathan
2611987305084minchy
261198628
26119855
2611984
26119833/diana
2611981
2611980
261197tc
261197MCSB
2611973
2611971
261196sc
2611969696
2611966
2611962
261195llorente
261195cf
261195ALONDRA
26119593n
2611956
2611951
261194edgar.mx
261194_
2611943
261193julieth
261193damo
2611938mnc
26119338
261193261193
2611931100
261192teamo
2611928a
26119272
26119246677
2611923465
261192241097
2611920006
261191yira
261191rockeroAA
261191nc
261191Baflo
261191822698
2611912
26119101
261190w
261190nubia
261190janu$
261190jam
261190caed
261190NLW
26119050
26119026
261190110434
26118gmlr
261189ks
261189j
261189ilham
261189AYE
26118939
2611892510
261189100789
261188sil
261188@pj
2611886
2611883725
26118822
261188150988
261188112929
261187paramore
26118762003
2611872611897
261187261187augusto
2611871w
2611870
261186tavo
261186lsn
261186aja
2611868
26118661
2611866
261186280105
26118519bsyari
2611851205
261184paul
26118453
261183pelunker
2611833005
2611824
261181m
261181e
261181714*100pre
2611815
26118126
26118118
2611811
26118107
261180260279
26118012
261179vera
26117997
26117930
26117904
26117863
2611785
2611782jj
2611780
26117755
26117710
261176la
26117583
261175546
261174d
26117469victoria
2611741
26117409
261173I
2611732
2611731410
2611726127
26117231
261171nahla
26117185
26117152
2611711282
261171026
26116e
261169c
2611697
26116956
261169127
2611689
26116838
261168261168
26116690
2611668
26116665
2611660859318195
261166
26116515
2611650
261163947
26116352
261162621
2611621
26116157
261160
26116
2611592
26115891
261158
2611577
261157
2611564
2611562
261156
261155ja
26115454
261154
2611527
261152275
2611522
26115162
2611513
261149000
26114789
2611471
261147
261145au
2611447
2611445
2611438
2611437
2611434
261142m
2611425
2611424
261141
26114066
2611405
2611403
26113b
2611399
2611391996
26113919
261139
26113899
2611384
2611380
261138-
2611371
2611361993
26113613
26113612611361
2611360848254419
261135a
26113504
2611348
261134258
2611342
26113414434
2611330
261132270629
261132261132
261132221134
26113218
2611314d
26113125
2611311
2611310
26113051
26113020
2611302
261130036211
2611299
261129700010144
26112921
2611291ab
26112906
26112902
2611288
26112809
26112730
26112725
26112704
261126j
2611262406
26112611beeb007
2611260p
26112603
26112547za
26112543
26112541
26112540
26112538
261125271924
26112522kaka
26112521
261125199
26112517
26112510pelon
26112510
26112509deeno
26112509
26112503
2611247
2611246
26112428
26112418bgn
2611225
2611224
261122160331
261122101991
261121m
26112198
26112151
2611206
26112051
26112012
2611201
26112009
26112007xonas4ever
26112005ki
26112005demi
26112001
2611200
261119spd
26111998pp
261119962007
26111996129
26111995jr
261119954412
261119932411993
261119921232259
26111990khue
26111989jc19
2611198914
261119888
2611198822
26111986edwin
2611198544
26111984+sam
261119821903
26111980setif
26111980q
261119800
261119728825114728052004
26111971
26111969
26111961
26111960
26111958
26111955
26111953
26111952
26111948pa
26111945
26111936
2611191
261118926
2611187
26111825
261116918
2611169
2611168
2611166
26111640
26111595
2611152
2611148
2611146
26111443
261114128
261113627041993
2611130305
26111299
2611126
2611125661366548
261112530
261111987
261111961
26111119
261111119088
26111109
2611110723
2611110
26111010
26111009
26111002
261108fa
261107tk
261107teamo
261107mse
261107100102
261107082538
261106youssefsahar
261106ridc
261106fai
261106amor23
26110686
26110681
2611068
2611065
2611064
26110610
261105ljin
261105jarcia
261105ANGEL
2611058
26110553
2611055
261105220606
261104tia
2611042
2611041
261103aa*
2611031
261103062331
26110303
261102toronto2007
261102djtony.
2611027j
26110209
2611015
2611014
2611011
26110108
2611010203
26110092
261100800659811
2611006
261100250
261100051280
2611/2908
2611.9798
2611(valeyale)
2610warlolo
2610vic
2610ul2010119
2610uff
2610st
2610sll
2610sexy
2610selini
2610rodrigo
2610petepeem
2610noblecanyon
2610nadi
2610my
2610mkzm
2610memitos
2610manufc
2610mami02mm
2610jake
2610hco
2610dp
2610dec
2610cynteia
2610cc
2610born
2610bebinours
2610ant
2610ams
2610akchv
2610adli
2610aaejl
2610YAMILETH0293
2610WENCES
2610MS
2610HBS
26109999
2610992883
2610991
261098nye
26109868
261097m
2610977
2610976
26109720
2610970
261096j
261096ebbm
261096_alex
2610969
26109675324
2610966
2610964
2610960
261095sharon
261095p
261095261095
261095250995
2610950
261094ta
261094koala
261094harry
261094ffd
2610949
2610945
261093flo
261093diosesamor
261093=jess
261093960103valerialokis
26109354
261092s
261092na
261092gw
261092fer
261092eeyore
261092dorianavella
261092amichi
26109292
2610923456
2610923210
2610923
26109226
26109224328256
2610921992
261091rms
261091n
261091g
2610916
26109136045455
261091314
261091142610
26109100hf
261091007
2610910
261090sc
261090s
261090rudylon17
261090rnsn
261090princess
261090kr
261090ismab_dayx
261090ismab_day
261090ISMAB_DAY
26109065
26109045
26109033FFE
26109028151
261090130588
26109006
26109*1
26108ever
261089tvb
261089macca
261089lalo
261089jd
2610898nk
26108953
261089180506daec
261089..adri
2610888
2610884a
261088007
261088-j
261087k
26108789
26108758
2610873
26108718
26108703
261086vc
261086i
261086cr
261086chandelle
26108686
2610866946
2610860
261085ho
261085annabelle
26108569
261085627