3114
25733110
25733105
257331
2573301
2573299
2573297
2573277jlo
25732764
2573271
2573270
2573266
257326
2573251
2573240
2573237ok
2573233
2573232725
25732237
2573222
25732214
2573201
2573198
2573194
25731878
2573177
257317
25731675
25731565
25731539
257314
2573132
257313000
257313
2573123258
2573122
257311LJ
2573113
257311217
257310137
25730MIAMORCITO
257308j
257308
2573066
2573063
2573053hg
2573048
257304
2573038
25730370
2573030
257303
2573025730
257302
2573014
2573011
257300152981
25730000
2572ypgzi
2572tx
2572od
2572jb
2572h
2572gbogm
2572dc736
2572abril
257299catxxxx
25729920
257299
2572989
2572966s
2572953
257295
257294l
257294
2572939
2572938
2572934
2572933
25729239
2572911
257290897890725
25729036981331
257290
25728fmnqt
2572898
257289
257288770
2572887
25728849
2572884
2572879
2572869
2572843
2572839
257283
257281
257280140
25728
2572799898736
2572791
257279
25727843
25727717
257277
25727628
2572757
25727444
25727392144139097
2572728
25727233
2572713
25727123
257269
25726713
2572668188
2572668
25726638
25726633
2572663
257266
25726571
2572650
2572641alfredo
2572641
25726376
2572630k
25726140
2572602416s-
25726024
2572600
257260
25725zky
25725miow
25725epwae
257259148368232006316633lpl]
2572590
257258
257257m
2572574120
257257257
2572571
2572559
2572557
2572552
257255
2572543
257254
2572538
2572533green
25725336
2572532
2572531
2572529
2572528
2572527
2572525
2572521
257252
2572517
257251603
2572516
257251
2572506
2572505
2572504
25724840
25724713
2572465
257246
257245
257244aun
257241
257239sgg
25723857
2572378
2572376371002
2572376
25723730a
257237
2572354
257235
257234835
2572348
2572340
257234/8
2572336
257233224
257231l
25723063
2572303
257230
2572291l
2572290
25722821
2572282
25722730
25722713g
2572271
2572267
257225kon!
25722555
257225321
2572237LULU
25722269
25722262
25722238bd$
2572215
25722035
25722010
25722
2572195
25721822
2572182
2572174
2572163
2572155
25721515A
25721510
2572136
257213
25721270
257211
25721095
257210104
257210
25721
25720963
25720883
2572086c
25720852
2572082
257208
2572064
2572061
2572060
25720597
25720492
2572040
2572037
2572021
257202
2572016
2572013
2572010
257201
2572008
2572007591993
2572006
2572004
2572002
25720019
2572001
257200
25720
2572
2571tiki
2571hate
2571cf
2571casa
2571brit
2571bail
2571Axl
25719xht
25719977
2571995
2571994haz
2571993thi
257199
257198s
2571989
2571985k
2571981jaime
2571977
2571975
257197
2571966r
2571963
257196
2571952
257195
2571949
25719286
25719240
2571910
257191
25719
25718967
25718905
2571887
2571874
2571870
2571861b
257186
2571856k98hs3q
2571845
25718388
2571836
257182dtm
2571826
2571819
2571812
257181
257180b
2571806
25718044gabriel
2571803
25718000
25717986
25717902
25717871
2571779mai
2571778
25717775
257177
2571767
2571762
2571747
2571746
2571741
257174
25717316
2571721
257172
25717182
257171
25717071
25716971
2571693
25716912
25716909goz
257169
2571683
25716805
257168
257167708
25716741
2571670
2571667b
2571663a
2571650
257165
25716334
25716322
257163
2571624
25716225cedula1
25716186DAYA
25716177
257161
25716086
25716024
2571602
2571597
2571595
2571592j
2571592
2571590
257159
257158phil
2571572
257157
2571558
257155
2571546
2571543
25715404
25715352
25715319
2571531
257151
25715055
2571505
2571498
25714927
2571489لأ÷×{^&:<
2571488
25714869
2571483
25714824
2571452
25714433
2571438
2571436
25714359
2571432
25714273
2571426
2571422
257142
257141819ac
2571415
2571409
2571407
25714062571406
2571403744
25714037
25713991mela2sce
2571398
25713946
2571387
25713844
257138147270401
257138
257137525
2571370
257136
25713507
257135
25713457123
2571343
25713423
257134
2571336
2571333
2571330
257133
25713233
2571321lw
25713167
2571314
25713062
25713055
2571301
2571300031109
2571300003831
2571300
25713+999
25713
2571291
2571288acb
2571285151615
2571285
2571280
25712752571275
2571275
257127309
2571267
25712611
257125a
25712590
2571259
2571256
257125
2571242
25712407e
2571235
257123
2571226
2571213
25712111
2571210
257121
2571199
2571197
25711930
2571187
2571183
25711739
257117
2571161
257116001
257116
2571148
257114
2571138
2571136
257113
2571127422
2571124
2571123
2571119v
257111
25711093
25711070
2571100024109
257109i
2571093
2571072hellomc
25710723
2571069amgv
25710652
257104s
257104
2571032
25710310
2571030
257103
2571027
2571023
257101517
2571011
2571003
2571000029451
2571000024638
25710
2571-179
2571
2570yqppi
2570yo
2570pat
2570nichijunta
2570longlane
2570dcjl
2570TROY
25709qmjk
25709994
257098
257097281
2570966
2570961
2570941
2570935
2570932
257093
2570927
25709257090878969652
257092
2570906
2570900024528str
2570900021511plo
257090
2570897
2570895
2570880
2570876
257087373
2570872
2570871
2570870
25708590
257085
25708462646743
2570829
2570827
2570826
25708202
257082
25708000
2570800
257080
25707jesusmanuel
257079
2570782
2570778
2570763
2570730
257073
257072
2570716111
2570707
2570700024893
257070
25706947679094
25706844
257067d
2570679
25706776
2570665j
25706582518307
257065
25706469mb
2570638
25706205
2570612
257061
2570608
25706.
2570592
257057
25705254789
25705200
257052
257050450314
2570500
25704num
25704j
257047873
257047484
257047
25704592
2570458
2570443
2570433
2570432
2570424sc
25704150
25704149
2570414
257041
2570402
25703conceicao
2570391pig
2570389
2570382
2570369NI
25703604
25703551
257035
2570347
257034
25703335
2570330
257032536
257032
2570318
2570312
25703115
2570306
257030
2570296
25702891
2570288
25702863
25702791
25702777
2570273
2570248
25702454jessi
2570241
25702398
25702356
257023456
25702322
25702285cricri
2570224
2570222
25702218
25702177
257021
2570200
257020
25701jc
2570190221
257019
25701890128458059
25701720
2570169
25701608
2570151
2570149
2570130
2570129
2570128582
25701250
2570123456789
2570121goh
257011tw
2570118
257011236
25701053
2570100030027
2570100025121
257010
25701
2570097
257008acasa
257008ACASA
25700875986
2570087
257008
25700700
257006
25700337
2570032c
2570032
257002dividi
25700254
2570021
2570017
25700111
2570000
257000
25700
2570*peacan
257.53.83
257...
257-9104
256zx254
256xs2bp
256vale
256utyde34
256tsd
256tao
256stella
256sony512
256sillogerdxx
256shaxhaxha
256scottave.
256rcu
256qr1bvs
256qnafika
256qaqa
256pmk
256perth
256penny
256paay
256ovar
256nisha
256nelson
256mpbit
256mm..
256mekia
256megas
256mbpc2700
256mb40gb
256luigi
256kiki
256kbm
256kba
256karen
256kanu
256jjsarah
256iwasswsl
256irbyroad
256iowaave
256haz
256giu
256girmp
256gdpkc82
256gata
256edge1525
256dustin
256cx7801
256cutie
256click
256chick
256cat
256car31
256boy
256bloods
256bear
256barbero
256aidd
256afg
256ade
256Wissem
256SEXYCHICK
256SE48K
256RED
256LAURA
256KBJHA73
256Ht3LoE
256BAMABOY
256AS56
2569suds
2569sp
2569rv
2569pimp
2569paulo
2569kat
2569jds
2569j
2569hkibx
2569hi
2569g23
2569danse
2569cat
2569blow
2569_babe
2569SASA
2569999
2569996
25699898
256998
256997
256996sao
25699644
2569958
2569955
25699522
2569951
256995
256994g
25699465
2569945
256993
25699262589704
25699233
2569918
2569913
256991255
256991202
256991
2569907
25699007
25699
25698lauren
25698eb
256989
2569887casimir
2569885
256987gokhan@@@
256987A
25698756
2569874
25698701
25698666
2569856325
2569854
256985200
25698470
2569847
2569844
256984
2569825
2569815
25698135
2569810
256981
256979mb
256979
256978912
25697837
25697722
2569765
256976334
2569762
25697582032711
256975327d
2569741
256974
25697314268
2569720
25697159
25696969r
2569696
2569695
256967292007
25696717
2569671
256967
25696632
25696620
25696581
25696532
2569652
25696501
25696482
25696451
256963t
2569637
25696350
25696326
256963
25696233
2569621
2569617
25696137
2569613
25696107
25696087
25696001
25696
256958213
2569574
25695732
256957
256956clv
25695696
2569569
25695683
2569550
2569548
256954593
2569544
2569542
25695409
256954
25695378
2569533
25695285
2569518
25695056
25694p
256949776
256949
2569483
25694737
256947183
256947022
2569461
2569455c
2569454
2569448
25694462
2569441
256943922
2569434
2569430
256943
2569426jj
25694211
25694205
256941682
256941592
256941
256940m
2569403
2569402
2569400
256940
256939y
2569391
2569390007
256938860
256938
25693767
256937
2569369
2569367
256936
2569352
25693508
256934
25693366
2569333
2569331
25693252
25693248
256932159510822
2569321
2569320094321
2569314
2569310
25693083vicario
25693068
25693023
256930011
256930
25692aci
256929
256928249dn
256926448
25692616
25692563
25692547
2569243
256924230
2569238
2569232
256923
25692277
2569218
2569215288
256921140
256921
2569205
25691993tmm%
2569199
256919879n
256919803
25691933
25691861
2569178
2569173t
25691729
2569171018
256917
25691672
256915314
25691515
256915
2569147
25691423
256914
25691313
25691304
256913
256912482
256912
25691176
2569116
25691111
256910W
2569107
25690k
25690980
2569090
256909
256908
25690752
2569069
2569067
2569060
2569059
25690560
25690518
2569050
2569036
256902j
256901993
256900990099
25690
2569*58964421*
2568vine
2568venice
2568ts
2568qb
2568ncn
2568lkacup1
2568jay
2568gj
2568friyz
2568epxy
2568emt02
2568dave
2568brenston
2568brad
2568Spider
25689k
25689B
2568991
256898rd
2568983
256898
256897xime
256897x
25689775
25689733
2568971
25689486
2568948520
25689467
25689437
256894354
256894191
25689405896
256893d
2568936
256893592aa
25689308
256893
256892477
2568919342
256891010
256891
2568905
25689017
256890
25688eacr
25688bibi
256889451
256889
2568887
2568881
25688791253zero
25688599
256885513
25688512
2568848987
25688484
256884
2568836
25688357mayy
2568822
25688195
256881532
25688125
25688109
256880317
256880
25687m
25687f
25687941
25687900123
2568789
2568777
2568765
256876
256875727
256874931
2568748
2568744
256873kt
256873871
256872
256871836
25687022
2568701
2568700
25686yusuf
25686k
25686KK
25686929
2568691
256869
2568671
256867
2568669
256866630
25686652
25686624
256866
2568658
256865217
2568645
256864
2568636
2568631
25686299
256862
2568616553
2568601
25686007
25685slmk
2568596219
256859
2568589b
256858
2568568673
256856652
25685665
25685611
256856
25685545
256855
256854789
256853553
256852949
25685275
256852698
25685254
256852306c
2568522
256852091
256852040
256852
2568517986
25685166
2568513
256851
25685071
25685
25684922
25684871055
2568485
256847c
25684781
2568477
256847
2568468septiembre
256845822
256845
25684481
2568447
25684439
2568441z
2568436d
2568428
2568418
2568417
25684143
25684120
256841190V
2568402
25683900
256838
256836806
2568363
2568362
256835932
25683526
256835
256834135
256834
256833750
256833715
256832
25683177997799
25683147
256830631
2568305
2568304
256830153
2568297
256829
25682723
2568265
2568263
256825718
25682568l
25682541
25682488
2568244Q
256824283
256824
2568237B
256823732
2568233
256823
256822765
2568220
25682155
25682137p
2568212123456
256820
2568192
25681918
256819
256818892
2568186
256818
2568179
2568171994
25681671164
2568147
2568145
25681411
2568138
256813521m
256813512
256812995
25681234
25681222
25681218
25681216
256812033
256811251811
256811221
25681121
2568100t
256810041
2568100
25681
25680manutd
2568096
256809550
25680577
25680567
2568054
2568048
256804562
2568043
2568040429
256804
2568038
25680237
256802119
256802
256801014
2568002
25680000
2568
2567zi
2567pp
2567love
2567lms
2567levi
2567jar
2567cj
2567bjns88
2567995
256799333
256799
2567989
2567978
256797625tk
25679654
256796299
25679582
2567952
2567950
25679484
25679466
256794599
256794504a
25679426
25679384
25679381
25679375
256792580
25679203
256792
2567919281
256791355
256791344
256791029
25679
256789kh
256789gengtomey
2567899
25678987
25678956
25678906011
25678906000
2567890
2567886
2567878
2567872
25678717
25678708
2567870
256786LA
256786
2567852
25678488
2567845337
25678298
25678215
2567816
256781387
2567812x
256780
2567788123
256778000
2567771
2567770913
256777
2567759
2567758
256775625
25677542
25677534
256775121
256775112
25677500
25677472
25677428007
256774
25677373
2567734772
2567723218232575
256771845
256771439
2567711
25677089
256770882
256770
25677
25676gyvom
2567697
25676851
256767
2567669597
2567660
25676555
25676504
256765
2567649
256764896
2567631
25676301
25676266
2567623
2567617sam
2567617
2567614
25676123
256761
25676087
25676062
256760335
25675xxxx
2567598
256759785
256759485
256759364
256759217
2567582
256758
2567573
2567566
25675611
2567560
2567557nene
256754414a
256754098
2567536
256753385
2567533
256753259
256753
256752621a
25675259
256751468
25675012513525
25674cat
25674_hi
2567498
256749613
256749
2567480
2567479
2567454
25674478
2567444
2567429d
2567429
256742402567424.
2567424
2567413
25674039441202
2567402
2567400
25673jr
256739754
256739079
256738425652510.
256738366
25673821
25673804
2567377
256736sc
25673636
2567353
2567343
2567342
256734
256733a
256733267
256730744
256730392
256730325
25673
2567295
256729301
25672930
256729
2567289
25672824
256728
2567272
25672617
256725matt
2567254802
2567252
25672343
2567221
256721s
2567213
2567210
2567208
2567204
2567203
256720
256719480
256719
256718954
25671838819
2567177
2567160
256715429
25671520
2567150
256714kkdaniel
25671416
25671381
25671355
256713481
2567130
256712a
256712568
2567122
25671218
2567121
25671204
2567114
256711
256710816
25671008595
25671
25670jrk
25670903
256708
25670799
256707
2567063
2567056
256704145
2567040
256704
2567036
256702490r
25670243
256702146k
256702087
256701davidtao
256701
256700p
256700
2567
2566thpj
2566sdfgk
2566karinilla
2566ic
2566cA6995113749
2566boyz
2566blom
2566bela
2566ali\\'
2566ad
2566ROBERT!
2566FPRATT
25669nppjt
2566997
2566991
256698p
25669896
256698744
25669856
25669807804
25669670
256696
256695957
256695
2566936
2566930
256692733
256692332
2566921
256691964
25669169
2566914
256690787
2566899
2566889961
25668888
2566883
2566878
256686421
256686
2566859
2566858
25668519
2566842
256682536
2566824
2566823
2566818RAM
256681798
25668168
2566816
25668158
25668113269ac
2566806
25667921
2566789
2566784123
256678312
25667823
256678026026435
256677raejtg
256676310888lalo
256675
25667483
256673460
2566725
2566715
2566706
256670
256669
256668asp
25666734
2566654
256664
2566639
25666360
2566635
25666302
2566627
2566615551
2566605
256659685
25665968
25665957g
256657mine
2566577
25665605
256654963
2566545
25665427
2566538
256652k
256652658
2566523
256652111
2566515
2566503123
2566503
25665
2566487
2566479
2566464
25664499
2566449
25664345
25664300
25664298
25664270
2566427
256641
2566408
25664
25663z
25663mobpiru
25663g
25663980200
256636A
2566364766
256635632
256635
256634life
25663466
2566344
2566343blondie
256634
256633cookie
2566339
2566330
2566326
256632142
2566318
25663126
2566308
2566306
25663***
25662924
25662895jheni
2566287
25662862
2566284
256628
25662781
25662708
25662680r
25662642a
25662639
25662594vale
2566256
25662557
256625
25662410
2566241
256624
25662359
2566234565
256623
2566227
2566224
2566214
2566211
256621
2566201211
256620
25661962
25661955
256618dre
25661773
2566168
2566160
25661592
2566157
25661562
25661560
256615506m
25661489
2566148
2566143
256613996pp
2566132970
256612923684
2566128
2566127
25661226x
2566114
256611389
256610981a
2566103
256610
25660974
25660972
2566097
25660931
256609
25660800
2566077
256607
2566054
2566051
256605
25660496
25660478
25660456
2566044
2566042955
2566034
2566032
256603
256602625c
256602403
256602225
2566021
2566020
25660148
2566010
2566006
25660
2566*fxo
2565uniquehunn
2565ty
2565ti
2565state
2565sade
2565love
2565lmc
2565camila
2565anf
2565amoramos
25659990
25659921
2565992
256599
25659872
25659843
25659788
2565976
256597231
256597
256596jh
25659633
2565958
2565953
2565950aome
256595039
256594123
256593470jc
25659333
256593215
25659301
2565924
256592254
2565911
2565910
256590439
25658936
25658901
256589
2565863
256586
2565858
25658545k
25658545112230ce
256585451
25658545
2565854
2565848
256584151
25658361
256583
256582j
2565827
25658254
2565815
2565813
2565810t
256581
25658
25657rzimg
25657cequ
25657909carlos
256579
2565780
2565770
256577
256576673
2565765
256576
25657579
256575458
2565754565754525
2565750
256575
2565746
25657451
25657436
25657411
2565732
25657272
256572195
2565703
2565688
256567
256565
2565642_
2565638
2565635
25656349
2565633295
2565627291
25656240
2565622
25656197
2565613
2565612602
256561
25656087
25656
256559939k
256559570
25655955
25655927
256558y
2565576
2565575
2565570164
2565570
256557
256556576ef
256556576a
2565563
25655611
256556
2565552
256555
25655458
256553670
256553533wck
256553533
256553523
2565533
256552903
2565525
2565510
256551
25655068
25655000
25655
256549
256548
256546909
2565468
2565458985
25654585
25654565
2565454
2565452
25654485
2565446
25654450
25654369
256543213
2565432
25654313
2565430618
256543
2565420304
256542
2565419
256541313
25654045
256540
25654
25653960
256539505w
25653860
2565383
256537659
256537598772807
2565373
25653706
2565370065
25653580
256535514
256535
256534824
256534406
256533887
2565335
25653271
2565327
25653144
2565304
2565301
256530
2565295
2565292
25652916
256529
256526778540
256526
256525a
2565259
2565256
2565254585236524
2565252723
2565248x
25652431
256524
2565234
25652296107
2565223
256522
25652159753
2565212325101
2565207619
256520
25652
25651nov
25651n
25651983
25651958
2565194
256519017
2565190
25651889
256518043
25651769
2565174
25651733
256517
25651658
2565161
2565158k
256515222t
2565151+
2565149bp
2565147741
25651474
2565144
2565142
25651414
256513
256512l
2565129
256512646
25651257
25651256
2565121
25651206
2565120
25651185
2565110325651103
2565109kms
25651028
256510025651002565100
2565100
25650963
25650929
256508
2565061232
2565056
25650525
256505
25650486
2565041
256503windows
256503310
256502691
2565021
25650123
256501
2565007356
2565
2564nsw
2564ht
2564gogo
2564ditto7
2564dh
2564dance
2564d8w4dpwlasalle
2564cp
2564corey
2564MFG
2564KEV2564
2564HOSS
2564984
256498255
256498
25649755
256496
2564951
256494540
2564945
256493861
2564938
2564930140
256493
2564921250651
2564921
2564920
256492
2564914a
2564912
256491
2564901b
2564900
25649
2564897256489725
2564897
2564893
2564892
25648910
2564881
256488
256487r
2564871
256487
25648692
2564864+
25648633
2564863
256485na
256485936
2564850
2564849045
2564848
256483855
25648356256
2564835
2564833191
256483
25648299
2564825648
2564825190
256482256482
25648210
2564819025
2564811
256481
25648041aj
2564803
2564800123
25648000
25647989
25647909
25647896
2564789
25647706
2564768
2564764
256475955
2564752
25647475
256472448
256472
256471
256470296
25646933
25646873
2564684
25646771
2564676
256467
2564664
2564661
256466
256465881
256465807
25646457892564645789
2564644
2564642
256463973
2564636
256463
256462j
2564625646
256461m
2564608
2564601
2564599
2564596ABD
256459492
25645925
2564592
256459
256458852
2564583
256457571
256456k
2564568521
2564564258978975
256455115a
2564547
25645443
2564544
25645420
2564542
256454049
2564537
2564534
256452va
25645298
25645285
256452564525645
2564525314
2564524
2564521
2564519
2564505m
25645000
256450
25644k6
2564490
256446
2564441
256444
2564434
2564432138
2564432
256443
2564423mr
2564415411
256441
2564405
2564399
256438e
2564389
25643850
2564383
25643825
2564379
2564378
25643737
256437
25643682
2564343
2564333
256433039
256433
256432862121718
2564326
25643212798891
2564320
256432
2564319705
2564317
256431492409
25643130
25643069
25643028
25642aaa
256428
2564277
25642733
256427
2564262
256426
2564256431
2564256
2564255
2564244
2564243
25642418
2564235317021994
256423296874
256423244
25642322607gve
25642288
2564219
25642155
256421
256420
25642
25641seth
25641da
256419920000
2564199200
256418112300
25641777
2564172
2564168
2564160
256416
2564152
256414799q
25641461
25641434
256414
2564138
25641333456
256413304
256413
256412053
2564120
25641177
2564116
256411426
256410620
25641031
256410123
25641
25640jac
25640987
25640920
256407
256406893
2564055
25640531
2564052
25640518
2564041
2564037
2564029r
2564029
25640241
256402285d
256402073j
256402052
25640189
2564014
2564012
2564011
2564004p
2564000
25640
2563qwert
2563pp
2563nicolleteamo
2563mrl,;1
2563mk
2563lili
2563kj
2563katia
2563hr
2563gm
2563gg
2563felix
2563date
2563ao
2563al
2563LL
2563JP
2563998
256399
2563987415
256398741
2563984
25639802250996
256397706
2563971
2563969
256396
256395622n
256394552224268
256393sr
2563934
25639326
25639322
25639291
2563925431
2563925
2563921
25639145
256390516
25639032
2563894216
25638901q
25638900
256388
2563873
25638724
256387
2563865
2563860
25638504
2563846
2563840
2563819
256381268
2563812
2563810
25638006
25637998
25637940
2563789
2563785128
2563785
2563784
2563783a
2563780
25637770
2563769
256376
2563758
2563754
2563747
25637423556
2563742355
25637409
256372017
25637108
256371
2563704
25637019
2563701
256370
25637
25636ixora
25636h
256369582
256369478
256369258
25636889
2563688
2563679
25636774
256367
2563658955
25636540b
25636540
256365165
2563651
25636408
256364
2563636
25636332563190
256363292
2563626004
256362530
256362363100
2563614789
256361
2563606
2563605
25636
25635966
25635940
256359
25635839
256358
25635748
2563571z
256356aa
25635696
25635662
2563561123
256356
256355cool
256355946
256355372
25635513
25635408!!
256354
25635305
2563530
256352
2563516
2563506
25635048
25635011
25635
256349
2563489262543651
2563489
256347ba
25634789
256346768
2563465
2563462c
256346
25634564
2563456
2563451
256345
256344dd
256344
2563435j
2563434
256343229
2563431a
2563427
2563422
256341dany
2563418
2563417
2563414
256341266
2563412
2563401
2563399
25633967
2563380
256338
2563365214
256336520
2563362625
2563355
25633484184952
2563348
256334388
25633421
256334205
2563341
2563339
256333256333
256333
25633280734
256332567
25633227
25633214
256332
25633126
25633111bb
25633
25632spidy
256329
2563289
2563288
25632873
2563283wl
2563281
25632807
256326t
256325aor
25632589652
25632583
25632563k
256325632563
25632541ma
256325412
25632541
25632533
2563251489
2563248
2563247854
25632467
256324
2563237
256323
2563227
256322
2563214789
25632147
256321452
25632145
2563211
256321
2563203816
25631995
25631989
25631988
2563181
25631796sisi
25631690
2563167
256316
25631552
256315
256314897cindy20
256314789
256314589647
2563145
2563144
256314374
25631407
2563139
25631322
256313
2563124036
2563124
256312101705
2563117m
25631136
25631026
256310
25631
256309Y
2563094
2563090103
2563090
256308
25630739
256307
25630699
256306
25630575
2563050
256304114
2563039
25630330
256303
256302534
256302
256301832011
256301537
2563014
25630102
2563009
256300789
256300443
2563001
2562ypfaq
2562ve
2562reddevil
2562pineave
2562miwaz
2562kissme
2562dtt
2562bond
2562alma
25629subersibo17
25629973
2562997
2562992
25629894501635
2562984
2562980
2562974
256297
2562956
256295031
256292a
2562925
256292
2562912
256291
256290
25629
25628vivi
25628fjcat
25628c
2562891
25628832
256287582
25628700
256287
25628692
2562862
2562861m
256284
25628306
2562822
2562820
2562818
256281542
2562812
2562811
2562806
256280
25628
25627s
256279
256278711
2562783
256278245
256277
256276
25627331
256272301
2562718
2562714
25627120
2562712
2562711
2562706
25626731
25626716
2562671
256267
25626694
25626681
256266
256265
25626467
256264
2562638725626387
256263652
25626354
2562630
256262y1732690
256262737-ropss
25626263
256262286
2562622
2562617m
2562601
25626006r
25626
256259tc
2562592
2562591
256258t
25625899
256258789
2562585
25625800
256258
25625780
2562574
256257
256256a
2562568
256256589
25625638830774
25625630
2562563
2562562562
256255D
2562558
256255772
2562556
256255
256254lds
25625474368962214041
25625443
256254235628
256254123
256254
2562538
2562537
2562536
2562535
2562534
25625327
2562530
25625288
2562527
2562525
2562524
2562520
2562488
2562487
2562481
25624789310258
2562473
256246
2562457309
25624520
2562450355
256245
25624464
2562443
256244
2562439
2562434
25624331
256243152462
25624309
2562428
25624242562425
25624
256239937
2562395094270244
25623950942702
256238904l
25623881
25623852
256238
2562379307
2562372++--
2562371
256237
256236953s
2562365
2562364
2562357
25623550
2562351
256235036SS
2562344
2562343168
2562343
25623423914
256234144
2562334
2562333041
25623327
2562329
25623273
25623240
2562323
2562322
2562321gail
2562312562
256231138
256231000
256231
25623073
2562306
2562305
2562304
2562301
25622n
2562290
256229
2562280
256228
2562279
25622677
256226523
25622652
256225622562
2562256
2562255
256225415a
256225
2562246
256224
2562229
256222761
2562224
256222
2562219
256221802
2562218
2562216
2562211
2562207
25621988
25621915
2562180
256218
2562176
2562150
2562141
25621400
2562134
2562132a
2562123
25621203
2562116
25621132
25621125121514
2562112
2562111
2562100
256210
25621
256209greciaybb.
2562090
2562088
25620835
256208
256207988394224
2562076
256207
25620643
2562060
25620567
25620552fenella-
25620414
256204004
25620400
256204
2562025
2562023
25620207
25620201
2562017
2562010
2562008
2562006
2562005
2562004
2562002
25620019
25620017
2562000
256200
2562+6
2561simplemented
2561lg
2561john
25619hem
25619995
2561997
2561994pepe
25619946666
2561993k
2561992l
2561989azerty
2561988e
2561987g
2561986031
2561986
25619835
25619829
2561980
2561979
2561977
2561974
2561972
2561970
256196
25619540b
2561951
25619422
256194
256193842
256193
2561924
2561923
256191677
256191
25619
25618warish26995
25618a
256189jco
2561898
25618949
256188
2561878494
2561874