lex
254089088
254089
254088
2540874692
2540854
254085
2540847
2540843
25408303
2540825456
2540813
2540806
25407fernando
2540799
2540786
254078
2540776
2540774
25407510m
254075
25407230
254072
254071
254070
25406gs
25406c
25406amcik@@@@1
25406987
254068cs
2540679141
2540678
254067
2540668
2540645s
2540645a
2540631
254063
25406220
254062
254061
2540604j
25406011
25405980
2540588
2540587
2540586
2540570
254057
2540567300
2540564
254055
25405493
25405490
254053
2540523
2540519
25405140
2540511
2540499
25404982a
2540495
25404932
25404787
2540473
2540472
254047-2
2540467
254046
25404555
25404409
2540434
254042579721
2540425
254042186
254042
2540417
2540407
2540405
25404021
25403k185
254039ladiva.com
25403997182783
2540395
2540384
2540382
254038
2540373
25403721
2540368
2540364
2540352
25403493
2540334
2540324
2540322
2540304
25403
2540294
25402928
25402890
254028
25402563
25402552
25402550
25402549
254025471420
254025432511
25402542
25402541
254025402540
25402539
25402537
25402536
25402535
2540251910
25402517
254025
2540247
254024
2540237
2540235
25402331
2540232
2540228semih
2540226
25402224
25402188maria
2540215
2540214
2540206
25401memo
25401999
254019971083006
25401996
25401990
2540194873721
2540192
2540190
254019
2540181
254018
25401720
2540172
254017
25401655
254016
2540157
2540155
254015375
25401537
2540151
254014
2540137
2540135
2540132
25401303
25401259
2540124
254012378
2540123
254012103555
25401210355008
2540121
2540120
2540119
25401141112
25401127
2540110
254010gs
25401011
25400mom
25400961
254009
2540085
2540075
254007
2540061
254006
2540051
2540044
2540042
254003
25400283
2540027rcga
2540027
2540022
254002
25400195
2540014
254001
2540008
2540001
254/771180
254-6012
254-55-9752
254-3747
254-25
254+1556av
254*2529
253yjng
253yet
253y198
253xy4u
253x14u
253workin
253wlsdems
253watermanave
253wa
253v8powerd
253to206
253teodio
253tb
253tac
253str8up
253stone
253south
253sepald
253sav
253rfg
253renfrew
253racer
253r0ma6
253q
253puma
253nurul
253noluv
253noes859
253newday
253native
253nAt875
253moon
253month
253macdre
253love
253life
253kita
253kid1
253kid
253kadey
253k729
253jason
253jackpot
253ilovejameson
253house
253honk_d_na
253hilltop
253hade
253guppie
253grumpy-girl
253game
253farris
253er2
253durlik
253denise
253db8713
253chanel
253bsc
253blue
253bloods
253bitch
253bioch
253beth
253baby
253babe
253anger
253aka090995789
253abc
253RALPH253
253PEro
253Lani
2539xx
2539wara
2539tyler
2539surfer
2539rocks
2539ploywin
2539pare
2539myluv
2539mui
2539loco
2539lobdell
2539lia0*
2539kunjae
2539johanna
2539jana8b8b
2539ims
2539gaibo1999
2539cindy
2539chronicaldz061
2539cat
2539book
2539boobie
2539blades
2539baby
2539aya
2539alexx
2539aj
2539ac
2539aa
2539a
2539TheBest
2539LAW
2539JBCF8559
2539ALEX
2539AIR
2539@harry
253999aa
2539999
2539993
25399794
253997
253996518b
253995es
25399510
253995
253994117
253994
253993749
2539931
25399288
2539927886
2539926372
25399170
253991
2539906
253990
25398sr
2539891mikeala
2539891441
2539882
25398733
2539867chris
2539862
2539860
2539857
253985
253984115876
2539837
253983539
2539832
253982893
253982253982
253981690
253981
2539808
253979m
253979
25397881
25397865
253978
253977830602539
2539777999
2539763486104668
2539763486104
25397614
25397613
2539758
2539756
2539755
25397522539752
2539751
2539740
253974
25397277
25397263
2539725397
25397230
25397211
253972
2539715
2539707
253970570
25396mara
253969855e
2539696
2539694
25396912
253968
2539675
2539674
2539670
253965715
253965427
253965023
253965
253964988
2539645
253964296
2539641538
2539641
25396384
25396279
253962691
2539624
2539621
253961911
2539619
2539617529
253961482
2539611505
25396/7
2539598
2539597
253959
2539580
253957654
2539570
2539569
25395683
25395667
25395616
253956027
25395600
2539560
253956
253955859
2539555
25395524
253955
253954977
25395486ml
253954
25395368
2539531
25395274
2539513146
25395018
2539500
253950
25394t
25394px
25394cute
25394976
2539487
2539486
25394803
253947E
253947927354
25394783266
25394772
2539477
25394718
25394696
2539463
253945a
2539457
2539456123
2539453
25394521
2539435@lexiel
253943214
253942898kika
25394285
2539426
2539424
25394202557554
2539412181
2539411545
25394020pc d
25394014ogle+
25393mynsm
25393mr
25393898
25393719
25393710
25393692
25393670
25393658
25393640
25393621
25393608
253935902
25393581
2539352971
25393468
253933aka
25393356
25393350
25393340
25393317
25393267
25393246
25393229pao
2539322
2539321126
2539320615275
253932
25393177
253931
25392mb
25392arm51
25392938
25392828
25392810
2539278
25392735
2539271
253927
25392689
2539266+
2539266
2539263767
253926372a
2539263723
25392637
253926262paula
2539262
25392581
25392550
25392549
25392548mint
25392548
25392547
25392542
253925402541
253925392539
25392538
25392536
25392532
25392517
25392515
25392512
25392511
25392506
2539248410
25392482
25392434141
253923320
2539232
2539227
25392241
25392210
2539221
253922
253921976
25392123456
25392060
2539200
25391sa
2539199604
25391989
25391986
25391980
2539195
25391907
253919
25391886
2539187625
25391820
253918123322
253917
2539168
253916738
253916
2539156
253915552
2539144
25391415
253914102
25391400
253914
2539139
2539123456789
25391234
25391218
2539119
253911364
25391119
25391091234
25391088
25391087
253910861572454
25391040
25391018
25391012
25390910
2539083
253908194
253908
2539073
25390708
2539068d
25390612
253906
25390423
25390418
253904
2539033
2539032
253903
25390227
25390226
253901714
2539016
25390114
25390026
25390000
2539000
2539/13615
2539-2540
2539-22898
2538wa
2538tida
2538nata
2538mani
2538love
2538jang
2538irifw
2538em22
2538dao
2538charinya
2538bamee
2538amjung
2538_dream
2538@machimoru
25389943
2538987
253898
2538976
253897
253896919
2538967
25389652
253895
253894747
2538937
253892
253891do
253891958
2538918
25389127
2538908
253890
25388ys
25388evg
25388dmk
25388997
2538899
25388888
25388786
25388784
25388782
2538877123
253887073
2538868
25388611
253886
2538859
25388588
25388506
25388466tt
2538846
2538843solis
253884-9
253884
253883meme
2538839
2538836z21
2538834ms
25388341e
253883344
2538831500
253882335
253882108
2538821
253882021
253881994
253880
25387992
25387959
2538794
2538789
25387813
2538777999
253877312
253877035
25387694
253876878
253876850
25387627
25387555
25387544
2538750
2538740
253874
2538736RBD
2538729666.
2538726
25387255
253870k
25386heart
2538698
25386969
2538696
2538681
253868
25386729
253867
2538663217
25386618dayhan
25386618
253866
253865772
25386530
253865
25386471
25386463
253864
2538614
25386122
2538611
2538609
2538607
2538606
25386047
25386014monita
25386
25385975
25385970a2439406
2538597
2538596
253858826
253858540
25385854
2538580
25385775
25385766
253857531
25385737
253857039
25385652
253856190
25385617g
25385610
2538560
25385583
25385544
253855438
2538552
25385478vero
25385422
2538541316
253854
25385397
25385358
25385323032
253852761totty
25385271
253852709
253852648
253852530
2538520
253851849
2538518
253851783
2538517
253851425
253851
2538505
2538504067
2538502
253850151
25385012
2538500
25384991
2538499
2538492
2538487
2538486
25384701007
253847
2538468645
25384651
25384587
2538456987
253845
253844c
25384450
253844
253843983
253843782
25384360
25384348
253843
253842535
253842382
253841046
2538401
253838276
25383814
253837a
25383702863550
25383702863350
2538370103
253836694101
253836331
2538362
2538361nmhj
253835518
2538354225
2538344792
253834
253833097
2538326622
253832600
25383260
2538325
253832338
253832149
2538314
2538313
253831009
253831
2538306
25383012
253830
25383/*-+
25382993
2538294
2538285
2538278
25382773
2538277
253827
2538264
253825all
253825532
25382549
25382547
25382546
25382543
2538254293446
25382541
25382538alman253
25382538a
253825381995
25382533
25382516
25382515071
25382512
2538251038tun
25382510
2538250025
2538249
25382479
25382436
2538236
25382290
2538229
25382278
25382251
253822240
2538222
25382205
2538211
2538205
2538204
253820216
2538202
25382008
2538200772
25382007
25382000
25382
25381996
25381993
25381983
2538193329214
25381919
2538190
2538189
25381877
2538186
25381833
2538183
253818
25381769
2538162919
25381611
2538158
253815575
253815539
253815452
253814w90
2538149
2538143
2538139
25381379
2538136
2538134
2538132313
25381311
2538127
2538124
2538123456789
253812320
25381218
25381212
25381210
25381204
2538119
253811469
25381129a
25381123
2538112
25381115123
25381112
2538111
253811045
25381088p
25381039
253810254j
2538102
25381010
25381
25380e
2538096
253809136077
253809
253808
2538077
2538070
253807
25380624
25380609
25380601
253805016
253805
25380420
25380333
253803142727
2538025
25380216160238
25380213
25380173
25380108
25380089
2538007
2538006a
2538006535
2538002
2538001*1
2538001
2537tor
2537srinarawat
2537red
2537por
2537oil
2537naroemon
2537mork
2537lugkeaw
2537gr7sarasas
2537clydes
2537cler
2537chat
2537ann/
2537_29
2537Accounting
25379stefano$
25379ash
2537987
25379852
2537985
25379778
253797186
253797
253796807
253796610
253796250
253796
253795398
253794
253793017
253793
253792943
2537915
253790naba
25379052369
25379044
2537901
253790
25378rsuik
25378bubbles
2537893
25378899
2537887
2537885
25378830
2537877nok
2537871
2537865
253786
25378532537853
2537850
253785
2537839
2537827
25378170azharskan
2537817
253780w3wz3drg
25378017
253780
25377981432
2537797
253779293
25377852
253778291
2537774
253777344
253776342
2537749nancy
2537749
253774866
25377464
2537745
253774
253773952
253773830
2537733224
2537733
253773
253772537
253771871
253771150
253771
253770kong
25377082555935dexz
253770030
2537700
25376djfap
2537684
253768
2537677
2537673
2537667
253766
253765c
2537648
253764
25376362
2537631
25376239
253761
2537605
253760442
2537592549
253758805
2537588
253757420
2537573
253757117
2537569
2537555+
253754663
25375465
25375432
2537536
253753428
2537533
25375222
25375218281992
2537520
253752
25375171193
2537514g
253751189
2537511
253751
2537506
25374962
2537491
25374880
25374864
25374631
2537451
253745
253744b
25374466
2537441
253743
2537422
2537418
2537415
25374141
2537406
253740
25374
25373qdjyr
2537391810
2537389
25373839
253738259
253738014
2537380
253738
2537370
2537358
2537356
253735
25373437
253734
2537338
2537336
253733582
2537335646
253733107
253733
253732970j
253732457
253732
2537319
2537317
2537315
2537310
253731
25373088
253730330
25372ark
2537296
25372912116
25372846
2537282
253728
25372768726272
253727
25372647
2537257claire
25372551
25372542
253725412517
25372540
2537253733
2537253729
253725352293
25372534
25372529
25372528
2537252011
25372520
25372519
25372518
25372515
253725092510blue
25372499
2537241
2537238
25372304
2537222577
253722
2537215
2537210
253721
2537208
25372040
2537201
25372009
25372008
253720017
253720
25371t
25371hotmail
25371989
25371975
253719431109
2537192
253718
253717948
25371710
2537161
2537160
253715movi
253715797
25371562546789
2537156
253715280
253715
253714LH
25371489
25371479
2537142569
25371412
2537139
253713230
253713112537
253713013
253713
2537129
25371237
25371212
25371207
25371123
25371121lee
25371112
25371100
253710317
253710137
25371011
2537101
253710
2537095
2537093845
25370907
25370906
25370886
25370813
25370805771368
253708012664
2537075521803
25370711
2537063524575
2537063
25370503
253705
2537042
25370411nutt
253704
2537028
253702587
25370224
25370214
25370201
2537014235046
25370119
25370110
2537000
2537/14
2537/11/07
2537-78
2537*2535+2530
2537*/*09
2536xxy
2536xxx
2536victoria
2536vee
2536tan
2536tamo
2536t0410*
2536sp
2536rlp
2536pasola
2536palm
2536pa
2536oo
2536njp
2536ml
2536mint
2536maemod
2536love
2536kaan
2536k
2536hhpu
2536goon
2536fang2536
2536eve
2536eha
2536december
2536darling
2536conan
2536clem
2536carrollton
2536br
2536ballomaposa
2536abcd
2536_kate
2536_Tig
2536_232
2536_2009
2536RC
2536AI
2536;yomuj10
2536999
253699855
253699831
25369918
25369874
253698226
253697863
25369780
2536975310
2536975
25369713
25369706reinaldo
253696283
25369628
25369602
253695720
25369564
25369523
25369521
25369512
25369502
253695
253694879
25369438
25369437
2536941
25369404
25369350
25369344
2536933
253693217
253692854
25369280
253692780
2536922
25369204
253692
25369130
2536913
253691105
25369103
253691021
253691
253690
2536896
25368945
2536893
25368899
25368892530216
25368852
2536874
2536868fer
25368672.11
25368596
2536855
253684208triko
253683hong***
253683463
25368327
25368275
2536826
2536824
253682342
253682088
2536818000
2536811
253681034
253681014
25367zhxgx
2536794
253678951
253678882
25367849
2536784
253678367
25367812
25367809
253677ln
253677629
253677409
2536771
253676862
253676691379
25367620919
2536762
253676098
253676035
253676
2536757
25367568
2536753004
253675036
253675
25367446
25367425
2536738
253673782253673782
2536737
2536734
253672818123
2536726
2536725367
25367197
253671606
2536714
2536711
253671000
2536710
253670784
253670765d
2536706
253670376
253670162
253670001995
25367000
2536700
25367/dmt
25366984
2536696
25366958
2536693
253668901
2536688
2536666
25366613
253665565
25366466
2536642mb
253664256874387
253664
253663951
2536636
253662
2536617
2536615
253661421
25366085
2536605
253660
25365a
253659911
2536589
25365871
25365830
253657f
2536574
253657
253656816
25365674
2536566b
253656037
25365585462635
2536555
25365431993
25365412
253654
2536530
253652633
253652300
2536522s
253652130m
25365210
25365189892w
2536510
253650552792
253650279c
25364degoy
2536498710
253648963
25364856
2536479810
253647934
253647929
25364788
25364758
2536475
25364680
25364614
25364583
2536456
2536453404
25364506
25364465
25364400
253643814
25364317
2536422
25364213
253641r
25364193
25364169
253641480
253641253614
25364123
25364120
2536411
253641087635
25364100
253640714
2536405
25364042
25364021
253640139323940682
25363uixcm
2536395997
253639
2536387125
25363867vasin
2536383
253638
25363734
2536372
25363692
25363683
25363625
2536361610
253635075
25363438
253634201
25363419
25363416
2536341
2536339
25363330
253633120joel
253632716
2536322332
253632126k
253632034
253631939
2536317032
25363161
25363155
25363134000
25363122535338
253631071
25363070
2536305593
2536302
25363/1.200
25362955
25362912
253629
25362810
25362750
253627296
25362706
253626D
25362690
253626728
253626435
253626412
2536263767
253626372
2536262
2536260
253625d
253625a
253625879
25362587
25362562536
25362551
25362546
253625391221
25362539
25362536nj
253625367575
2536253626
253625361107
253625361
253625331517
25362533123456
25362531
25362529
25362519
25362517
25362514
25362501
25362499
25362413
253624023
2536240
25362324
25362314789
25362311
253623104
2536231
25362291
25362284
2536227
2536225
2536222
25362206
25362204
25362196victor
25362108
2536209
25362084
2536204885
25362015
25362003
25361981
2536193
2536191
253619*93
253618567
253618519
2536183
2536177
2536174
2536172
253617116ct
2536164
253616312
2536163
2536161
25361532231032
2536153
25361515
25361500
253614king589647
253614dee
25361487
2536148
25361478980
2536147895
253614789
25361456
253614529
2536144mom
253614441993
2536144
253614332
2536140
253613579
2536134
25361307
25361306
25361303
25361288
25361233
253612253612
25361220
25361215
2536120l
25361209
2536118
253611712
253611581
253611511
25361127
2536112233
25361117
25361116
25361114
253610a
25361077
25361072
2536106
253610419
25361036
2536103
253610253610
25361021
25361012
25361011
253610020562824
25361001
25361*993
25360907
25360865066087%
2536086
25360850300016
25360845000
2536083
25360828
25360816
25360813
25360810
25360802
25360801
253608
25360723
2536071
253607080
25360701
25360528
25360516
25360422
2536041
25360392
253603869019
25360317
2536031
2536030_
253603
2536029433981
2536023930
25360225
25360203
253601emzxxx
25360140
253601105278
25360101
25360075
253600389
2536001
2536000
2536/17191
2536+0901
2536**
2535ying
2535wallcot
2535tita
2535rukmaew
2535rep
2535rakkit
2535pan
2535novemcy13
2535nop
2535nany
2535mini
2535may
2535ma4
2535love2535
2535love15090
2535love
2535leo
2535julkere
2535jo
2535jj1582
2535gw
2535doffma
2535bee
2535alex
2535ah
2535_kaewkap
2535Nadieli
2535ALVAR
25359bw
253599772
25359924
25359900
253598868
2535981fg
25359810
2535981
253596b
25359688
2535961024
2535958
253595
253594865
25359483
253594812
2535940
253593636
2535936
2535935
2535926cv
253592
253591133
253590756
253590729
25359011
25359010
2535900
25359
25358sg
25358990
25358984
2535896
25358950
253589
253587601
25358733
253587081
253587.
2535864
2535863b
25358636
25358546
25358509
2535847h
25358477
253584503
2535833
2535829
2535824
25358220
2535820230
2535817
2535813
25357loisa
25357b
25357969
25357929
25357927
2535791
253578900
25357889988
253578610
2535783590
25357777
253577
25357697
25357673
25357501
25357462
2535740
25357312118
2535728j
2535725357
253571503
2535711
253570214
253570
25356a
2535698
25356949
2535693
25356929
2535691155
25356911
2535690303693525
25356894
2535687
2535682
2535681
2535678~
253567890
25356781992
2535673d
25356681
25356629
25356600
25356585
2535658
2535656850
25356565856
253565291
25356514
253565041
25356454
2535643
2535641
253564
253563424
25356301
253563
253562aa
253562710
253562417
253562121
253562
25356181
2535613221
253561
2535608
2535604
2535600
25355sd
25355e
25355b
25355988
25355958
2535595
253559
253558a
2535588
25355839
253558
253557442
253557336
253557089
2535569
25355646
2535564
2535557
2535555
2535546
2535542
2535541259
253553228
2535528767
2535526960
25355255
25355232
2535520
2535518
253551116
253551001
253551
25355031
253550
253548kk
2535486
253548
2535472
25354679
253546789
25354669
2535461
253546
253545v
253545a
253545\\
2535458
25354568
253545678092
2535456
253545556677
2535455565
25354548
253545!
25354413
253544
253543210
2535432
2535428
2535426
2535423
253542
253541
2535409287
253540310
25354006
2535396
2535380
253537952
2535377
2535364
253535440
2535340
253533869
253532828
253532727
253532567
2535320
2535317cris
2535315
25353103
25353087
25353033
2535301
25353
2535298393
2535296
25352937
2535293
25352840
2535284
2535283
253528201
25352802
253527b
25352785
25352706
253527
253526598
2535263765673
25352637627282652487
253526370
25352612
2535260
253525max
253525888
2535256
25352551
25352548
25352545133288
25352545
25352544
253525416
25352540
25352539
25352536123
25352535n
2535253529935
2535253529
253525350217
253525350
25352534
25352532
25352527
25352519
253525102
25352506
25352500
253525*
25352497
25352487
2535248
253524631
253523p
253523934
253523887
253523857
253523494
253523434
2535233
25352323
25352263788
2535223
253522282
253521ab
25352152
2535212
2535210
253521
253520car1650
25352094
2535209
253520457
25352016
25352009
25352006
25352000
25352
2535199274000
253519921981
25351991
25351977
2535196
25351920
25351912
2535191
253518942
25351868
2535184
25351810
2535179
2535175q
253516636
2535166
2535163
25351618
25351612
2535160602
253516009
2535160
253515v
253515bren
2535159
2535157
25351564929
25351561
253515510
253515123
2535151
25351509
253515025
2535143
25351413
2535135b
25351314
25351310
25351304
25351302
2535130
25351298
2535128
2535125bora
25351246
2535124
25351236
25351230
25351208
25351202
25351179
2535114
2535113
25351122334455
25351121
25351112
2535111
25351108
253510r
253510968
253510750
2535102
25351017007
25351012
25350999
2535092
25350912
25350905
25350870350866
2535086
25350826
253508244
253508123
25350803
25350765
25350758835
2535075
25350720
25350703p
253507
2535068
2535067
25350621-k
25350619
25350613
2535053
2535052
25350503
25350492
253504438696
25350416
25350402
2535039412
25350369thiw.
25350326
25350313080
25350213yeen
253502
253501631
253501526
25350130
253501203
25350111
25350103
253501
253500714
2535006007
25350028
25350
2535.25*220
2535-2533
2535+2533
2535+25
2535*2535
2534xyz
2534spd
2534siraprapar
2534rules
2534rg7
2534pat_@
2534pat
2534n1991
2534le
2534km68
2534kap
2534jc
2534jarama
2534henry
2534haters
2534ella
2534c1977d
2534britney
2534big
2534ae
2534aa
2534_2538
2534Nukza
2534Nana
2534Love
25349991
2534999
25349989
25349987
25349952
2534992
25349918
2534980
2534978
25349748
25349682528679
25349613
25349587
2534955
253493637
25349317
253493023e
2534930
253492
2534915
253491014
2534906
253490544
2534904
253490
25349
2534897
253489
253487966
253487
253486c02
253485694615
25348569
2534853
2534851
25348471
2534841
253484
253483004
253483
2534818
2534815
2534812
25348111
25348091992
2534808252
2534802c
25348012
2534801
25347c
2534791
25347896
2534786
25347793saguitario
25347777
25347728262
2534770
253477
2534768901
253476
25347569
2534751
25347502
2534739
2534738
2534737720
253473692
25347299464
2534725
253471543
253471321
2534713
25347100
25347069
2534706
25347
253469slb4ever
2534686
2534685
25346843
2534682
2534680
2534678
253467
25346646
2534663
253466
2534658
2534652_53
2534637
2534620
253462
2534617
2534615010
253461
2534607
2534605125346051
2534603
2534602
25346003
25345a
2534595959
25345934
2534580
25345678
2534567
25345656
2534562
25345544
2534552
2534549
25345455h
2534542
2534535
253453024
2534525345
25345195
253451811
2534518
2534501
253450
25344912
253449
25344844
253448097186
2534467
253446
253445sw
2534459859
253445981massa
25344513
253445
25344400
253443527010
25344352
25344300
253443
253442d
2534425
2534414
25344101
2534410
2534401
2534400
25343yxowm
253439860
2534395
253438493
25343837
2534381
2534367ylove
253436721
253436494
25343631212
2534363
25343601
2534358
2534356
25343494
25343442
2534321
253432
253431631
2534316177
2534311
25343012
25343-4
25343
25342jjcco
25342910
2534291
25342863
25342839
25342828
25342812
2534281
2534279
2534276
253427406
25342703
25342635
25342622
2534261
25342568
253425540
25342550
25342549
25342547
25342543
25342539
253425382550
2534253611
25342535253625372538
25342534k
253425346
2534253415
25342525
25342524
25342517
253425130
25342512
25342511
25342510
25342504
25342499
253424750
25342429
2534241
253423F
253423621
25342335
25342322
2534230898
2534230434
25342255
2534223
25342212
25342210
2534217
2534212
25342119
253420985
2534204
2534202
25342010
25342009
25342008
25342007
25342004
25341993
253419911
2534199108
25341991++
25341990
253419779
25341970
25341944
25341924
253418*
25341720
253417121991
2534169
25341680
25341656
2534162
25341617
25341616
253416123
25341605
2534159
2534151
25341500
2534147
2534144
253414380
25341422
25341390
2534139
2534131230
2534126
25341226
25341225
25341224
25341223
25341214
25341213
25341203
25341127
25341121
25341114
2534111
25341104
2534110
253410551
253410540
253410321
25341022C
25341022
25341019
253410161
25341016
2534101
25341
2534091885
25340913
25340912
2534090mamiteamo
25340902
253409
25340894670382
25340860603083
25340847163969
2534083
25340817
25340809
25340804
253407esya
25340733
25340717
25340714
25340708
25340702
2534069
25340668
25340619
25340611
253406
2534056115
25340538
25340528
2534052699
25340526
25340510kab
253405
2534046
25340429
2534042718
2534042716
25340422
25340420
25340404
2534034
25340324
25340322
2534032
25340316
25340309
253403
25340228
25340227
2534022446
25340224
25340207
2534020
25340194050208
25340134
25340126
2534011
2534010
253401
2534000
2534/2532
2534..02
2534-50
2534+2550-
2534**10++05
2534**
2534
2533ulloa
2533sp
2533sizess
2533rep
2533rattiya
2533poom
2533pone
2533ploy
2533orry
2533ml
2533may
2533kwang
2533krew
2533kids
2533kc
2533juz90
2533juan
2533fonn
2533fadear
2533duck
2533deen
2533clarinet
2533chali1990
2533bell
2533ac
2533aabb
2533_2533
2533Yuu
2533SWAT
253399719
2533988
2533983
25339710
2533968
2533963
253396
25339598046
2533958
25339518
2533948
253393652203
25339303
25339229
2533922
2533915
253391024
253391
2533909
2533904
25339
25338941
253389
253388chels
25338899
2533888
253388
2533879
2533875
253387
25338614
25338554
2533853
253385090
25338460
253384
2533835
25338335
2533823
253382253382
2533819
253381832
2533817
2533815
2533814
2533804
2533791496
2533789
2533784
2533779
25337733lee
2533771
253377
2533768
253376
25337596
25337530105
2533750
253375
2533731990
253373
25337291
2533724438
2533723
2533722
253371685
253371228
2533712
25337112532
2533710
253370123
2533698ls
2533698
2533678
253366
253365M
2533655
2533652
2533650
2533645
253364
2533637
2533632
2533630
253363
2533627436
2533626253
2533625336
25336233
2533622
253362104
253361865
25336030
2533602
25335ihjxw
25335gvivc
253359v
25335991999
25335991
25335942535789
25335938forever
253358st
25335840
253356897
25335640
253356
2533559
25335566
25335565
253355555
25335550
2533555
2533546
2533544772
253353
253352910
25335177
253351419
25335139
2533500014
2533481
2533474
2533472
2533464403
25334617
253346
2533457
25334564
2533455
25334455
25334429
253344170
2533440
253341677
25334126
253341239
2533412
253341082hugocovas
2533402
25334
2533389
25333888
2533387
25333826
253337705
2533374
25333633
25333618
2533361
253336
25333589*
25333536
25333532
25333522
2533344
253333b
253333333
25333333
2533333
2533327
253332634742
2533322323
2533319
253331825w
253331519
25333126
25333114
253330sakda
2533307
2533306
25333041
2533300840695815
25332929
25332904
25332901
25332833
2533283
25332828
25332825
25332811
25332793
25332770
25332749
25332724
25332722
25332708
25332700
25332663
2533265
253326299
253326294
2533261233
253326003
25332599
2533259886388
253325631
25332563
253