602
23760093
2376002j
2376002
237600
2375xx
2375tsora
2375rica
2375panda
2375nos
2375lisadr
2375lacey
2375haj91
2375co2001
2375cc
2375ROWZ
2375997
2375990
237599
237598223
2375981
237598
2375968
237595a
2375950
237595
237594cpf
23759306
2375927
2375915
23759060
237589
2375872
2375870123
23758634n
2375851f
2375843cel
2375820
237582
237581
237580140
2375800225
237580
23757999
2375795
2375781r
2375777
237577473rdm
2375770
237577
237576joy
23757595
2375757
237575476
23757501ajl
237574821A
237574
237572m
23757266
237572362
237572
2375711
2375706
237570059
237570
23756spqba
237569yolita
237569
237567
2375668
2375662546
2375651,
237564833
2375637
2375633
2375624
2375616
237561
2375607
2375603
2375601237145623014
2375601
2375581
23755723
237557002
2375563
2375554
237555
237554776
2375541
2375518
23755050
23755030
2375503
2375500
23754987
23754968
2375485
2375475
23754667
23754636
2375462c
2375459
23754545
23754490
23754484
237544
23754315
2375430
23754257
2375425
2375405
2375403
2375400
237540
23754
237539869
23753972375397
2375397
2375394
237539253j
2375390
2375387
2375384
2375363
2375362123
237536124
237535496
237535050
2375341
237534
237533
2375325
237532
237531
2375309
23753084k
237530848k
23753040
23753034x
2375301
23753
23752oxqzf
23752liverpool
2375296
2375280kakashi
2375279
2375271
237527
2375252
2375239
2375234
23752100
23752087
2375202
23751nd
23751994680
23751832
23751786
237517012
2375168
2375160
237516
23751543
237515193
2375150o
2375146
2375143
23751415
237513
2375125
2375109
2375108
2375106
23751046
23751019
23750as
237509748
2375094
2375093017
2375079
2375072
2375050
237504
2375030a
2375022113
2375013
2375012539
23750000
2374zuko
2374yocram
2374tc
2374rumbq
2374edd
2374dam
2374cheech
2374ana
2374alpoca
2374CRIP
2374CODE
2374@#&$loser
23749dog
23749951
237499
2374988
2374976k
2374968
23749543adbt
237495
237494O
237494
2374938
237493598
2374932
237492
23749170
23749141
2374914
23749068
2374906
2374903
23749
237489421037
237488cs
2374878
2374860
2374857
23748561
2374856
237485
2374848
237484
23748291+c
2374827
2374820
237481
2374801
2374787c
2374761
2374750
237475
2374749
23747448
2374742
237474
2374737
237472667
2374726
237470220
23746982
23746952
2374689
2374687
2374672
2374664
23746497
23746451
2374643
2374639
2374638
2374626
2374603
237460
23745kohgz
2374596
237459573
237459
23745875
23745827
237458
237457
2374563
2374554
23745533
23745524
2374550
237455
23745426248
237454
2374538mehmet
237453
2374528+-d
23745170
23745099
2374507
2374495
23744936
23744807
23744622
23744611
2374455
237444587
2374429
237442
237441
2374401987
23743cbszw
2374396
2374391
23743877
2374382
237438
237437Aa
2374375
2374346
237433lol
2374332
2374321
237432
2374314
23743065
2374300
23743
2374288
237427
237426b
237426a
237426856
23742684|
2374267924
23742663
23742662
2374266
2374263
2374262adri
2374260
2374248
2374246
2374242
2374231
237422
23742094
237420
23742
23741971
2374197
23741934
23741729
237417
2374161c
237416
237415kr
237415hunk
2374154
2374152
237414
23741295
2374123
237411327
237411+-1
23741055
23741031
237410
23741
2374074
23740710HILDA
23740694
23740682
2374065
23740529
2374047
2374042
2374030
237403
2374025531
2374024**
2374023740
23740223
23740120nai
2374006
2374005
23740
2373xr
2373upt
2373th8and
2373quupf
2373pzcxs
2373iuli
2373ibsen
2373bere
2373ashley
2373ar
23739sruga
237398
23739755
237397
237396
237393520
2373931
237392l
237392
2373910
23739074_atenea
2373904
23739
2373895
23738698
2373868c
2373868
23738614
2373850
237385
23738430urdaneta
23738430
23738420
2373825b
23738191
23738163yop
23738163kelly
237380
23737wjyvg
2373799
2373797
2373789
2373783
23737699
23737678
2373754
2373749
2373747
2373737
2373723737
23737228
2373720
237370
23736968
237369360
2373690
237368
237366
23736596
237365674
23736473
237363
2373623736
2373622
237361992
2373601
237360
23735fahn
2373576
237357
237356574
237356
237355
2373543311038
2373523974
23734c
23734996
23734953
2373492
237348547
2373484
2373477sara
23734591
2373451
2373450
237345
2373439
237343
237341
23734094
23734081
2373402
23733993
23733855
23733831
2373382
237338
23733778
23733777
2373375
2373362=tugba
237335
2373349
2373348
23733426
2373340
237334
2373333
237332
237331959
237331
237330869366643
2373303
237330
23733
23732nuwaa
23732958
23732910
2373283
2373278
23732734
23732630
23732624
2373261
237326
23732545
2373247
2373240
23732302
2373228
237322
23732142
237321
23731e
23731b
2373197
23731934
237319
23731863
23731829
23731824
23731740
23731683
237316807
23731592
2373158
23731551ballet
23731533
237315
23731484
2373144lxr
23731406
2373140
2373138
237313705
23731367
2373127
2373122
2373118
23731160
2373114
23731073
2373099
2373092
23730899
2373084
23730755
23730734
23730726m
2373072
2373070815*
237307
2373068
23730662
23730610
23730551
23730549
237305
237304D
2373041
2373037
2373033342
23730327
2373032
237303
2373025234
23730204
237302
23730147
23730128
23730111
23730017
23730
2373,gas
2373
2372lb1972
2372laud
2372kta
2372jack
2372conie
2372a2372a
2372SEXY
2372LM
23729980
23729971
2372995
237299
2372989
23729885
23729884
237298112
237298
23729769
23729625sgvh
23729437
23729407
237294
237293
23729282
23729276
237292
2372919jes
23729174
237291
23729001
23729
237289
237288tj
2372886210
23728811
237288
2372874d
2372873
23728597
2372854
237284
2372837
2372835
2372827
23728256378
2372819
2372806
23727y
2372796
2372792539
237278now
2372787
23727823
23727725101010
237276
23727499
2372739512261994
2372739
2372723727
2372722
237270594
2372700
2372693
237269
2372685
23726632372663
2372661
23726515
23726296
2372627
2372625
2372624
237261
2372592
237259
23725812
237258
237257
237256
23725572
237254
2372536
2372534
2372533
2372531
237253016
2372530
2372529
2372528
2372525
2372519
2372517
2372508
237250
2372499788ab
23724945marie
23724912271960
237249
2372483
23724795
2372466n
237246
23724525
23724506
2372449fer
23724472
23724404
2372436
23724353anai
23724316
23724311
237242605164
2372426
237242586
23724207
237242
237241ck
2372418
23724162
23724145ANDREA
2372412
237241
237240432685kp_
23724
2372397
2372396
23723933
2372391
237237aso0on
23723780
23723777
2372377
2372375
2372372
2372362
23723603
23723562
2372352
2372351
23723501.qr87a9
237235
2372345
237234
23723334180494dlz
2372326
2372321
237232
2372316
2372314
2372310
237231
23723003
23722908
237228868040821l
23722862
23722820
23722779
23722736
23722717
23722714
23722702
23722690
237226
23722584
2372257
23722505j
23722457
237224
2372238
2372234
23722312
237222
23722175
23722142.m
23722135
23722108
2372198
23721921
23721899
2372185
23721849diago
23721805teamo
237218
23721787
2372178
2372177178
2372176
23721730
2372171
23721700
237217
2372168
2372167
2372166
23721652
2372165
23721527t
237215
2372120
2372114
23721115
23721105miguel
237211
23721056
23721
237209
237208
23720729
23720680
23720646
2372053
2372052
2372035
23720335
23720271
2372023
237201303
237200m
2372008
23720055
2372005
23720007
2371sean
2371rs
2371qqzz
2371parker
2371maple
2371kuma
2371jr
2371hj
2371e22
2371aaa
2371ZYON
2371KK
2371KIM
2371998
237198996215
2371988N
2371988721988
2371985ABMRRAGA
237198
2371976
2371973
2371972
2371971
2371969
2371968
23719550
2371947
2371940
2371931
23719198
2371911
23719067
2371906
23718mar
2371895
2371894
237189
23718892281992
237188
2371852jr
2371852
23718512
237185
2371844r
2371832y
237182
2371819
2371812
237180jk
23718029
23717a
2371798
237179
2371775js
237177
2371764
2371756
2371742
2371738
2371729jl
2371727
23717195
237171912
2371710
237171
23717048
2371703
237170
23717
23716a
2371696
237169
237166
23716566703
23716563a
2371653
237165
2371649
237164
2371638a
2371633
237163
23716240
23716186
2371617
2371612
2371610
2371603
23715923491
2371591m1
23715774
2371565
237155jen
2371559themagefron
2371558h
237155
23715432371543
2371538
237153.58
237153
23715240
23715215has
237152
2371504
23714gaz
2371493
2371491amy
2371491
237149
23714868
2371469
23714677h12jc
23714677h12
23714670
23714658
23714617ll
237146
23714565
23714563ñ
2371451148
23714508
237144
23714387
2371437
23714350
23714329z
237143
2371423
23714142
23714108
237141
237140586
23714048
2371404
237140
2371392
23713906
23713881
23713841
23713814
237138
2371378596
2371377
23713762andrea
23713746vale
2371374
23713729
2371366678
237135
2371347
23713367
2371332
23713270
2371327
2371326
2371325
2371324
237132
237131
2371304
23712983
23712961fl
237129
2371289
23712744
23712612
23712570
23712565
23712505
237124
237123theused
2371230
237123
2371216
23712144
23712140
2371211h
23712113jghx100pre
23712068
23711x
23711993
23711899
23711881
2371183
2371178j
2371166
23711642
23711613
2371159vm
23711598
2371159010378812
237115
2371144
23711435
237114
237113623711366
23711349
237113323711333
2371132
2371125
23711232
23711214
2371110
2371108
23711/806
23710G
23710986
23710983
2371096
2371093
2371086
2371084
23710817
23710801
237108
237107
23710686007
23710537
237105
23710494mw
23710474
2371047
2371037
237103
2371027
2371026
2371024593
2371022857
23710221
2371022
2371021650
23710204
23710182
237101148B
2371010
237101
23710094
2371006980943c
2371
2370monique
2370marta
2370maplane
2370hrb1
2370hotdog
2370home
2370gfpi
2370bella
2370993
237099
237098lh
23709860
23709829
237098
2370975
23709729
23709718
2370971
23709705
23709623
2370962
2370954
2370953
2370951
237095
237094x
23709496
23709476ange
23709463
237094262311
237094
23709378
23709371
237093120292
237092
23709160
2370913
23709115
2370911
23708syj
2370897
2370889
237088
2370875
2370867
23708632
23708562jl
237084ronaldM
23708412
2370841
23708396
23708359
23708311
237082h
2370828513
2370822eslam
2370815
23708108
23708097
2370808
23708050
23708042stpa
237080332576697!
2370802
2370801000
2370800793
2370797
23707916
2370789
237078825
2370784
237078
23707781
2370776
237077
23707659
237076
2370757
23707495
2370746
2370744
23707382
23707361
2370735244667547
23707339
237073
2370726
23707245_
23707239
2370723707
23707224
237071d
23707173ks
23707122
237071
2370701
23707
23706notis
2370694
23706850
23706562ASFFSK**0105076841
237065
2370632
2370623
2370617
237061
23706001545487
23706
23705796
23705687a
2370565
23705552
237055
23705328
2370511c
2370511
2370509
2370508
2370501
23705
23704751
2370472
23704670
2370455
237044
2370427
2370421
2370393
2370392
2370386
2370379
2370375
2370369
23703628
2370352
2370346
2370333C
237033
2370323703
2370313
2370312
237031
237030f
2370302
23703014
23703
23702mk
2370298
2370296
23702944
2370283
23702808
237028
23702782
2370275
23702600
23702598
2370255
23702548
23702543
23702521
23702423joanlys
23702421
23702411
2370241
23702387
237023
237022100
23702203
237021m
23702014
2370201
23702
2370193
23701903
2370189
23701814
237018
23701760
23701755
237017
23701617
2370158
23701572
2370156
23701531
237015
23701407
2370135
2370134
2370125
2370123
237012
237010818407957
23701009
23700928
2370092
237009
2370087
2370083210
2370074
237007
2370069813
2370061
237006
23700558
23700550
237005432489677
2370042
2370032f
23700311
237003
2370028
237002
2370009
2370006
2370001
23700
237/837
237/325
237-9642
237-8519t
237-8031
237-6540
237-21-77
237-11-1978
237-0453
236zyanya
236znv
236xly95
236whitleywood
236watt
236v23
236uizth
236tzo
236tepcl29
236temple
236swkza
236sup
236stppq57
236stonerun
236ssona
236simone
236rue4août
236rO88
236p1amor
236o7
236mxvbh22
236mxcvbh22
236mn0
236mik
236mek
236maddog
236m632
236love1986
236lob
236lll
236laluna
236l6553
236jvctj84
236juhxtp
236jeronimo
236jenkins
236jazz236
236jamin
236hhfer86
236haras0812
236grupo
236girlz
236gates
236filipa
236dtc
236doug
236comey
236cnlgf26
236chubbs
236carlos
236bmj8485
236apizzapie
236amelia236
236alfonso
236_54_236
236VVHCS23
236Sri236
236MAL33
236MAHAL
236I99627
236CMEA
236=236
2369yoj
2369valley
2369sdig
2369rr36
2369pedro
2369oscar
2369mojo
2369mike
2369mich!
2369lemur
2369lazy
2369knt
2369jw
2369jess
2369jaz
2369hs
2369fran
2369cutie
2369cld
2369chicote
2369camaro
2369bv
2369bitch
2369bb
2369amgd
2369aa
2369^hjjam
2369NEmo
2369@@@@
23699lalo
23699jaycd
2369998
2369995
236998mfgb
2369989
23699887
2369988
2369977
236996jjp
23699613
23699608968omer
236996
236995
2369947gb
2369926
23699214
236991
236990701
2369905
2369900017050
23698d
23698989
236988ha
2369889
2369887
23698752
23698745
2369874100
2369874
2369873
2369871992
236985s
2369859
2369852147
2369850
23698389
236983
236982160910
23698171
236981329
23698118
2369811
236980c
2369807
2369800
2369788
23697804
236978
2369761
236976
236975
2369734
2369723697
236972
2369715
23697147
23697097
23697016
23697
23696999-13
236969965
23696969t
23696967
23696951
23696912
2369691
23696902
23696900
23696883
236968
23696798
23696784
23696782
23696698
2369667820454720
23696676
23696673
236966414
23696587etdyya
2369657
23696569
2369652
23696477
23696471
2369647
23696464
23696451
2369640
236963254
236961508
2369613
236961
2369609
23696048
23696-112
23695yuka
23695nhie
23695997
236959
2369583
23695816ilove
23695806
23695799
2369579
2369576eve
2369576
23695726
236957
23695680521147
23695668
23695631840
2369557
2369556
2369553120sheryl
2369552
236955
2369526
23695249
23695242asrr
2369523695
23695223
236952147
236951c
236951478
23695147
23695124
2369511
2369510m
2369510
236950743
236950720
2369507
236950514
23695033
23695000
236950
23694sol
23694happyr
2369495
2369492
23694917
236948879
2369478236
2369477
23694748m
236947
23694694
23694668
2369464
23694614
236946
23694585
236945710t
23694486
23694434
23694429
2369441B
2369438
2369437
2369433
23694324
2369429
2369428
2369423147
23694023ej
2369400
23694
23693zhhrm
2369398
236939
23693878
23693842
23693770
23693745
23693732
236937291966
23693726
23693715
2369368
2369366
236935th
2369352
2369350
23693407
236934
23693395
23693361
2369335
23693330
23693246
2369322482
236932109
23693169_caro
23693169
23693166
23693130
2369312789
23693100
236931
2369309
23693054negris
236930116
23692p
236929948215
23692960
23692883
236927645
23692687
23692682
2369268
2369263
2369258
23692529
2369248
2369245
23692445
236924
2369231
2369229
2369223
236922
23692147
2369208
2369201hpl]sud]
236920
23691975
23691793141194
2369179
2369178
23691728
23691633
2369162
236916
2369158
23691496s
23691491
2369147
23691415
236914
23691301
236913
2369126
23691259
2369123m
23691226
236912
23691199
23691195piyu
2369114_mando
236911387
23691086
23691017
236910
23691
23690apop
23690976
2369094
23690873
2369087
23690808
2369076
23690722
236907
2369065k
2369065
23690387
2369036
236903
236902323
2369023
2369022018
23690220
2369019
2369015
23690111
236901
23690080071
23690038jota
2369000
2369*369
2368remeb
2368reme
2368nhoj
2368nate
2368g4paok
2368e8
2368boats
2368babylj
2368atc
236899asdf
2368996
2368994
2368990
236898
2368978
2368977
236897654
2368973
23689702
23689611
23689550
2368952
23689445
23689429
23689270
23689258
23689207
23689191
23689180
23689152
23689147
23689120
23689099
23689091
23689072
2368907
2368905
2368904
23689028
236890
23688w
2368898
2368890
2368883coc
2368880
2368879
236887
2368869
2368865
236886
2368859
2368854033
2368854
2368847
2368844
2368840j
23688324
2368830k
2368829499
2368825076
23688150
2368808napi
2368808290390zackin
2368802
2368800
236880
23688
2368797
2368780c
2368764
236875
23687499
236874100
2368735
2368726
2368724
23687182gaby
236871
2368704
236870
2368697
2368692
236869
2368679
2368668
23686676.beru
236866
2368649
2368643
236864
2368638
2368620
236861616
23686140
23686113
23686112oscar
23686104
236860kiki
236860908939
2368603
23686009
23685mm
2368595
236859
2368584
2368581287
236858
236857851993elysaulteamoo
23685756jona563
23685726
236857
236856
236855
2368547
23685458
23685450
23685445
2368535
236853
2368528
236851exioverycesar
2368518
2368515
2368512
2368508
23684sab
23684a
2368495
23684920
23684904
23684841
236847cjb
2368477
23684767
236847
23684679koko
2368467
2368447
2368446
2368442
236844123456
23684406g.
2368437
23684314
236843
2368425i
2368423
2368417339
23684136
2368413
23684113
236840vf
23684011eyg
23683951
236839
23683896
2368388
236838737
23683802
23683794
23683785
2368371
236837
23683626
23683588
2368355
2368340
23683342
236833
2368326
2368324
23683207
236831jenna
236831952
23683024478576
2368302
23682vale
23682950
2368291
23682872
23682862
23682840
2368282223682822
236828
23682778kellymarisolsilvamesa
23682773
236827
23682526
23682521
23682487
23682462
2368245
23682423
2368241
2368238
236823689
23682366
2368236
2368232
2368224616
2368223
236822
2368219
23682178rea
236821
236820a
2368206
2368198
2368196
23681942
2368193
2368190
236819
23681857
236818
23681786
23681702sgpg
23681688
23681593
2368159
2368151
2368149
23681419
2368131
236812k
23681251g-unit93
23681228
23681217slipone
236811rm
2368118623681186
23681157
2368114616
23681138
23681133
23681
2368097
2368096
23680851
2368081
236807a
2368063
236806
236805a
23680511
2368044
2368041
236803
2368026
2368025
23680196
2368016
236801
236800m
236800h
236800
2368-magda
2367spinstorm*
2367sj
2367rene
2367nf
2367jp
2367gallo
2367dpl
2367dj
2367carlos
2367bph
2367bp
2367benr
2367ben
2367atc
2367KYH
2367DAISY
236798
236797SS
23679612708784
236796
236795
23679403
2367935
2367931lg
2367927
236792
2367915
2367911
23679014
23679
2367894
23678920
23678910
236789$.z
23678778
23678775
236787
2367857
23678482
2367844
236784
236783
2367823
2367821
2367820
2367817
2367805
23677jd
2367799
2367786m
2367777
23677747
2367773
23677721
2367770
236777
2367769
2367753a
2367753
236775
2367745
2367744
23677422369095
236774
23677328
2367730
2367713
23676950123412
2367688
2367682
2367674
236767
23676696
2367666
23676632wiwi
236766
23676546ANDREA
23676402
236762
23676147
236761
2367589
23675851
2367579
2367572d
23675725
23675716
2367571
23675640
2367561
23675550
2367545
23675376
23675223
2367521
23675192t
2367499
2367493lisya
236749
2367477
2367472
236746
236745a
2367457
23674444
23674411
2367440
23674395
23674247
236741d
236741310
23674084
2367408
236740
2367395b
2367394k
236739
23673785
236737
2367366
23673545
2367351
23673500
23673260
2367322m
2367313
2367311
236730
23672t
2367275c
2367271
2367270
2367250
236724p
23672367
2367224
2367223c
2367222
2367218
236721
2367208
2367205
236720037045
236720
23671992
2367194
2367190R
23671804
236718
2367172
236717154
2367171
236717
2367163
236716251987
236716
2367155
236715
2367149
23671367
23671240
2367123671
2367123
23671142
23671012
23671000
236709
2367076
2367073
2367057
2367055
23670411714
2367035
2367032
2367021
236702
2367015
2367014
2367010
236701
236700s
2367.2367
2367$$
2367
2366zz
2366rs
2366rfp
2366na
2366mall
2366it
2366hilic
2366ema
2366cemm2366+
2366cb
2366atc
2366angus
2366NEXUS
2366959
236693387
236693
2366925471
2366923
2366916
23669119
23669
23668kai
236688
236686981
2366869
236685rcdB
236685
236684
2366833
2366832
236683
2366826
2366825
236682
23668190
2366815
236680
23668
23667ajl
23667952366795
2366793
2366789
23667877
2366786
2366770
236676536
23667550
2366745
2366741pedrorene
236674
23667366
2366736
2366734
2366731
236672ZWP
2366729
2366707
23667000376581
236670
23666s
23666rhqva
23666dulce
23666986
2366696
2366688
2366687
236667l
2366671
236667
2366660
2366656
23666475
236664556
2366644
23666340808
2366632
236663
2366625
2366623666
2366620
2366603111
236660
23665aui
236659326
236658
23665789
236657606
236657
2366562
2366554
236655349
2366552
2366543
236653
23665282
236652
236651
236649
23664879
2366479st
2366468.2008
2366453
23664425
23664290
2366428
2366425
23664225
2366420
236642
23664131
2366411pyza
2366409
2366401
236640
23663art
23663971
236638cennet
2366384
236638
2366379
23663779
23663695
236635bas
23663589
2366358
2366351312
2366349
2366346a
23663401
23663390
2366339
2366333
2366331
23663231
2366314110
2366314
236631
23663085
236630818
2366308
2366306
23663055
236630062
2366283.2366283
236628
2366276l
2366274
23662703
2366266223
2366265
2366256eh
23662528
23662477
2366244
236623
23662264
23662156
236621455
2366214
23662107
23662012
23662
23661989
23661888
2366179
23661757
2366167
236615renee
236615
2366143163
2366134
2366130
236613
2366123
2366122
2366120
23661167
2366110
2366109
23661048
2366101
23660939
23660932
23660919
2366090
23660899
23660827
2366076
2366067
23660613
23660605
236605
23660477
23660421
23660317
236603
23660043
2365yocap
2365to
2365teacher
2365pp
2365nicky
2365l
2365kw
2365kikk
2365k!!!
2365isv
2365hn
2365goblin2365
2365dec
2365baby
2365alar
2365Beth
23659pr
23659jhwz
2365988
2365987
23659782582456
23659642
236596
2365930
236593
23659293
2365929
2365924
23659212
23659210
236591a
236590
23659
236589x
23658998
236589741
23658945
2365894
2365892
23658895410
23658871
236588
23658781
2365878
236587132
23658622t
23658592
23658498
236584
23658313
23658302
2365830
236582478
23658236
23658157
23658100.
236580
23658
2365791
236578
236575dke
2365758
2365755
2365748
23657410170697
2365732
2365730
23657267
2365714
2365712
236570jm
2365701
2365696
23656724
2365668
23656669
23656653
23656632581805
23656608
23656589
2365658
2365656
2365655
2365650
236564
236563210
2365632
236562
23656158
236561
236560j
2365602999582
236560
23655720
23655632
2365561
23655601
236556
23655559
2365555
236555
23655415
236554
2365530
2365529
2365528
2365525n
23655254
2365523
23655222
2365520
236551606
2365512
23655037
23655
23654l
23654a
23654981
23654890
23654877
2365483
2365482
2365478910
23654789
23654780
23654623
23654615
236546
236545TES
2365459
2365458965
23654587
236545780
2365456
2365455
23654542
236544789
23654447
2365440
236544
2365438252
2365431
2365427
2365420
236541ilu
2365416
2365412
2365410
2365402r
2365402d
2365388
23653835
23653742
23653720
23653713
2365370
23653665
2365366
23653530
2365345
23653449
2365342
23653289
2365327
23653265
236532
236531ghf
23653178
23653166
2365314kj
23653132
23653123
2365312
23653109
23653100
23653056
2365304
23653023210192
23653
23652er
23652991
23652926
236529
2365286
23652820
23652810
2365273
23652636
2365263
2365256CHINO
236525
2365249
23652440
2365243
2365241
2365238
2365237
23652365henry
23652365c
2365236544
236523654
2365236523
2365235
2365233
2365229
236522529
23652233
23652210
236522
23652141
236521
2365206
23652019
236519jjjjjjjjjjjjjjjjjjjjjjjj
236519apples
23651987
236519295654
23651920
23651860
2365184
2365178
23651766
2365173
236517
23651697
23651508
236515
236514A
23651479
2365145
23651437
23651425
236513z
23651367
2365135
2365129
2365123651
23651217
236512
23651185175
23651177
2365115
2365111
236510712bobo
236510712
23651006
23650elj
23650b
23650910no
23650825
236508
23650775
23650700
23650630
2365063
236506
23650597
2365057
2365050
23650492
2365048
23650438
236504
23650398s1i2g3
2365028
23650263190208
2365024k
23650106dm
23650100
236501
23650090
2365008
2365006
236500231993lis
2365000191031
2365.00
2365
2364yipsr
2364wfd
2364w31street
2364t2364
2364sh1
2364rd2001
2364jnh
2364PUM
2364999
23649940sinai
23649913
23649900
236499
2364989
23649887
23649857
2364979852
23649718
23649714
23649704petradon
2364970
236496s
236496898
23649678
2364962
23649579
2364951
236495
23649476
2364945
236494145
23649327
23649288
236492533
23649250a
23649189
23649170
23649147@graci
23649057
23649012
236490
23648a
236489
236487714
236487574
23648737
2364871
2364870
236487
2364864
2364862
23648579
23648450
2364837b
2364837
23648340
23648299
23648235
23648083
2364804
23648009
236480
23648
2364799kell
2364795
236478951
2364786morita
23647808
23647748
2364774
23647694
23647642
23647611010
23647508
23647502
236475
2364744!
2364740
23647351
2364734
23647336
2364731314
236473
2364726
236472
2364715
2364714682
23647084
236470656seb
236470656
23647011
2364701
23647
236469l
2364696
2364690
2364688
2364686
2364683
23646660
2364666
236466
23646468
2364646
236464
2364630
236463
2364622
236462
2364619
23646163
2364616
2364614
236461138860
2364607
236460
23645w
23645998
23645924
23645902
2364589710
2364587
2364583
236457
236456786
23645678
2364561
236456
2364559
236455
23645498
2364535
2364523645
236452
23645174luna
2364516
2364514junior*
23645140
2364514
2364509
23645013
23645
2364499
2364495
23644880
2364479
23644711
23644707
23644681
2364460
236446
236445266
23644450
2364443
23644394
2364436
23644352364435
23644336
2364432
23644288
236442080
236442
236441mnt
2364412
23644046kristie
236440013
23644
23643960
2364394
23643910
2364384
23643775
23643739genesis
236437
236436a
23643674
23643649
2364363
236435lope
23643517
23643512
2364351
2364334
23643326
2364331
236432683
2364324k
2364322
236432
23643111
2364308
2364307
23643042
236430
23643
236429151995
236429
23642895
2364286
236428
2364278
23642779
2364277114]]hh
23642741MARIA
23642739
23642696
23642672
23642634zuria
23642570
2364257
23642552singing
23642552ok
23642533
2364253
23642499
23642456
23642454
236424
2364238
23642364p
23642364j
2364234
2364233jhonatan
23642319
23642309
23642213
23642192364219
2364218
23642168
2364211
236421
2364202
2364201
23642000
23641943
23641923
23641831
2364182
23641808
236418
2364171
2364166200
23641650
23641637
23641611
2364160
2364139
23641321
236412r
2364129
23641215
23641140
2364096
23640920
236409
23640882
23640854
23640817
236408
236407y
23640758
23640701
2364064
2364059
23640397pez
23640335
2364031
236402909066034
2364027007
23640268
236402323
2364017
23640132
23640097
23640073
23640030
23640001
2364.796rk
