3820+
21283762
21283694
21283678
21283602
212835t
212835ab
21283575
21283547marianyelis
21283545
21283535
212835
2128349
21283396
21283392
21283375
21283328
212833
21283279
21283269
2128326
21283233
2128321
212832
21283194
21283135
21283123
21283117
21283106
212830jw
212830ah
21283084
21283059
21283038genesis
2128302000
21283014
21283.534
21282b
212829b
2128299091
21282982
21282932
212829212829
212829*
21282881
2128286tepic
2128280
2128274
21282729
21282726
21282714
21282672
2128266
2128264
21282625
2128256Kt
21282567
21282535
21282531
212825302
21282529
21282528
21282522
21282516
21282452
21282427
21282412
21282340
2128232
2128230
212823
212822211802a
21282210
2128217
2128216f
21282169
21282134
2128213
21282123
21282099
2128208
21282017
21282016
21282007
21282004
2128200106
21281d
21281b
21281998w
21281989
21281986
21281976
21281929
2128191
21281874
2128187
2128184
21281774
2128177
2128173
21281724
21281706
21281654
21281627
21281620
21281606
21281601
212815v
212815892365320
21281533
212815212815212815
2128150
212814aj
21281456
212814421485
21281432jr
21281244
21281234
2128122d
2128121281
21281184
2128117
212811522
21281126
21281124
21281101
21281056
21281025
21281024
21281018
21280c
2128093
21280913
2128087
21280729
21280714
212806f3
2128068
2128059
2128054
2128052528
2128051514
21280508
21280423
21280390
21280382
21280342
21280252
2128022
2128021987
2128021280
2128021102
2128019638
212801638
212801220
2128010
212800b
212800901
21280.
21280
2128-1471
2128*231982*,efe
2127tigger
2127telcel
2127sparkle
2127sp
2127smc
2127s
2127rsv3
2127rocker
2127ro0108
2127rd
2127r7
2127po
2127pe
2127maria
2127mar
2127love
2127lms
2127lee
2127lea6
2127kj
2127kh
2127ga
2127fiiore9394
2127enrique
2127dion
2127april
2127angel
2127andreva1529
2127JAREDe
21279allah
2127989
212798
2127971m
2127971
2127962
212796
2127957301
21279566
2127950495
21279504
212794
212793441
212793399
212793
2127926
2127921279
212792
212791
21278jojo
2127899benjamin
2127894442
2127894
21278890rl
2127868
212786
212785a
21278542
212783
21278264
2127816
21278150
2127811898
2127807
2127806
212780428
2127802
212780
21278
21277z
212779e
21277869
212778616778
21277859
212776
2127754336
2127733
2127732
2127723
2127714
2127710
2127703
21277014la**
21276pass
21276mm
21276elisa
21276akm31
212769942
212768
212767
21276667
2127666
212766
212764823347
2127645
21276366
21276360
212763182810
21276106
2127609
212759050c
2127589
21275881
212757571
2127575
21275729
212757
212756ml3
21275669
2127556
212755332
212755
2127536
212753
21275260
2127502929
212750
21274sf
212749176katia
2127490
2127485bv
21274851004
21274771
2127468
212746
2127458
212745467
212745
212744353
2127438
212742660
21274117
2127403
2127402
2127401080
21274
2127392
21273896
21273882
21273861873
2127380
21273766
21273709
21273707
212736
21273522
212735
21273458
21273435
21273372
21273350
21273324p
21273311
2127330
212733
2127329
2127321273
21273202
21273165
21273127
21273117
2127309
21273082
21273052
21273051
212730460
2127298
21272967
21272962
21272955
21272931
21272926thrash
2127292324282625
21272919
21272918
21272914
212728bm
21272880
21272867
2127285392
21272823erik
212727l
21272797
21272746
2127272914
21272709
21272682
21272662
212726315
21272615
2127261412
21272612
21272608
2127255
21272535
21272513
21272507
212724loba
2127247_joe
21272462
2127245
21272439
21272407
21272384
2127236
21272346
21272323
2127232
2127229
21272275
2127227
21272234
2127222695
2127222600
21272216
2127221
21272208
2127220621272206
212721d
2127216
21272143
21272140
212721271
21272107
21272104
212721005487
21272020
21272011
21272008
21271993
21271991
2127199
21271987890809
21271987
21271984
21271974
212719625
21271921
2127189
21271755E
21271739
2127167
2127161821455372
21271618
21271612
212715a
21271594
21271582
2127152
2127147
21271446
2127143
21271417
21271413
2127137delux
21271372
2127133921271339
21271307043
21271306
2127130
21271261
2127123
2127121721
21271216
21271196**.
2127119
21271188
21271124
2127112
212710aRa
21271059
21271018
21271
21270r
21270976
21270950
21270923
21270907
21270905
21270897
21270882
21270821
21270817
21270812
212708
212707g
2127078
21270705
21270692
21270691
21270628
2127060
21270521
21270492
21270377
2127031186
21270268
2127022
21270213
21270206
21270192
21270158
21270108+-*/
2127004
2127000
2126ymas
2126yanyne
2126uz
2126slm
2126sj
2126sarel
2126poly
2126pc
2126nl
2126myn
2126mom
2126mid
2126me
2126mad
2126joe
2126jjgf
2126jazi
2126ir
2126holly
2126erwin
2126enj
2126ed
2126cotner
2126choo
2126chelsea
2126bk
2126anairak
2126ASH
21269ddd
2126999
21269962
212699372461615
212699
2126987pk
21269838
21269826
21269777
2126973380
21269715103
212697
21269683
21269634
2126963
21269606
212696
21269592
21269578
21269553
21269547
212695087219535S
212695
212694512
2126943
212694
21269232
21269226
21269217
21269170
21269163
21269138
2126913
212691
21269010
212690
21269
21268a
2126891817
2126881
2126871
212686sa
2126869
212686
2126858hm
21268571128485
212685450
2126851
2126847
2126846jb
212684565
2126840
2126836
212682m
212682M
2126828
2126818016
212681110
21268020472534
21268017920792
212680
2126798
2126795
21267922
21267882
2126786927
21267863
212676
212675688
2126756
212675
212674
21267371
212673
2126722044
21267124
2126705
212670
21266930
21266908
2126688c
212667
2126667911
2126652573
212664
2126627
2126626672
212662
212660
21266
212659d
2126595
2126583
2126569
2126566
2126565116
2126561
2126554
2126544
2126541
2126538
21265275
2126522
21265212
212652
21265066804
2126506
2126504
212650
21264eva
21264967
21264961
21264948
2126492798
21264911
212649
2126484
2126480
212648
2126478
21264774
2126477
21264736j
2126470
212647
21264690
21264682
2126465164P
21264645
212646242
212646
2126458
21264578
21264566
2126455
21264503
21264500pa
212645
21264443
212644
212643818
2126424473
21264229
2126421
212642
212641j
21264192
21264133
212641
2126401
212640
21263cr
21263991
21263938
212639
212638m
21263856
212638521274bforce
212638
212637365
21263731
2126373
21263707706521673
21263688
21263687
21263684
212635s
21263565
21263553
2126351
21263504
212635
2126349
21263436
21263428
2126341
21263407
2126340
212634
2126337bg
21263351
21263340
2126334
2126323
21263185
212631779
21263131
21263130
21263123
212631
212630B
2126304
21263
21262993
21262971
21262930
212628_y
21262887
21262829689194
21262825y
2126280605
212627j
2126278a
21262761
2126270
21262621
2126259
21262562
212625349
21262528
21262524
21262518
2126248
2126241
21262403
21262396ysa
21262388
21262378
212623133
21262311
2126230
212622ceci
212622958956076
21262256
21262222
212621mamita
212621j
212621a
21262171
21262163,2414542
2126214
21262126a
212621262126
21262119
21262101
21262093
21262018
21262007
21262005
2126200
21261l
21261983
2126192
21261906
212618p
2126187
21261849
21261829*
21261813
21261773
21261755
21261744bf4e
21261737
21261732
21261721d
21261708
21261669
21261664
21261627
21261607
2126159
21261525
21261521
21261501
2126149
21261485
21261479
21261450
2126142230
21261415
21261412amor
21261411
21261407
21261400
2126139
21261369claryana
21261341
2126134
2126133109181988
212612ar
212612M401
2126123004091005
21261230
21261223
21261208
212611s
2126118
21261129
2126110351
21261101
21261060
2126102dda
21261
21260v
21260978
2126096
212608944311417
21260880
21260850408813
2126081987
21260789
21260746
212607104165
21260692
21260680
21260615
21260603
212606
21260593
21260588
21260509
21260505
21260501
21260485
21260429123
21260418
212603jh
21260394
21260374
21260362
21260329
21260325
212603016
2126023
212602124921212
21260212
2126018
21260113
21260049
2126002r
21260000
2126!!
2125yara
2125vm
2125vind
2125unga
2125tr
2125sus
2125sjcr
2125samara2125
2125rc75
2125ppom
2125ny799
2125nitro
2125love
2125livites
2125jumdear
2125jetin
2125j
2125harden
2125evek
2125elvis
2125dl
2125boi\\
2125bitch
2125bb
2125babe
2125b39
2125aqu
2125add
2125ad
2125So_v
2125MIKE
2125Ko-kk
21259999
212599866
21259916lamierda
212599
212598JAZ
21259866
21259852
212598
21259791
21259687
21259674
212596
2125955
21259518
21259515
212595
21259499
21259400
212593brenda)
212592805
2125924588
21259212
212592
21259193
21259173
21259134
2125913
212590023
21258hola
212589jb
2125896
21258910
212588simongomez
2125886
21258859
2125882
212588
2125860455
21258604
21258524
212584854094808
2125847
21258436
21258426
212583805
21258369
2125833256
212583140
212583
21258294
21258281
21258275
2125823*356
2125823
2125822
21258206
2125818
21258127
2125809
21258086daniel
21258054
212580531
212579k
212579K
212579758
212578809
2125781
212577
2125761189
212576
212575
2125745
212574
212573
21257284
2125722
212572
2125719*
21257176
2125714
21257072
212570
2125699
21256963
2125695303
2125691356
212568q
2125686681
2125684596
2125681316
2125680348
2125679
2125673295
212566hot
212566789a
21256639
21256551
21256525
212565114826858
21256399andy
21256387m
21256278
2125623
21256212
21256182momo
21256158
212561
2125603
212560
21256
21255y126
212559i
2125596
2125593
21255844
2125584
21255797pl
212557733019
21255707
212557
2125569
2125560
212554
212553B
2125535987654325
21255308
212552338
2125523
21255173
212551584
21255112
212551
2125509
212550328
212549
21254876
21254872
2125487
21254837
21254814
21254750
21254744
212547
212546879
21254607
2125458783
212545878
2125458
212545696
212545382550
21254506
2125448
212544681
212544
212543782
2125434271
2125434
212543246348702
212543182616
2125430363
212543&
21254286
212542534
21254213
212541c
21254177
21254151
2125413
212541237
2125412
21254097
21254090
2125409
21254089
21254078
2125397037
21253960
212539090amo-te
212538251
2125382
21253803
21253802125779
2125380
212537931
212537436
21253715
212536392
21253621
2125362007
2125360415
2125360
2125359182a
21253585hola
21253555
21253551
2125355
2125354952
21253538Lmdh
212534969
212534881722
2125347
21253468
21253444
2125343
21253422
212534212534
2125341991
21253397
21253363
21253343
2125332
212532kwang
21253284
2125326
212532543
2125323344
212532261231
21253225250706800845
21253213boom
2125321
212532062526
2125320
212531r
212531f
21253175
2125317
2125313
2125311152
21253110
21253105
21253085
21253065
212530519
21252n.y
2125299
21252984m1n1t3l
21252983
2125298
2125296
21252923
21252921
212528s
212528K
21252891
2125285
21252822120507
21252818
21252806101999
21252804
212527919420
21252735
21252729
21252719
21252708
21252705
21252702rma
212526to212526
21252682
2125268
2125263
21252628
21252623
2125262000
2125261903+-*/@#
21252613
212525mm
21252574160294
21252561@
21252542
21252535
21252533
212525247511
2125248
21252475a
21252429ORTZJMNZ
21252416
212523vl
2125238
2125228
21252247
2125224
21252218
212521j
21252191
21252186
21252183
2125217474
21252125hooprash
21252125b
21252125a
2125212521252125
2125212521
2125212
2125210273
2125210015091991
212520925
2125201415
212520111
21252007
21252004
21251v
21251984
21251982
21251928
2125192200
2125191
212518883
21251821
21251819
21251809
21251757
2125175
21251710
2125165XOCAROLINE
21251636
2125161973
21251613
21251609
21251604
21251600
212515j
21251597
21251561
21251492
21251483
21251454
21251445
21251422125142
2125141831
212514065
212513p
212513mami
212513g
21251398
21251369
21251344
212513319
21251325
212512a
212512646337
2125126
21251238
21251223
2125122
212511s
21251198721
2125119
21251173
21251172
21251167
21251157
2125113320382120
212510bee
21251082
212510432110
2125101p
2125101P
21251018
2125100
21250t
21250pussycrunch
21250999
21250932
21250905
2125090
2125089
21250841
21250827
21250819
21250802
21250799
21250798
2125070
21250690
21250688kely
2125067dayi
21250665
21250650
21250648
21250623
2125061987
2125059
21250587
2125057357
21250568
21250532
21250517
21250498buyh
21250498
21250495
21250473
2125045
21250447
2125044
21250432
21250426
21250415
212504
212503fr
21250392
21250389
21250326
2125032309
21250307
21250294
212502911
21250290
21250205
212501ydoris
2125018
2125013vsh
212501266
21250030
2125000810553856
212500016560
2125,2125,2125
2125
2124vie
2124star07
2124shorty
2124sequiern
2124rin
2124pbd
2124oa
2124ncrs
2124nay
2124mt
2124mario
2124lourdes
2124life
2124l
2124kenzell
2124kayla1
2124jw
2124jkd75wq
2124jeff
2124jax
2124javi
2124ever
2124es
2124e9943
2124danielloza
2124continuar
2124cocoa
2124co
2124cj
2124bub
2124blow
2124bigbabee
2124bigbab
2124belvoir
2124bct
2124amy
2124Redrock
2124MATA
21249987
21249984
21249977
21249951
212499
21249886
2124988
21249842
21249786
21249753-anajose
21249753
21249670
2124967
21249667
21249641
2124964
21249601
2124959
21249572
21249546
21249545
21249526
2124950
212495
2124948
2124938
21249360
21249336
21249315
212492e
2124924322066905
21249201
21249176
21249153.
21249146
21249127
212491
21249092
21249079
21249030
21249
21248947
21248937
2124892
21248901exa
2124890
2124887
21248828
21248827
21248777
21248768
21248687
21248685
21248679
21248616
21248593
21248585
21248580kellyvb
21248536
2124852013
21248490
21248442
21248407280891
21248389
21248382
21248372kellys
212483
2124829
2124825
212482
21248171
21248141
21248134
21248127
21248101
21248094
21248060pla2
21248059
21248055
21248041
21247973
21247964
21247899
21247881
21247877
212478600
212478552608
21247855
21247830
21247792
21247790
2124778
21247777
21247770
21247739
2124768k
2124763
2124762
21247588
21247551
21247546
21247522
21247517
2124751
212475
21247468
21247439
21247401
21247297
21247280
212472006
21247171
21247170
21247154
212471537
21247129
21247127
21247102
212471
212470
2124691
2124690
212469
2124689
21246711
2124670
212467
212466bcf
2124662a
2124657
21246512
2124650
21246412
2124639
21246389
21246281
2124628
21246233
212461
212460g
2124601317
212460
21245cs
212459a
21245942
212459
212458W
21245854ivan
21245823
212458
21245766
2124575
212457
212456789
21245653
2124562
212455887
21245583224567
2124555
212454penguin
21245459
2124544
2124536++
2124536
212453
21245218
2124515
212451
2124506w
21245056
212450
21244smart
2124499773
2124498
21244913
212448481234
21244824
21244823
21244752
212446J
2124469
2124466424042536
212446
2124456
2124445333
2124444d
212444
2124438
21244378
2124436
2124432
2124425
2124422448
2124422
2124421
2124418
21244138
212441212442
21244119001403
2124410
21244009
212440
21243w
212439d
2124397
212439
21243897
21243890
21243777marie
2124375
2124366
2124365
212435728
21243524
21243508
212434
2124337
21243283
21243223
21243196
2124319473
21243128
21243110
2124310luis
212431!!!
21243041
21243011
21242977
21242961
212429002
212428r
212428er
212428@yah
2124288
2124283096
2124283
21242824
212427c
21242798
2124278KO
21242725
21242715
21242709
21242703
212426f
21242684
21242628
21242613
212425l
212425841
21242549
21242547
21242540
21242539
21242536
21242533
2124253115
21242527
2124252627
2124252073nyc
21242513
2124251
2124247m
2124245
212424218
21242421
2124235
21242317
21242302
2124225
21242210
212421e
212421ak
2124215145
21242124ig
2124212421
21242123
2124212
21242118
2124210
21242073
212420631yok
21242062
21242038
21242037
21242025066773
2124202123
21242009
21242
21241=boo
21241997
21241990
2124198
21241977
21241948
21241926
21241888
21241885
212418611
212418400k
2124181
2124179
21241784
21241782
21241766rm
21241729
21241720
21241718
2124168
21241614
21241603aide
21241590
21241566
2124156
2124154
2124152972
21241519
21241516
21241509
21241500
212414am
2124149
2124145
2124143
21241428
21241418
21241415
2124140
2124134
21241321
2124131039
21241309
2124130
2124129g
2124129a
2124129
21241275
212412735
2124126
21241234
2124123
21241224guilleCI
21241188
21241184
21241110
21241108
21241093
21241089
2124107
21241010
2124101
21241009sabah
21241008
21241
21240987
21240971
2124095
21240916
2124082323
21240804
212408010120
2124080
2124077j
21240777
21240771
2124070099
2124068k
2124063
21240628
21240609
2124054
21240536
21240525
21240506
212404ljf
2124047
21240448
21240436
212404210
2124040
21240359
21240326
21240318
21240311
21240247
2124020
21240188
21240170
21240131
21240127
21240121
2124011
2124009
2124005
2124..marissa
2123zx3
2123zx
2123yorch
2123timytanapinxu
2123tiebout
2123south
2123scoobydoo
2123sb
2123porlovemook
2123oc
2123now
2123nec
2123na
2123matts
2123martha
2123love
2123lips
2123lapaz
2123ks
2123ko
2123kings
2123kabexudo
2123juan
2123jr
2123jp
2123jmk
2123jk
2123jeje
2123jc134
2123jacat
2123iloveme
2123hu
2123flx16062312
2123fabz
2123dadi
2123corinita
2123co
2123ces
2123bw
2123boss
2123blue
2123bf
2123bb
2123b
2123arm
2123april
2123alwyas
2123always
2123ace
2123aa
2123a
2123TEAMO!!!
2123RAPTORS
2123JIMB
2123IZE
2123CC
2123@#$ele
21239t
21239daniela
21239bg
21239999
2123999
2123991
21239887
21239881
2123987
212398360
21239793
21239784143296vdd
21239680
212396
2123950
2123946n
21239440ricardo
212393763
2123936
21239349
2123933
21239316
2123930
212393
212392sk
2123927
212392303
21239215
212392139a
212392
2123918
2123915
2123914022715201
2123910ae
2123905
2123900
212390
21238991
2123899
21238978
212389
2123885y
212388*-ali
2123879
2123868
21238647
212386
21238556
2123854
2123851014
2123850
21238461
2123844
21238422
2123840
21238374
21238336
21238320
212382spm
2123828
21238234
21238218
2123821
21238200
21238195
212381244
212381
21237s
2123790
2123786
2123780
2123774
2123769
21237631
212376004
212376
21237567
212375
21237464
2123740
212374
21237362
2123735
212373
2123729
21237212
212371ra
212371k*
21237123
21237120
21237073
2123706
21237028
21237023
2123695605
21236950
21236928031985
21236891
2123687
21236861d
21236836
21236807?
212368
2123677h
21236768ras
21236761
21236732
21236698
21236696
21236652
2123664392070303657
2123663
21236603
2123654
21236531
21236476.
2123641
2123632
21236301
2123630
2123629@
21236234
21236232
2123621236
21236177
21236148
2123613
2123612
212361160
21236103
212361
21236073
2123602399ck
21236012
2123600
21236.36
21235vin
212359894807
21235960
2123596
21235901
21235824
21235814
212358
212357
212356intn3q
2123569
2123566o
2123566
212355688525
21235555
2123554884
21235536
212354o
21235479
212354568789
21235445
2123544039
212354365k
21235375
212353486556
2123534865
21235336ed
2123530
212353/67
212353
2123527
21235257
212352521251123
212352413
2123522224
21235213
2123520
212352
21235172
212351
2123507
212350428lena
2123504
2123503
21234v
21234flp
2123498
21234952
21234940
212349
2123489ely3
21234880
2123486a
2123486
21234853
2123481
212347D
21234781
21234753
2123469
21234688
21234681
2123468
2123461
2123460
21234588679
2123457
21234568
21234567890
2123456782008
212345678
212345623
21234534
2123452
2123449
21234485
21234379
2123437433
2123437086
21234361
2123436
21234358
2123429
212342751te
21234274
21234271
21234270
21234248
212342344
212341991
2123417122536
2123415
21234100
212341
2123405
21234030
2123402210
212340136
2123397043
2123395
21233919
212339033
21233861
21233712
212337
2123369
2123366225850357
2123366
2123358
2123355
2123347
2123343m
21233432
21233360
212333483
2123332
2123331332
212332779
2123325
21233238
21233233
21233221
21233212
2123321
2123316
21233153
212331276199412
212331276
212331---
212330kr
212330976080jhm
212330397
212330018
2123300
21232960
21232926
21232905
2123290
212328aimer
2123285-2123285
2123285
2123284565000
21232841
21232819
212327enemaydic
21232799
2123279
21232788
21232705052007
21232704nets
2123264
21232631
2123262832
21232628
2123261417
21232606539320
212325love
21232577
21232559
21232558
21232555
2123253
21232528
2123252729
21232525
21232504
21232503
212324love
212324anadhip
21232494
21232485
21232483
21232458
2123245
21232443
2123242708
21232426a
21232426
212324252627289
212324252627
2123242526
21232422
21232421072871
2123241832
21232418
21232416
21232406
21232404
2123233
2123232
21232244
21232243
2123222
212321mr
212321kHe
2123213fern
212321236
212321232123
212321231214ar
2123210489
21232101
21232100
2123210
212320loquito120
212320D
21232097
21232009
21232004
21231plm
21231n
21231AMO
212319kk
21231998
21231990
21231988dacota
21231984
21231979
21231971
2123195
2123191
21231901
212318dada
2123179
21231745
212317433
21231704
21231675
21231559
212315495r
21231534
21231525
21231511
21231491
212314844
212314162509
21231414
21231410
212313st
212313521
21231323
212313121231
2123130
212312a
21231279
2123125bonny
21231255
212312440
2123124
2123121231
21231211
212311FTJ
21231198
2123118
21231143
21231136
21231123
2123111981
21231112
21231108
21231100
2123104
2123103
21231012
21231010
21231008
21231002284780
21230k
21230andrea
21230972
21230885KILLER
21230864059559j
21230820
21230810
212308/0910
212307926
2123075
21230711ca
21230711
21230708
21230702
21230630
2123062009
21230612
212305a
21230587
21230579666
21230575
2123053
212304lp
21230494avls
21230476gaby
2123045
21230426
2123041094
2123040691
21230405
212303059391
21230303
21230302
2123029126
2123025a
21230222
21230218DKY
2123021
2123020945
212301nm
212301748
212301618b
2123015
2123013
21230121
21230103
2123010
212300a
2123008
21230067m
2123003
2123002
21230001337680
21230000
2123 D-SON!
2122yyzw
2122xy
2122villa
2122tsts
2122pyr
2122prisma.
2122peijun
2122ohio
2122nico
2122naia
2122n8street
2122mcss
2122maret
2122lev
2122la
2122kma
2122kg
2122jwwh
2122js
2122jrob
2122jm
2122jljl
2122j3
2122gz
2122green
2122fox
2122et
2122ed
2122cym
2122cs
2122boh
2122bling
2122bhem
2122annie
2122anga
2122andres
2122aa
2122_RH
2122SUN
2122NoS
2122NERY
2122LL
21229za
21229gurl
212299sm
2122997
21229901mendez
212299
21229898
212298745
2122980
212298
2122978
2122972
212297
21229698
2122961
2122960
21229567
2122956
21229526
212293f
212292bp
21229256
2122921235
212291439
2122912
212291
21229082
2122903
21229009rd
21229002
21228n
212289mj
21228965
2122890010
2122890
212289
21228869ed
212287ska
21228788
2122865
2122861
21228413
21228346p
21228343
212283343
2122833157
2122833
21228287
212282622
2122825
2122818
21228172sf
21228112011103
212281
21228083
2122808
21228001
21228
21227x
21227947
212279001
21227900
2122780esma
2122780ayse
212278
21227780
212277750
21227724
21227683
2122768
212276549
21227602
2122759
2122750256
2122746
2122735s
2122729
2122724
2122720
212271671
2122713
2122707
2122706
212270390
21226us
21226m
2122696
212269269
2122686
2122682
21226770
2122677
212266a
21226681
2122657
21226566
2122653
2122650
212264
2122632
212262531
2122624
212262
2122619
212261
212260c
212260
21226
21225ml
21225b
21225B
21225A
2122592
21225918
2122589
2122585
212257hb
2122579
21225717
21225695victor
21225677
2122567
2122561t
2122557139
2122557
2122547
21225465
2122544R
212254407
2122543
2122541032
21225410
21225405
212254
212253949
2122536golf
21225361793
21225344
2122531
212252fe
212252903
21225289
21225288
212252599
21225254mark
212252525122535
21225249fon
21225240
2122523
2122522k
21225228058
2122521l
21225201
2122520
212252
2122518
2122517
2122515
212251440
212251214
2122512
2122510
212250s
212250663
2122504
2122502070102
212250.
21224j
21224bt
21224a
21224J
21224991gaby
2122492mm
21224904
21224888
21224884
21224825103
2122479632
212247890
212247780
21224771f
21224674
2122464
2122463
21224628
2122459
21224587f
21224540861
212245044
21224485
21224471
2122446932
212243964
21224385
212243526
21224349
212243301
2122433
2122432
2122429160can
212242669
2122426
21224236248
21224236
2122419
212241717423
212241666
21224144
212241037
2122410
2122404
2122401
21223t
21223d
21223N
21223MaR
21223DOC
21223982
21223967rosalinda
21223958
2122392
212238
21223793
212237
2122366
212236248
2122361
212236
2122358
21223535
212234dg
212234567
2122345526
21223434
21223433303
2122343
2122341
21223406
2122337
21223342
2122334
2122332123
21223319
2122328
2122326104
2122325
21223242526272829
21223229
212231c
2122319335
212231215
2122312
21223051
21223031
21223029858233
21223027800005
21223027401523
212230271r
21223026574486
21223025539019
21223025435614
21223024889944
21223024715198
21223022088390
21223021889475
21223021568947
21223020579846
21223019520199
21223018078116
21223017120380
2122301712
21223017
21223010
21222mzme
21222mildred608
21222m
212229mj
21222939
2122293
21222915
21222886
212228831
212228510
21222820
21222714
21222657
21222626
21222624
21222609
212226025
2122260128
21222601
2122257
2122256
21222540
21222530
21222528
21222525
21222508a
212224tee
212224nak
212224mi6
212224jo
212224dream
212224823
212224793
21222470
2122246
212224567
21222456
212224554
212224488
212224414428
212224256
2122242530
2122242502
2122242488
21222424825102612
212224236harry
212224236eak
212224236boy
212224236a
212224236@inter
2122242369
2122242365
212224236258
2122242362488
212224236248251
212224236248250
212224236123
2122242360
212224234
2122241719
2122241717
21222406
21222402
2122240022
21222400
212224+
212223you
212223vc
212223mh
212223m
212223loly
212223hr
212223he
212223cesar
212223GB
212223G
212223993
21222376
21222375
21222352
21222350
2122235
21222345
21222330
21222327
212223260
212223252
21222324252a2b2c
212223242526272829
2122232425262728
21222324250
2122232323000
2122232
2122231110
21222308
212222l
21222251
2122224
2122223
21222229
21222217
2122218
2122215
21222137
212221236
21222122t
21222115334112
212220755
2122202z
2122202
21222008
21222003aledbz
21222001
21221bb
21221991
21221985
212219743
2122195
212219345
21221929
21221905
21221882
2122188
21221879
21221835
212218215eke
212217976
2122172
2122170213
212216TA
21221687
212216827
212216688
21221636
21221