37423yesaaa
21537373
215373695190
2153733
21537266
21537226
21537186123
21537123
2153712
215371
215370s
21537082
21537063
2153706
215370
21536a
215369g
215368917
2153686
21536794
21536790
21536757
215366am
2153669
2153656075
215365581606
2153655
21536518
215365
21536454
2153640
21536354
21536305
21536280
2153625124
2153621
215362
21536192
2153618630
2153614
215361215361
215361
21536040
21536
21535may#
21535b
21535984
21535895
215358922
2153587
21535808
21535738
21535723
2153570
215356932
21535659
2153561
21535551karen
21535508
215355
21535498
215354848487641564874878761505
21535464
215354
21535334
21535314
21535306
2153525d`
21535213123
21535133
215351
21534889
2153480
21534796diego
215347601207
21534701
215347
21534671
21534584
2153455707
21534552
2153449
21534452
215344
215343511993
2153433
21534302
2153427
21534232
2153421rad85
215342112
2153411
21534080
2153407
215339
215338
215337532
21533751
2153374201405
21533716
215337
2153367038
21533630
21533534
215334
2153338
2153333
2153331
2153330394
21533292
215332568
2153323892
215332076
215332
2153313
215331
215330
21532a
2153296123
2153296
2153292
215329
215328
21532700
215325ga
215325
2153248075
2153244
2153241
21532390vane
215323
21532237
2153223330
215322
21532187
21532175
2153217
21532163
21532142208801
21532117
21532101eliz
215320lop
2153204
215320
215319
21531821
215317ton
215317459
21531721
2153170
2153167342
21531649
21531642
21531629lore
21531626
2153160lodhi
215316
21531595
21531579
21531545
215314
2153139492
21531361
21531360
2153130852
21531295
21531293
21531275
21531270
2153125
21531120799
2153112
21531119
21531011
215308luv314
2153080c
2153080
2153079
2153078
2153075
2153074
21530738
2153042pamote$12
21530309
215303
2153018979
2153013
2153*bulldogge#841
2153
2152mason
2152kell
2152bb
2152ab
2152@holland
215299
215298
21529636
215296358
215295
2152948
21529464
2152945
2152942
2152935
21529311-4
215293
2152928
2152922
21529200
215292
2152912
21529
21528best7228
2152888058
2152888
2152887
2152885465
2152885321
2152885
2152883
2152881466
2152870791
2152859
2152842561
215284178
2152830121528301
215283
2152823911
2152817411
2152816
2152814524569555
215281
2152802
215280
21528
21527934
21527916
215279
2152788
21527738
21527734
21527712
215277
2152764
215276290
21527573
2152751ma
2152735
2152730
2152729
215272549
215272
21527111
215270237
2152698
21526908
2152683
215268
21526794
2152678289
21526570
21526534
21526530
215265
2152644
215264
21526393
21526387
2152636
2152626820
2152623571
2152622
21526184
21526178
21526159
2152602
2152601888
215260
21526
21525hollis
215259500
215259107k
21525887
215258026
215257sarajvo
215257254387
21525646
215255
215254924
2152549
215254481
2152541r
2152540
215253884
2152538
2152537
21525357
21525345
2152533
21525324
21525323crisatian
2152531984
2152530
2152528
21525279
2152525200
2152522
21525164
2152516
21525157
2152513
2152510
2152506*chila
215250389b
2152500
21524jen
2152491156
215247rr
215246
2152457845
21524578
2152450890
215245000
215244
2152439
215242151
215241838
2152413
215240
21524
21523990
21523967
2152395
215238F
21523822
215238
2152376
21523749
2152372443
215237242
2152372
2152371
215236
21523550
21523523
215235
2152334m
215233033
215233032
215232ht
2152328
21523236
2152323
2152321195
2152321
2152315
2152314
215230
21523
215229891d
2152288691
2152283716
2152282899
2152278
2152277
2152270142
215227
21522587
2152258
21522516
215225
2152246
2152245
2152242575
21522416
215224
2152232989
2152226
21522253
215222221522222
2152221412
215222
2152216
215221522152
2152214556
2152211
2152210
21522099
21521ad
21521997
2152198
21521977
2152173
215216879
21521681costa
21521647
21521614
215215as
215215@1%
21521568
2152152d
21521521
2152151033
215214
215213kool
21521380
215213
215212943
2152128
21521237bsbba
2152123437
215212028
21521139
21521096
215210490
21521023
21520u
21520=
2152084
215208143
2152071
2152068
21520575
2152057
2152051
21520430
2152042
2152041
2152032c
215203
2152026
2152024B
2152022tt
215201k
2152019
215201*
2152009
2152005611
2152003pbt
2152002i
2152000teddy
21520
2151special
2151sg
2151rkc
2151mp8
2151kk
2151k
2151gold
2151dstreet
2151clbbf
21519gd
21519bos
21519bitch
21519MAC
21519G
21519995
2151999408
21519990
2151996me
215199512
21519942151994
2151993v
2151993lol
2151992258100155
21519922
215199011
21519870720010551
2151985kip
2151984l
21519840
2151981
2151980j
2151979
2151978
2151977
2151975w
2151975bp
2151975
2151974m
215197414s
2151974.com
2151969
2151966
2151965
2151964jo
215196379
2151963
2151962
21519608
2151960
215195201
2151950jm
2151950
2151947
2151942
2151940
21519387
21519315
21519311
215193
2151921512
2151921
21519149
2151912folk
215191
2151905
2151901
215189ts
215189
215188
215185
2151846
2151837
2151832361
21518215125201_X
215181a
21518101
2151805
215180
2151798
2151784
215178210491
2151780
215176506J
215176
215175487
2151750
215173293
2151731
21517206
215172
2151715c
2151714
21516chelle
2151697509
21516934
215169
2151685
21516827
21516822
2151680
21516734
21516683
215166595
21516613chan
215166
2151658521516575
21516548
21516534
21516507
2151648
21516439
21516410
2151641
21516404
2151635
21516316
2151625
21516202
215161988
21516195
21516180
21516165
21516153=andre
2151613
215161
21516080
21516078
21516025
215160123
21516
215159081mc
215159033
215159
215158824
2151588
2151585
2151584B
2151584
21515804
215157012
2151570
215157
215156
21515585
215155
215154808826516
2151547533
2151544
21515425
21515416
21515358
21515301138
2151524
215152106
21515204
21515202
2151514n
2151513211926
2151511
2151504
21515001023821
21514974
21514877r
21514877
2151482
21514789
21514776
21514775
21514759a
21514718
21514711-8-20
2151455
21514540mz
21514517
2151445223
21514452
215144
215142q
2151428
215142
2151419141
21514102229
2151410
215140906
2151409
2151405041
21514020
2151397
2151393
21513915
215138
2151377
21513764
21513715
215137
21513655
2151363504
21513609
215136019
2151356j
21513486
2151342
215134087
215134
2151336
215133
215132302
2151322
215131926
2151317ju
2151316
2151314161
2151312
215131
2151306
2151304194608
2151301
215130
2151291
2151285
21512820
2151280
215127
21512666
21512655
2151262512
21512605
21512554
21512539
215125326
215125321512530
2151251
21512400
2151238
2151235
2151234
2151233j
215122gino
21512276y
21512270
2151223
215122130
21512203
21512171
21512151r
21512146
2151214
21512131216121.
21512035
21512003
215120
21512...
21512
2151190
215119
2151186
2151184
2151180
215118
21511723
215117
21511584
2151151
215113nt
215113960529
2151137
21511315
215113032
21511217p
2151121
21511134
2151111
21511088
21511017
215110
21510trell
215109j
21510949viri
215109
2151085
215108
2151054
2151051997
215105084
21510507
215105
21510456
215104
2151039
21510365oa
215103
21510280
2151028
2151027
2151025
2151023
2151022
21510199
2151017r
215101
215100422
21510
2151
2150se
2150nam
2150chl88cnks
2150ca
2150b5678
2150ap
2150ad
2150NW
2150B5678
215099032
215098
2150977
21509763
2150951
21509466
215094187
215093a
2150936
2150917
2150916
2150914159
215091082
215091
21509071
21509
21508scott
21508babe
2150875
21508745248
2150867736742
215086244
215084959
215083808
2150831
215082
215081r
2150818
21508108731521
215081
2150805
2150802
21507m
21507jdl
215079652914
21507958
2150793
2150792a
2150773
215075
2150748963
215074
2150730
215072s
2150727
2150725
215072
21506wc
21506c
2150697
2150689qaz
215068
2150675
215066
2150646
21506450-1
2150643
2150642
21506372
2150623
21506214
215062
21506109
215061033
215060a
21505a
2150590
21505860
215058304
21505821532
2150576
215057320
2150571
21505672
2150561
215056
2150543v
2150539l
21505365
21505361987
2150532-+
21505258
215052530
215052
21505118
2150506
21505027g
21505021
2150500032721
215050
21504QRQR
2150490
215049
21504880
2150487
2150485
21504813
215048
215047
215044nbamvptd
215043678
21504313
21504214
2150420
215040
21503a
2150396
2150390k
215039
2150384
2150375
2150370
215037
21503680
21503596
2150358a
2150347
2150345
215034
2150339
2150329
2150324
21503238
2150322407
2150321503
2150321
21503099
21503041
215030
21503
21502zip
21502f
215027
2150247k
21502360
21502353
215023
21502299
21502216
215021d
21502150
21502111
2150211088
2150211
21502017
21502010
2150200
215019
2150180
21501771138
2150170
2150162
2150157
2150136
2150130888
2150124
2150123092
215012169
2150121501
21501205
2150120
2150114emb
215010mi
2150107
2150106SKATER
2150106
2150105
21501025
21501009
215010
21500912
215008b
21500850
2150073
21500702
215007
2150064
215004ko
215004268
2150042
215004
2150039
215003
21500000
215.pr.141
215-8538
215-6213
215-3136k
215&222
214zuluzu
214zfinest
214yogy
214yipwaisan
214yingloveon
214yg1
214ydoow
214yan
214wstreet
214w279k
214valtez
214val01
214val
214uydev
214txboy
214tx
214tux
214tuker
214tsopen
214tsg
214tonton
214to314
214to
214thatsmyhood
214texaz
214taytay
214t205756
214street
214st2ckill
214spx
214smile
214skip
214sk8
214sj1806
214sexylatina
214sexy
214seasons
214sarah
214said
214ruben
214rover.
214rose
214rocket
214rmjk
214river
214riel
214ray
214raisa
214rachel
214quintero
214queen
214qbecks
214pwace
214porn
214pjb
214pit
214pink
214pimp
214perez
214penn
214paula
214ortiz
214oct
214oakcliff
214north
214no5473
214nmain
214nicoastig
214nick
214nes
214nena214
214muffy
214mtj
214mooners
214mma
214ml211
214missy
214missie01
214mimi
214mason
214makinmoves
214mafs
214mRA.yARBROUGH
214m87
214m1994
214lyfe
214luv u
214lupe
214lovers
214lover
214lnd
214lm
214lizbeth
214liltex
214leonb
214legend
214lean
214lara
214lalala
214l211
214kristelle
214kkcid
214kirstin
214kimmie
214kimb
214kilala
214kevin
214kerenl
214kas
214kain
214jyj
214jpb
214john
214jhens
214jen
214jd3000
214jaaluv7
214j214
214islove
214inluv
214ilovederek
214ian
214hunny
214hpt
214honey
214holee
214hartman
214hart
214harmony
214halers
214grandview
214god
214gmc311
214glr
214gg214
214galaxy
214g888g
214funny
214frao326
214firefox
214feb89
214f214
214ern
214ehsj
214eastdallas
214dreamboy
214drake
214dond
214dn
214diva
214diamond
214ddj214
214dagrove
214d=di
214d2047039
214cris
214corona
214chloe
214cheeta
214chata
214chaps
214chad
214cha
214cbr21
214carmen
214brandon
214boy0703
214boy
214boks
214bn
214bmj
214blood
214bitch
214bere
214bengin
214bench
214beehh
214bebe
214beave
214bdet8893
214bday
214bby
214badazz
214babyk0
214babygirl
214babyass1
214ass
214asher
214ash
214artigo
214arias
214area
214archer
214anthony
214anne
214angel
214amireal105
214alvin
214alphayomega
214ali
214alexb214
214ako2
214aij305
214agc
214afe
214aero
214adin
214abercynonrd
214aba
214a4a
214_baki
214ZiDanE&Piano
214ZIAS123
214WOODTOWN
214Timcor
214TEXAS
214TEX
214SPM
214SOUTH
214SEXY
214Quercus
214PTB
214OAKCLIFFHUSSLA
214NOT4SALE214
214NINA
214LMW
214LIFE
214KAPONE
214JPR
214JOJO
214J214
214HEART
214GIRL1
214GIRL
214EAST
214DIVA
214DEVYN
214DALLAZ
214DALLAS
214BOY
214ASS
214ARWLOSER1
214AFD
214A3394351
2149spkrtrm
2149jccm
2149fred
2149elmer
2149d11/12
2149cj
2149W100
2149BL@CK
21499sb
21499842
214998406434
214997
21499681
214996
214995
21499481996
2149946217
2149945286
2149942213
2149941
2149940697
214993
214992
2149915
21499094
21499074
21499046
2149900
21498rey
21498nlw
21498j
2149894
214989114
214989
214988
21498657
2149863599
21498566
2149856
214985
214984
21498334
214982545kd
214982545Kd
21498249
21498238
2149821498
21498200
214981
214980910
21498024
214980
21498
21497vdmo
21497kevin
21497921
21497788d
214977
21497685
21497636
21497623
2149761
21497519
2149743116130458812
21497341Alixon
21497314dfj
21497253
2149721497
2149716
2149713
214971
21497012
21496nj
214969olga
21496985
21496813
214967
214966361
21496624
214966
21496595
21496572
21496427
214964
21496393
2149632
2149625
21496204
214962
21496183
2149608
214960593a
21496052
21496.
21496
21495wrb
21495t
21495jms
214959s
2149599
214959317
21495895
21495894
21495842
21495554
214955
214954684
21495396
214953027
2149521495
214952
21495191
214951
21495086
21495065
21495010
21495002
21495000
214950
21494gnp
2149488542
214948232776
2149465699
2149462278
2149461542
2149460845
21494579
2149455
21494520
21494462anna
21494460
214944
214943c
2149439237
214943838
21494325
21494310
2149431
21494241af
2149423694
21494224
2149420655
2149412233
2149411963
214940086
21494001813914
21493mm
21493cece
21493and21493
2149386395dallas
2149384
2149377
214937
2149354
214934
214933
214932452
2149324
21493203
2149320
214932
21493105
214931
214930
21492bnv
21492a
21492988
2149294654
21492923
214929
21492838
214927
2149257
214925559
214925157
214925
214924tm
2149236a
214923385
2149232557
214922t
21492193
21492007
21492006099562
21492005134006
21492005123348
21491j
21491YUNEZ
21491974
21491927
214919
214918
214916ca
21491613
21491560
21491525mcmc
214915
21491481
21491410
214913zw
214913pb
21491338
2149132
21491298
21491294
2149128607
2149127
214912601
21491243silvia!
2149123491
2149123
21491226
214912
21491148
21491130337
21491092l
2149103061332
214910264
21490z
21490boo
21490J
2149094410
214909163025495
2149090611
214909
21490887
2149084
214908
21490777
2149076115
214905237
214905
214904081
214902564
21490239
2149022
214902
21490177
2149017
2149016jay
214901477
2149014
214901132
2149002
2149-
2149*kkk
2148rc
2148pand
2148bumz
2148ag
2148MJ
21489k
21489jacy
21489hd
2148990716
21489877
214897
2148963
21489629
2148939895
2148921489
2148921
21489197
21489143G
2148908
2148904
21489025
2148900
21488rn
21488ana
21488L
21488972
2148890
214887869a
214887155322983
21488665
214886
214885689
21488534
2148851301
2148850
214884814
214884
2148832
21488319
21488315
21488301
2148828v
21488255a
21488232
214882147
21488193
2148814
214881301
2148812303
21488001180891
21488-10
21487vg
21487g
21487a
21487942
214879
2148777!z
2148777
21487725j
21487660
214876
21487598
2148747
21487324aa
214873
21487244
2148724
2148720
214872
2148718
21487166
2148711
21487103
2148700r
214870077
214870000
2148695730
21486922
214869
214868936
2148687796
2148680
214868
214867d
21486746
214866
2148650
214864
214863717
2148635
214862cr
21486245
2148617s
21486070389
2148603060158
214860305024
214859
2148580
21485768sarah
2148573084
21485686
214856541hi
214856
21485596
21485529
214855
2148545986
2148544
21485415
2148523943
2148523
21485200a
214852
214851g
21485123
21485120
214850916
21485060
2148503090537
214850307022-4
214850303044
2148503030327
2148503030
214850302007
2148503020
214850301024-6
21485019902
2148501579
214850
21485.com
21484tita21
21484amd
21484945
21484917
214849
2148486
21484853
21484842
21484819
21484788
21484780
2148476
214847460
2148472
214847
21484632159
214846
2148458
2148455
21484533
21484520
214845
21484408
214844
21484399
2148434318.35
2148431
2148430
2148425
214842266u
2148422
2148420
214841872
2148410
21484039
21484030
21483ash
214837166
214837
214836
214835648
21483555
2148348
21483453_99207462
214834530
21483453
214834515veronika
21483325
214833
2148323978
214831862
2148316
2148313
214831
214830s
214830p
21483020368810
21483018053697
21483017800817
21483017617641
214829_yyear
21482881
2148287
21482836
214828000
2148278115
214826Q
2148263
21482579
21482538
214825
2148247
2148245
21482353
2148232
21482317
214822LALA
2148227
21482248
2148224
21482235sagitari
214822
21482187mafer
21482158
21482137
214821120
2148210
21482091
2148209
21482077
214820368
21481j
21481971
214819
214818krt
21481797
2148178
21481749
214815234009
21481415
214814
21481362marbemys
21481269
214812
214811d
2148111A
21481108
21481092
21481046
21481038
2148101
214809600
214809
2148083
21480674
21480650
2148063
21480575
2148043m
214804
21480387
21480318
21480286
21480268mic
21480244
21480216
214801love
21480190
21480118
21480104
21480072
2148007
214800454
21480034
2148**
2147usa
2147skull
2147rockista
2147penis
2147patito
2147miguno
2147jj
2147fg
2147ch037
2147ardie
2147anp
2147@home
21479nanda
21479cs
21479CS
214799321r
214798tt
214798
2147977
21479720
2147968
214796
214794
21479375
214792069
214792
2147916
2147914
214791
214790840
214790211
2147900105
21479000
214790
21479
214789a
21478918pao
214788214a
21478803
214788
2147879
214787
214786
214785895054
214785596
214785546
2147854
2147852sul
2147852SUL
21478520
21478500
21478495
214784217
21478413
21478408
214784029
214784
2147831813
214782002
21478188
214781567
21478156
214781
21478092
21478062*
214780321
21478023
21478000j
2147800
2147793382
2147777
2147776
21477724
2147763*hacker
21477594
2147749
21477451
21477412
21477408
21477407
21477404
214774
2147737842
2147736
2147734
21477328
214773258
214772611
214771331
214771
2147704
214770
21477.
21477
21476itu
214769
214768bank
2147667038
21476641
2147651
2147650
2147646309a
21476454
214764
214762
2147605
214760306006
214759F
214759
21475869
2147575
214755a
2147557859
214755214766
214755
214754
214753
2147522862
21475217
21475211
2147513
21475126
2147509964
21475055
214750306107-6
214750306017
214750305203-4
214749
21474812
214747v
2147475082174
21474721
214746106
214746
214744638
214744363
2147430
2147424
214741563
2147415463
2147410hum
214741
214740
21474
214739
2147375
2147366
21473500
214734gs19051991
2147349
2147346
2147343
2147339740
2147332
214733
21473021190
21473
21472ku0716
214729m
214729a
2147279188
21472770
21472711
21472708
2147250
214725
2147249511
21472445
21472369
214723
21472291
21472204
214721yr
21472098
214720692
21472061
2147206
214720178
21472
2147193
2147185
214718
21471759
21471743
2147174
21471730821
21471706
21471648
214716289
21471602
214715hy
214715936326441
21471572
21471570
21471529
21471519
214715
21471471
21471388
21471361
21471302
21471301
21471296
214712915
21471278barby
21471270
21471218ivam
21471207
214712
21471175
21471142
21471127617421
214711146
2147104
21471038dios
2147100337
21470az
2147073m
2147073360
21470725
21470698
21470642
214706
21470550
2147052lary
21470512
21470506
21470475
21470455
21470427
214703585
21470332
21470319
21470317
214703**36
214703
214702kiki
2147026
21470218
21470202
21470201
214701mak
21470173
2147014821089187
21470139
21470106
21470103210992
214701
21470098
2147009
21470070721994
21470070
21470020321
21470013
21470008
21470005
2146xz
2146plm
2146nate
2146mech
2146ladss
2146igreja
2146i
2146ds9
2146d
2146bunzel
2146amorx1000pre.
2146amc
2146WiL
2146RBRGGodgg
214699j3
21469989
21469962
21469959
21469945
21469908
21469891
2146981021469810
214698068
21469768
21469763
21469761
21469758.maria00
21469713
21469708
21469691
21469687
21469610
214695773
21469460Alexandra
21469420
21469414
21469412
214694.A
21469394as12
21469394
21469379cvdd
2146937004
21469345
214693411
2146933a2
21469335gabriela
21469335dani.
21469307hosman
214693
21469289
21469270
214692666
21469147
21469064
2146905b
2146905057
21469020
21469014aaa
21469014
2146900
214690
21468993
21468961
21468954
21468945
2146891
21468800
21468732paola
214687
214686993745
2146867004
21468653
21468624
21468607
21468591
2146854
21468504
21468427
21468418
21468413
214683
21468246
21468244
21468229
21468202
21468196
21468177
21468161
21468114
21468101
21468096
2146809428
2146808903031992
21468082
21468051
21467919
214679
2146789
21467823
2146781
21467761
21467731
21467717
21467681
21467679
21467676
21467650
2146765
21467599
21467562
21467543
21467526
2146748
21467465
21467445
21467429
21467377
214673754
2146737395
21467366
21467313
214672ali
21467293
21467247
21467241
21467235
214672
214671i
21467189
21467184
21467149
21467132
214671287
214671
21467050
21467031
2146702306
21467018
21466962
21466957
2146695441
21466944
21466933
214668253
2146682
214668
214667991
21466790
21466776
2146673
21466729
2146670hrh
2146665
21466639
21466596
21466503
21466491
21466475
21466461
21466455
21466439
214664
21466395
21466358
21466347
21466320siul
21466314
21466313
2146630702
214663
21466297
21466292
21466282
214662537
21466248
2146621466
21466214
214662
21466165
21466142
2146613721466137220494
21466108
21466103
21466095
214660940945jjsk
2146608819
21465cmn
21465c
21465a
21465999
21465977
21465956
2146595
21465948
2146590215
214659
21465868
214658627
21465841
21465836
21465821
21465709
21465701
21465685
21465603
2146548
2146542726
21465414
21465335
21465332
21465331
2146530
214653
21465293
21465278
21465213
214652
2146517
21465153
2146514a
21465081
21465076
21465043_banda
21465036258
214650304029
21465025
21464992
2146497
21464967
2146494
21464914
21464909
21464824
21464806
21464755
21464685
21464653
2146461
21464607
21464606zac
21464567
21464555yoyo
214645
214644j
21464486
21464457
21464435
21464411
214644
21464383
214643480
2146433044
21464320
21464231
21464228
2146415472
21464150
21464149
21464052
214639cecilia
214639a
21463912
21463901maricarmen
21463825
21463819
21463790
2146369
21463662151428
21463655
2146365
2146360818
214634r
214633
2146321
214632
21463137
2146307
2146306
21463003051559
21463
21462957
214629
2146285
214628
21462772
21462716
214627
214626sc
2146261805
2146250
2146245
214624
2146238
214623
2146221462
214622
21462152
21462146
21462097
21462074
2146201
21461_antione
2146197
2146192319925566
2146192
214619143
214619123
21461911
214618703
21461752
21461672
21461665281093
21461647
2146164407
214615chic
21461593
214615246151467431106460
21461512
21461500la
2146150
21461465dayanarojas
21461456
214613
214612taytay
21461267
21461258
2146113520
2146111
2146104229
21461012
21461007
21461
21460ndaaptp
2146099
21460929
214609
21460832
2146081
214608
2146066
21460619
21460430
2146042
214604125M
21460407
2146036
214603
21460270
21460233
214601590
2146014
2146
2145tim
2145smith
2145rock
2145mus
2145mf
2145marine
2145mad
2145luvbug
2145kl
2145jess
2145jasellshan
2145gr
2145golfco
2145ga
2145fcfc
2145dj
2145dd
2145aaom
2145Qb
2145HOTMARSHA
21459jg16
21459999
21459966
21459942
21459911
214599
214598jb
21459854
214598
214597gh
21459733
214597
21459673
21459633
2145956
214595
2145940
21459395
21459295stephanie
21459289
21459258
21459248
2145920
2145913740
21459
214589gawd
214589
2145872812
2145871279
21458702
21458700p
2145864485
214586
2145858
21458547
2145854
214585
214584894465712
2145848278
214584
21458398
21458394
2145838
21458306
214583040
21458275
2145822199
21458220
214582
21458176
214581727
21458141
2145814
21458127micel
214580021
2145800
214580
21458-rm,2007
2145799930
21457992_2007
2145799
21457967
21457936
214579307
21457911
214578910
21457863
2145780
21457689
214576359
214576160
21457574
2145753590
214575327
2145749
2145732
214573
21457281
2145724;
21457244
214572
21457174
214570211
21457020
21456ta
21456g
21456943
2145693100
214569
2145683
21456803
214567d
21456789
2145678
214567777
21456710
21456703
2145668
2145665
2145663
21456621
214566200
21456620
2145656
21456554
214565
2145645
2145644426
21456435mayra
21456429
2145638364
2145634ncls
2145633
21456258
214561s
214561970
2145612980
2145612249
21456116
214561
21456082
2145605
21456047
21456018
21456000
214560
2145596
214559573329387
214559
214558899
21455888
2145588
21455849jeinmy
214557
21455699
2145566808
2145566
214556
214555ladypun
214554823
21455482
21455410
214554
2145535312
2145534980
21455321
214552
21455150109
21455139
214551351
214550492701
214550307041
214550307035
214550301034
21455000
214550
21455
21454eva
21454976
21454961
2145494
2145490151
214549
21454880
21454865
21454854
21454800
214548
2145478545
2145475
21454686
21454681
21454678
2145465r
2145461216
214546
214545448411163
21454488
21454477
21454418
214544
21454390
2145437719
214542buti
2145420D
214542
2145415
214541
21454060pe
21453A
2145394
214538597360.
214538
214537tina
2145378
2145377877
2145375
214536978
2145366010
21453656
2145362567
214536214536
21453518
2145343
2145342386
21453408
214534009
2145340
21453394
21453393
21453383
2145325
21453232
21453185
21453170
2145317
2145316
21453108
214530234
214530218
214530
21452mel
2145296223
21452938
21452877
2145283a@
21452811
214528
214526ord
214526785
214526
214525993
2145258/2263474
214525181
214525
2145244034
2145241923
21452345
214523
2145228517
21452283
214522228
2145221452
21452185
214521500
21452148
214521452145
21452143
2145214
21452121
21452027z
2145201
2145200979
21451bb64
21451968
214518
214516673
21451619
21451565
2145153
2145151
214515
21451478
21451463
21451440*hyx
2145144
214514
214513J
21451276
21451203
2145116
214511585253
21451094
2145101742
21451012
21451011
2145100287
2145100
214510
21450JG
214508
21450558
2145054959
214505
214504
2145037614
21450316
214502988
2145028
214502650
21450221
214502
21450159
2145008coullou
21450079
2145007222
2145006
21450001646746
2144yy
2144yg
2144yani
2144tyorj
2144sda
2144sa
2144rlc
2144randall
2144pm06!
2144park21
2144ohh
2144nr
2144ls
2144life
2144ks44
2144ks
2144kraze
2144keeler
2144jhoanna
2144fatma
2144ec
2144dw
2144dm
2144boyzrindahou
2144boys
2144bitch
2144RHS4421
2144RAC
2144ODOM
2144Kk
2144??jhoanna
2144998
21449901
214499
21449886
2144986
2144985
2144984546
214498
21449745judas
2144965
214496
2144959158
21449590
2144956214
21449475
21449453
2144944
214494
214492m
214492603
21449244
21449222
214492
21449019pablo
21449013
214490
21449
2144887104
21448806
2144872anderson
2144863
21448591
2144859
2144855
2144850
214484ir
21448467
21448417
2144833544
2144832ss
214481hl
2144806
21448047
214480
2144799
21447923Jolie
21447885
214478
21447617
214476
214475cmichu
2144750335
214475
2144729
21447277
21447263
2144723
214469n
2144695
2144694
214469
214