
21991m
21991973
21991945
2199188
21991812345
2199180
2199177d
2199157321
2199150ferqnk
219914022550lovemin
219914
219913903nadam
2199130
219913
2199123
21991209
2199117
219911
219910s
21991025
21990nadia
21990590401391
21990524
2199033
2199022
2199017km
219900mp
2199007
219900207447
219900174
2199
2198youwee
2198vt
2198pass
2198michelle
2198jw
2198guti
2198emma
2198ekt
2198chey
2198GBRW
2198CPJoy
21989t
219898hott
21989821
219898
219893477
219893129
219892512463
219892421
219892
219891658
219891539
2198911
219890
21989-21989
21988gamal
21988evi
219889
2198884
2198876
2198870230
219886516martins
21988603
219886
219885348sac
219884755
219884707
2198847
219884053
21988335
219882116
219882
2198816
219881440
219881120
219881
219880794
2198804
219880
21987vero171189
21987VERO171189
21987968o9
219878tg
2198777
2198771
219877
219875dinesh
2198754
219873
219872
2198719
2198706
219870
21987*
21986t26
21986m
2198697
219869
2198682
219868
2198678
2198667240
21986584
21986555
219865
219864286
2198626
2198622
2198618
21985xx
21985mj
21985jt
2198589
219855620
219854
219852502
219851839
219851
219850
21984kiki
219848384
2198471
219847
2198455
219845
219844
21984343
2198422
21984219842121
2198421984
21984213
219842
2198401
21983s
21983mlc
219838
2198370
219836mm
219835
2198349
219833439346500
219832038
2198318
219830
21982tj
21982s
219829280
219826aeae
21982531
21982528
219824
21982320a
21982320
219822409
219821
219820820.com
21981mdg
21981988
21981981
2198185mar
2198184
2198175
2198173
21981611
21981535
219814
219812l
219812br
21981256ab
219811766
2198116
219810412
21981027
219809
219808
2198075
2198054
2198053352
21980420
219804
219803638
219803526
219801818
219801215
219801
2198000
2197ssa
2197sooz69
2197school
2197mmp
2197loveaod
2197love
2197ll
2197jcf
2197cdb7
2197aj
2197aiton
2197989
2197982
2197974
219797
21979682174747
219796
219795
21979466
219792
21979182
2197916
2197910
219790
21978a
21978990
21978879
21978708
219787
21978622
219786
2197856
219783
2197815
2197812
21978035671058
21978028234260
219780219780
219780147DA
21977n
21977lms
21977917
219779
219777m
219776
219774781k
219773
219772959
2197722
21977204
219770
2197697949
219766ct
219765
2197637598
2197625m
2197625855
219762
219761
21975sc
21975r
21975769vero
2197534
21975200304!!
2197512361
219750174
219750170ana
21975002728564
219750
21974lnw
219748jacob
2197482
2197479881
219747693
2197471
219747037
2197456
219745
2197436
219742nhs
2197413
21974
219738
21973750
2197346
219734
2197335
2197334
219730123
2197301
219730
21973
2197297
219728839
219728
219727ying
21972620JFN
219726
219725
219724
2197239
21972298
219722
2197216
219721
21972069561046
21972069446727
21972068299663
21972068092621
21972068014856
21972066295168
21972066189718
21972034
2197191
21971907
2197187
219717
2197123
2197121971
2197121917
219711H
219711347
21971/1996
21971
21970dw
21970am
219709
2197089I
2197044
219704
21970311
2197007
21970067
2196y_8788
2196wp
2196shomar
2196raquel
2196outlaw
2196marie
2196ilc
2196girl
2196angesky
21969sapp
2196982
219696
219695
2196935
21969314
219692
2196917
219691
2196908001
2196902
21969006635107
21969006000021
21969004797115
21968ASAP
21968850
2196885
219688
21968764
219687
219686
219684
21968
2196785
2196775bjc
219675
219674
21967310
2196731
21967123456789
21967
21966f
21966688
2196649
21966429
2196642
21966400
219663861
219661793
2196612170
2196600z
21965NOMORE
2196591
219659
2196582
219658
2196571
2196565
219654
219652
2196513
219651
219649
2196464
2196455
219642JI
2196390
2196369
21963630
21963100
21963
21962_
21962997
2196292
219629
219628
21962691
21962619
219626
2196259
219624
219623c
21962368+21563
219623
2196228th
21962210
219622076
2196217
21962(mum)
21962
2196199715
219618943596
2196164
21961450
21961402
219614
219613
219612sos
2196129
219611198
219610nenakam
2196108
2196100
219610
2196099
219605
21960450352
219604219604
21960315
2196031
21960016we
21960
2196.
2196
2195xx
2195xl
2195venezuela
2195tn
2195steph
2195stack
2195neon
2195mp
2195mc
2195mae
2195kookie
2195jp
2195javimz
2195hoop
2195feb
2195al..
2195V
2195Grace
21959hit
2195998
21959858
219597566
2195969
2195958
219595626
219593a
2195938
219592
2195914
21959
21958m
219588
219586s
219585828
2195855h
2195838
219582712
2195823644
21958234
219582014
219582
2195802
219580
21958
21957gre
219578
219576239
219576050
2195758059
219575800
21957487
219574589
2195728
2195726166587
219572371
219572279
2195712
2195710
219571
219570524
2195702we
219567972
219567204
2195662/1
219566
2195644
219564283
219564127
2195636
2195634862
219563070
219562226
219562110
21956173
219561322
21956053ev
219560091
21956
21955955
219559
2195589114
219558580
21955855
219556181
2195526
2195517
21955
21954yamile
2195486
219548
219544
2195404
219540114
21954
2195396
2195393
2195389
2195387
21953853
2195381
2195360
2195344
219532
21953
21952vsp
21952toey
21952blj
219528
2195263
2195260
21952592
2195255
219524400
2195243
2195233
21951992
2195192L
2195186
21951829
2195158
21951502
2195143
219514
219513
21951299
2195124na
21951213
219512051416
21951197
2195116
219511352
2195112
219510
21951
21950801
219505242
219505072531
21950407
219503kiersten
2195037
21950+21950
2195
2194so
2194rj**
2194niece
2194lol
2194kv
2194jaqymay
2194jane
2194cena
2194bday
2194Mybrother
2194Landis
219499
219498
2194966
2194964
219496
2194921949
2194917
219491
219490shm
21949
21948997
219489
2194855
2194838
2194833
219482
219479313
2194793
219478306
219477616
219477
219472544
2194721
2194720
2194717
219471410
2194700
2194699217
2194692
219469
219468070
219466
2194654V
21946312
2194624332
21946200
219461roma
219460vn
2194602
2194601
21946001368009
21946
2194596
219459
219458
2194568
21945612
219456
219454
21945348
21945291104141583
21945210
2194520c
2194517
219451
219450010
21945
21944yae
2194489
2194480013
2194470
219446321
2194463
219445527
219444505
219443955
2194438
219441731
219441
219440
21943boom
219437
219435as
21943466
2194345
2194339
2194336487
219433566
2194334
2194327a
21943267
21943206
219431
2194307
21943
219428
219426
2194255
219425
21942482
2194243
219423210
2194223
219421666
219421241
2194209
21942
219419
219417521
2194168
219416768
219416052
219413035
219412
219411978ANTA
2194111
219410
21941
21940d
21940a
2194089
2194088
2194086
219407a
219407510310
219407
21940608
219406
21940455
219403
21940241992
2194020
219402
219401
21940033
2194000
21940
2193wlar
2193rr
2193july
2193je
2193foeva
2193fil
2193davidmtz
2193cl
2193buffon
2193ab
2193Kyuhyon
2193J
2193AIC
2193=hello2
219399
2193985958
21939700
219395
219393bnr
21939321
2193918
21939
21938md
219389507
21938908152
2193882
219388
219385
21938482
219384131
219383
2193829
219381
21938015
21938
21937954
2193788rebelde
219378332
21937561
21937190
2193718
219370424n
2193702447
219370
21937
219369
2193672
2193668
219366
2193646
219363
2193628
219361
21936
219356da
2193559
219354s
2193545
219354
219353
219352stamo
219352
2193512dj
219349693jaylundin
219349693jayl
2193492
219347
2193456
2193451989
219345
2193432
21934268
2193424
21934215
2193420
219341578
219341
219340344
219340
21934
21933e
219339261
219339010
219338
2193373z
2193373
2193365
219336
219335643
219335084b
2193334a
219333
219332435
219332222
219332146
219331054
21932868
219328509
2193277
219327
2193269
2193265472t
219326529
219326318
219325378
2193241
2193240
219324
21932183mou
21932037
21932016
21932004b
2193200
219320
219319288
2193192
2193186406170
219318253
219317zh
2193170
219316884
2193165
219316
219314081
219314
21931234
2193121612
21931216
219311rad
21931129
21931106MC
2193104293
21931018
2193079
2193061436
2193060408ryanwebb
219306
2193035dad
2193035
21930321
2193022
219302
219301
2193
2192wms
2192steve
2192rd15
2192purple
2192marzo
2192lil
2192iloveyou
2192hola!
2192fran
2192baby
2192atc
2192ari
2192aldo
219299
2192982
219298148
219298
2192961
219295
219293317
2192922
21929210
219288SANJOSEhoy
219287236
219287
2192864
2192858
219285
219283
2192829
219281
2192808
21928
219279
2192785alfredoaguila
2192772
21927673171400
21927612
2192737
2192733
219273
2192725ah
2192725
2192721
219271256
21927
219266
219265
2192649
219263593
219261557
2192615
219260759r
219260
219259054fuckyou
2192587
21925775
21925710
219256yes
219256866
219256321953
2192558
2192553
219255040
2192540
21925372421
21925360
2192533
21925311
2192531
219253
219252882
219252765
219252747sexy
2192524
2192523
2192519
219251212
219249tom
2192496
21924734
219247
21924614
219245
2192435t
2192431
219243
2192428
219242522
2192425
219242
2192372
2192360
219236
219235600
21923552
2192341
2192337
219233501
219233
219232tmm
219231j
219231970
2192318qian
219230086
219229
219228
21922610
2192254
21922519
2192251
219225
219223p
21922389
2192234
219223
219222
219221535
2192212
219221092
219221
2192209
2192208
21922
21921md
219219s
219219BOY
219219842
2192195
219219219
21921901
219218502
2192185
219218
219216b
219216559
219215
2192133463
21921331
219213301
219212as
2192126
219212562
21921231916939
219212
219211917
21921/
21921
21920fa
2192080
219207CIO
2192079
2192068
219206783
219205553
219205453
21920534
21920420
21920349
219203178
2192029
2192028
219202
219201902vanessa
21920159
21920077
2192004s
2192003
2192002912
219200
2192
2191xx
2191staceytaylor
2191rosy
2191mbl
2191lizedgar
2191jones
2191jaqk
2191fb
2191car
2191bx
2191bebe
2191april
2191angus
2191alarm
2191HH
2191@nz
2191999v
2191999a
2191999
2191998d
2191996kjm
2191993a
2191992L
2191992675620
2191990nut
2191985ra
21919844586
2191983a
2191982a
21919825123mtzre
2191980t
2191979
2191976
2191975
2191974
219197
2191968
2191965
2191962
219196
219195
219194
219192082
2191912
2191898
219189
219188
2191877n
219187
21918601
21918566
2191849
219183
2191824ray
219182
2191817
219180
2191796
21917896
21917733
2191766
219175006
219173740
2191737
219173214
21917226
219172
2191711
219170998
219170
21916tznjns
2191698
2191693
21916914
2191681987
219168
2191667
2191666
219165146
219165
21916465
2191632427
2191632
219163
219162882
219162871
219162
2191610711
2191609
2191604
2191592david
219159
2191588125816141339
219157
219156
21915565
219155
219153203
219153
2191525
21915232300000
2191523
21915229_9646062
21915152
2191515
219151424219111003
2191514
2191513
21915126
219151225
2191508
219149136
21914888
2191488
21914821
2191466
219145
219144
2191427
2191423
2191421
219141877
219141831
2191401
21913lsw
21913827
21913731
219136846
2191368
219136549
21913566
2191345
2191343233
219134226d
219134226
219132143
219131901
21913160
21913129
2191311982
2191311
219131
2191306
2191292
21912727
2191264
219126
219125aa
2191258
2191250320
21912501192
2191248
2191243
21912421
219123787
21912335
219123
219122531
2191223907
2191212
2191202
21912.
21912
21911c6139
219119
21911871
2191181
219118
21911791
2191157
2191146mb
2191143
21911398
219113131
219113
219112814
2191124
2191123e
2191122
2191112
219110
219105
219104
21910323
219103
2191027
2191025b
2191022
2191018599
2191011C
2191001
21910000
21910
2190wm
2190vKP
2190usb
2190titas
2190stev
2190sjhs
2190samb
2190rus
2190rr
2190pamy
2190nb
2190memorial
2190lu
2190johnson
2190jo
2190jas
2190isa
2190hahn
2190doce
2190dean
2190dawn
2190dark
2190cunt
2190bcs
2190ale
2190_javier
21909mb
219099ms
219098
2190974
21909605
219095
21909411
2190900017151
219090
21909
21908x
21908mj
2190894s
2190849344879
2190835602
2190833
2190832
21908302140
219083
21908214
2190820
21908101992
219080s
2190808
21908012
21908
21907ad
21907a
21907L&D
2190776
2190756
21907535
2190740
219072
2190708
2190705
21906l
21906cel
21906ab
21906988
21906891
2190687
21906840
219068
219067
2190665
219065
2190644
219063618
2190628
2190609
2190602
219060
2190596
2190595
21905913
219057
2190569
2190565y
21905559491205
21905247
2190521
21905116
219050r
21904AD
219049
2190485
219048
2190467nfb
219045
219041932
2190416j
21904111105
219041
21903k
21903fob
21903blue
2190391
2190390068
2190384
2190375
219036
21903572
2190345
2190338415
219031986
219030yiyita
2190301
21903001
21903
21902jrd
2190295
2190294D
219029349
219029
2190282
219024
2190231
219023090
219023
2190221902
219022
219021902190
21902174
219021
2190209
21902008
21902
21901mctaco
21901hlp
2190197
219019
219018
2190171
21901588
21901524
219015
219014r
2190148
2190144
2190129
2190117
21901111
21901020
21901016236634
21901015420585
21901012g
21901
2190096
219008t
2190082319
219007
2190069
2190059
2190040
219002036
219001993
21900177
21900
219/187
219.129.70.28
219-QUINTERO
218walker
218vsn
218uzfuck
218tzr
218torhctorc
218tks
218tere
218teamo
218tatistatis
218soulja
218silurian
218second
218sam
218rosie95
218rose
218queen
218poole
218pooh
218pink
218perry
218pepe218
218password
218omar
218oidotsuc
218odell
218oak
218ntyt
218nishimachi
218nativegd
218mylove
218mono
218miramar
218mhj2ykvlk
218mere69
218mass
218manuel218
218man
218maf
218m12j04
218love
218lms
218llp
218liz
218liverpool218
218leo
218kkk
218kjk218mig
218jude
218jay
218j134
218itasca
218hsl
218hawks
218harley
218hannah
218gracerocks
218gerald
218ffc
218feb
218eres
218elflaco
218eflores
218e99
218e9151
218doll1984
218dodez
218daniel
218coral
218colinas53218
218cnj
218cm
218circle
218chappy
218ceguita
218cbr
218cass
218cab9m3
218brib95
218bonnie
218blood
218black
218bcmn
218baby
218b93
218_GANGSTA
218V2005
218Swan*
218SToPNoGo
218STEVEN
218PORTCITY
218PINK
218KH33
218GURLZ
218DSC
218DAVID
218AveG
218A2F1E78
2189superman
2189rcb
2189panda
2189milagro
2189mcgrath
2189lossie
2189keyz2189
2189hwy63
2189hgielyak
2189ashante
2189@acesxz
21899tyc
21899jd
21899992572
2189999
218997388
218997223772123
218996
21899584792
218994
21899238
21899150
218990
21899
21898m
2189885
2189883
21898800
218988
2189878
218984
218983
218982
218981
21898
21897kelz
21897emmy
2189780
218978
21897799
218976v
218976
21897500
218973
2189700s
218970
218966
21896550
218965
218964185
218964
218963C6Chg
2189618
21896160
21896136
21896115
21896113
2189611
218960
21896
21895james
21895fe
21895england
21895_avi
21895939
2189593
21895928
21895879
21895697
2189560
218956
21895588
218954573
21895454
21895340
21895303
218952#####
21895142
218951
2189506
2189500
21894pepo
21894j
21894ismybday
218947ig
218943652
21894217
218942
2189415
2189410
218941
21894010344716
21893la
21893feb
21893emir*
21893ch
218937
2189363
218936
2189345
2189344j
218933b
21893375
218932jr
2189321
2189312
2189310
218931
218930princessdeeba
2189303
21893**k
21892yo
21892cjr
2189284
218928199
21892781
218926560726
218925434
2189247579067290
2189243
21892424
218923
2189229
2189224
2189210991
21892014525
21891vi
21891mandy
21891m
21891l
21891erick
21891T
21891965c
21891914
21891903
218918
218917655588822
2189166375
218916
218915ripdink
218915
218913048m
218913
21891291
218912
2189117
21891169192905
2189108
21890q
21890katie
21890_ibo
2189088
218908
218907
218906f3
218903
2189029
218902
218901924
2189016
2189000
2188vegita
2188swydom
2188sh
2188oct
2188nm
2188nerds
2188lp
2188k
2188jr
2188jm
2188icha
2188fish
2188fabilu
2188dm
2188cacm
2188ang
2188amp
2188alex
2188ASS
2188@nukinha
21889lmp
21889k
2188998jl
218896357
218896
2188956
2188952
218894
2188932
218892
2188910TA
2188907
21889000
21888h
21888dj
21888death
2188888
218888508a
2188885
2188870
2188846
218884
218882
2188813
2188811
218881
218880
21887wm
21887liz
21887kr
21887ki
2188794230
218879
2188782
218878
21887721
218875po
2188754
21887412
2188735
218873
218872897
2188721d
2188721
2188720s
218872
2188717
21887144
2188713
218871218871
218871
218869488
2188684
2188678
218866313
2188650163
218865
218864237
2188632
218863
2188629
21886248
218862
218861
21885gcs
218856
218855yunus
218855karizma
218855jcp3
21885445
218853a
2188513713
2188510718
21884m
21884clau
218849
218846
218845s
218845
2188442
218843518
2188430joya
218843
2188419
2188410
2188406
218840
21883981
218837228
218837
2188366
21883486e
218834348785
218833278269
2188327m
2188323
218832
218831
218829
21882890
2188284
2188283
2188280215
2188246
218824
2188239
218821JBV
21882152
2188214
21882130333
21882022
21882008
21881ry
21881Uglegorsk
21881SDM
21881979
218819690
2188192
218819
2188178
218817
2188156
21881529
218815
218814
218813ac
21881303
218813
2188129
2188126
21881229
21881006
21881
2188089
2188078abc
218807
2188069
21880
2188+15
2187sand
2187ryan
2187nena
2187me
2187jordan
2187jbl
2187jb
2187isa18472616
2187hk
2187desmondave
2187ct
2187cpu7a1
2187car
2187bkt
2187beto
2187aventura
2187araceli
2187af
2187aa23
2187_jam
2187Rakka
21879kh
218799
218798519
2187982996
21879711
2187965
218796239874
21879428
2187936
218793262
2187916
2187915
218791
2187906
218788
218787
21878620
21878511
2187845m
218782
218781
21878
21877916
2187786
218778
2187776a
21877733
2187768
2187764
218776
218771t
2187718
2187690j
218767251
2187667652
2187666
218765tjr
218765t
2187651
218765
218764
2187630
21876192
218760
218757tony
2187562412
218755?m
2187557
2187551
21875133
2187512
218751
21874900
218748499
2187483
21874691
218746
218745
2187442
2187441dad
2187441
2187420561
218741superchee
218741576055792
2187415760
21873915327
218739
2187381
218738
21873732
2187323L
2187316218mary
21873
21872a
2187293
218729
218728218327
2187278006
218726
218725078
2187235
21872340
21872187t
21872184
21872062187206
218718
2187172
218717187
218717
21871684
2187168
2187160
218716
218715
2187135
218713
21871264
2187125
2187123
218712
21871123
218710
21870nam
21870liza
2187088
218708$A
218708
218706swim
2187067
21870647N
218706
218705m
2187059p
218705111
218705
218703OJ
218702
218701
2187000
2186wktb
2186wjm
2186tlaquepaque
2186rampage
2186r
2186punk
2186paloma
2186mmmm
2186kris
2186hk*
2186Ahdat
21869se
2186977
2186930
2186921
2186908
2186898
218688kim
21868778
218687216
2186869
218686
218685a
2186856
2186844
218682
21868001867345
218679joe
218678
2186759
218675
2186742
2186735
21867309si
218672109
218671
218670
21867
2186696
218669
2186674
218665na
21866593
218664b
21866328398
218663
2186627
2186614
218660304
21865mjr
218658dv
218658
2186554
218655
2186543
2186504
2186500
218650
21865
21864900
218649
2186489
218647
21864632
21864454
21864422
218644
218643
218642
218640272122
2186401
218639828
218639471
2186386
2186370-560--
218637
218635938803
2186325
2186321
218632
218631qx
2186301
21863
2186280
218625404
2186249
21862456
2186245
218624
2186231
2186228
218622611
2186220
2186218621
218621547
218621004
21862040
21862
21861co
21861987
218617
218616384
2186161
218616
2186151
21861489
218613648
218612345
218612223367
2186122
218611
2186104
21860908
21860853
2186079
2186067
2186065
21860511203
218603
2186029
21860214
218602
2186018
2186004569
21860
2186-saban
2186
2185yamili
2185trasca
2185sdch
2185scott
2185poteae
2185nda
2185marzo
2185katie6
2185jcan28bebejuan
2185jarr
2185g
2185fred
2185ea
2185dav01isa
2185998
218599
218598928
2185989
218597566
218596
218595118vanillaa
2185939
21859361980
218593
218592027
2185896
2185891
2185882
2185876
218585c
21858521
218585
2185816
2185799
2185780
218577
218576a
218570
21856dia
21856987
218569
2185689
2185682
218568
218566876
218566567
2185653268
2185650
218561218561
21856103
218560470
2185603
2185599
218558
218556
218554821855482
2185543
218553
21855279
21855204
21855
218548
2185478
2185474
2185471958
2185471739
2185457
2185445
218544
2185417
218540
21854
21853h
21853ben
2185393
218539033
218538
2185363
218536
2185356j
218535
218533782
2185336
2185324
218532315
218531543
218530985
2185309
2185303
21853
21852sj
218529034
218529
218526
21852535
218525
2185244
21852356
218523
218522ldn
2185218
21852088
2185205
21852020
21852
21851nn1
21851as
218519
218517m
218517
218515
21851420
21851417138
218514
2185133002
21851300460
218513
2185129
218512650
21851211
2185096
2185082
218508
2185061985
218506
2185059
21850585
2185049
2185045
218504
21850306LI
2185017
218501103
21850045
2185003
21850
2185
2184togo
2184robert
2184qq
2184protek
2184pir+
2184kirst
2184jt
2184hh21
2184fm
2184entermec
2184elunico
2184ea
2184bmc
2184atc
2184alma
2184Bbb
2184996
2184990
218498730
2184972
2184963570
2184953
2184943
2184942
218494173
218494
2184933
2184907
218490
21848bye
2184898
2184895307272
21848833
218486
218485
218484989
218483433
218483074
218483
21848161
2184815
218481234
218480519
218480263
21847_love_21668
2184780
2184779
21847755
2184774
218477115
21847585956
2184739
21847321
2184722
2184719
2184718t
21847072
2184706
2184701
21847001270908
2184692josue
2184673260
2184663
218465789
218465
2184649/*-+
2184646
2184645
21846421
218464
218463
2184620
2184616
2184609
2184577
218457
218456a
2184567
21845537
218455
2184549
2184528
21845241
2184520
21845082hosni
2184506
21844706
21844705
21844547
21844463
218443sa7
2184425591
2184406
21843oke
218437
218433
218431v
2184302
21843
21842898
2184272
218427
2184269
21842561
2184252
21842390
2184232
2184227
21842184e
2184210
21842003399672
21841990
21841969x
218419
2184189
21841887
218418816
218418
218416
2184159
2184150
218415
218414243
218413
218412484
2184121717
2184116
21841121
218411
21841082
21841
218408
21840660304932
218406
2184054
21840515med
21840515
21840252
21840214
21840191
2184014
21840
2183swim
2183star
2183smokin
2183nannie
2183mh
2183june
2183jose
2183haddad
2183darell
2183baby
2183anaisabel
2183ams
2183acer
2183996
218399
21839796
2183966
218395
21839316
218393
218391
218389
21838623
2183857
2183854
218384977
2183839
218383339
2183827j
2183822
2183814
21838075
218380
2183793
2183768
218376445
218375624m
2183756
218375220
21837501
218375
2183731036129115
218372587
2183722653ang
2183719
218370144
2183699
2183695
218369218
218369
218365t
2183646
218364335
21836415
21836400
218364
2183621836
218362
2183601
218360
21835867
218357
2183557
218353
218352s
2183528
21835251
218351
21834997
21834927
218349
218348
21834698
2183465197
21834617
218346
218344
2183432569
2183424mr
2183416
21834
21833jj
2183394
218338
218336368
2183363
2183356413
218330j
21833083
2183305
21833006164312
21833005760128
218330
21832gozde
218329
21832889
2183282
218328
21832748
218326365l
218326
2183259
2183248
218324
218323331
2183228
2183221m
21832184
21832113
2183204
218320
21831_
21831824
2183181
218317b
21831492
218313
2183129
218312461718
218310
2183082671
218308
218307491
2183050
218305
218304336
218304
2183038
2183034
2183014
21830136554
2183013
218300j
2183001
2182sr
2182rubi
2182miami
2182me
2182mapel2182
2182hjgw
2182femexgolf7
2182dw
2182boysallday
2182aarrll
2182Honeysprings
2182Dhd
218299
2182988782
21829802
218297875
218296
2182959
21829321
2182918
21828maidens
218289
2182886
2182876
2182869
2182841
2182824
21828236
2182814591
2182795
218279499
2182787
2182774
2182772
2182770
218275851
21827255
2182718664
218270
21827
2182688
218268218268
21826382t
2182624
2182621
21826206
2182619
2182606
2182605
218260
2182590
218259
218255
2182547
2182539
2182538352539
21825366
2182533
2182531
2182530
2182529
218251251A
218251
2182508
21824865
2182443
2182433
2182429
2182418
21824131
2182411
2182401
21824002
218239868
218238145
21823775
218236am
21823461253
2182332
21823242
21823001168517
21823
218228
21822639
2182263
218226
21822562mw
21822528
218225054
2182249
218223
21822277
21822182gl
2182216
21821min
21821ly
21821985
2182187
2182183
218217516
2182150
2182146
21821458
21821374
21821357
21821303
218213
21821296
218212
21821155w
21821153
21821141100
2182111
218211
2182107
2182093183
21820912
218209
2182083
218208
2182078284
218207703mom
2182070n
2182068
218206
21820555
218205128m
218204sp
21820300934
2182025
218201bp
218201
218200s
2182008dres
2182008
2182006442006
2182005jess
2182004t
2182004aly
2182001
2181ya
2181smitty
2181sh
2181sdt
2181rb
2181mo
2181lb
2181jwd
2181jash
2181gsus
2181git
2181dlb
2181dk
2181dd
2181adi
2181Keppen
21819ml
2181999
2181998k
218199821
2181996vola
2181996ed
2181996a.
21819955
2181993h
218199330
2181993124
218199
2181987n
2181986l
2181984m
2181983haggaijesus
2181983
2181979
2181974
2181965
2181962
2181961
2181955
2181952
2181949
2181946
218194
2181933
2181926
218191345
2181912
2181910
2181900
2181892marco
21818887
2181875camille
218187
2181862901717
2181861
218186
2181857
2181845
2181838
218182239
218182
2181812
2181810
218181
218179
21817864
21817698
2181762
218174
2181735tort
2181735544
218171
2181704011990
2181701
218170
2181688
2181677
218167
2181669
218165
2181645
2181634
2181625
218161yoko
21816151
21816
2181591CV
2181588
2181576
218157
218156
2181555
2181545
2181544
2181537
218153110
2181521815
218152
2181518
2181502021185
21815002206353
218148rp
21814884
21814798
218147590
2181471
218144karlita
2181440
2181419
2181418
21814140
21814123456
2181402
218139878t
21813821
218138
218137382
218137
2181358
218135
2181343559774234
218134355
2181342
218134
2181332
218133
2181327
218132
2181317
218130
21812m
218129kdb
218129
218128563
2181281
21812786
218127325
2181261
218126
218125931
2181259
218125352
21812420
218124
218123c
2181237
2181226
2181220
218122
218121jjkish
21812119911992
218120082
21811ss
2181190307
2181185
2181171314118
21811618
218116
218115
2181145
218114425
2181144151421811441514
21811441514
2181141_0101789945@5795759
218114
218112
2181119
21811131001
2181102
218110
2181097
2181088
218107j
21810789
2181075
218107
218106ds
2181057
218104287595
2181031ajm
21810318
218103
2181029
218102
2181012
218101
2181007ry
2181005
21810024
21810
2180snm
2180sd
2180oj
2180kubi
2180jonathan
218