g
20671617
206715570251
2067141
206713pe
20671396
20671228
206712
2067118681
2067117
206711631011
20671054asai
20671023
206710
20670rexko
20670L
20670889
2067086
20670819
206708075
206707922n
20670700
206706157
206705816
20670455i
20670415a
2067040
206704
20670352
20670298
20670246
20670190
20670062
2067005
20670015
20670013
20670010
206700
20670-0169
2067.7546
2066ww
2066jk
2066DMDM
2066996
20669867
20669844vgs
20669775
20669708
20669665
2066963490
206695
20669455
2066943111
20669427julyh
2066934019071990
206693011503
206692
206691gatita
20669066
2066903
206689838
20668933g
2066885
206688489
206688217ely
206687
2066866
206685
2066828
20668211aleymari
2066817
20668165
20668117
206681
206680262_wendy
20668024
20668020
206680101
20668010
20668
206679t
206679
20667887eamo
2066786
206678
20667768
2066766
206676
2066759
206675
20667423
206674
2066730
20667293da
20667255
20667200
20667189
2066711
20667094
20667031040819910408
20666isabel
20666931
20666880
2066688
20666869
20666821g
2066670
206666s
206666679
206666
2066659
206665513
20666459
206664
20666382
20666329F
2066628
2066626
206662329
206662
20666079
2066607
2066599666037426
20665899
20665873
20665767
20665611
20665579
2066556655
20665540
2066549slu
20665393
20665317glennys
20665300
20665291
20665264
20665263
2066520
20665164
2066513
2066500918-05-91
20664974
20664958
20664955
20664936
20664916015348625759426
20664845670
20664826
206648082988
206648
20664762
206647
2066469jr
20664685
20664669
206646552
2066463336209523612680
20664625
206646
20664577
2066447
20664452
206644
206643
20664294
2066426
2066425ec
20664248
2066422
20664190
20664156h
20664124ma
206640r
20664056711
206640461
206640090
206639h
20663986
20663960ddddd
206639
20663766
20663731
2066364
20663622
206636
2066358
206635613610616
2066354
20663520d
206635
20663480
20663462
20663447
20663397
20663328
20663291
20663206
2066320480
206632
20663159
20663154
2066315
20663132
2066313
20663124
206631
20663095
2066309
20663037KARINA
20663029f
20663013dynrma
20662966
2066295
206629
20662849
20662765a
206626
20662568grecia
20662484paola
20662405
20662307
20662273
20662243s
2066223
206621814
2066214
206620b
206620878
20662072b
206620662066
20662017
20662002
20662
20661kamera
20661979
206619
2066184
20661795
20661784
2066172
20661676gq
20661670h
206616
20661436
206613n
2066136
20661328
2066131
20661291
206612907982431
20661247
20661236
206612
206611782
2066117
2066113ans
2066110
20661011
2066090mm
2066081
2066077
2066060
206605
206604
2066035321615
2066034
206602ta
2066020660
206602
20660171
2066008
2066002397
2066001
2066000000
2065vette
2065pe
2065mers
2065jen
2065hi5
2065gab
2065d
2065cat
2065a
2065_2065
2065MAIN
2065JM
20659au
20659934
2065973
20659689
20659677
20659512
2065950
206595
20659302
2065920659
2065913a
20659095
2065909
20659084a
206590489
20658am
206589
20658841e
206588100
20658740
2065857_
206584898
206584523
2065834
206582942
206581
20658040e
20658
206579
20657874
206578
2065778
20657773
2065777
20657757188
20657733angel
20657655
20657622
206576
20657565
206575567124
20657543
2065753
20657484
20657427
206572l
20657298
206572
20657138
20656986isa
20656900
206568Zz
206568919750687
20656862
2065680
206567
2065655che
20656535
206564
20656372
20656333
20656293
20656236H
206562
206561ada
20656170
20656145meamo
2065605
206559lmg
2065599
2065595lol
20655958potex
2065590
2065588
2065570
206557
20655603
206556
2065554m
2065547
2065540
206554
2065528
20655206
20655045
20655033
2065503
206550
20654962
2065494
20654933
20654921
20654906
20654879
20654842g
20654821
20654816
206548
20654789
20654742
20654736
20654713gns.d
206546742hcDJCC1
206546742hc
206546742HC
20654640sarah
20654624
2065460
206545850857
20654581
20654564
20654542
20654516
20654513
20654512
2065451
20654503
20654370
20654322oc
20654297.
206542671105...f
20654242
2065421j
20654219
20654206
20654168
20654133
20654127
20654101
20654092
2065408
2065406
206540211
20654004
20654
20653981
20653953
20653949
206539
20653806lux.
20653659nany
20653659
2065364299
20653609
206536
206535ay
20653571
20653469
20653464210592
2065345
20653419
2065340
20653395joselyn
20653386
2065338
2065334k
2065326
20653246
20653234
206532
2065314
2065313
2065312db
206531
2065308
206530538
206530214
2065300d
206530
20652rst
20652955
20652943
20652837
20652809
206528
20652779
20652680
20652669
2065263
20652628
206526+14
20652598
20652574
2065256
206525522
20652537
20652413c103
206524
2065237
2065236
20652320???
2065229
206522899+_mdj
2065223799
2065222315
20652220
206522
20652173
2065214770493
2065213
20652104
206521
20652032
20652020
20652000
206520
20651963
20651889
20651793
2065177
206517642025021990
206517
206516552707
20651636
206515kb
20651530
20651513
20651431
206514
206513y
2065135
20651326
206513050
20651130
2065113
2065111
2065110F
2065106520651010
2065105
2065096
20650933
20650927
206509
20650881
206507771
20650774
20650769
2065072
20650694
2065068
2065063
2065059
2065055
20650474
20650404
20650374
20650350
20650327
20650271
2065026
20650253927art
20650226
2065022010567
206502
206501+
20650097
20650012
206500097
20650006
2064yt
2064soukry
2064shadows
2064kt
2064flynn
2064eva8
2064ayd
20649999
20649971orna
20649967
2064993l
2064988
20649873
20649848
20649752
2064973
2064957
20649560
2064951jt
2064950707
206494j
2064949
20649465
2064945m
206493a
20649369
20649342
20649338
20649257
206492535
20649237
2064921
2064919
20649140
2064910665
20649088
20649058****
20649042
206490
20648947
20648929
20648921
20648917
206489
20648824
20648689
20648621
2064859
20648540
20648522
20648496
20648465
20648448
20648382*
20648342
20648321
206483
2064822010236
20648202
206482
20648179at
20648156.
20648147
2064810
206481
2064808a
206480460
2064803
20648017
20647Rojpalakorn
20647939
20647914
20647912
2064791
2064789723204
20647892
2064788787
20647720
20647602
2064756
20647559
20647492
20647460
2064733809.
20647287sal
20647237
206472201005152
20647171
20647037
20647013
20646978
20646898
20646861lmfs
20646834
206467358
20646722
2064666
20646653
2064662
20646618
206466
206465030
2064650
2064645820brtl
20646416
20646353
206463
20646283
20646212
206462
20646125
2064612420646124
20646099
20646061
20646050
206460
20646
20645a
206459c
20645909
206459
20645847
2064579
20645788geo
20645752
20645709
20645643
206456
20645564
206455
2064549
20645461
20645460
2064542
20645403
2064537
2064534
206453
206452alwa7dany
20645277123789
2064524daniela
2064520
206452
20645157
20645140
20645135535
20645131
206450684
20645003
206450024
206450
20645
20644e7600
20644958jhoita*
20644858
20644753
20644735
2064473
20644724
206447
2064467irenne
20644671
2064465
206446
206445c
206445586
20644512
20644456
206444
20644364
206442
20644052
20644
2064398
2064396b
2064375
2064369
2064368
20643646
2064364218
206436
2064357
2064355a
206435
2064346659
2064332778
206433
2064329t
20643251
206431406051
20643118
206431
206430a
206430A
206430794
20642y
20642898
2064266
20642629
2064255
2064249
2064242068
20642385
20642328
206423
206422532
2064224
2064216
20642143
2064212
206420250
20642002
20641ChristI19!@
2064197
2064194
2064191
2064185
20641686
206416
20641578r
206415
206413975
2064139
20641312
206411234
2064111728
206410
20641
20640yyy
2064091
2064077
20640705
206407
2064054
20640511
2064050
206405
2064039253
20640344
2064032
2064023
2064020
206402
2064019
20640123
20640056
2064004av
206400
20640
2064
2063w6
2063ss
2063m508
2063lucasdrive
2063lc
2063kc
2063gsk
2063dg
20639pmeai
20639870
20639849
20639767
20639723
2063960
206395862
20639528
206393
206392534
20639242
2063920639
206392
20639182
2063908
206390
20638985691841
20638960
20638957
206388
2063879970
20638743
20638714
20638711
206387
20638618
20638584
20638561
2063855
2063850nikol
20638503
2063845047
206384206384
20638403
2063840
206383A
20638378
20638373
20638305
20638279
2063823
2063820638
20638161baby2014
20638148
2063811626071990
206381
20638093
20638064
20638056
20638054
20638025
20638012
20637991
206378d
20637883
20637879
206378
20637799199205
20637782
2063761772
20637511
20637493
20637486
2063744
206374
20637380
20637363
20637345
20637322
20637295
2063724
2063723
2063722
20637186
2063715849
2063713
2063710
206371
20637095
206370835
206370635
20637043
20637039
20637034
2063701588
20637
206368822
2063687adrian
20636844496
20636831
20636803
206367525190304
20636748
20636734
206366zm
206366a
2063668
206366634
20636621
206365939
20636557
2063653lu
2063651
20636494
20636470
2063646
206364
2063633
20636324
2063631
2063629273
206361j
20636197
206360
20635tt
2063594
20635923
2063591595
20635902
20635864
2063583a
2063570
20635619
206355d
2063559
20635470gabyx
2063546
20635367
20635315
206353
20635282
20635266
206352499
2063524
206352
20635180
2063517296
2063511000
2063511
20635080
2063499
20634985
2063496201
206349496
2063491133
206349
20634862
20634813
2063481
20634809
2063473
206347
206346675471064
20634652
20634595
20634541
20634534
20634530
20634494
2063443519
2063443
20634296
206342591903
20634200
206341
2063403
2063401
20633nigga
20633946
2063384
206338
20633765
206337
20633697
2063339885mt
20633314
20633303089945198874
20633285
2063323
2063322
20633217*
20632kg
20632e
20632950
20632939920
20632881.m
2063280
20632669
20632597
20632586
20632541pane
20632537
2063253518848471
20632502
206325
206324@
2063246
20632429
206324190
20632381
20632353
20632326
2063221
206321579
20632114
20632113
20632063
20632
20631956363
206319043
206318Y
206317d
20631758
2063171
20631589
20631586
206315780
2063155
20631514*
206315
20631480
2063145
206314
20631395
20631378princesa
20631344
206312345
20631234
20631224
206311841
20631130
20631114
206311007
206311
2063107
20631045
20631034
206310120
206310048
20630g
2063099
20630952
20630928
2063090
20630889
206308515
20630813love
20630780
20630734
20630706
206306498
20630641057
20630616
20630615
20630609
206306024
20630587
20630561
20630515
2063050042
206305
20630478gerardo
20630463ambar
20630463
20630431
20630401
2063040
2063039
2063037
20630330
2063032
2063030367
20630208
20630162
206301391
2063012
2063005
20630042
20630040jhon00
20630000
2063/2526
2063
2062yumbo
2062vmikom4us
2062pp
2062mg
2062govvp
20629cvqzs
20629968
20629905
206299
206298
2062979123
2062977dr
20629756
20629752
206297
2062964
20629632
2062961
20629599
206294217
2062942
206293b
20629396
2062939
206293320
2062933189
20629329
206293
20629289
20629254
20629225
2062920
206291
206290958
2062907
2062902
20628chris
20628963
20628912
2062882
20628818
20628790
20628731
206287
2062862231
20628612
20628586
20628575
20628545
2062853
20628490
2062841
2062840
206284
20628373
2062825
20628122
206281
20628048ar
20627yenni
2062797112
20627971
20627948
20627912
206275
2062744tsh
2062734
206272
20627199
206271
2062703529101991
20627
20626930
206268t
2062686
2062684571190
20626820
2062681
2062680
206268
2062675
2062670861
2062650108
20626401MARY
2062639
2062637
206263
20626289
206261988
2062614555
20626
2062593
2062582
20625808*
2062573
20625700
206257
2062565
20625621
20625532062970
206255258504
2062547
2062543
206254
206253618102536
20625347
2062534
2062533
20625321
2062532
20625310
2062531
2062530
2062529
20625222
2062522
20625209
2062520.alozx
206252
206251828642
2062518
2062511
206250693
20625003
206250
2062490
20624876
20624823
206248189352
206247
20624646
2062464263
20624546jg
2062445
206243454
20624337
2062428r
2062421l
20624160
20624151
206241
2062402051
20624
20623897
206238224077
20623748
206237
2062363
206236
20623516
2062351134
206235
206233c
2062339
206233
20623298
20623280
2062324126
2062321132
20623131
206231
20623079
206230
20623
20622991
206228551
206228527
206228081578
206228
20622732
206227
20622613
206226
20622584
20622577g
2062251448
206225
206224604
20622445adolfo
2062241c
206224
2062233
206222377oso
2062222
206222
20622108
206221
20622078
206220634
20622056
20622011
20622
20621aa1
206219
2062187
206218679
20621848
20621827
2062171180
206217051j
206217051
20621700078
2062159
20621525
206215
2062148662
206214405
206214
20621347
2062131075
20621211
2062119013
206211-1988
206211
20621075
20621055
20621
206209mv
206209214
2062091
206209
2062080
2062072329741475
206207
206206t
2062066015
20620638
206206206m
206206206
20620610
20620600
2062051842
2062045
2062034
20620319
206203
20620206
206202
2062016khi
20620113
2062011
2062009556
2062009
2062007
2062004
2062001
2062000919
2062000169
2061rujo
2061mv
2061mimosa
2061ku
2061kmh1582
2061bren
20619sony
20619ac
206199520
206199320958983
206199300
2061991331
2061987
206198
2061979
2061978
206197720
2061977022
20619745001
2061974
2061971023
206196987456
2061966
2061963marwan
2061963
2061954
206195
206194
2061939
2061930hg
206192
206191180524
206191
20619004065
20618971
206189
20618696
2061852
206185
2061848
2061845_mr
20618425
206183859
2061821
206182
206181198
206180
2061796
206179
2061780
206177L
20617757
2061773
2061764
20617597
20617514
20617491v
2061749
2061740
206172
2061718
2061715
2061711
206171044
206170
20616994
20616993
206169845
2061695
20616929
20616833*
20616824
20616802
2061679720616797
2061675
20616736
2061673
20616682
20616671
20616653
20616641
20616611taty
2061660h
20616603
206166
20616593
20616592
20616584
206165
20616407nacho
20616354
20616334
2061630
20616223
2061620616
2061614
20616099
206160960
20616089
20616035
2061603
2061601
206160
20616
20615989
20615987
20615897
20615892
20615877
20615815
20615813
20615795
206157242526
2061561
206156
20615577
2061554cls
2061554
2061550355
20615439
206154
206153982675165
20615398
20615351
2061533
20615310
20615276
20615211manuel
2061520615
206152
2061516
20615112
20615111nany
206151
20615070
20615067007
2061505
20615032
206150172
20615
20614ben
20614978
2061490
20614889
20614875toys
20614875adriX
20614860valeale
20614838
20614810
20614807
206148
20614757
20614738
2061472
2061468
20614664
20614618
20614609santaana
20614554maria
20614550
20614541
20614524
20614501
20614500052
206145
20614499
20614416
20614410
20614386
20614351
20614334perez
2061433
20614314
20614303m
20614288
20614200
206142
206141989
20614183
20614132
20614126
20614041
2061403
20614021
206140013
206140
20613K
20613981
20613966
2061396
20613952
2061394
2061389
20613880
20613865
2061385
20613845
20613831
20613827
2061381
20613726
206136265P
20613602
206135vic
20613593
20613528q
20613507
20613492
206134466964921
20613444
20613434
20613426
20613349
20613258lamami
206132222234
206132
2061319361
20613178
2061312
20613099121992yr
20613046
20613043l
2061304
206130
206129415
206128a
2061281936
206128
20612784
20612750
20612678
20612670
2061267
2061263527lTVANW4
206125518
206125
2061232
2061227
206122206k
2061214cjj
20612112536
2061210041
2061210033
206121
20612094
20612075
20612064
20612014
20612
20611958
20611768
20611743
206117
2061168
2061166
206116437
206116
20611589
20611544
20611500
206115
20611447
20611441
2061141
20611382
2061134
20611335
206113159
20611213
206111n
20611179
2061107
2061106
20611036
2061100026
20610man
206109
20610859
2061075x
2061074
20610729
206106
2061059
2061056392
2061053677serkan_
2061047
2061044
2061040819
2061040328
2061037463
20610364
2061036
2061033
206103
206102js
206102707853
20610248
20610222
206102
2061018
2061014t
2061013
2061011UCC
206101
20610050
20610048
2061000
206100
20610
2061/2mainstreet
2061
2060uu
2060pu
2060ootd
2060jr
2060crh
2060ari
2060antwerpen
2060am
2060ac
20609pv
2060995
206099
206098d
206098
2060975
206097
206096
206095534
20609433a
20609426
20609421
2060938
2060936677A
2060935
206093
2060929
2060925502_tkd
206092
206091atolbert
2060916824q
206091
206090kalis
2060909789
2060904
2060903.
206089a
206088710
2060886
2060885201314
20608790
206086
20608573
2060850
20608477
2060836m
2060836h
2060836b
20608322
2060826
2060822
206081lacee
2060816
20608116
20608090
2060807
206080587
20608016
20608
20607wiicf
206079andreea
20607891
20607880
2060783
20607809**
20607757
20607712
20607627
2060752
20607484
20607477
2060747
20607424
20607416
206074
206073521158
2060734
20607276lindsayb
2060726am
2060720608
206070658
206070555
206070417
20606989
2060698
20606928
206068900
20606864
206068
20606792
20606777
206067
2060665
20606597
20606537
20606528
2060652523212585
2060649jc
2060649
20606464FRANCISDORY
2060646
20606434
20606422
2060637
2060636
2060622r
20606222
206062
206061419
2060612061CATA
206061
2060608secret
2060608
20606063
2060605
2060604p
20605ejayask
2060591
206058
2060576
2060572
206057
2060568
20605648
206056
20605579012
20605461
20605420
20605401
2060537
20605350
2060532a
206053
2060529
20605278
20605266
206052276
2060521e
20605111
20605108
20605102705
20605089
20605058
20605045
20605031
20605015
206050
20605
20604b22
20604956
20604940
20604932
2060486
206048266
206047lol
20604784
20604711
20604706
2060470
20604561
20604488
20604465
20604450
2060440306
206044
20604311
20604292a
2060427
206042
2060419
20604176
2060411
20604036
2060403
20604
2060395
20603900
2060390
206039
20603821
2060380
2060377
2060376
20603729
20603687
20603686ij
2060368
2060364mpj
206035mmgmg
206035
2060345
20603446w
2060342
20603391
20603387
2060336
2060332
20603303
206032jab
2060327
2060326
20603225
20603223305
20603146
20603133
20603115
2060308
20603077
20603050
2060304ารา
20603042
2060301
20603006
2060300
20602ro
20602gh
2060295rock.metal
2060288132
20602845
2060276
206027
20602548
20602507241624
2060240
206024
206023320
206023
20602290
2060221
206021galerias
2060219132
206020603
206020443
2060196543
2060195love
206019
2060188
20601848
2060169
206016589293
2060160
20601598
2060150130
206014
2060138
2060136254
2060136
2060131
206012roque
2060128
2060124
2060119
20601041
20601017
20601009
20601+n
20601
206009j
2060097
206008
206007988
206007875
20600735
2060066
2060063ASH
2060062
206006001
2060057
2060054
20600519e
2060051
2060047
206004
2060037
20600369
20600322060032
2060030129
2060028
2060026
2060020600
206001lirene
2060017
20600151
2060010
20600036
20600034
20600011174
20600010
2060001
2060
206/68
206.930.45.g
206-thug
206-1329
206-0046
205zestgti
205zayzay
205yz125
205yankee
205xad
205winakwa
205whittier
205v205
205turbo
205taj
205t16
205streetteam
205starling
205snowflakes
205s4ave
205rocks
205ral
205quincy
205pug
205prince
205pool
205play
205phat
205peugeot
205paterno
205patel3363
205pRINCESSg
205ondeck
205ohio
205nr
205mustapa5452
205mtl
205mps
205moyct
205mixon
205misty
205mi16
205memphis
205me
205mandi
205love
205ladybug
205lacoste
205kyler
205kt
205kenwood
205jkp
205jdlane
205jack
205is1
205han
205hailey
205gti16
205glenn
205ford
205ffilc
205elvis1994
205elaine267
205donatito
205dogwood
205ddt77
205damcol
205cr195
205cotaeg
205cn181
205chs
205chrcst
205cent
205bumchum473
205bre
205boyz
205blue
205biggy
205bham
205bffallen
205bently
205RG
205RALLY
205Pui
205Florida205
205BGA
205ABC
2059phone9159
2059na
2059kiri
2059eden
2059Rock!
2059Erie
20599965
2059989
205998
2059975
205996747
20599653
20599482
20599479
20599410
205993qusiking
205993
2059926084
205992
2059916
20599041582
20599034
20599
2059892
205989
20598879
20598804
20598785
2059861
20598596
2059859
2059857
20598460j
2059843
20598405
20598370
2059829
20598210
20598178
20598150
20598125
205981
205980884
20598000030428
20597986
2059798
205978910
20597891
205978311
20597759
20597519
20597429j
2059742
205973kt
2059735
205973
20597295
20597083
2059706
20597029
2059700
20596986
20596950
205969
20596859
20596824
20596800
2059680
205968
20596772
20596701
20596638
2059662
20596608
20596604
20596587
205964
20596377
2059625820596258
2059623001
20596187
2059617
205960
20595koray.
20595carlosjose
20595alejandro
2059592k
205959
20595892
20595799
2059579
2059568852
20595649
2059558kk
20595563
2059555m
2059555
20595547
2059554
20595528bb
20595523
205955
20595415
2059538
20595326
2059509
20595064
20595042
205950
2059497
205949048753108
20594852
205948
205947
205946800as
20594612
2059461
20594605
205945
20594375
20594372
20594367
205943630
205943
20594294
20594289
20594250e
20594222
20594215
205942
20594169
20594115
205941
2059405820594058
20594032
20593qckxn
20593975h
20593897
20593894fg
20593886
20593868
2059377
205937
20593692
20593687
20593672
20593663
20593654
20593651
20593607
20593566
205935360
20593524
2059352
20593516
20593494
205934821
20593473
20593472
20593427
20593409
20593365
2059328
2059327
205932
2059310so
205931
205930
20592b
205929711
2059296995
20592908
2059285
20592772
20592719
2059271820592719
20592707
20592602
2059256328
20592555e
20592540
2059251
205924920
20592481
20592469
2059234663
20592339
20592308
2059229
20592263
2059219685
205921
2059209
20592059
20592028
20592002
20591º437
20591973
2059196770
205919632442
20591934
20591912
20591821d
20591792
20591738
205917
20591676
20591672f
2059162
20591564
20591537
20591457
20591455
20591443bing
205914
20591350phs
20591292
20591272yh
20591233
20591219552
20591159
20591115
20591061
20591022
20591013
20590978
20590919
2059090
20590890292653131
20590878
205908
205907EMBC
20590723
2059069
2059067
2059053
20590483
20590461di
205904
2059034b
2059034
205903
20590237d
205902235
205901p
2059013915
20590139
20590119
20590071
2058yary
2058sweetfu
2058sweet
2058sephira
2058peter
2058ln
2058l12192
2058jp
2058cm
2058ao
2058SWEETFU
20589aut
20589941
20589912
205899
20589893
20589874a
20589847
205898220
20589808D
205897
205896sk
20589634
2058961
205896
2058959
20589553
20589550
20589541
20589532
205894751
20589468
20589445
205894
20589376
20589369
20589335
20589302
2058928sp
2058922
20589202
205892
20589196
2058918
20589176hector
20589173
20589138
20589129erick562
20589129
20589102
20589043
20589025e
2058901
20589
20588@@
20588985
20588945
205889123
20588852
20588701
2058869
20588687
205886
2058857
2058856620588566
2058840
205884
2058837
2058836
20588349
205883
20588276
2058825
20588200
205882
205881967263259b
20588181a
20588166
2058814
20588133
205880542
20588029
205880
20587917
2058790
2058784
20587788
20587733
20587680
2058766
20587622
20587619
205876
20587585
2058752
2058750k
205874win
20587403
20587355
20587211
2058721
20587205
2058719
2058718
2058713
2058710283
2058708
20587041
205870
20586bgnrk
2058686
20586758
2058673
20586673
20586648e
20586498
2058644
205864
20586360
20586350
205863
20586236
20586222A
2058621196
20586208
2058620066666
20586181
2058617444
2058610
205858s
205858788
205858
2058572
205857
20585647321
2058564013
20585584
2058555
20585409
20585273
2058527
2058515n
20585128
20585075
205850170
20585
2058499634
20584888
20584860
2058482058
2058465789
2058465
2058461
20584555
20584256
2058420584
2058414915
2058413
20584113
20584077
20584
20583974
20583948
20583832d
2058382c
2058382422
2058381
2058351293
205834
205833
205832p
20583272
205830ah
205830293
205830
20583
20582cpj
20582999
2058285
205828
20582771
205827603
20582651
20582602
205826
20582535
2058253269
2058245
20582424
205824
20582334
205823
2058221
205822058220582
2058220
205822
205821s
2058219
2058217PL
20582167
2058210982
205820
20581981
20581684
20581649
20581563
2058154
20581452
20581444b
205814
2058139141
205813
2058122
205811hy
20581189
2058114
20581071
20581025
20581
20580hiran
20580955
20580765
2058073880
20580717
20580701g
205807
20580685B
2058056
20580542
205804ljw
2058045
20580431
20580403
2058039
20580300
205803
2058028
2058020580
2058020023
205801137
2058007
20580035
20580023
2058000
205800
20580
2058
2057work
2057nyc
2057g
2057b15
20579zbsh
205799979
20579931
20579914
2057989035
2057989
2057988
2057985
20579742
2057966227
2057961
205796
20579509.j
2057932
205792mr
2057915
205790A
2057907367
205790
20578td
20578as
20578999
20578992
2057899
2057894675
2057894
205788599
2057884580
20578798d
2057866
20578649
20578603c
205786
2057855
20578506
205785
2057835dododo
2057834pw
2057834p
20578325d
205783
20578240
20578181
205781469235
20578123
2057805
205780
20578
2057795
20577886
20577835
2057781
20577767
20577763
2057757
20577523
20577452057745
20577324d
205772@facebook.com
2057721911
2057721025
20577189
2057714m
2057714g
20577053
2057703s
2057703a
20577035
20577034
20577
20576996
20576987
20576960A
2057695jj
20576920416
20576916
20576770
2057667
20576597
20576497
20576478
20576456
205764461988
205764140963
20576264
20576234305448
20576199$
2057616
205761
205760920
20576052
205760
20576
20575rid
20575960
2057595
205759
20575878
20575832
2057581
205758
20575752
20575741
2057564600
20575641
2057562
20575601
205756
20575555
20575548
20575471
20575437
2057541
20575401
2057536
20575270
2057523
205752
2057516
2057513
20575117
20575102
205750773
20575055
205750336
2057491
2057488
205748651
20574837
20574830
20574823
20574773
205747680416
205747671591
2057475498
20574748
20574730a
20574719
20574713
205747
2057460978
20574609
205746
20574569289ploy
20574542
2057441432
205744
20574321
205743
2057429
20574181
2057415486
20574150443
20574121h
2057410
2057405
20574
20573874
20573823
2057381
2057379
2057374
205736m
2057363
2057361
2057354
2057350
205735
20573411
2057332
205732
2057319
2057315
20573141
2057300T
2057290
205729
20572862301309
20572780
20572755
2057275
20572684
205726
2057258
20572310
2057228
205722
2057217055
205721
20572016
20572013mocosa
205720
20571991
205718cm
2057183100
20571670
20571591383
20571565
2057155
2057150
205715
20571459a
20571230
20571217
2057120571
20571200
205712
205711a
20571127
205711
2057104953
2057