649139
20464897
20464892
20464891
204648779DESSERY
20464821l
204647m
204647A
20464759
2046475
20464633f
20464537
20464505
204645
20464437
204643bp
20464376
204643246
2046428
204641736
2046413
2046400a
20464
204638845
20463845
204637
2046369
2046360_UA
204636
2046352
204634778
20463452
2046337
2046331
204632
204631k
2046313377
20463088
20463010h
204630
20462lt
204629e
204628abc
204627071
20462604
20462526
2046242
2046236j
204622746
204622
2046205
20462047
2046200
20461986
2046194
204619204619
204619
204618
2046175
204617-A
20461613
2046153b
20461485
204613
204612tj
204612ok
2046124036
2046123634
2046123
20461215
2046118
20461152046115
2046115
20461118
204610s
204610md
20461080c
2046102
204610
2046093
2046081
20460807
2046079014957
204607
204605947
20460418
20460361d
20460108
204601
2046008
204600313
2045tt44
2045sms
2045qp!
2045ninja
2045m
2045kc
2045f9
2045cf
2045as
2045REYEZ
2045POSE
2045993B
204598ss
204598pm
2045964
204595
2045930
2045927
2045918
204590
20459
2045895
2045891
2045887
20458853
20458666
20458605
2045856
20458502
20458292
20458254mbg
20458254
20458246E
20458236
20458150a
20458052639zEGAMILENIUM
204580
2045791804125133
204579
204578k
20457713
2045758
2045757
204575
20457417
204574
204573r
20457290
20457284
2045728
2045727
20457262
2045726
20457210
204572
20457164rojas
20457123x
20457064
204570610bw
20456n
20456828
204568
2045679
20456789
20456783
2045678
20456702daniel
204566
20456591
2045658
2045644
2045643d
2045635
2045632
2045631m
20456313d
20456303
204563
20456290
20456289janny
20456200i
204562
20456160
204560
20456
20455993
2045599
2045595
20455911250792
2045591
204559
2045555
20455440
204554
20455331
204553
204552
20455046
204550
20454f
204549JD
204549
20454879
204548711b
20454836
204548
204547a
2045467
2045464721
2045460
204546
20454591
2045457
20454556
20454544
20454377e
204543311
204542
2045417
204541
2045406
20454
20453MY9928639af
20453989
20453980
20453969
20453904629
2045388
20453799
20453760
2045372
204537
2045364
20453588
204535702
2045346
2045342100
20453407
20453373
2045337
20453361b
2045335
20453292
20453289272
20453200
20453168g
2045314G
20453082
20453069
20453054
2045305
20453025789
20453021
20453020
20453
20452923
204529
2045288
20452857
2045281
20452793
20452761
20452751
20452750
20452737
20452690
2045268
204526688993203
20452659
20452629
20452609
204526007
204526
20452539
2045252
20452494681
20452456
20452452
20452408
20452364
204523
20452290
2045225qwe
2045225
20452126
2045211
2045209
20452069
20452055
204520
20451991
20451986
20451941
20451932
20451900
20451849
20451842y
2045183178
20451808
204518
204517j
20451798
2045179
2045175
2045166a
204516640302
20451645
20451603
20451515
20451502
204514796
204514593
20451437
20451422
2045141098
204513903
20451387
20451376
2045136
20451359
204513482308
20451316
204513115
20451307
2045130329
20451231
20451221
20451218
20451216
20451212
20451191dreq
20451182
20451177solange
20451148
20451143
20451134
2045112
20451113
204511
20451062
20451027
204510242
20451015
20451011
20451001
20451000
20451
20450985
20450921
20450891
204508/25470
204508
20450795
20450738
20450638
20450605
20450604
20450554
20450536
204504814633gu
20450472
204504385
20450410
20450393
204503308
20450316JREK
204503
20450264
2045025
20450236798zaff
20450232
20450165
20450164
20450104
2045010105
204501001005
2045006480mct
204500587
204500204500
20450
2044wm
2044th
2044maui
2044june
2044jo
2044jasper
2044feb11
2044GENESIS
20449bai
20449991
20449943
20449930
2044990
20449881
2044988
2044987
20449860
20449854
20449818
20449754
20449740
20449716
20449711
204497
20449640
204496
20449514
20449513a
20449506
20449504
204495
20449493
2044948
20449428
204494
20449358
20449342lf
20449338
20449337
20449304
20449278
2044927
204492335696
20449233
20449200
20449193
20449143
20449031Wuinder
204490
20448953
20448737
204487226a
204487226
204487
2044868
204486612098672
2044846
20448451
20448428as
20448410segm
204484
2044822
20448204
204482
20448073
2044803
204480
204479
2044789
2044779
2044778
20447765
20447729
2044771108pooh
20447708H
2044764
20447523
2044749
20447483
20447459
20447399
20447328
20447295
20447281
204472221192
20447136
204471
20446cody
204469v
20446932
204469
204468r
20446898
2044684
20446823
20446818
204468
204467448082020
20446729
20446727
2044669
20446679
20446672
20446658
20446652020490
2044662
204466
204465
20446487
20446427
2044641
204464
2044635
2044632
2044629
2044613
2044612
204461
2044600
20445859
2044580oscar
20445723
2044564
2044562360
2044562303
204455d
2044558
20445558
20445541
2044551
204455
2044549
20445408787
2044537
20445286
2044526
20445183
20445156
2044514
2044503slu
20445025906
20445015
2044501
2044500
204450
20444902
204449
2044473
20444709
2044469ac
20444656
2044451
2044442097
20444403
20444397
2044424010126
2044424
2044423
2044411
204440677b
20444
20443999riera
20443975
2044396
204439
204438ar
20443883304554
20443805
204438
20443758
2044372a
20443729
20443721
204435
204434
20443384
20443343
2044332
204433
204432q
2044324
2044321
20443159
20443130
20443073
20443005423554
204430
2044292
20442681
2044261
204425
20442377
20442329
2044224482
20442244
2044224
204422
20442147
2044210
20442049ok
204420443
2044204
2044203
204420204
20441988
204419
2044189
2044181
204418
204416
2044143094lian
20441428
20441383
2044129
2044125
2044123a
204412
2044116
20441113
204411
204410bingo1
2044107]
2044107
2044090559
204409
20440829
20440825
2044067
2044065
20440649
20440518
204405
20440419bs
20440411679
20440410l
20440401
20440328535
20440284
2044024
20440229
204402
20440152
20440126
20440122
2044001
2044-2044
2043yol
2043spy
2043lovers
2043lola
2043jdmm
2043isaho
2043fb1
2043amd
20439980
2043998
20439939339saca1283
20439866
204398428
204396882
20439678
2043957
2043948
2043940
204393j
2043937
204392
20439160712345
2043906
20439046
20439044
204390
20439
20438978
2043892m
204387734
20438738pklv1311
204386p
20438472
2043843
20438382
20438341991
20438330
204383
2043828
2043820438
2043814
20438
20437hbunq
20437669
2043763
2043750
204375
2043748
20437472
204373lr
20437351
2043720437
2043710232
2043710192hugo1983
204371
20437
20436ir
204369432
2043690
204368460
20436767
204367
20436591
20436556
2043651dodo
204364296
204364
20436395vane
2043639
20436301
20436245
2043620436
20436187
2043610
204361
2043607
2043605
204360110792
20436
20435885
204358588
204358
204356
20435575
2043550
2043542
2043532sd
20435317
204353
20435259320
20435101
204350522
2043504bc
20435
2043491
2043490
20434800
2043480
204348
204347888
20434747M
2043474
20434709
20434706
20434699
20434690
2043466
20434620
204346
2043459
20434573
204345
204344937
20434482
2043448
2043445j
204344
20434362
204343070
204342812280606
204342812171286
20434242
20434232
2043420
2043417
2043416
2043410048virytha
204340bruno
20434061
20434050
2043401barbi
204340112000
20434
20433o
2043398y
20433948
204339453
20433801
20433768
20433755
204337512
20433745luis
2043368
20433643
2043356
20433525
20433493
204334877
20433431
2043338
2043337134
204333595
2043332530
2043330275
204332516
204332469
20433202velazaco
20433180802
2043311
20433048yessi
20433046
20433019
204330024
204330
20433
20432vpso
20432979
204329725
20432963
20432950
20432948
20432926
20432911
20432902
204328bm
20432866
204328
204327731
2043270391
20432680
2043266
20432654
20432651
2043264jj
20432620
20432554
20432449
204323r
20432321
2043227
204322430
20432209
20432206
204322
20432176
2043209
20432070
20432032623127
20432007
20431turtle
2043198
204319
20431894
20431884
2043186jc
204318669
204318106
20431741
20431733
20431723
204317
204316471
204315784
2043154
20431490
204314801
2043148
204314623
20431414
2043141
204313758
2043132532829
20431320
20431317
20431295
20431218
2043119
20431122
20431107*donaldj
2043108z
20431014
204310030
20431**
20431
20430pebng
20430ijwak
2043096
204309246
20430922
204308779
2043084
2043077
20430705
2043063
20430626
20430603
20430527
204305
204304ka
204304
20430365
204303355
20430313
2043024
20430210
2043019
20430171
20430156
20430145
204301175
204301109
204300dubnigga
20430086
2043007
20430065
20430043952yyy
204300
2043
2042ta
2042pt00
2042lukas
2042detae
2042cmn
2042bs
2042beford
204299r
20429837
204298
204297
20429689
2042966212
20429519
20429502
204294l
20429495
204294843107
2042947198
20429360
20429348sm
20429295
204292612
2042926
2042912263677
20429078
2042907283
2042902vdg
20429012
204290
20429
20428h
20428ar
204289
20428811
2042881
20428698jm
20428661
20428615
20428597
20428554
204284966
20428317
2042830pmg
2042826
20428228
20428128
2042810
2042809
20428081
20428031
204280
20428
20427pung
20427946
2042784320427851
20427831
204278
20427762
2042759
2042758ihu
2042758
20427546
20427456gus
204274
20427353
204273042200
20427289
204271529
20427106
20427103821
204271
2042704
20427014505782
20427014
20427
20426eo
20426915
204269
20426797
204267158
20426684*j
2042657a
2042650
20426464
204264
2042639
2042627658
2042621
204261o
2042615
2042613
204261
20426079
2042603
2042594
20425832*
204258
20425599
2042545
204254
2042539
2042538
2042535
2042534
2042532
2042528123
2042527
2042526
204252535
2042524may
2042524
2042522
20425170928
2042515
204251036
2042507
2042502
20424d022392
2042486
204248488
20424757
204245
204244
204243597855
2042428
2042424
204242
2042413
2042411sam
2042410026w
2042410
20424045
20424
204239603
204239221bgs
20423893g
20423856
2042384
204237
20423697726
2042363j
2042363
204235lisita
2042345
2042341
204234
2042336
20423332
204233267
2042331
204232
20423163
204231400
204231
20423091
20423084
2042305351
20423038
20422913
20422903
20422892
2042289
204228727
2042282
20422815
204228
2042276
20422699
204226561
20422464
2042230
20422202
2042216
2042213
204220420
20421bob20421
204219ss
204219lmj
2042196
20421957
20421911
20421903
204219
204218726
20421846
2042183710203040
2042183
2042179
20421751
204217211
2042166
2042163678
204216
204215ae
20421551
20421540
20421525
204215
20421449
204214221
2042139
20421308
20421307nb
20421262++
2042124aw
204212470
20421244
204212164
2042120461
2042120
204212
2042119
2042118
20421160
2042114
20421136
2042112
204211160
20421111
204210a~
2042105917
2042104
20421038
20421001
204210
2042098782
20420909
204208a+a+
204208a+a
204208602
20420827
204208241
20420810
2042080706
204208
2042078
2042075134
20420750
20420747
2042074
2042070715_seval
2042067
20420556
20420550
204205013
204204m6
20420473
2042046
20420452
20420420
20420412
2042041
20420348!
2042033413
20420328
2042030455
204203
2042025842
20420233
2042023152
20420206
20420108
2042009
2042008eai
2042006
20420038
20420036
2042002
20420011
2042001
20420003
2042000
204200
2042
2041neka
2041SE116
2041999
2041998
2041996060695
20419952041995
20419940
20419932041993
2041992ayhamale
20419910
20419901516
2041985dñks
2041984
20419833
2041983
2041978
2041977h
2041977bayan
2041976
2041975sun
2041971
2041969#n
2041969
2041968
2041965
2041960
204195
20419469
2041945
20419436
2041942
20419398
2041929
204192
2041914
204191
204190eli
2041907
20418940lberos
2041886
2041877
204187
20418563
20418555
2041835
204183
204182a
2041826
2041818
204181671
2041813
20417969
20417906
204179
204177s
2041768
2041766064
2041765
204175
204173694200
2041733
2041732
2041730
204173
2041723
204171482
20417123456
20417012
20416i
204169b
2041699
204169
204168neri
20416877
2041683
20416802
20416793
20416768
20416703cristy
20416700
2041659
20416551
204165
204164joe
2041636
2041620419
20416
20415948
2041594
204158ko
204157r
2041573yahoo
2041559
204154
204153b
2041536
204153
20415167
204151
20415
2041498
204149012
2041483
204148
20414778
20414772
2041475607
20414750
20414701
20414631
2041453
2041445043
20414373oma
204143
204142j
2041428
2041427
20414243
2041420
2041415lg
2041410010
2041410
20414092
2041404
2041403784
20414
2041394
20413915
20413913
2041391
20413903
20413886
20413885
2041385920252627
20413840
20413810
2041379
20413770miguel
20413768
204137
204136c
204136a
20413675
20413558
20413543
20413482
2041345
2041343
20413427
2041330081
2041327
2041322laura
2041320138
204132
20413181
20413172YANI
20413162227
2041316
20413139
20413137
20413119
20413113
20413100
204131
20413080j
20413057
20413043
20413038
20413029
20413012
20413011
204130082
204130051
20412w
204129814
20412949
20412913
204128zz
20412834lacantan
20412828
204128
204127864861
2041276
20412743
2041267
204126641
20412661
20412659
20412658a
2041265
20412618
204125j
2041259t
2041259
20412560
20412538
20412534
20412523
20412491
2041247j
2041247
20412406
2041238
2041237
2041235
20412330loky
2041233
20412317
2041231
204123.9694171
204123.9254982
2041228
2041226
20412239
20412190
20412186
20412182
20412157
2041215
204121
20412077
20412070
204120526
204120312
2041203
20412025
20412005
2041200
204120
20412
20411z
20411wp6832
2041196620
2041196062
20411913
20411912
20411907
2041186
2041183
20411828
2041180
20411790
20411774
2041175
2041174
20411716
204117&
204117
20411692
2041167aaj
20411677
20411629
20411626
20411609
20411580
204115584
20411542
20411537
2041152
204115061
20411505
20411497-a
2041148677648001
20411481*+*aedr
20411464
2041146
20411455
20411452
20411424
2041142
20411411
204114
20411332
20411324
20411315
20411274
20411268099m
20411268
2041126
204112536
20411222
20411221
2041122
20411206
20411204230991
20411135
20411124
20411115
20411109
2041110
20411095
2041109
2041106
20411056
20411047
20411037
20411034
20411032
20411020
2041101560
20411001
2041100
20410972
20410961
204109146442107
20410897
20410882
20410853
20410829
20410826
204108
204107661
20410765123
20410763
20410727
20410719ci
20410709
20410691
20410659
20410644
20410633
20410589
2041056632
20410545
20410513
20410510
20410509
2041048
20410460
20410458
20410419
20410401
20410363
2041036
20410349
20410312
20410309
204102801213
20410276
2041024199
2041020019
20410191
2041019
20410189
2041018621..
2041017867
20410165
20410154
20410140
20410127
20410125
20410122
20410110
2041010057
20410100
2041010
204101
2041005
20410029
20410026909
20410016
20410
2040yume
2040west
2040thirty
2040tas
2040ste5
2040ste
2040ry
2040rd
2040qk
2040p
2040owqtm
2040moby
2040lob
2040lei
2040lebg6080
2040lea2040
2040jg
2040iamhacker
2040dc
2040bri
2040bc
2040az
2040ana*
2040XXX
20409g
2040989
204098
2040976
20409751
204095
20409472
2040944
20409408
204093pn
204093
2040916
2040913
20409104
20409081
20408f11
20408964
20408922417845
204088779
20408871
2040887
204087
20408629
204086
20408542
2040850221244
2040846
20408446
2040842a
204083a
2040832
20408253
20408081
2040807646076
20408060
20407l
20407jye
204079a
204078
2040767j
2040767
204076
204075
204073
2040723
20407200
204072
204071k
20407020
2040701
2040700
20407
20406hrxdr
20406bbt
20406allison
20406900
2040686
204068.
20406760
2040673
2040672
2040667
20406654
20406611
2040652
204064
20406314
20406280
204061d
204061
204060hg
204060go
2040608010
2040608
20406065
2040606
2040605j
2040602
204059
2040587a
204058
204057650
204057251
20405632
204056
204055056987
20405456
204053
2040528
2040522m
2040522
204052
204051969
204051403
2040505
2040502
2040500
20404debs!
20404975
20404969
2040496
204048Ma
2040489
20404865
2040485ruthma
204048
204047j
204047
20404634
20404606
2040457
20404514
204044
2040432
2040408luisalves
20403895
20403820631
2040377
2040374
204037337
20403718
20403706
204036859
2040362
20403552
20403537
204035
20403485
2040334
20403302
204033
20403230
20403090
20403070902008
2040303
20403019331
20403013643
204030101150
20402884
20402734
20402722
20402712
20402708
204027072
2040268
20402624
20402594
204025683
204024651
204023l
204023AND
2040238
204023711
204023
204022f
2040227
20402245
2040220
2040218
2040217
20402158
20402134
20402068
20402050
204020208
20402010
20401999
204019972040
20401993
20401992
20401990
20401989
20401988
20401973
204019689405
2040191
2040187
20401814
20401801
20401799
20401710
20401647j
2040159
2040154
2040152
20401428
2040141
204014
2040133
204013060
204013
20401284
20401249
20401222787579
20401214
204012
20401180
2040110016adolf+
204011
20401096
20401051
20401026
20400khjqq
20400dad
204009y121e
2040099
2040097
2040093319
2040093
204009
20400830
20400810
2040080
20400715
204006
20400583
2040058
2040052
2040050
2040048
2040047
2040044
20400414
20400337672
204002583
2040024
204002
20400196
2040013
20400123
204001
2040008
2040-ki
2040-11-m-
203za+narak
203y.g
203woodard
203west
203towncreek
203tissues
203spotes
203sniper
203skylord
203sk4168
203s677j!
203s403217
203rh25
203rexy
203raymer
203rabyroad
203pt4267
203premjit
203polo
203pimp
203pdt
203pakipride786
203op3
203numpung
203monroe
203mon
203mmmami
203metal766jen@
203metal766girl803emo!
203meade
203maifat
203mafia
203lynn
203lourdes
203lmw
203lm!
203lisag
203lh537
203leslye
203krew
203kill
203jex
203j144lock
203ib94216
203hall
203h4r
203girl04
203fire
203fgh
203farrer
203f4a2c19941
203eozrb
203enclave
203emfa
203comfort
203clre
203cherry
203brighto
203boy
203boriluv
203bone
203bluejaylane
203black
203backst
203aracoma
203april
203allday
203alex11
203alejandro
203adriana16
203PT
203OSCARsamayoa
203NE38Lco4I
203HALL
203Bridgemanstreet
203Brad
2039retnoe
2039olive
2039kp
2039jd
2039bridgewoodnc
2039bra.
2039LA
203999
20399868
20399852
203998
203997s
20399771
20399744
20399725
20399687
203996
203995674
203995
203994
20399378
2039934
20399302
20399198
203991
20398tixs
2039896a
20398915
203989
2039889
203988
2039878
20398718
203987
20398637
203985932
20398399
20398190
20398143
2039812055
2039807
2039806508
2039800
2039796
2039795
2039792g
20397900
2039788
2039782
20397812
20397762
2039772
203977133
20397713
2039764
20397622
2039761
20397351
20397191985
20397189
20397144
203971
20397052
203970
20397
203968maty
2039677k
20396764
203967
20396630
20396614
20396593
20396534
203965290
20396516
20396413a
20396407
203964
203963
20396296
20396265
2039625
203962332
20396213
2039608
20396009
20395jtb
20395985
2039584
203957
2039563
203955how
2039543k
2039543961
203954
203953Y
20395378
20395251050490
20395241
2039521
2039513
20394yami
2039499
20394983
20394975
203948576
2039460787926791
2039457
20394546
2039450
203942th
20394280
203940z
2039406
20393\\'¡
20393963
20393919
20393873
20393843
2039379
203937
203936vj
20393560
2039333m
2039330
20393249626
203932290849700a
20393204
2039313
2039303
20393016
20392alli
203929p
2039295
20392903
203929
2039271
2039264
2039261o
2039261
203925
2039242mm
203924071
203924
20392213h
203922
203921
20391ok
20391930
2039192
20391893
20391884
2039186127
2039174
2039166
20391507
2039141
203913mt
203913990
2039123A
203912
20391180
203911
2039103
20390remix
20390cx
20390931
2039092101081990
20390914
2039075
203907
2039064
20390607
203906
203905
203904
20390306
203903
20390227
2039015783797
2039013656
20390126
20390102
2039004y
2039002
203900
2038tomas
2038tkmpedro
2038sun
2038sexy
2038oct07
2038missmaria
2038le
2038klrd
2038hoera
2038had
2038aga
20389938
203899042
20389859
20389823
20389750h
2038974
2038969
20389411
203894068
2038938
2038930dm
20389230724
203891jp
2038914
2038913
203891
203890j
2038906A
20388973
20388964
2038888
203888
20388544
20388507
2038843
20388373
2038837
20388358
20388302
20388207
20388200520
203880743
20388011
203880
20388
20387844
2038781088
203877869105
20387654
20387588
203874
20387386
203873
2038724
2038721
20387154
203871
2038704
20387024
20387014
20387002
20386qgfi
20386mxdbs
20386918
20386730
203867
20386691
2038666
20386635
20386567gouveia
20386513
20386470
20386455tato
20386432
203863
2038625
203862
203861347
20386106
203861
20386009
203860
20386
20385atc
20385966
20385938mariyjoshua
20385937
20385863
20385810
203858
20385787
20385785
20385782
203857
203856j
20385613chi
203856
20385564
20385557
20385553
203855457!@#bass
20385496bb
20385444
20385438
203854164235282
203854
20385387
2038537
20385269
20385230PaCo
20385200
2038519
2038517
20385113v
203851
2038509
20385080
20385000
203850
20384picfx
20384d
20384961
20384956
20384941
20384910
20384762
20384757
2038474
203846911
2038469
20384610
2038459top
2038458319862450
20384554
20384550e
2038453
203845
203844
20384322
20384260
20384251
203842003
20384197
20384190
2038414
2038411
2038407022
20383_mo
20383976
20383923cs
20383862
203838
20383585
203834688236547
20383452
20383394
2038332376
20383306
20383303
20383292e
20383243
203832
20383165nami
203831591
2038310
203831
20383075
2038305
20383041
20382jr
203829a
20382985
20382950angel.
203829
2038288475
2038284
20382825
20382697
20382566
20382538
20382530I
2038253
20382503
20382467
2038246
20382419586706
203824
20382378*
20382378
20382367zx
20382367
20382231
2038223
20382197
203821944
20382165
20382120mk
2038212
203821121511
203821
203820Blazauskas
2038207
20382038b
20382
20381m
2038199220381992
20381982
20381973
20381866
203817
203816b
20381608
2038157d
20381493a
20381293
2038124
2038123
20381212e
2038116
20381151g
20381132
203811
2038109
20381081
20381001I
203809
20380826
20380825
20380815
20380710
203807
20380652
203806
2038054
20380511s
20380497anny
2038041
203804
203803s
20380374I
203803
2038029
2038025
203802
20380188b
20380050
20380047
20380031
20380016
2037repz
2037hughes
2037hobson
2037glebe
2037gfeh
2037chelsea
2037ari
2037alpha
2037VGKF
2037EK
20379p
20379917625
2037987325
2037986
203798
20379785
20379665
2037950
203795
203794dm
20379479
20379461
20379450
20379389
20379363i
2037931
203793
20379140
20379135j
20379125
20379086
203790
20378984
20378937
203788594
203787484
20378693
203786897v
20378672ROXANA
20378545
2037850
203785
2037847
20378410
203784
203782
2037817
20378093
2037794
203779269
20377916
203779
2037779
2037765493
2037762
20377533
20377506384
203774m
2037747
20377418
20377400
20377367
20377364
20377347
2037730
20377249
20377231
203772
20377148
20377123jc
20377122
20377104
203770
20377
203769999
20376999189
20376992
20376869
2037685252
20376792
2037678
20376776f
203766803
20376663
20376643
2037656
20376406
203764
20376349
2037625hei
20376219
20376119.
20376111
20376104c
20376082
20375967
203759508
2037585825062175
2037584
20375816ines
2037581
2037573
2037571
20375582
2037556
20375559
20375473
20375440
203753L
2037538av
2037530
20375298
20375229
203752
20375140
20375131
203751
20375066
2037506
2037504
20375012
20375000
203750
20375
20374999
20374978yury
20374969
2037490
20374771
20374747
203746amo
203746
2037456091
20374553c
20374469
20374440
20374394h
203743
20374284
20374263
203742321
20374190
203741
20374
2037396
20373913b
2037380
203736
203735
203734841
20373347
2037314
20373134
20373089
203729723
203728
2037270ed
203727
20372526*a
203724cc639
203724446
2037232
203722aevans
20372293
20372254
2037224
2037222
203722
20372044
20372008
2037198
2037185
2037184
203718
20371794i
20371769k
203717586
203717012
2037168
20371607
2037156
20371517
203715
2037141
2037140025292850
203714
20371398
203713
20371291
203712859
20371234
2037112
20371095
20371
20370912
2037082r
203707435ramio
2037067
2037063
20370623
203704m
20370421
2037028
2037021
20370139gb
20370049
203700031z
203700
2036ruth
2036rakngan
2036musa2036musa
2036lb
2036kaza
2036jss
2036flo
2036ck
2036a2036a
203699
2036983
203698
2036978429061992
2036964
20369482
2036938
2036927
20369258
203691112
203690
203689
20368841
203688098
203686570
203685724
203684000
203684
203683
203681360
2036809
20368069
203678445
203678
20367716
2036760sr
203676*G
203676
203675
2036747
203674
20367292
2036726
2036724
20367126
20367
20366xd
2036699
2036698
203669526
203669
203668173
203668
20366677
2036666
2036659ytibal
20366573
20366537
20366522466
203665
203664513b
203664
20366379
2036632
203662549
2036623
203662
203661a
2036611
20366
20365fd
20365977
20365904dani
203659
203658manny
20365840
20365788791
20365762
2036575
20365695199107
20365683
203656451
20365611rainer
2036560
203656
203655iban
2036557
20365558yaml
20365542
203654m
20365499
2036541616
2036541
20365317
20365295
20365262
2036525
20365232
20365227
2036520365
20365189
2036518
20365149
203651152510jp
203651
20365
203649
20364861
20364849
20364835
20364805
2036479
20364789
2036478
20364778d
20364755
20364733
20364631
203646
20364480
20364466
20364448
20364400
20364386
20364338k
20364338
2036431
20364286
20364281
20364268
2036426
203642031990
20364126f
20364125
20364075e
20364068
20364064
20364
2036398786
20363915
20363842
20363819
20363800
20363775
20363761
20363752
20363730
20363704lamejor
20363674
20363638
20363596
20363535
20363471**
20363470
20363410
203634
203633jab
2036333
203633
203632r
20363270
20363257
20363223
20363203
203632
203631hg
20363161
20363085
20363018
2036300
203630
20363
2036297
20362962arli
20362912
20362900
203629
203628b
2036284e
20362814
203628
20362771
20362767
20362725
203627
2036260
20362577
2036257
20362557
20362528
20362488
20362355
20362316
20362263
20362256
2036223
20362175
2036213e
20362119s
20362114
20362042
2036200
20362
20361e
20361995
20361951
20361936
2036185
20361837
203618
203617861989
20361780
2036175
20361747*
20361733
203616j
203616750414
2036163
20361584
203615
20361477
203614666a
2036145
20361413
203614
2036139
203612d
2036124
20361239
20361211
20361160
20361139
2036113
20361105
20361100
203610d
20361074
20361061
20361045
20361027
2036102
203610
20361
203609d
20360966
20360938
20360871
20360834
20360800
2036079
2036073
203606love
20360616
20360556
20360547
20360517f
20360514
20360507
203604