18500738
18500730
18500664
18500608
18500408
18500342
185002533
18500220
18500182
18500145
18500141
18500136
185*207e
184yxuek7lope
184tw4
184ts123
184tony
184theheat
184teodioezrra
184tasha
184siso
184ryan
184rogers
184quin
184qnamelove
184q25t0
184mar
184makbule
184life
184kathir
184jubes
184jordan
184j77
184hotmail..
184home
184hillcrest21
184eedav
184eb67
184dzola
184duraK
184dkwu
184ddjjmm
184cmb
184club
184chevy
184cco
184carmine
184butler
184bunny
184birch
184bbb
184bb
184baaa
184alexis
184aisini
184abel
184Skylar
184OVERLOOK
1849srdt
1849pines
1849kos
1849jn
1849jem
1849ers
1849dc
1849brat
1849benson
18499834
184996136
184996
184995
184994877
184994
18499207
184992
184991492
1849911
1849900703581
1849900253
1849900184611
1849900153201
1849900120966
1849900113455
1849900112211
1849900110642
1849900107463
1849900105011
1849900104502
1849900102755
1849900102003
1849900101040
1849900100523
1849900098545
1849900096712
1849900092466
1849900090501
1849900006012
1849900005822
1849900002963
18499000
18499
184989
184988
18498615
18498546
18498404
18498173
18498163
1849816
184981
1849800125419
1849800062310
1849795
18497618
184975268889
18497470
1849740
184974
184973555
1849717
184971412
18497040
1849700016839
1849700010644
184970
18496744
1849668
184966
18496447
18496359m
18496336
18496314
184963
18496255
18496207658
184960k
184960505072
1849600
184959906
1849598
18495803
184953
184951
18495095
184950503132
18495
18494g
184949
18494860
18494784
18494626
18494469
184944
18494396
1849428ga
18494276
1849425
18494132033
18493959
18493907
1849376905
18493748
184936796720314
18493547
18493424
18493393
18493388veronica
18493368
184933
184931212711
184931145
18493111
18493051
18493004
18492j1
18492824
184926435
18492561
18492512
18492472kiss
1849237
18492332
18492311
184923
18492267
18492256
184922423
18492170gr
18492127
1849205203
18491r
18491aec
18491796
18491761
18491658
18491611
184916
18491597
18491479
18491465
1849139822
18491396
18491381
18491301
18491205
18491153
18491124
18491057
18490s
18490995
18490964
184909485
18490859
184908
18490731
18490707
184906302744816
18490577
18490535..
18490532
18490500
1849050
18490491
18490374
18490250
1849019
1849018490
18490114
18490000371
1849000
1849
1848msi
1848msa
1848jk
1848gdi
1848debi
1848Bochum1848
1848@ethan
18489fai
18489932
18489927
18489874
18489705
18489675
18489648
18489634
18489623e
184896
18489550jairo
18489550
18489547-l
184895
18489453a
184894
1848930388
1848927
18489218
18489077
18489
18488go
18488848
18488834
18488709
18488705
184887
18488638
18488615
184886
1848854
184885
18488486
18488477
184884
18488346
18488330gbsb
18488298
18488191gl
18488154
18488149
18488147
18488005
184880
18487993
1848790
184878609
18487812
18487809
18487752
18487715
18487515
18487407
184874
18487371
1848735522
18487218
1848718487
18487144
1848705
184870430
184870216
18487013
184870
18486sag
18486955
18486925
18486919
184868
1848666
18486620
184866
1848659
18486510
1848647899
18486471
184864672
1848645
1848620
184862
1848614c
18486092
184860505065
184860502086-7
18486038
18486.
18485faizi
18485az
18485909
18485905
18485860
184858561987
1848583karina
1848573
1848570
1848568908
18485657465
18485624
18485602
184856
18485511
18485386
18485280
184852525
18485248
184852024590
18485082
18485026
1848500
18485
18484dmo
1848477
18484768
184847
184846286
18484443
184844
1848435
1848431
18484236
1848415
184841
18484027
184840
18484
184838
18483793d
1848370
18483636k
1848359f
1848335413
184831276
18483018-3
18482c
18482951
1848295
184829
18482838
184828
18482699
18482664
18482611
1848260
1848257
18482461
18482305
184823
18482174ja
18481mramos
184819441989
184818R
18481814
184818
184817
18481655
184816
1848154
18481522b
1848146
184814
184812
184810123
18481
18480873
184806
1848032044612
184802408
18480089
18480050
18480
1847yo
1847wagba
1847ta
1847susy
1847kar
1847jes
1847jbi
1847fg
1847chubs
1847amor
1847Njxa
1847DUNKIE
18479yenni
1847951
1847911as
18479076
184790
18479
18478mac
18478989048
184788982312
18478828
18478825
184788
18478713893
18478650b
184786120
18478548556
18478473
1847844
18478427
18478411796
184784
18478390392
1847838
18478271
18478252
184782
18478190
18478119
18478032962
18478011
18478002
18478
18477916
18477749
184777
18477659rafa
184776
18477599
1847758
1847715
1847711
18477012
18476974225vivi
18476974225
1847694
18476925
18476859
184768
18476656
18476648
18476625
18476622
184766
18476587
18476544
1847654321
1847651
18476353
184762g
18476231844
1847623
184762
1847611604
18476100
184760
18476
18475cia
18475974
18475888
18475875003123red
18475646
18475548
18475522345620
1847546
18475401
184753268
1847524234
1847523690
184751
18475019654
184750163q
18474813
184747253
184747
18474680947
18474653
18474620313
184746
18474544
184745
1847444
1847418474
18474001
18473994
18473978
18473965
184735qq
184735
18473495
18473486
184734761
18473437
1847343
184734
1847333
18473320
18473262
18473192
184730353
18473
184729
184728326
184727127
1847256b
1847256
1847255
18472533
1847253
18472433
18472394164
18472299746
184722
18472187
184721
18472
18471971
18471945
1847194
18471747
18471694
184715
1847148
18471416
18471343
18471341
184713
1847128
1847121
18471203
184710302008
184710
18470jaja
18470994
18470932
18470867
18470846152590
18470836
184707BB
18470786
18470631
18470534
18470521
18470506
18470494
184703821882
184703693m3tfeliz
18470341
18470307
184703
18470250
184702
1847010
18470058
18470026
184700
1846vladimir
1846travis
1846tm
1846nyeinchan
1846no
1846ml
1846jg
1846egjt
1846993
18469891
1846988
184698
18469590
18469489++
184693DW
1846936
18469313
18469257
1846923516
18469214
1846920
1846911
18468939
1846893
18468848
18468834
18468652794
184685801
18468545
18468165
18468031jannavic
18468030love
18467962
18467954
18467851
18467805
18467801
18467799
18467780-6
18467759
18467752
18467687
18467647
18467598a
18467550
18467548
18467546
18467503
184675
184674
18467341
18467312
18467305
18467198vc8263
18467164
18467160
18467091;loly
18467046
18466927sunakev$
184669
18466765
184667502
18466742
1846671
18466671
1846666avenue
18466665
18466606
184666
184665672t
18466545
18466544
18466541
18466480
184664700
18466414
184664
18466301ang
18466288
184662717
18466243
18466212022
1846617151
18466157
18466142
18466120
184661
18466071
18465trout
18465?
18465981
1846584
18465790
18465747
1846573
184657
1846568
18465655
1846561419087078
184656
184655b
18465591hp
18465565
184655
18465494
18465482
18465456
184654
18465379426
18465262
18465208gonzalo
184652
18465121
184651
18465086
184649931108
18464993
18464942
18464926
1846490
18464862
184648
18464784
1846477
18464756
184647
18464663
18464638
18464600bettynad
18464459raf
184642
18464166
18464058
184640
18463841
18463743k
18463660
1846347
1846340
184631846318463
18463160
18463033
184629
18462894
184627c
18462733
18462697
18462530
184625
18462458429
18462429
18462411
18462336
18462177
18462170
1846215
184621033
184621002503
18462
18461940
184618461846
18461824dahilmar
18461824
18461799
18461716
1846171128
18461710
184617
18461691
184616
1846153
18461510
18461495
18461472
184613
184611337
184610lhm
18461034
18461023
184610
18460919
184609
18460781
18460778
18460650
18460617
18460512
1846024
184602
18460186
18460176
1846014
18460128
184600m
18460
1845zap
1845west32ave
1845vg702
1845rez
1845pb
1845oh
1845kw
1845jamyah@
1845garcia
1845drz
1845bitch
1845997
184599
1845982
18459717
184596
18459584
18459533
184595
1845947
18459417250288
1845941007
184593
18459282984
18459218
1845921
184591m
1845918514
184591
18459092
1845906
18459000
18458ily
18458863
18458819
18458750
18458734
18458720
184587
184586
18458501
184585
18458022
184580
18457a
18457965
184579
18457889
18457817
18457802
18457775
18457753
18457746
1845759
1845742
184574
18457341
184573335
18457310
1845723
184572
1845713
18457032
184570160
18456rnd
184569dxcv
1845699
184568
18456745
1845664
18456568
18456561
1845640n
18456319
18456225
1845622
18456120
18456112
184561
18456037
18456021_s
184560
18455th
1845595
18455923
184558h
184558b
18455872
18455839
18455827
1845580
18455761
18455664
18455646tigre.
18455631
1845559
18455386
18455371
18455286
18455256
18455235
1845509
184550490
18455006
18454979
18454955
18454935
18454829071
184548
18454731
18454545
184545184
1845443
18454326
18454271
1845421
1845420
1845416
18454156
184541
1845402102536
18454000
184540
18454!*M
18453y
18453912
18453853
18453827
1845375
18453747
18453672
18453607
184535510
18453435
18453389
18453376
18453315
18453270
184532264
18453195992
184531
184530
18453
18452953
18452950
18452936
18452930
184529
18452840
18452814
1845279
1845274jm
18452735368
18452727
184527
18452667
18452608
18452604
184526
18452533
184524557
18452401
184524
18452334
18452273
18452255
18452188
18452153
18452152
1845206
18451b
18451987
18451980
18451975
18451966lex
18451900
18451872
18451820
18451769
18451677
18451658
18451644
18451633
1845161718
184516
18451570
18451556
1845152218451522
1845151
18451501
1845143t
1845143
184514
18451368280188
18451349
184513
18451236
18451219
1845121
1845118796
18451144
18451126
18451125184
18451125
18451121
184511102091
18451061054
18451056
18451052
18451048
18451038
18451023
18450985
18450951
18450914
1845089
1845083118450831
18450795
18450759
18450744
184507
18450652
18450619
184506
18450543
18450511
18450490
184504
18450396yr
18450363
18450354
18450304
18450264
18450232
1845023
18450212
1845013
18450113
184501
18450053
18450048
18450035
1845003
18450017
1844ra
1844qq
1844qew
1844ozzi
1844nth13
1844mar
1844maju
1844kk
1844hicklerd
1844eric
1844bpr
1844bmw
1844adventista
1844ad
1844WHITE
1844May23
1844995
184499
1844989
184497ah
18449784111188
18449767
184497610
184496
18449266
184490
18448a
1844883
18448716
18448673
18448575
18448397
184483
18448099
18448021
1844800
18447954
184475p
184475a
18447445
18447416
18447388
18447216
1844711
18447012
18446979
18446953
184468
18446652
184465163604
1844635321
18446288
18446023
18446
18445andrea
18445777
184454
18445375
18445280
18445264
18445247
18445195
184451891
18445012
18445
18444932
18444778
18444741
184447
1844467
18444660
184446
1844459010
18444486
18444453
18444342
1844423
18444
1844395
18443941hrach031
18443895
18443815
18443753
18443735
184437
18443663
18443654
18443572
18443419
18443370
18443366
18443219
18443147
1844291
1844281926
1844279600ben
18442627
18442605
184426
1844256532
184425
184424
18442385
184423777
18442303
184423
184422532
184422
1844210
18442
18441997
1844197205
18441957
184418jd*
18441895
18441860
18441824
18441813
1844180137
18441672
18441659
18441638
1844162
1844154
18441503
18441480
18441466
1844142
184414
18441322
184413
184412
18441165
184411
184410392303
184410
18440958
18440937rosa
18440937elizabeth
184408bnh
18440882
184407134200
184407
1844064
18440623
184406
1844055
18440422
18440420
18440396
184403
1844018710012679
18440175a
18440173
18440112
184401
184400lily
18440096
184400636
18440000
1844.42326
1843map
1843james
1843idc
1843ic
1843heart
1843green
1843cute
1843belden
18439439
184391
18439089
18439051
184390
18439
1843895
1843888
1843875
18438552
18438255
1843812
1843801
18438
184379
18437873
1843762
184376
1843755
184371
184370
18436naniz
18436940
1843690914
184368
18436744
184366bea
18436674
18436673
184366
184365az
1843657q
18436572p
18436572kp
18436572jc
18436572gm
18436572b
18436572A
184365729
18436555
184365
18436410
184362856
18436231
1843617
1843613adr
184360daniel
18436052
184360
18435rl
18435NA
18435946
18435901
18435769
18435749
184357
18435646jw
1843555
18435528
1843549
1843543
184354
18435396919
1843537
18435359
1843531032
184353
1843521
1843513
18435122
184351
18435005
18435
18434948
18434917
18434906
18434802
18434538
1843448
1843444
18434352yaya
18434352
1843424
18434203
184342
18434152
184340katie
18434
18433j
1843382
184338
18433786
18433691
1843361
184335466
184335
18433404
184334
184333
18433277
1843323220
1843322
1843320
18433120357
184331
184329
184327
18432671
18432451
184323t
18432274
1843218432
1843214
18432094
18432
18431990
184319
18431897
1843178
18431769
18431750
18431732
184316991989
184316643
18431590
1843141724
1843137
18431365
1843129
18431275
1843127234
18431242
1843122
18431107
18431055
1843101
18431006
1843100
18430stick
18430914
1843089
18430841k
184308
184307
18430638
18430407
18430382
184300
18430
1842wam
1842tx
1842st
1842sb
1842msflow2788
1842mascotin12
1842lg
1842har
1842dustin
1842dd
1842cb
1842burton6787431
1842DD
18429897
184298
1842969
18429598
1842953063499
18429366
18429317
1842930a
18429294
1842927
1842918429
1842918
184290
1842896b
1842895487
18428700
18428588
18428577
18428439
18428369
184281173
18428111
18428086
1842794
184279
18427824
184277
1842739o
18427332
184272
184271
1842707
184270
18427
184269
184268mk
18426895
18426892
18426868
1842684
184267mota
184267
18426617zap
18426483
18426340
1842623
18426167
184261
184259
18425870
18425843
184256leo
1842561201
184256
1842540
1842538
1842537
18425369638
1842536
18425359
1842535
184253300789
1842532
18425317
1842531
1842530
184252935362
1842529
1842526007
184252
184251a
1842516
1842505
184249TH
184246907
184245g
1842454
184245
18424423
18424388
1842424
18423n
18423958
1842395
18423948
1842392
1842387
18423824
184238
1842374
18423692
18423598
1842355344
184235
1842347
184233
18423269mbag!!!
1842325
18423241
1842310
184230
18422jann
18422807
1842274
1842255
18422344
184223
184222@gems
18422105
184219789
18421860
18421803v
184218
184217
18421530
18421516
18421459
18421389
184213591
18421271
1842123
18421147
18421077
18421021
184210
184209212532
18420817
1842080286
1842075
18420735*
18420661
18420580
1842041
1842037984
1842032
1842029
1842008
1842007
1842006
1842005
1842004
1842003
18420021719
1842000
18420
1841vp
1841bm
1841apm
1841alb2
1841ag
18419rds
18419965
1841995finh
1841992_123
18419904
1841989777
18419866
1841986224
1841986.
1841983
1841982ioanna
18419824872
18419822
1841981
1841980581
18419786
1841974
1841971
18419701970
1841970
184196a
1841966
1841965
18419648
1841963
184196200000
18419538
18419413kren
184194
18419372
18419347
18419182
184191
184190
18418916
18418837
1841883
1841878525319390
18418766
18418606
184185VIP
18418570
18418569
18418557
184185
184184pale
184184h
18418418
18418402
18418280
1841826368
1841804
18418036**
18418007
1841800057963
1841800039973
1841800036281
18418
18417982
18417853
18417841
18417790
1841768
18417649alfa
18417640
18417533
18417486
18417460
1841733
184172r
18417277
18417262
18417195
18417194
18417192
18417143
184170TORRES
18417048
18417025ROSY
1841700100735
1841700086457
1841700082834
1841700082095
18416d
18416937
18416810
18416775
184167
184166LK
18416674
18416612
184166
184165
18416351
18416231
184162
18416180
18416112
1841610
184160jk
18416007
1841600080678
1841600064117
1841600047425
1841600046232
1841600010319
184160
18415999
1841577
184157292
18415716
18415615
18415612
184154
184153a
18415348
18415321
18415267
18415111
18415089
1841508
1841500138666
1841500101495
1841500078540
1841500074897
1841500069141
1841500036456
1841492405
18414881
18414852
184147d
184146456
18414637
18414611
18414560
18414523
18414368
1841436
18414331
184143
18414284g
1841427
18414237
1841410
184141
1841400012792
184140
18414
1841395
18413897
18413745
1841326327
18413258
1841325000
1841321
18413143344
18413111841311
1841302
184130
18413
18412960
18412926
18412670
184126
1841258
18412575
18412369
1841234
184123014
18412222
1841221082560
184122
1841219046353
1841216
18412154
18412111
1841211
184121
1841208225631
1841208
1841205
1841200038313
1841200014562
18412000006225
18412
18411836
184118
184116
1841154
18411506
1841143
184114
18411342
18411329
1841131
18411249
1841123
1841120450091
184112006
184112
1841118
1841106313556
18411005
1841100037463
1841100037269
18410946
18410895
184108
184106
18410503
184105
18410491
184104632017
184104036rong
184104
18410369
1841035
18410290
1841027
1841023261967
1841021545
184102
18410129194
184101105
184101
18410032
1841000048595
1840state
1840sms
1840see
1840rm
1840papi
1840oak
1840nomore
1840loveme
1840jfs
1840cc72e7
1840blue
1840TEAMOPOLLITA
1840Dolphi
18409wgm
184099
18409581
18409511
184095
18409302708224florin
184093
18409284
18409251
1840922100191
1840920190431
1840909350046
1840904902
1840903225907
1840900035707
1840900033691
1840900032473
18409
184085
18408488
1840845787
18408433
18408407
18408366
18408360
1840831151631
1840827115209
184082
18408167
18408151
1840811
184081
18408083
184080168
1840800052049
1840800047185
1840800046774
1840800044470
1840800033648
1840800006586
184080
18408
18407860
1840765
184076
184075
18407393
1840734
1840725160012
1840719210315
1840719100188
1840718407
1840717385621
184071
1840707375485178638
1840707375485
18407051
1840701323948
1840700041746
1840700036122
1840684
1840681
1840680
184066
18406566
1840656
184065
18406469
1840632713
184063
1840625324825
1840615
1840613
184061121812
1840600096417
1840600092331
1840600090150
1840600063250
1840600057934
1840600056288
1840600016111
184060
18406
18405737
184056L
18405628
184056
18405561
18405368xxxx
18405364
184053013
184052gr
18405181
18405089
184050628
1840506250066
184050
18404bru
1840499
184047
18404664
18404544
18404350
1840428013647
18404221
1840400052891
1840400049211
1840400046963
1840400045185
1840400044642
1840400038677
1840400008042
184040
18403982
18403949
184039
184038hsa
18403625
1840362
184036
18403550
18403302
184032omg
1840327
1840326124422
184031671206
1840315132823
18403131700302008
184031190204
18403106
184031
1840305134135
18403042
1840303440053
1840300047160
184030
18403-00038-004
18402lk;l;p
18402e
18402947
18402841
1840274
18402695
18402662
18402583198413
18402488
18402351
184023
18402231
18402202
1840216
184021
18402045
1840200146395
1840200110111
1840200108469
1840200003942
1840200003594
18401too
18401982d
1840198+-
18401963
184019
18401840b
18401831
184018
184016
18401404
1840138599
18401370
1840131778
1840131204996
18401304
18401263
18401258
1840122351
1840117
18401131
18401069
1840100517421
184010048222
1840100463267
1840100462627
1840100453181
1840100450459
1840100442120
1840100437240
1840100420304
1840100413987
1840100413979
1840100412
1840100399453
1840100395172
1840100388931
1840100371281
1840100368582
1840100359184
1840100347828
1840100347127
1840100337202
1840100331239
1840100330402
1840100330062
184010033
1840100329366
1840100321772
1840100318291
1840100307567
1840100304355
1840100295739
1840100289496
1840100265244
1840100263021
1840100259155
1840100255907
1840100245341
1840100244832
1840100242619
1840100226401
1840100225994
1840100216731
1840100212957
1840100210431
1840100207163
1840100203494
1840100202391
1840100194398
1840100187766
1840100181300
1840100178643
1840100176845
1840100176721
1840100164057a
1840100155899
1840100151591
1840100141693
1840100140905
1840100083201
1840100079
1840100062718
1840100061100
1840100060847
1840100056785
1840100043641
1840100027
184010000299
1840072
18400563
184005176815
184004
1840032
18400303
184003
1840027169
18400269
18400255
1840021
18400168
184001
184000s
184000c
1840
184/an+c*520
184.5205
183yeah
183watson
183vkl
183v5n
183ur
183tank
183t5n
183t358
183sunil183
183sullivancourt
183sharif
183rd
183p990o010o156k2
183oneil
183nwebster
183new
183msz
183mossavenue
183money
183mlp
183manzanas
183love
183leah
183lanai
183kirantamu
183kirangurung
183king$
183king
183kinfo
183jub375
183hunt
183h927h
183grexita
183go
183gbr
183gang
183g-bow
183ferro
183e98st
183dundee
183dhoni
183crofton
183creston
183coffee
183clubilu
183club+7f
183clipper
183cillis
183chris14
183chard
183cavite
183c30
183bronx
183boy
183bbb
183basui7c
183barryroad
183b183b
183az418
183avondale
183askalako
183animes
183amar
183V5N76
183MDK
183KIORARD
183Honeywell
183Garit0
183CROTONA
183CLUB
183@jkln
183@GV
1839vd
1839lv
1839li
1839aa
1839LV
183998828
18399866
18399822
1839980
1839971
18399640
183995a
18399596
1839955
183994484
18399257
18399240
1839915a
1839903253
1839900399731
1839900375298
1839900352255
1839900333781
1839900324341
1839900317590
1839900314132
1839900313152
1839900309961nut
1839900306806
1839900306377
1839900300280
1839900298641
1839900297955
1839900296423
1839900295936
1839900293071
1839900288689
183990028513
1839900280688
1839900277032280
1839900271123
1839900269994
1839900269731
1839900266511
1839900262990
1839900262247
1839900256507
1839900255004
1839900247401
1839900238843
183990023804
1839900233540
1839900232004
1839900226721
1839900226284
1839900222661
1839900221860
1839900219024
1839900217188
1839900216963
1839900209860
1839900209
1839900208707
1839900207468
1839900206623
1839900202563
1839900199813
1839900199317
1839900187319
1839900184671
1839900181060
1839900180829
1839900178352
1839900176872
1839900171374
1839900170602
1839900162138
1839900158688
1839900157401
1839900155654
1839900151063
1839900150431
1839900149816
1839900149603
1839900146655
1839900145489
1839900143486
1839900142293
1839900141785
1839900138873
1839900133740
1839900131038
1839900124988
1839900124538
183990012407
1839900122462
1839900117175
1839900114524
1839900113048
1839900103816
1839900094809
1839900046260
1839900039255
1839900038836
1839900036922
1839900036060
1839900033222
1839900031637
1839900001665
18399
183989
18398882
18398814
18398657
183986
18398584
183984
18398177
18398155
18398070447555
18397936
1839789
183976
183975
1839746
183973
1839720
1839718
1839696
18396957
183969
18396834
18396830
18396813
183967r
183965
18396407
1839633
18396323luli
183963
183962
18396142
18396137
18396101
18396040
18396024
18396
183959
18395805
183958
18395739
18395732
18395704
183956
18395569
18395510
1839526
1839513
18395
18394p
1839498
18394976
1839492
183949
18394878
183948
183947AS
1839477lic
18394577
183944cc
183944
18394357
18394262
18394236
18394180
1839415
18394012
18393cchhaayy
18393918
18393865
18393564
183934355034238
18393411
183934
183932332
183931b
18393033
183930
183929195
18392844
183927546
18392750hg
1839274862
18392746
18392712305
183926
18392597
18392485
18392468
183924524m
1839223
183921
18391maik
18391g
183919
1839182
183916aa
18391522
18391520
1839124
18391213
183912
183911b
1839118391
18391131
18391055
18391025
18391008
18390jaz
18390550
18390370
183903
18390299
183902101993
18390132
18390125
18390052
1839002243143
183900200200
18390
1838perth
1838mb
1838goya
1838e63
1838alejandra
18389f
18389anf10
18389824
1838979258916356
18389613
18389606
18389409
183894
1838938
18389358
1838935
18389268
183892
18389186
18389155
1838910
18388900
1838835
183883
18388230
18388164
18388
18387p
183877
18387599
18387588
1838751
183875
18387448-9+20/04
183872
1838715
1838700
18386988
1838689
1838685
183868
183867
183864123
1838623
1838620
18386117
18386
18385a
18385974
1838591
18385786
18385750
1838564
183856
183855562121
183855
1838535
183853
18385288
1838523
183851
183850
18385
18384k*06
18384bec
18384931
18384847
183847
1838456
18384468
1838425
183841
18384081
1838400
18384
183838
1838366
1838357
183835
18383472
1838336
1838322
18383210
183832
1838318
1838314
18383123
18383043
183830
18382roxie
18382923
18382758
1838274010
183827
18382674
18382433
183824
183823i
18382381
18382358
18382308
18382214
183821t
18381t
18381k
18381978
183819371634
1838190
183819
18381889
1838187
18381838m
1838183
18381789
18381713
183817
18381697
183816
1838157
18381526
1838151942
18381497
18381284
1838127
183812
183811jun
18381161
1838101838101838
183810183810
1838101838
1838101799
183808kp
1838087
183808
1838045
1838033
1838025sosobm
183801234
18380084
183800195
1838000
183800
1837smork
1837renee
1837pisces
1837nard
1837loc
1837lee
1837kool11
1837holly
1837gordoteamo.
1837flower5566
1837e
1837arhs
18379852
18379559+-*/
18379513
18379456
183794
1837935321
18379323
183792star
1837926r
1837926
1837925
1837924865
1837924682
1837924650
183792462846
18379246
18379245600
183791a
18379183791
183791665
18379155
1837915381973
1837915
183790
1837881737
183788
183786j
1837868
183786
18378582
18378442
18378370
183781219628
18378115
183781
18378066
18377b
18377983
1837797
1837788
183777
18377576
1837754816
1837739
1837705
1837701
183766
183765edr
183764
18376194150153
18376120785
1837606121489
1837603
18376
183759
183757
18375602
1837545
183754
1837530099
183753
183751
183746557
18374650
1837454
18374445
18374195
18374188
1837412
18373954
183738
18373682
18373569
183734
183732899281011
183731
18373
183729mg
183729REA
18372982
183729789
183729761
18372964
1837296/*-yav
1837295ewc
18372950
183729486426
18372948625
1837294685
183729465
18372945625
1837294560123
183729456.fk
183729132465
18372913
183729000
183728571
18372613
18372549
1837252
183725
183724196
18372218
1837218
183720
18372
18371937
183717
183716
183715sh
18371313
183713
183712
18371105-9rut
18371
18370nt6810
18370mendoza
18370851886
18370834
1837079301
183707
183706
1837059
183704
18370365
18370183740
183701
1837007
18370
1837-1837
1837
1836zixzax
1836johnsmith
1836faunce
18369son
18369s
18369928
183699
1836985
18369831
183697
18369667
183696
183695
18369469
18369354
18369340josmary
183690kg
1836907
18368880
18368816
18368806
18368605
183685765
183683945
18368363
18368277
18368215bc
18368183
18368159
18368135
18368132
18368054
18368038
18368004
1836799
18367921
183679
183