2808
18252772522
182527182527
18252710
1825266725
1825264677
18252600
18252598
18252550
18252546
18252537
18252534046860
18252527
18252525
182524wei
182524hum
18252425
182524105
18252409
18252328
18252327
18252326
18252305
18252257
1825224619
18252239
18252224
182521r
1825218001
18252179401
182520866549309
18252063
18252003
18251dhdp
182519p
1825199006
18251990
18251988nan
18251986
18251970
18251926
182518711
18251861512
18251826
1825181800
18251704
18251611
18251602
1825152
182515131
18251426
1825141trttr
1825141
1825137
18251307
182511619
1825114rj
18251147
18251141825114
18251119
182510d
18251089
18251066
18251064
18250m
182509tay
1825092
1825085jay
182506360
18250617
1825052907
18250510
18250502
18250425
18250405
18250305
18250205
18250201
182501702
18250114
18250020
1825001
18250
1825-duffy-83869
1825 geiger
1824yuiza
1824wilson
1824u2nv4569
1824tulane
1824tu
1824tray
1824srb
1824sm
1824skate
1824roxy
1824robin
1824oiic
1824noopiar
1824niggita
1824mos
1824mbjr*
1824m
1824luv
1824lupita
1824lugo
1824leo
1824la
1824kmt
1824jose
1824joma
1824hj
1824hh
1824hemloc
1824hd
1824hart
1824gonzalez
1824fer
1824eo
1824el
1824ej
1824dime
1824dan
1824cap
1824bob
1824am
1824a
1824_LEX
1824Peedro
1824LIF3
182498baby
18249891
18249849
18249823
18249794
18249748rlgh
182497249997
18249714
18249693
18249681230986
18249678191
182496
18249594
1824958
182495
18249497
18249437
18249336
1824931262084
182493097512230
18249290
18249275
18249259d
18249208
18249178
18249158
18249123425
18249071
18249020
18248983
18248954
18248944...
18248930
18248908
18248896
18248888
18248887
18248866
18248849
18248828
18248823
18248815
18248804
18248772
18248727
18248716
18248707
18248704
18248703
18248698
1824869
18248659
18248457
18248444
1824844
182484234941079
1824842
18248339
1824833
18248324
182483
18248285
18248283
18248259
18248209j88
182482
182481950galare
18248186
182480z
18248086
18248081
182480
1824796
18247932
18247909
1824790
182479
18247880994
1824788
18247846
1824781
18247758
18247728
18247667
18247646
18247610
182476
18247599
18247562
18247539
18247445
1824744
182474
18247385
182473
182472cr
18247225
182471995
18247166
18247158
18247005g
18246918
182468y
18246892
18246859
18246775
18246771
18246736
18246726
18246677
18246676
18246663
18246637
18246605
182466
1824659730
182465793
182465241405.
182465
18246480
18246431
1824638
18246360
18246326+
18246247
18246237
182462169
182461b17174
182461b
18246194
18246138
182461
182460
1824593
1824585
18245848
18245847
18245839
18245833
18245822
18245818
182458
182456937
182456562
1824563
18245545
1824551
1824550216
182455
182454
18245383rea
18245149
182451
18245078
18245042
182450*me
182450*kwan
182450*ja
182450*aod
182450
18244984
18244932
182448mcx
1824482
18244728
18244704
18244702
18244693
18244689
18244598
18244580
1824457066
18244505
18244417
18244412
18244385
18244368
18244327
18244317
18244305aleirbag
18244292
1824412093
182441
182440
182439
18243821
1824381
18243767
1824374
18243715
182436sk
18243611
18243553
18243538
18243402
182433BALLUursu
18243364
1824329
1824328
1824326
18243216
1824321456
1824310
18243095
18242909
18242856
1824281
182427913
18242728
18242708
182426mm
182426madioc
1824261408
182425rm
18242535
18242531
1824252830
18242528
18242525
18242524
18242522
182425205
18242513bf
182424a
1824247002
18242395
1824237047gu
1824233l
18242336
18242303
18242228
18242160
1824212224
18242113
182420l
1824202112
18242009
18242006
18242
18241kg
18241jana71
18241blink
18241992jb
18241988
18241987hanez
18241983
18241980
18241972jfrf
1824185
18241821122830
182418(L)andre
182417ok
18241791
18241730*
18241725
18241675
1824167
18241644
18241624eva
1824159
18241576
1824157
18241522
182415197507506
18241517NOFX
18241515
18241495cat
1824144
1824141486
18241377
182413182413
18241229
18241225
182412028
182412
182411983
18241182
1824118
18241165
182411513
1824114730
18241133
18241121
18241118
18241112
18241111
18241067
18241029
18241000
18240995
18240973
182409092418
18240907
182408091
18240709
18240706
18240604
182405092086
182404s
1824042006
18240409
182403aya
18240305
182403
18240291
18240277
18240256
182401271614
1824009
1824003
1823wailer
1823superman
1823sexy1823
1823re
1823op
1823nina
1823mom
1823mm
1823mike
1823mg
1823lore
1823lineth
1823lena
1823ld
1823kungkinglov
1823kltl
1823ja
1823isabel
1823emma
1823dave
1823ct
1823cspj
1823cbw
1823blink
1823bjkc
1823barrington
1823am
1823_karina
1823JC
1823BHK
1823AD
18239848
1823979
1823964
18239621
1823960
182394daya
182394
182393
182391
18239
182389m
1823899a
18238982
18238977
1823892
182388g
18238888
1823879089
18238722
182387
182385
18238260
1823825
18238243
182382310
182381h
18238108
18238103
182381
18238082
18238011
182380
18237989
18237908
182379
18237885
18237830
18237816
18237803
182378
18237688
1823766tr1
18237615
18237611
18237542a
18237511
18237506
18237333
1823731
18237210ch
18237192
18237143
18237090
18237004
18237++
1823695963eptv.
1823685
182368
182367n
18236732
18236522
1823641
182364*13
18236380
18236325
182363
18236281m
18236271
182362
1823611429
182361
18236
18235jk4
18235996
18235983
18235939
18235916141
1823591
182359
182358796355
18235875
18235843
18235804
18235782
18235772
18235748
18235710
182357
18235630
182355r
1823559
18235568
18235555
18235473
18235457
18235450
18235447
18235432
182354
18235286
18235281
18235249
18235236
18235168
182351
182350
18234ever
182349rlh
18234968
18234965
18234951
18234923
18234804K
18234796
18234728
182347
1823465123
18234581
18234567
18234531more
18234531
182345011
18234404
182344
182343h
1823428
18234121237
18234068
182339425161
1823394243R
1823385v
18233859
1823373
18233707
18233634
18233631
182336
18233503
182335
18233495
18233472
182334527melek
18233442030
18233344
18233301
18233281
1823325
182332
18233167
18233129
1823310099
1823305
18233033
18233032
18233000
18233-18233
18232sjk
18232973
182328m
18232839240786
18232830
18232829
1823277
18232747
18232717
1823269
18232680
18232668
18232623
182326213j
18232599
18232532
18232527amb
18232527
182324656091
18232426
1823237
18232321
18232312
18232309
1823230
18232265
18232264
18232219
182321343josema
18232123
182321
182320m
182320315
18232029
18232
18231aw
18231996
18231991
18231990
18231988
18231964
18231924
182319148
18231913
18231880
18231858
182318231823
18231819
18231737HellsinGPM
18231696
18231669
18231664
18231639
18231607
182315c
1823156
18231559
18231538
18231522
18231489
18231439rq
182314387886
1823143
18231415
18231385
18231315
182313111
18231304
1823125
18231226
18231135
18231107
18231098
18231023
18231012
18230m
18230925
182309187
18230907
18230905
182307124
1823065
18230631
1823063
18230569
18230555
18230554
18230536
18230476
18230442194
18230422
18230405
18230358
18230225
18230203
182302
182301620
18230128
18230105
1823006
18230
1823**+
1823*
1822yoamoaRoberto
1822ya
1822vj
1822val
1822tsst1151
1822teljo
1822teamomiamor
1822s39thst
1822raji
1822pm
1822pepe
1822nick
1822newlc
1822mtp2006
1822micki
1822mama
1822mab
1822love
1822killer
1822jv$$
1822jo
1822jc
1822iv
1822isabel
1822ipod
1822imhot
1822hermy
1822erikayitalo
1822db
1822da
1822creek
1822copenh
1822cielo
1822ceje
1822ceJE
1822caprichosa
1822ca
1822bv4
1822blm
1822bd
1822arleny
1822andy
1822aidan
1822NIKOS
1822995546
18229918
1822986
182298
18229726
1822970818912417
182297
18229583
182295
18229495
18229464
182294
1822934
182293
18229283
1822926
18229256
182292
1822917321
1822914611
182291
182290E
18229047
18228jj
18228993
18228772
18228736
182286587
1822844
18228428azul
18228321
18228148
1822810
182280611jose
182280011004
182280
18228
182279b
18227990
18227918mgrm
18227912
18227898
18227871
182278670
18227846zccm
18227627
18227610
182274123827391
1822737662
182273
18227299
18227216
1822713
182270813
18227081
182270758897261
182270485
18227
18226m
182269HN
182269
18226863
1822685
18226839
18226710
182266945
18226664
18226607
182266
182265Shemar
182265905337874
1822659
182264
1822637
1822636
18226255
1822620
182261992
18226098guns
18226
1822597
182258m
1822586
182258447
18225824
1822582007
182258
1822576
18225722
182257106
182257
18225664
182256
182254867
1822542si
1822538
1822537
1822536
182253535863
182253514
1822534
18225330055
1822530
182253
1822528
1822527
1822525ra
1822525
1822520
182252
1822518225
1822517
182251213
182251
182250nn
18225056
18225
1822493
1822480
182248
1822471
18224640
18224614
18224537
182245
1822446
1822444
18224432
18224423
1822439518224395
1822430
182243
1822426
182242
182241
182240195
18223989
18223923
18223919
18223877
18223820258
182238
18223791
18223789
18223503pelucaaa
182235
18223488
18223484adrixtqm
18223477
18223434
18223423
18223402
18223397
18223312
18223310
182233
18223142
182231309
182231240403202
18223117
1822306
18223033
18223007
18222carolina
1822292
1822286
18222835EVA
18222833
1822272931
18222727
18222724
18222720
18222712
18222709one
18222629HK
18222569
18222529
18222525
182224122721756
18222411
18222405
18222390edcp
1822238
18222344
18222324
1822232
18222289sami
18222288
18222238
18222228
18222222
18222218
1822220828
18222196
1822217
18222143
1822214.
18222113
18222034
18222030
18222024
1822201994786ac
18222011
18222008
1822200507121992
182219882
18221987
18221977
18221967
18221961
18221844
182218391
18221822m
18221812
1822177reg
18221779
1822170grace
182217
182216fefe
18221613
18221602
1822159840
18221586
18221577
18221524
182214nh
18221417
1822140210
18221359
18221343
182212dk12
182212478
18221237
18221222
1822121545
18221210
18221203121
182212004
18221085
18221003
18221
18220em
1822094
1822090
182208
1822072
18220625
182205ray
18220515
18220486
18220432x
1822040506
18220391
18220387evyigal
18220384652
18220313
18220292
18220211
1822021
18220181
18220145
18220123
1822011928
1822004
1822002
18220000061
1821xxi
1821x
1821wind
1821whit
1821va
1821urena
1821tristan
1821tom
1821teko
1821tc
1821studmu
1821ss
1821sn
1821sexy
1821sept
1821sccr
1821sc
1821rs
1821ro
1821rj
1821racefan
1821pr
1821pass
1821op
1821o7o3
1821mr
1821mita
1821miller
1821mayc
1821mal
1821mado
1821ma
1821m&r
1821ljas
1821lb
1821kj
1821kenny
1821jrzjohn
1821john
1821jo
1821jk
1821jj
1821jh
1821jd
1821george
1821fl18212
1821fey
1821faan
1821elmp
1821dw
1821doi
1821do
1821dk
1821darc
1821dap
1821dance
1821cr
1821cmg
1821clm
1821cjc
1821ch
1821bt
1821brok3n
1821black
1821bj
1821beta
1821ap
1821allday
1821aca
1821a134
1821_troso
1821_185705331
1821MAG1821
1821LOVErock
1821LOVE
1821LESLY
18219p
1821994kadok
1821993car
18219915
182199
1821989h
1821989M
18219899
1821987blink
182198700
18219841821984
1821984
182198
182197
182196
1821957
18219558
1821955
1821954
18219519
18219493k
18219409five
182193
18219194
1821917
1821913
1821900
182189as
18218946
18218941
1821887
18218813
182186j
1821847
18218415
18218413
182184
18218386
182182r
182182pppp
182182pitufa
182182n
182182m
182182MM
1821828
1821827
182182456
1821823
18218222
182182182182
182182159159
1821821
1821820
182182"
182182!
182181ab39
182181990
1821818
1821816
18218083
182180
182179633
18217944
18217824
182178
1821778
18217618
182175
1821741
182172167
1821718216
1821706
182170251982
18216g
18216flathead
182169a
18216983
18216939
1821671439
1821663
1821661
18216545
182165
18216342
182163
1821627
182161as
182161929
1821614
18216113
1821603
182160
182159jrk
18215923
1821586
18215816
18215803
182157
18215653
18215640
18215511k
1821536
1821534
182153
1821527100
1821521
1821518215
182151160
182151
18215
18214life
18214ever
182149
1821485
1821484
182147ishukh
18214758
1821456
182145
18214496
1821447
18214341
182143
18214287890506
1821423
182141m
182140
18213badboy
18213951
18213945
18213897
18213889235
18213830
18213810
182138
18213723
182137
18213647
1821359486780
18213581993
1821340
1821333
18213303
1821329
1821325f
18213236
18213210
18213205
182131987
18213167
18213132
1821312513
18213111
18213103
1821305j
18213
18212nasty30
18212958
1821290694
18212903
18212895
18212865
18212864
18212860jtd
18212854
18212808
18212805
18212754100688
18212719892007
18212700
18212679
18212669
18212666
18212627
18212552
18212520
18212518
18212430
18212427
18212408
18212339
1821233
1821232729
18212320
18212312
18212293
18212278
18212262
18212259
18212251315
182122251315
182122216
1821222
18212208
182121now
18212183
1821215384794
18212130
182120a
1821208518
18212085
1821208
18212070270587
18212030
18212023
18212021iluvu
182120169
18212006rulz
18212006
18212003
18212#
18211995
18211991
18211985
18211977
18211975
18211962
18211933
18211925
18211912
18211911
1821182218231824
18211822
18211821d
182118211821
18211789
18211752
18211716
18211688
18211620
18211613
182115rjamor
18211529
182115091591
1821133
1821131723
18211281
1821123295891
1821121
18211200
182111s
18211185
18211175lok
18211175
18211111
1821111
18211107
1821109
182110661648608
1821102815933235
18211028
18211014
1821100j
1821100
18210tw
18210991
182108iz
18210860
18210808
182107tweety
18210791
18210781viki
18210712
18210610
1821060203
182105303018
182105//
18210323
18210313
182103025
1821023330541
18210219
18210160
18210123
1821004
18210000
1821000
1820y
1820xyz
1820wcb
1820vans
1820trangu
1820tp
1820tiana
1820te
1820sonny
1820nascar
1820myheart
1820mm
1820mk
1820mike
1820me
1820ma
1820lovely
1820lola
1820kyle
1820klw
1820klem
1820kj
1820jm
1820jlp
1820jettasentra
1820jen
1820je
1820ivan
1820irem
1820hotmail
1820gv
1820gibbs
1820emr
1820dg
1820des
1820dam
1820crystal
1820cel
1820bp
1820barrios
1820azul
1820at02
1820anitra
1820angel
1820aframe
1820ac
1820_DIXIE
1820Las
1820GABY
18209love
1820996
182099
1820982
18209752
182097063
182097
182096
182095jc
182095
18209360
182093
1820926324806
18209194
18209052528
1820900
18208ale
182089
1820885
18208703
182086nts
18208685.1
182086
18208536
18208482
18208211820821
18208165
18208000771811235
182080006481
1820800053444
1820800053266
1820800037104
1820800036035
182080
182079
1820789
1820783
18207829910473
182077422
18207737
18207711
182075
1820731a
18207318
182071190
182070853031284
1820706420039
1820704511606
1820704394467
18207033
1820700037722
18206c
18206996
18206742706
182067
182066mg
182066aam
18206600888905
182065
18206363
18206329
18206242
1820617586538514
182061
1820603
1820602360047
1820600036872
182060
18206
18205925
18205882tavito210689
18205786
182057
18205654
18205616
1820561
182056
18205593
182055
18205493
18205467
18205443
18205423
18205417
1820540
182054
18205353
1820531020095
1820522
1820519385561
182051136
182051
18205074
18205055240
1820503226756
1820500096873
1820500095346
1820500079
1820500072222
1820500069027
1820500065765
1820500061557
1820500056511
1820500054429
1820500035807
182050003376
18204913
18204859j
18204721
182045163
182044
18204340
18204318
1820425270017
182042
182041dl
18204145
1820407ss
182040005832
1820400041139
1820400038901
18203957e
18203923
18203915
182039
18203896x
1820387
182038317
182038
182037
1820369
1820353738394043
182035
182034jjg
18203459140688
18203456
18203336
182032
18203175
18203125
18203109
182030vic__
182030k
182030c
1820307
1820305070021
18203023
18203015
1820300022167
18203
18202925
1820290
182028687
182027tb
182027t
182027m
1820272m
18202705
1820266??
1820253639
182025334
18202532
18202530
18202528
18202527
18202526poo
18202522
18202520
1820252
18202518
18202501
182024kyo01
1820244919176158
18202430
18202406
1820238
182023666
18202307
182022naval
18202277
1820225
18202227
1820222527
1820220666
182021;
18202197
1820215
1820213350051
18202129
182021265
18202125
18202124
1820212260043
1820212020088
1820211296342
182020rm
18202098m
1820206
18202034300131982
18202020
18202007
1820200034007
18201apd
18201985
18201982
18201981
18201977
18201918
1820189
18201821
1820182013
18201807
18201795KEA
182017
182016ac
1820152345
182014mh
182014m
1820145019
18201449
182014201816
18201417
18201369
18201326
1820131
18201289
18201250
18201231
18201225
1820114100151
18201122
18201115
18201103
18201101
182011006
18201085
1820108035348
18201070
18201033
182010258
1820101
18201000
1820100
18200tdi
18200cat
182008ang
18200897315068
18200823
1820082
182007chris
18200723
182007207
182006SSL
18200688
18200641088cris
18200621121988
18200525
18200522364542
182005...
18200499
18200428
1820042537
18200409
182003ys
18200386
182002m
18200266
1820022516
18200215
18200210
182001a
18200187
18200179
182000b
1820007
18200055
182/418530
182-190inc.,
182 44
181ยบ985
181wsl
181waratah
181vinest
181tuamorpal
181toast
181tatoo
181sss
181sorcha
181shell
181rossroad
181racing
181ra
181puma
181oreo
181o63718
181npb
181naninoni
181n5th
181lmchmc
181lbs
181jesus
181jdc
181jaja813
181jaja
181homo181
181gunit
181green
181g13a
181e07
181dms
181daly
181cpl053
181cool
181c18
181bonest
181aseel
181allday
181adamsrd
181Jlb3551
181@iBi
1819valentina79
1819to
1819taz
1819sb
1819sana
1819sa
1819richard
1819raquel
1819rakic
1819potter
1819oops
1819mrj
1819milby
1819m13psk91
1819lynn
1819js
1819jose
1819jayb
1819janda
1819hv
1819hms
1819fdfcwatekedpo
1819dsantafestreet
1819baby
1819anthony
1819amg
1819am0188on**
1819alba
1819aj
1819RICHARD
1819MYR
1819LVP
1819FF
1819AF
18199carinafrazao
18199_281232
18199944d
1819993
181998z
181998d
181998Z
18199860
1819973667
18199648
18199613
1819961
181995joceher
1819958
18199559586864
181995522881
1819953
1819952266
18199518
18199512
1819950
181994chicosci
181994300
1819943
18199429
18199406
181993miro
181993kl
181993gregory
181993bok
18199330
1819932707165
1819931230
181992ma
181992capricornio
181992b
1819927538
1819926756
181992412
1819924
181992181992
18199215
18199208
18199203
181991h
18199193
181991337
18199126
18199122
181990aly
181990;cr
1819906
181990241984
18199015
18199009
18199007
1819900223030
1819900180365
1819900161778
1819900145586
1819900131208
181990013057
1819900128169
1819900125526
1819900124066
1819900111371
1819900109261
1819900104561
1819900087837
1819900083921
1819900081685
1819900079371
1819900078978
1819900067895
1819900067241
1819900066503
1819900059
1819900051000
1819900008495
1819900008015
1819900002874
18199
181989solecita
181989joe
181989c
181989_ana
1819893
18198924
18198913
1819891116
1819891
181988kote
18198892
1819885
18198807
1819880
181987nezo
181987m
181987jb
181987figo
18198788
18198755
181986maryo
181986markoloko
1819865
1819861975
18198618
1819860
181986.dolv
18198552447
1819852528
18198503
181984peypey
181984ma
181984NUR
18198485
1819845
18198421anos
181983pv
181983passpass
1819835
18198305
18198288
18198229
1819822
18198103
181980mo
181980Ms
18198023
18198012
1819801004
18197r
1819799
1819795
18197822
181977vg
181977m
18197741
181977181977
181976c
181976CHAPIS
181975pr
18197480
18197325
181972q
181970may
181968j
18196715
18196557/
1819641
181963a
181963964430
1819623
1819621114
1819611nita
18196112212
181960518981963
18196037
1819595
181959
181958680674
18195466
1819539p
1819512786
181950
18194m
18194km
18194949
18194914
181947
1819463
18194613
18194568
181945
181944w
181944
181943g-mann18_6
1819427
1819420013
181942
181941NaThAlIa
18194186
18194150
181941
181940r
18194063
1819395
181939
1819388
18193739
181936058lui
181936
1819350
181931jlsa
18193123
181931022204
181930z
181930s
181930ml
18193060
18193031
181929x
181929m
181929cl
18192913
181928npr
18192862399
1819283099
18192830
18192829
18192828718
18192818
181927ricardinho2
181927912
1819277
18192768
1819276
18192728
18192727
18192691312
18192650
18192623
1819261
1819259
18192550
18192533241
18192528
18192515
18192505
1819244
18192425
18192401
1819240
181923252
18192322
181922j
18192231
18192230
181922232526
18192215
18192206
18192124
18192123
1819212224
18192112
181920stefi
181920sezer
181920rst
181920mv
181920laurita
181920fr
181920ROCK
181920IM
18192048332211
18192025
18192022a
18192022
181920214854
1819202124
18192020
18192018
18192005
18192002
18191e
18191991199219
18191975
18191925
18191920
1819189
1819188
18191787ca
18191749500
18191742008
18191708
181916teen
1819166
1819164
1819160084
18191520
1819152
1819144
18191423
18191363
181912@hvs
18191281
1819127
1819125
18191235
18191225
1819121996
181911a
18191134
18191122
18191104
181910m
181910j
181910afonso
1819105p
18191017
18191016
18190HLC
18190917
1819091611
1819088992
181908083334
181907jl
18190790
1819073
18190717
18190634
1819061989
1819059866
18190520
1819051033
1819051
18190504A
181905043431
181904ng
1819048786
18190437
18190419
18190403
18190401
181904
1819031
18190295
1819025803
18190237
18190218
18190108
18190106
18190073
18190067maye
181900410
18190035
18190033
1819003
1818yuy
1818yi
1818yamilka2424
1818xv3
1818xoxo
1818x3
1818wy
1818we
1818tlazoa
1818thegame
1818stens
1818sann
1818rw
1818rtpl
1818rs
1818porter
1818oscar
1818oak
1818nuts
1818north
1818mv
1818morteytrinidad
1818mlh
1818meow
1818mela
1818max
1818mama
1818lumen
1818ltc
1818leo
1818laura1818
1818kimberly1209
1818kar
1818juanda
1818jpjp
1818jakie
1818hv
1818harris
1818gse
1818greg
1818garcia1212
1818ga<3
1818focus
1818eileen
1818di
1818d
1818cats13
1818cat
1818ca
1818c666
1818bb
1818alder
1818ako
1818aeiou
1818ad
1818a
1818NOV
1818MM
1818JM2
1818BO
1818BB
1818ASIA
18189bjrv
18189994
1818999
18189891
18189806
181898
18189791
18189789
18189786
1818974265
18189740
18189616
181896
181895kars
18189566
1818951
181895
18189432
181893
1818918
1818917
1818911232819
18189048
18189010853
181888flores
181886C
181886
18188484
181884789
18188451458
18188292p
1818821
1818818188
18188174oscar
18188118
1818804
18188026
181880
18187989
18187940
181878jo
1818789
18187836
18187831
18187818
18187766
18187758
1818771718
18187686
18187638541
18187631
181876
1818743455019435
1818743
1818733
181873
18187291
181872
18187184
1818718187
18186975
18186952167
18186944
181869
18186879
18186830
181867
18186628
181866
18186531
18186424
18186364
18186310
1818612
18186115
18186079
1818604518186045
181860200
18185=daf
18185995
1818573
1818567
1818564m
1818564025167sc
1818556099
1818554
18185500
18185418
181854
18185345
1818531
18185248
18185240caga.
18185211
18185141
18185113
18185076
181850
1818485
18184830
18184820
18184805
18184801
181847578
18184756
18184620
1818460
1818456
18184545
181845
18184302
181842954
18184295
181842612
18184152
181841110
1818407
18184067
1818405
1818390
18183849
181838
18183795
1818378
18183769
1818369
18183681
18183654
181834mr.nuninho
18183432
18183400
181834
18183381
1818337
1818334
1818332
18183308
181833
1818329
18183287
181832817
18183226
18183117
181831
18183067
18183053
18183030
1818303
18182955
18182929
181829098185
18182846
1818284
181828201
18182818
18182777
18182773
18182729
18182685
1818263
18182618
1818260973
1818259
18182543
18182536
18182532
18182529
181825151
18182469
1818242402
18182424
18182368
1818234
1818231
181822jja
181822inseparaveis
18182279
18182226
18182221k
181821s
181821kkg
18182190
1818218
18182121
18182112
18182020
18182008a
181820012001
18181m
18181R
18181D
1818198poi
18181989
1818197e
18181976
18181925
18181918
181818tink
181818t
181818sys
181818sgh
181818roniel
181818r
181818pm
181818mjak
181818labastidera
181818jb
181818ccc
181818b
181818a
181818S
181818M
1818188
1818187
1818185
181818441
18181819
18181818sl
18181818mp
18181818laurita
18181818d
18181818W
1818181818181818
181818181818
18181811
18181810
1818180536
18181803
1818180
181817989373658
1818171
1818163782
18181616
1818160
181815T
18181596
1818151588
18181515
18181470
1818145770994
181814101
1818139
18181313j
1818131
18181302
181812M
18181287793
1818128605
1818128
1818123
181812120106
18181212
18181189jcc
18181188
18181170
1818113
18181090
18181073pmc
18181020
1818102
1818101984
18181013
18181011
18180996
18180982
18180967
18180958_ll
18180909
1818086
18180844
18180824
181807497
18180721
1818070
18180678
18180659
181804a
1818049
18180404
181803498102
1818032
18180319
18180318110388
18180313
18180305ryl
18180271
18180221
1818021996
18180209
181802042708
1818018180
18180117
18180106
18180062
1818001
18180000
1818+-
1817tz
1817tcjcb1817
1817ss
1817son
1817rp
1817princess
1817mely
1817mani
1817joseline--------------------_
1817evelyn
1817di?
1817cb
1817White
1817KIDS
1817JOEY2011
1817994
1817982
181798
181797
18179648
181793a
181793
1817922
18179181
18179
18178899
181788450
181787
18178224426
18178153
181781
181780rb
181780772
18177lmt
1817798
18177965
18177942k
18177889
18177709
181777
1817765
18177592hm
181775
18177460
18177446
18177370emrich
181773271987
18177289020406
1817727
18177168
1817707
18177062
18177003
18176=094296430
181769
18176878
18176836
181768
18176789
18176771
181767
18176694
18176647
18176632
1817661
18176594
18176521
18176518
18176390
18176323DJ
181763
18176299
18176285
1817626290
18176129
1817611
1817610
18176067
18176065
1817600
1817597
1817581
181758
181757
18175493
18175490
181754
18175346
18175285
18175279
1817524
18175202
1817517185
18175110
181751
18175020
18174ahitiya
1817495777
18174932
181748i
181746
18174434
18174384628458914625]
18174366
18174320
1817430
181743
18174289
1817427
18174188
18174161
1817412
181741
18174049
18173877
18173867
18173784
18173781
181736930
18173597
18173567
18173529
18173526
18173407
18173397866
181733756
181733
18173265
1817326
1817325634
18173246
18173217
18173122
181731181731
1817310
1817309
181730631
18173050
181730102469
18172999
1817299
181728p
18172791
1817279
18172690
181726
181725540
18172531
18172528
18172425
181724048128
18172375
181723705150
18