28
15532770
15532571
1553250122
15532455
15532415
1553238766
1553238
15532365897
15532320
1553221
15532169+8686
1553210a
15532079
1553204
15532007
15531sa
1553199178737024
15531974
1553197172
155319
1553181
155318
155317
155315
15531477
15531333
155312171
15531195
15531121
15531
15530cherkhim
155309
155308
15530753
155307
15530608
155305thh
15530579
155305
15530392
15530337
155303025
1553028
1553015530
1553015309
15530087.
1553//ถภ-
1553-1708p
1553+66
1553
1552south
1552lolo
1552kr
1552kaa
1552bump
1552amor
1552ajl
155299ea
1552999
155299
15529738
15529690
155295205
15529494
155294
1552919g
1552918828
15529184
15529*
15529
15528nona
15528grady
155289
1552885254
155288
155287
1552868
15528644
15528578
15528478
15528415
1552829e
1552829
1552823
15528211346
155281011
155280
155278mrm
155278max
1552789
15527887
155277
155276541
15527600_loco
15527484
155273
1552715a
155271
15527093paz
155269
155267
15526599
1552654
1552644
155263help
155263148
1552623291
1552621
155262
15526
1552596
1552584
1552580
155258
1552562
15525613
155255355
1552553256
1552551
15525507
15525505
15525500
1552547
1552543
1552540
155254
1552537914
1552536
15525300
1552530
155253
1552528
1552527
1552524
1552523
15525215
1552521
1552520
155252
155251
1552503
155250
1552483
15524766
1552474309
1552468623
1552463978
15524628
155246
15524555
155245
15524340
155243
15524290
15524191738
1552415
155241
155240
15524.2010
1552390180
15523802
155238
1552369805
15523689
15523674
15523645
1552363
155235
155234
155233692
15523313
155232c
155232523_yoo
1552319
15523177
15523162frt1
15523156
1552315523
15523123456
1552310
15523094
1552307
155230
15522971
155228
1552275989
155226ae
15522638
15522571
155223663m
155223
15522241
155221430
1552206kissa#
1552203
15522
15521and
1552194
155219
15521848
15521728
155217
155216034
155216
15521570
15521565
15521552m
1552154949
1552152
155212333
1552122
15521180
15521138
1552112974
15520J
1552082
155208
15520711
155207
155206
1552040
1552023
155201
1552007
1552006
1552004aya
15520032532
1552003
15520011
15520
1552..
1552
1551wash
1551vklover
1551tmvc
1551tm
1551ssb
1551lj
1551ko
1551kk
1551killer
1551joking
1551jb
1551hppsc750
1551gm
1551gi
1551fon
1551dinu
1551dead
1551chan
1551carol
1551buller
1551az
1551av
1551akus
1551a4
1551MLA
1551Lempi
1551999
1551998
15519966
1551995s
1551994Ng
1551993private
155199338
1551992cata1234,
1551991may
1551990lovesa
155199010
155199
15519872003
15519868
1551984195519591980
155198-0
155198
1551975
1551974
1551972
155197
1551963
1551962
1551960
1551957
155195689
1551953
15519518j
155195
15519486
1551944616
15519416
155194
155193p
15519369
1551932chango
155193
155191
155190418
15519003
155190
15518930
15518923
1551887
15518809
155188
155187
15518680
155186
15518492
15518423
15518310
155183
1551821813
1551820
15518138
15518124
155181
15518041
1551804
15518
1551786
155178588
155178501
155178
15517716
1551769
155174111
155171m
1551718
15517132
1551712913670
15517129
15517125
15517120
1551711254
15517055859
1551705
155170
15516986
155169
155168155
15516704
155166
15516541
15516500
1551647
15516411
15516402
155161b
155160
15515870181
155158
15515733
155156ao
155156789452
15515665
155156519
1551561174
155156
1551552770
155155155155
155155155
15515509
155154asa
15515422
1551540
1551531715
155153
155152720123
15515115
1551506206
15515030
15515012
155150
15514835
155148
15514699
155146606871345795
15514582
15514578
15514570
15514520
15514444
1551440
15514335
1551432
15514296337
15514252
1551422
155141j
155141a
15514144
15514106
15514066
1551400
155140
15514
15513me
1551392888
155138nls
155137983
155137
1551369
15513573
1551352
15513198
1551316
15513109
15513
155129414
1551290
155129
155128
155127
155126957_22
15512662
1551262
155125many
155124860517
1551245SQL
155124423663
1551241111
15512289
155122564026260
15512202
155122
155121710ezm
1551216251
15512138
1551212400571
1551210
15512078
15512065
155120
15511p
15511992
155119911
15511991
15511990
15511984
15511937
15511862652
1551182334411
15511615o
155115M
15511554
15511546
1551151925
15511445
1551143258551469
155113914
1551138168
15511339
155113
1551127300
15511257
15511234z
15511221
1551121
155111511
15511077
1551102c
15511001
1551100049715
1551100045281
1551100043768
1551100041773
1551100040548
1551100033649
15511000
1551100
15510942e
1551093863
155108531
155107a
15510660
155105
155104s
155104089123
155103695
15510369
155103255eg
15510269
15510244526
15510201
155101factory
15510134
1551013
15510123
1551007
15510042
15510017
15510012
1551000039131
1551000037871
1550wilson
1550tyler
1550thebest
1550straderave
1550pimp0551
1550pau
1550olga
1550norma
1550mar
1550lamborghini
15509yui00039195
15509yo00061823
15509cl
15509923
15509915
155095507
1550945075
1550943510
1550942023
1550941536
1550936
15509349
155092c
1550915509*
155091
15509070
1550904v
15509012
1550900058815
1550900056332
1550900054658
1550900051900
1550900049921
1550900045713
1550900045501
1550900038504
1550900035432
1550900035271
1550900006432
15509000000
15509
1550897
15508940
1550889
15508610
155085i
15508257
155082
15508082
15508079
1550800051231
1550800047722
1550800041830
1550800036267
1550800035759
1550800035554
1550800034035
155080
15508
1550796512
155076
15507570150393
15507549
155075
15507493654
15507431
155073549
1550731
15507261
1550724
15507014
1550700100338
1550700097850
1550700096284
1550700092793
1550700088788
1550700086343
1550700085924
1550700083794
1550700079495
1550700076551
1550700067811
1550700055626
1550700055146
155070
15506m
15506910
15506856
1550680
155068
1550679
1550671
15506689
15506520
155065
1550620770
155060166
155060057
1550600069285
1550600065841
1550600064232
1550600064
1550600063511
1550600060652
1550600054717
1550600053338
1550600052358
1550600049861
1550600049233
1550600047079
1550600041526
1550600040015
1550600039441
1550600035461
15506000052
1550600004884
1550600
15505w127
15505sw
15505fay6331
15505969
15505939
1550591
15505893
155058907205
15505800
1550580
155058
155057T
15505794350
15505672
155056
155055j
15505554
15505546
155054813
15505479j
155054606396
15505452
1550541i
155054139
155051
15505004
1550500148745
1550500127763
1550500119633
1550500116567
1550500112723
1550500111620
1550500105433
1550500100245
1550500098355
1550500098283
1550500096302
1550500094709
1550500092676
1550500091581
155050008846603
1550500086960
155050008559906
1550500079653
1550500079432
1550500078487
1550500077642
1550500076379
1550500074562
1550500074244
1550500069194
1550500066462
1550500066381
1550500065920
1550500061771
1550500058991
1550500053689
1550500052488
1550500030107
1550500023569
1550500011927
1550500009574
15505!pop
155048
15504714
155046082
155046
1550450
1550447
155044320
155044
15504367
15504301
155043
1550421
15504207+6922
155042
15504112
1550411
15504026
1550400aj
1550400056007
1550400053610
1550400050530
1550400050246
1550400048616
1550400048446
1550400046222
1550400041743
1550400038874
1550400035646
1550400035239
155040003198
1550400031241
1550400010422
1550400007537
1550400005518
15504
15503nami
15503Wild
155039
15503887
155037802
1550378
1550372423
1550363935597265
155035026
155034620
155034603
155033855
155033
155032
15503167
1550301390753
1550301
1550300030731
1550300027676
1550300026394
1550300025070
1550300024286
155030
15502t
155028ap
15502824
1550278825
155026864
1550268
15502651
155026
1550255
155025105
155022671
15502158
1550215239flo
1550213150
155021000
15502098
155020623
1550205143
1550205
1550201153
1550200042444
1550200041324
1550200041308
1550200039737
1550200039214
1550200039133
1550200036495
1550200034298
1550200034263
1550200031710
15502000023
15501as
15501991
1550191
1550189238
1550189
155017sg
15501776
155016a
155015c
15501570
155015144
155015128huasco
155015128
1550150
15501415
155012397
155012368
15501229am
1550121
15501202
15501143
155011
15501084
15501010
1550101
1550100061803
15501
1550097696
1550097
155009
155008f
15500809
155007
15500668
155006335
15500551
155004602
15500442610033
1550034
1550030
15500155000
1550015
1550013696
155001091
155000820...
15500049
155/7sum
155/270
155.475
155-0002261-9
155**vero**155
154virus.
154vanguardsrt
154tsn$^)
154sforkdr
154samantha
154rudy
154rkn
154ric
154restytabajonda
154real
154rc
154rai
154punk13
154pick
154penciselyroad
154pelon
154omori
154now
154nildalisnil
154nigel
154ms7nk
154mock629347899
154maggie
154localiliana
154life
154koko
154k89
154flat
154fire
154fairvie
154evermore
154evelin
154errudi
154error
154ebony
154earth,.987
154duval
154dsp
154daddy
154coco
154cm.
154c2kjro
154buchuk
154brunos
154broome
154bridgesln
154b0rr0m30
154a12z
154Shedridan
154SYL
154NOW
154Hspr
154EVA
154APOLLO
1549vani
1549sells
1549me
1549ig347
1549dewi
1549andreita
1549YYD
15499htrae
15499931
15499900245265
15499877
154997
1549929
154992
1549917
154991
154990545
1549900Nr283027
1549900412625
1549900405076
1549900398177
1549900391997
1549900379962
1549900375398
1549900367441
1549900367174
1549900364281
1549900357454
1549900356717
1549900355435
1549900354200
1549900351511
1549900339626
1549900338743
1549900338425
1549900336015
1549900334446
1549900332788
1549900327407
1549900325935
1549900321522
1549900320755
1549900320186
1549900320
1549900315883pat
1549900315034
1549900311560
1549900311551
1549900309000
1549900307449
1549900303117
1549900300207
1549900298661/*-
1549900298636
1549900296587
1549900295793
1549900293405
1549900283761
1549900282144
1549900279038
1549900268389
1549900268010
1549900266386
1549900266211
1549900264430
1549900263077
1549900262828
1549900262691
1549900254957
1549900254311
1549900245842
1549900244374
1549900244242
1549900243
1549900242886
1549900242169
1549900241898
1549900235642
1549900233399
1549900232597
1549900230039
1549900229120
1549900227038
1549900226350
1549900226309
1549900224963
1549900223504
1549900219281
1549900217229
154990021716
1549900215731
154990021528507634
1549900212642
1549900211158
1549900210178
154990021
1549900207576
1549900206383
1549900206
1549900201365
1549900200318
1549900198542
1549900198402
1549900197902
1549900196736
1549900195284
154990019273
1549900192412
1549900192404
154990019165
1549900189837
1549900189136
1549900187257
1549900185998
1549900185009
1549900184355
1549900183731
1549900182930
1549900182760
1549900181976
1549900179599
1549900179556
1549900176240
1549900172861
1549900172357
1549900171709
1549900169356
1549900169241
1549900165610
1549900164249
1549900164
1549900163153
1549900161444
1549900161135
1549900160944
1549900159792
1549900158761
1549900158265
1549900158133
1549900157391
1549900156408
1549900153590
1549900152569
1549900148596
1549900148537
1549900148383
1549900148146
1549900137861
1549900135427
1549900134455
1549900132894
1549900131693
1549900128633
1549900126207
1549900125421
1549900124433
1549900123186
1549900120233
1549900115965
1549900115884
1549900114870
1549900112176
1549900111170
1549900105251
1549900102324
1549900095620
1549900095352
1549900094984
1549900090369
1549900089468
1549900082153
1549900081610
1549900064325
1549900063884
1549900054931
1549900052947
1549900047765
1549900041872
154990003452
1549900032
1549900030315
1549900029732
1549900024994
1549900023891
1549900023688
1549900013950
1549900011612
1549900009898
154990
15498z
15498NexT21
15498987
1549895100
15498809913
154988
154987
154986ams
15498686
1549863
15498546
15498536
15498517
154985017
15498472
1549810
154981
1549806
1549802789
154980
15498***
15498
15497pp
15497987
15497984
1549789
15497868
1549753456
15497513
15497497
15497415
15497380
154973
1549728365
15497241
154970jb
154970
15497
154968b
154966987predovic
15496591
15496532
15496513
1549634
1549631471
1549623
1549615
154959
154956585
15495647
154956
15495558cj
154955
154953
15495221
154951a
15495165
1549513
154951
15495073
15495059
15494mouy
154949
15494843
15494815528
154946a
154946
15494585
1549451z
154945
1549441
1549403476
15493goodlucky
1549389
154938
154937260
1549353
154933
154932
15492828
154927
154926
154923521022
154923421004
1549230agg388
15492286
15492212679
154922
15492125
15492108310
154921
15492095jaiker
15492054
1549201987
15491b
15491985
154915
154914
154913
154912j
154911l
15491102
15491001
1549100
15491
154909907pr
154908m
15490845m
154907889
154907
15490699
15490664
154903ks
154903130
154901525
15490+
1549+9
1549
1548theron
1548sex
1548mimi
1548ko
1548jaybay
1548dyo
1548duglasn
1548djcn
1548cn
1548axbch5
1548am
1548AMOUR
15489ser
15489absd
15489991
1548998
154899586
154899
15489807
15489779
1548976
154896a
1548963
15489582
15489525
1548951260
1548945
15489391
15489289
154892
15489067
15489038osy
154889983
15488995
154889645man
15488891
1548880525
154888
1548876
154887119
154887
154886love
15488670
15488608
15488549
154885
15488470
154883036
154883
15488186
154881702
154880267oliv
15488010
15488000i
1548800
15487kdhfyh
15487jr
15487956
15487950
1548785856
15487797
15487665ec
15487664
154876
1548756325
15487540
15487483
15487454
15487377
1548731314
1548729
1548725
15487203
154872003
1548720
154872
15487192
15487151
154871311
15487096
1548702p
154870
1548693
1548670
154867
154866
15486532
154863128
154862790a
15486254
15486252
1548623
154861705
154860932
154860852r
1548604
154860
154859
154851mf
15485110
1548505
154850
1548487235
15484849
15484815
154847951489
15484705
154846
154845067
1548449
1548448819
154844127
154841R
1548411680
1548408
15484044426
154840006
154839169
154837morena
1548374
1548369456
15483669t
15483568
154834
15483254
15483114
154831
154830d
154830
15483
15482shj
1548293
15482816
154828
1548265912
154826
154824602002
1548245
154823901010
15482390
1548226
1548223
15482145966
1548212422
1548203
15482
15481982
15481581203404
154815481548
154813a
15481386
154813524
1548132179
15481269
154812
154810548
15480tk
15480s
1548091206
1548089
1548084
154805235jonas
154805
154804180
15480413
1548041
15480405
15480392351624
154803449
15480335
154802
1548
1547wn
1547vare
1547ef11
1547LEK
15479cw
1547998
15479884
154798
15479783
154797
154796
1547953
154795130
154795
154793pnl
15479331
1547919
15479065
15479023
15479002
15478m
15478j
15478963
1547896
1547892g
154789218
1547892
15478916
154788518240986
154787j
1547876
15478722
154787
1547869
15478625
1547852
154785
154784563
154784249
15478300
154783
1547817137
1547812
15477899
154778
15477714
1547762
154776
154775ad
15477585
15477571
154775412
15477541
1547754
1547731150
15477264
154772
15477196
15477111
154770ksl246398
15477081
15477008
15476nico
154769
1547689
154768
154767
154765693
15476502
154765
1547644
15476412
154764
154763sa
1547632
154763
15476242a
15476169
15476130
15476129
154761
154760793
15475996
1547593
1547589563
15475818
15475746
154756887
154755
1547539
154753
154751310120
15475121019
15475104@
154751
15475064mkts
15474sap
15474878743
154747
154746537
15474638
154746233
154746
1547451
15474413
1547437
154743488
1547428616780
15474259
15474249
15474247
154742
15474177
154741535
15474035
15474003krn
154740
15473888
154736
154734
1547330
154733
1547321ep
1547321cp
15473177d
1547312
154731
15473018
154730
15473
154729
1547289
15472814
154728136
154728
15472734
154726561
154725435
15472499
1547240626
15472291
15472240
154720164
154720
15471hy
1547197
15471969
15471904
15471876
15471834998
15471547d
154715
154714
154713qw
15471333
15471303
1547123
1547120*
1547117810
15471034
15471
1547071
154707
15470632
1547054
154701bramibopi
15470169
154700
15470
1546wkb12
1546shenwei
1546porter
1546neveragain
1546ms1996
1546mag
1546hone
1546christ
1546bitch
1546angel
1546ad
1546AJS
1546963
154695
154693d
1546932
15469312
154693
15469281
154692
15469115
15469067
154690270p
1546902
154689t
1546898237
1546897789
15468944
154689154689
15468901263
154688
15468724
1546870
1546869350
154686910
1546869
1546864
1546857
1546847
154684
154683
1546826
15468212
1546820
1546818
1546817
154681665
15468166
15468144
154681234962
1546808
15468
15467wdst
154679t
15467921
154679
15467890
154678795
1546783215
154678321
154678032102
15467668
1546764
15467504
1546731251
15467299
15467239
1546723
1546718923
15467140
15467
15466alf
15466932
15466908
154669
154668481
15466764
154667
154666
154665886b
1546654
154665
15466447
1546626
15466159k
1546614
154661357
15465974
154658ktb
1546587
15465853
154658
15465781
154656
15465560
154655025
1546542tw
154654
154653mack
154651nadz
154651
1546500
1546494
15464734
1546472
15464675
154646060790b
154646
154645728
1546457
154645124
154644854
15464418
1546421
154642
1546412
154641
15464
15463t
15463a
15463LL4
15463900
1546380
154638
15463739
15463729
154636740
15463660
1546363
154636250789
15463564
1546343351
154633011823
154633
15463298
15463206
15463109
15463
15462990
154629450
1546294
1546292
1546290_nrgl
154629
15462863
1546284
1546261mali
154626
15462551
15462528
15462514
1546237899
1546236
15462355
154623154623
15462314
1546231
1546230987
15462309
154623
1546216yumi
1546211310787789
1546206/ruza
15461h
154619SR
15461704
15461538789
15461525
1546151200
154613park00
154613331
1546123
15461195
1546109
15461056
15460978
15460900412
15460762
1546068
15460580
1546056
154605
1546046
154603s
154603
154602473
154602
154600
1546,damla
1545villa
1545stjohnchurchroad
1545mar
1545main
1545love
1545lmk
1545leriss
1545kl
1545die
1545cs1545
1545cg321
1545bobobo
1545asr88
1545GL
1545=)
15459989a
154599312316
15459827
154596
1545955
154593b
154592487
15459231844
154592
1545915459
154589707
15458913210
154589
154588
154587
154586
1545855588
154585512
154585
154584m
1545845
154583
1545826
1545822jayjay
154582290706
154582290704
154582290700
154582
1545815611
15458
15457999
15457953
154579
154577
1545766
1545758555
15457585
1545754
15457459
1545740
154574
15457354
15457325
15457210
154572
15457150
15457121
15456sms
15456mm
1545689
15456789
154566em
154566
1545658678789456123
1545658525
1545658520
15456585
154565
15456486
15456420
1545640
154564
15456333
1545602
1545600
154558558les
15455795
1545578
15455688263
15455652
154555645
1545555
15455517
154554B
15455486
1545533
154553
15455286eaf
15455243
15455202
154552
15455114
154550j
154550h
1545502123
15454988
154547
1545468
1545463
1545447
154543047
154542399
154541150
154541
1545406
1545401442
15453mai
15453b
154538
154535117803
154535
1545337684
154533308
1545321m
15453192
1545309
1545304
154529
154528
1545276peos
15452723
154527
1545263215
154526
1545256235
15452535
154525
15452499
1545244
15452323
1545214985
1545205010
154520101993
154520
15451f
15451996
15451929
15451733
154517
154515df
15451545ll
15451470a
1545141
1545138
154513
154512
154510
15451
15450906
154509031
1545087
15450590jtm
15450590
15450447
154502
15450198
15450125
15450101
1545000
1544zd43
1544sanner
1544lazy
1544hue9773
1544chocolate
1544c
1544agk
15449tweety
154499sm
1544994
154499
1544987b
1544982
154498
15449586a
154495
1544936
154492mmmtmiatc
154492
1544910652
154490
154489
154488152
154487v
1544868
15448621
15448610
154485937
154485
154484
15448316
15448235
15448157
1544795
154479422
154479
15447878
15447872r
1544778
15447700
154476699
15447661
15447644
15447600
154476
154475902
1544753
1544750030
1544749
1544747
15447419
154474
154472536
15447191
15447173
15447103
154471
154470c
154470981
15447070
15447
1544697
154469
15446852
154466761pao
15446634
154466
1544653
15446464
1544637j
1544636mv
154463
1544603
154460003211996
15446
15445975
1544583
154456sa
15445627
154454j
154454594
154453lol
1544521
154452
1544514c
1544512478
1544508154
15445043
15445
1544499od
1544492
154448
15444772910
1544472
15444656
15444630
1544462
154446
15444596
154445
1544443
154443
15444128
1544405934R
1544400
15444
154439
1544382
154438
154437
1544364
1544357
1544342
15443371
15443287
15443240
154432
15443115
15442hx
15442977
15442889
1544287
154425b
15442584
15442580
15442535159
15442530
154425
15442489
154424861Sam
15442233
15442180
1544212imok
15442100
1544207
1544203912
1544203
154419
154418
15441789
15441784
15441693-5
154416
154415441544
15441337
154413285846
15441238tt
154412
1544119180
1544107
15440aaa
1544093
154407
154406x
154406
154405
154404864mm
15440464
154404
15440399
15440391
1544034
154401JJ
15440073
15440036
154400293
154400137
1544000
1544.
1543soloyo
1543rhm
1543pulga
1543pin
1543mama
1543love
1543ep
1543claudia1192
15439967
15439846r
1543984
154398
154397
154395500
154394434
1543940
154394
1543937
154393
1543928204
15439082
154390
15439
1543882
154387
1543864
15438483
15438276
154382525
1543818
15438111
154381
15438
15437leb
154379
15437893ko
154377cags
154377A
15437799
154377
15437642
1543745
1543739
154373
15437217
154372
154371
154370
15437
15436yit
154369_gantz
1543698
1543687kn
154368
15436798
15436793
15436564
154365247007
154363510
1543617
1543615436
15436126
154361
1543600
15436
1543582009
154358
15435615984563
154356
154355
154354t
15435378
15435130
154350
15434ak
1543494
15434572
15434526qi
154343a
15434381
154342824
154342
154339
154338
154336rb
1543362475
15433613
154336
15433595
154334477a
1543342
15433396
1543328
1543321da
15433
15432987
154329834s
15432969180377
154328
15432642
1543254153
1543253
154325
1543243237
154322838
1543220
154321b
1543216
154321316
154320695_
1543204
1543201
1543199
15431972
15431917
15431792
1543179
1543166
15431618
154316
1543159
15431571
15431544
1543146
1543138926
15431314
154313
15431289J
15431269
1543126
1543123
154312165
154312
15431145
15431113
1543107
154310
15430645
154306231
154305alex
154303040
1543012
154300t
1542thais
1542roco
1542plb
1542osos
1542maple
1542magoo
1542jlf
1542ivonne
1542hj30
1542gigi
1542ecuador
1542cse7
1542brenda1992
1542H0
1542A
15429866mc
154297dr
1542969
154296
154295668
154294
1542939957
15429255
15428922Q
154288
154287I
154287337
1542869
15428531
1542845
1542836
15428309
1542830
154283
1542822
154282
1542815428
154280ccc
154280092763354
154280
15427A
154279863
154279
15427896
15427892
15427866
1542786
15427813
15427629
154276
15427451
154271150
1542711
154271
154270k
15426eysxever
154269378
154268397
1542679183
15426789
1542678
154267123155221758
154267051
154266S
154266540
15426633
154265jave
1542653789jza
15426536321vict
154265359864875
1542653466
1542653461
154265321456
154265235
15426521972462
154263sk
15426398jep
15426393
1542639
15426389
15426388
154263300
1542631542
1542630220
15426300789
154263..
15426257l
1542623
15426208
1542619
15426122
154261
1542603
1542601
154260
15425j
1542599d
15425896523
1542574
154256
154254260
154254102
1542541
1542540
1542539
1542537
154253369
1542533
1542531068645323
1542529
154252811
15425280
154252689
15425238
1542523
1542519
1542518
1542514
15425124sand
15425058
15425
15424luv
1542497
154249
15424883@zassy
15424875r
15424875
15424859
15424830
15424804
1542474
154247
1542468723
1542466
15424585
154245630
15424512
154245
1542437
1542424
154242273o
15424157
1542412
154240bz
15423tinax
1542397740
154239
154238
1542374908
1542371
154236lol
154236987l
1542368
1542367890hans
154236521
1542365
15423636
1542360
154233456
1542333
154232507vir
154232440
154231980hh
1542315423
1542313
154231
15423083
15423069
1542306421
1542303
154230
15422672
1542266
15422504
154224207
154223028137137
154223
15422255
154222
1542215422
15422145
1542211554
154220984redcyber
1542203
154220
154219EL
15421992
15421987
1542193717an
154219
1542189
1542188787
1542187
1542162
154215420_a
1542154200
154215420
154215412
15421541
1542147
15421453fanii
154214515421542
1542144121
154214141754745
154214141212
154214125
154214
154213
154212ib
1542127
15421263
1542126
154212541
15421247
1542123125
1542123
15421144110
154211365.
15421130
15421128270182
15421123
154210616
15421027
15421
15420dago
15420985
1542098
15420936
15420903
15420901
15420879
154206301987
154205471
154205
15420459
154204
15420333
154203064807
15420304
154203
1542024516
1542022
1542020
1542015420
1542011maca
1542009
1542008
154200459
15420045
1542004!
154200368
1542002051
15420004590
15420001
15420*
1542/*--=\\a
1541vale
1541teknikerfiliz
1541msbc
1541mom
1541lanter
1541kys
1541koog
1541efe
1541dg
1541as
1541arat
1541BENSON
154199998
15419992
1541999
154199899kuboaa
1541995
1541993pnl@
1541993dtb
15419932008
154199301
1541992catia
15419911541991
15419901737
154199
1541987sb
15419844
1541984
1541980open
1541978
1541976
1541973
1541972780
15419712
1541971
1541968732smotit
154196532
1541961
1541953
154194i
154194694
1541930
154191
1541909185
1541907230661594
1541905
154190
15419
15418977
15418968
154189571
15418905
1541890
154189
1541887
154188420
154188418
15418825
154187686
154186442
154186
154185R
154185968
15418554478
154185
1541841425
15418376
15418284
154182516
15418168
154181541
154180
15417wtbfg
15417eva*
154179
154177k
1541772
154177
1541769
15417504
15417495
154174616CELULAR
1541743201
15417425
15417358
154173
15417280
154172
15417154177
154171
154170050
15416b
154169
1541685665
15416841
15416659
154165417
154165277
154165
154164673
1541645454
1541643
154164
15416206
15416116
154160598
1541605219478554
1541604
15415d
15415938907
154159
154157
15415647
15415619
15415618
154155m
15415559
1541550212
154154m
1541548619
1541548
15415415
1541541236
1541541212
1541541
1541540326789
154153436743674
154152al
154151141121
15415002
154149j
154149
15414877114
1541472096
154147159123
154146780pmc
15414596
15414469
154144403
1541441386a!
154144
154143
15414277
1541424545
1