541413
154141
15414007
15413eg
1541397
1541385
15413779594
154137416
1541368
15413595
154135800
15413544
1541353
154135
154134
154133
15413239
1541321
154132
1541316
154131513
1541314
1541311
15412zm@
1541296
15412826
154128
15412714
15412651
1541258
15412536
154125
15412438
154124/2mps
1541235
1541234
15412318
15412313
154122SAL
1541221
154122095
1541219
154121779
1541215412
154121522
1541211
154121
154120bk
154120barba
154120alexander
154120369
1541203
15412
1541191715418053
154119
15411883
1541188
154118159
154118
15411730
15411715
15411710
154116875
15411604
15411541p
15411541j
154115411541
15411488
154114315PacheS
15411382
15411361
1541136
15411310
15411261
15411221
154112
154111228
1541101
15410877
15410813635935965
15410724
154107
154106
154104
154103
1541024170381
1541010
154101
15410052
1541
1540yuni
1540wballrd
1540umurko
1540mm
1540jorzec
1540jill
1540jf
1540gilok
1540g13
1540fox
1540eren
1540eal
1540clavey
1540bt
1540benton
1540babu
15409ah
15409SD
15409947
1540992
1540981576
1540980
154097530
15409710997722
154097
15409675
15409639
1540963
154095647gallina
1540955
154094731
15409400.
154093462
1540930538
1540928
154092
1540908117
15409
15408cpu
15408a
154089wwe
15408921
154089
15408891
154088
154087ss
1540879134brk24
154087539
154087
154086JK
1540861221
154085
15408477
1540841413more
15408367
1540834659
1540825870
15408251
15408104592
15408016
1540800001013
154080
15407jk
154079626
15407917
154078juan
154078JP
1540772
15407507
154075024233
1540742700
15407238
15407112
15407071184
15407050
1540700083450
1540700065966
15407000643150
1540700060735
1540700060549
1540700052
154070004957
1540700048
1540700046554
1540700044446
1540700041382
1540700032634
15407000
15406h
1540694
154068
154067
15406583
154065537flor
15406445
154064259
154064
1540639
154063596a
154063
15406170
15406006
1540600078934
1540600075595
1540600072383
1540600071808
1540600071158
1540600070895
1540600070542
1540600070011
1540600070
1540600056507
1540600055641
1540600001800
15406
1540588
154057185
154057173
154056
1540555816
15405548
1540554
15405451
1540531
154052
154051894
1540500068112
1540500061533
1540500061291
1540500048995
1540500048138
1540500047336
1540500037799
154050
15405
1540487
15404822
15404786
154047617
15404545
1540454467
154045
15404455
154044
154043
1540429367
15404245
15404215
154042
154041
15404029
1540400088152
1540400069621
1540400069273
1540400062643
154040001712
1540400011712
1540400004562
15404
154039795
15403844
1540384351
15403724
15403711
154037
15403693
15403679luck)
1540353
1540346a
15403407
15403308
154033
1540329
1540326
15403202
15403166
15403155
1540315*
15403144
1540314299
154031
1540300098166
1540300082260
1540300080305
1540300074429
1540300066418
1540300065080
1540300062285
1540300060
1540300003891
15402djt
1540297ymh
154029792
15402731
154027187802109
1540267694
154026
1540243
15402360
154023290
1540230.
154023
154022
15402117
154020AL
1540200080290
1540200077892
1540200076527
1540200074630
1540200070812
1540200068214
1540200066939
1540200059878
1540200059410
1540200057506
1540200056810
15401vo
15401mb
15401lo
1540190003433
154019
15401840
154018261
1540178
1540171582
15401694
1540169
15401632538
15401613
1540154
15401438mookky
154014186
15401269
15401267
1540123a
154012345
15401222
154012219701
15401214
1540117
154010025176
1540100054831
154010
1540072369
15400722.
1540071
1540066885790
1540060
154006
15400542
154005
1540047
154003
15400296
1540020
154002
154000309
1540000
154/122
154/12
154/1110637
154.385
154-xpd
154-1978
154*23*54789
154
153you351
153ydEnNEK
153yatq
153yahoo
153winslow
153wal
153vitor
153tripp
153transilvania
153theworm
153syk
153sydne
153stainton
153ssa101
153solo
153sofia
153slideshow
153sit20
153simba
153sexybitch
153s29
153romeroverazte
153rgv
153raquelene
153rapper0
153rapper
153punkins
153pssm93043012
153per
153p[ooh
153ot18
153nt6hm
153myk
153mpco
153mmx
153maritzanc
153location
153lilshorty
153leonardo147
153kissmon
153kati
153kabus
153jeru
153jESse
153isme
153iri
153hot
153hairy
153gunder
153froxxie
153finest
153finchley
153eankabb15
153donna
153dmb
153devil
153daisy
153clochog
153ckl
153casa3
153bony
153babygirl
153bRABANT
153audog
153asheland
153as426df
153april
153alex
153alejandrom153
153abglo
153abcd
153abb
153a42678
153_tha
153REDHOOK
153MiLeS94
153LaBella
153L0058
153Fhr@oP
153ClochOg
153CHEYATRES
153Abcdprincess
1539tr24
1539staska
1539s0
1539parker
1539mcdj
1539luke
1539ks
1539karma6
1539derickissexy
1539danc
1539carroll
1539VS
15399qq2117q1
15399m
15399goydew16405
1539990004831
1539990000810
153997896
15399706
153996
153995
153994895
1539944045611
1539941
153993734
153993556
1539931
153992545
1539922
153992
15399189
153991
1539909
1539900540291
1539900534135
1539900494141120538
1539900472989
1539900467951
1539900444632
153990043998130925
153990043887
1539900430321
1539900410282
1539900410134
1539900402425
1539900401071
1539900400155
1539900383277
153990037646789
1539900374413
1539900368693
1539900368367
1539900365139
1539900364299
1539900360412
1539900358957
1539900355354
1539900354811
1539900341990
1539900336511
1539900335515
1539900332346
153990033
1539900324548
1539900324327
153990032355
1539900319366a
1539900316154
1539900315174
1539900312477
1539900309841
1539900306388
153990030608666
1539900305861
1539900305292
1539900299888
1539900293537
1539900292697
1539900291011
1539900281989
1539900273986
1539900272718
1539900271746
1539900268
1539900267676
1539900267293
1539900263794
1539900259
1539900258677
1539900255198
1539900254060
153990025179
1539900250978
1539900250536
15399002492017
1539900248485
1539900247501++bum++
1539900243947
1539900243611
1539900242851
1539900241383
1539900241057
1539900240166
1539900239206
1539900238510
1539900234867
1539900234352
1539900233828
1539900229944**
1539900229693
1539900223911
1539900219370
1539900219221
1539900219175
1539900218977
1539900214165
1539900212979
1539900207169
1539900185424
1539900184151
1539900183090
1539900181615
1539900181496
1539900176590
153990017610717
1539900171652
1539900166578
1539900166161
1539900163731
1539900162980
1539900159482
1539900154120
1539900150141
1539900145830
1539900145473
1539900140137
1539900138434
1539900132045
1539900131171
1539900131120
1539900127645
1539900127327
1539900120900
1539900115230
1539900113466
153990010956
153990010592
1539900101034
1539900087805
1539900084857
1539900073561
1539900058147
1539900055296
1539900054451
1539900044804
1539900040442
1539900024528
1539900013135
15398983
1539890
153989
153987
153986
153981817
15398013
153980
15398
153979a
15397891
1539787202
15397801
1539780
15397768
15397634f
153976337
15397501
153975
153974
15397264NooBo
15397227
153972
153971155$%&
15397084
1539701059
15396982
153969
1539683RKRDO
15396825
1539671472418867
15396656
15396634
153966
15396599
1539655
1539652
15396448
1539644
15396363
153963
1539627
153962
15396150
15396115gorda
15395949
15395869
1539586
1539578462
1539578426
15395780
1539577593518246
153957582
15395755
153957482621
15395745
1539571
153957000
15395646
153955
153954
15395270
1539517218683
153951539d
1539515377
15395119
15395100
15395099
15394ady!!
15394965
1539486
153947868
15394766
153945ww2
153945
1539432
153943
153942
1539419
153941
153940873
15394059
153940
1539384172145
1539382
1539369
15393583
15393344
15393281
153931816
1539314
153931
153930
153929
15392892
153928
1539273
1539269898
15392536
153925
15392456
15392315
153923
153922
1539215
153921
15392071
15392
15391amh
15391JOSY,TAZ
1539193
153919
15391748
1539171
15391708chapis
15391708
153916440
15391584
1539153
153914
15391308
153913
153912596
1539106
153910
15391-060634
15390mazga
1539074
15390721
153906
1539044
15390419
153904
153902aL
15390135
153901
1539**1379**
1539
1538yancey
1538tango
1538simancas
1538rm
1538oscar
1538max
1538lwe
1538luke
1538li
1538kiss
1538helenaod
1538hazal
1538hann
1538df
1538bruno
1538ambi
1538ab
15389teteyadana
15389ak
15389954813347
153899
1538964287
153895s
15389523
15389430
153892
153891s
1538910
15388a
15388808742
1538868
15388675
153885714
153883851mat
153882
153881
1538808
153880
153879
15387522
15387512
15387365
153873
1538718
153871
153870_r
153870
15386N
15386934
153868825
15386789
153862615
153861
1538604
15386
15385randy
15385les
153857l
153857
1538563jsustad+!
1538563
1538559
153855
1538545
153854
153850r
15385071
15384mehmet@
15384kh
153849
153848917
153847611
15384757
153846a
153846522
15384624
153846
153845
153843913
153843
153842ndst
1538425
1538420
153842
1538405
153839
1538382
153838
153837
153835
15383294
1538326
1538317
15383151
15383055
15383004
153830
153826
153825
1538246759751
1538230
153823
1538224d
153822153
153822
1538212a
153821040042
153821
15382
15381a
15381972
153817
15381616
153816
153815
153814
153813b
15381355
1538124
1538123
153812
153810
153809162
153809
153808713
15380856
1538084
153808
15380707
153806650
1538063
15380556
15380450
153803
153802
15380122
15380044
15380
1538++
1538
1537tle
1537sak
1537rossy
1537jack
1537cream
1537bambi
1537LAKE
15379sumava
15379pol
15379883a
1537982x
1537982
153798
15379786
153796
153795a
153795
153794q
1537946820
15379430758
153794
153793cc
1537938993
15379323
153793
1537928640159357
153792648
1537915379
15379128
1537912
1537910
1537906
153790246
153790
15378dogbot
153789712lcg
15378902
15378793A
153787928
153787
1537869
15378569101
15378536
153785
1537832
15378310
153780b
153780032
153780
15377970
1537793
153779
153777
153775b
153774mc
1537749
153774
1537734
153772
15377
15376dra
15376d
1537698246
1537686
1537684
1537672120692
153767051
1537669
15376474
153763162
1537612
153760
15375love
153759mir
153759lj
153759jvr
153759jn852
153759fer
153759er
153759@@budi
1537599
153759852456
1537598426
15375982
15375980
1537598
153759751
153759648255
15375963214789
1537596321
153759486200
153759486
1537594655
15375946
1537594565
15375933
1537593
1537592846
15375928
153759258789
153759258456cp
153759258456
1537592548
1537592486
1537592
1537591380
153759123456788
153759123
1537591
153759*
15375757
15375599
153755
15375495
1537548
153753
153752SCS
15375294
1537520
1537515
153751
15375080
1537506
15375001
15375
153749bp
15374925
15374855
1537473
153746
15374551
1537426
1537425
15374222
1537415868
15374053412032
15374
15373mon
1537361763
15373607
153736
153735
15373466
1537338
153733341
15373315
15373235
1537306
153730
1537298246
15372976
15372904isa
153728th
15372742
15372693mary
15372688
15372675
153726555
153725
1537248615
15372434
15372354100982
1537226
1537218
153721741710810
15372145
153721
153720lv
153720449
15372
15371bff
153719
153718rosa
15371675
15371652
15371603
153715488
15371544
15371537123
15371461
15371436
153712a
15371234
15371216
15371206
15371194
15371187
153711802209
15371
153709340
15370727
15370640
15370514
153705
153704trey
1537015
153701
15370024
15370002
15370000
1537
1536tt
1536myass
1536lm
1536lb
1536ladyblue1536
1536kizzie1
1536jam
1536gp
1536fisher
1536eric
1536e25thave
1536ay
153699
15369894
1536987cipriano
1536987c
1536985200
15369788
1536974700++
153696513
1536963
15369509
15369432
15369406
153693004
153692451
153692
153690meli
15369035
153689742
1536894125
153689
1536873
153687128
153686
1536849720
1536847590
153684520
15368426
15368324
153682
1536817765
15368002
15368
15367am
153679nana
1536795
153679428divemed
153678d
15367768
153677153677
1536761023
153676092e31d
153671
15367027
15367
15366908
1536684
1536679
15366517
15366409
153661401
1536612845
153661053
1536609
153660153660
153660
15366
15365b75114
153659
1536572
15365606
153656
153655r
1536555
15365450
153654321
15365422
15365415
153654
15365321
1536524champ
1536523
153652
15365196
15365078724
15365
15364993
153649
153648k
153648ja
1536482813
153648
153647
15364628
15364617
153646
1536456
153645
153643
15364297
1536425130
1536422
15364215
1536402
15364
15363mhbd
153639
15363833
1536367407
15363615
153636
153635ll
153635la
1536344433
153634
153632
15363
15362gd
153629
15362802
153628
153627
1536256
153625228
1536250
153624th
153624sakura
153624mgmg
153624dop
153624a
153624987
153624978
15362497
15362489570
15362489
1536248695
1536248625
1536248624
153624862
15362486
1536248
1536247908
15362475aS
153624741
153624563..
153624563
1536245524
15362455
15362454869578
1536245213
153624486957
153624456m
1536241342
15362413
153624125z
1536241254
1536241230
15362400
153622922
15362253119
153621tikboy
15362053
15362052d
15362008
153620
15361t
15361868281591
153615k
1536150
153615
15361401
153614
1536117547
1536114
15361056
15361027mariana
153609278a
153608wan
15360788
153607202
153607
153606
1536053393
153604281937
153601sb
153601adrys
15360174
15360136
15360046
1536/1
1535super
1535shediac
1535qt
1535park
1535mr
1535mmd
1535life
1535kb
1535jt
1535glenn
1535frog
1535collins
1535br
1535bombis
1535b
1535as
1535ali
1535NAE
1535993
15359853
153597848644
15359752
1535972
15359701793
1535970
153597
15359601
1535957545
15359575153ฟ
1535949725
153593nebula
1535935
153593
15359259
1535923308000
1535915359
153590
15359
1535896556985
153589
15358843
15358733
153586
153584
15358296
1535820846
1535815358
153581
153580809119
15358.oyo
1535791
153578
15357754
1535759500kry
1535745
1535743
1535734
15357175
15357000
1535695
15356941carmen
15356934
1535689
153568
15356699
153566446242
15356545250
153564224
1535642
153564
153563
153561535
1535599384201
1535589757
1535589
1535585
1535577851
153556
15355516
1535551
1535546
15355280
1535527
15355194
1535515
15354849
1535476
1535462
1535458536084702
15354565
15354562
15354555
1535443
15354278
15354223
153541
1535402
15353kpoo
15353a
15353941CA
153539
15353798226270
15353736
1535369
15353626
153536
1535359
1535358
1535357dios
1535344
15353423
153534
1535334
1535330
153532T
153532
15353132
1535308
153530
1535290605
153528t
15352874
15352844
1535279
15352769
15352728
1535265
153526
15352585
15352535
153525073013
1535246953
1535234
153522797
15352235
1535220
153521t
15352198
1535219
1535204
153520
15352
15351santi
15351969a
15351932
1535182
15351718
153517
153516k
1535146
15351415
153514
15351386
153513
1535123456
15351233
1535123
1535120
153512
1535116
15351075
1535107
15351
153509j
153508
15350798
15350756
153507
15350615
153506
15350540
153505311
1535014
1534west
1534weaver
1534lm
1534jp
1534jkt???
1534greenyang
153498c
15349756648$
153497
15349455
153494261
1534926
153491634
1534915212
1534915
15349138
153491
153490478
153489m
153488
1534868
1534867922
153486790
15348679
153486579
15348646
153486426759
15348632125
1534862as
153486279
153486254103210
153486246
15348622
153486183
15348615348622
153486153
15348563
153485
153482
15348172
15348101
15348093
1534786
153478
153477
1534763
15347626
15347559
1534743b
1534743348q
1534743
153473d
1534727
153472
1534719
1534713
15347109
15347063
1534704
15346929
153469
15346890s
1534685
1534682
153467a
153467982
1534679
15346789
15346520
153462cold
153462792
153462789
1534626123
15346255
1534625250
153462525
153462456
153462303
15346214
15346200
1534620
1534615346
1534613
153461
1534607982
153460258
153460
1534578
153456965
15345682
153456789
1534567
153456654
153456555
15345600
1534555
153454rey
1534549
1534532
153453
15345201800
153452
153451
1534493
153448997
15344723-f
153447
153446
15344566
153445254
153445
153444
153440
15343843
153438167
153437
15343678
15343672
15343607
15343494
1534345937
15343438
1534343301
15343401
153434
153431912
15343151
15343
15342green
15342930
153428C
1534283274
153427274
153426ro
153426l[]hg]dk
153426k
153426josuno
153426hta
153426asd
1534268p
153426897
15342689
153426879
15342686420x
153426798wen
1534267980
153426798
15342679*-+
1534267890
15342678
153426729
1534267
153426654
15342654
15342652han
15342652146
1534265
153426486759456
153426486759153
1534264867
15342648611
153426486
15342646
1534262828
15342624
15342622
153426213
1534261991
153426159andres
153426123025
153426000
15342586
15342554
15342534
1534253
15342526
15342491
1534246
15342413
153423A
1534236a
15342350
153423-8
15342288
15342203
153421964251
1534214d
1534203
15342029
15341C
153419
153418921673
15341813
1534176
1534174
15341731
153417
1534168
15341628
153416
15341572
15341563
1534153410
1534153
153413
1534115341
153411
15341076
153409mm
153409845
153407
15340567592373
1534042
1534034c
153403092539
1534016
153401
1533toddct
1533sridge
1533sc
1533rt
1533rene
1533pumpkin
1533nadeau
1533lu
1533kevin
1533gloria
1533dym.er
1533ashotgun
1533alemao
15339gio
15339985
15339984
153399245
153398369
153397175
1533961
153395
1533919
15339
15338_g
15338995
153389
1533883
1533876
1533874
15338734
15338519
153382o
1533820
153382
153381
15338095
15338089
15338086
15338
15337936
153375828
1533746883107
15337395
15337348
153373
15337289
153369351
153369
15336889
1533688
15336568
153365532
153364
15336398
15336362
1533635
15336349
15336296
15336243
153361jac
15336188
153361
15335may15631
15335dolphin
15335991
1533599
1533594
153359
15335895
1533583501
1533578B
153357759
1533568
15335609
1533541
153354
1533523135
153351slayer@fat
153351nbi
153351mayo
153351aunzaa
1533519777
15335178
153351578565
1533515225
15335147
15335123321
15335123
15335122
153351153
153351120
15335019
1533501
153350
15335
1533468
1533462
153344795
15334407a
1533424
153341SE
153341926
15334015
15334002
153340
153339945
1533398
15333954928589
1533388
15333867
1533380752
153337jj
153336
1533354
1533351
153335
15333315
153333014
1533320577676
153332
1533304
15333!
15332909
153329083
15332769
15332727
15332581
1533252
153325
153322sw
15332293
1533229
1533223a
153322001
1533216
15332158
153321456789
1533214
15332120
153321153
15332052
153319m
15331991
153318712
15331817
153317bk
153317
153316
15331571698
1533157112
15331571
15331533amormio
1533152285717
153314234
153314
1533123*
153312
15331162
153310dre
15331
15330982
15330963
1533091
153309
153308
15330527
1533051
15330477
15330415n
15330303
153302932
1533013851
15330133
153301
15330010570589
1533000
15330
1532sidukun
1532shamanking
1532shahir
1532sechapman
1532nuch
1532nina
1532nessa
1532mveva
1532mj
1532love
1532lester
1532klh
1532jd
1532f_1541s
1532desy
1532akmal
1532abc
1532987198
1532987
153298
1532961
153294
1532936853Xcs
15329266789
15329187
1532917
1532914687A
153291
1532903
153290
15328894
153288
15328792
1532876
1532863296
153286
1532852
153284646
153284
153283
1532826
15328246
153282105
15328112
1532803262
1532801989
15328012
15327mpm77172lv
15327mc
153279
1532781
1532772
1532770
153277
15327655
15327600
15327598
15327531
1532725
1532723
1532719
1532709mmmnnnbbb
1532689
1532686
15326857
153268428792248
1532684
1532679123
1532675986
153267
153266-4
153265977
153265948789
1532658
15326525
153265013250
153264z
1532647890
1532647
1532646
15326450
153264486597
15326438
15326436612
15326430213032ht
153264143
153263789
15326351263
153261j
1532613
15326104
15325nuu
15325963
153259
153258s
153258963
1532589
153258794613
15325878
15325868
15325858
15325852
1532584679
1532580
15325698741
153256987
153256321
15325589
1532546
1532543...
15325402
1532540
1532539
1532538
1532537910
15325370
1532536
1532535
15325342692533
1532532
153252aian
153252834255878
15325271
1532527
1532524
153252
15325187
1532515777
1532512
153251
15325090
153250861390
15325014
153249866
1532486eduar
1532486>
153248697ko0tieohnyn5
1532486795
1532486579846513
1532486579
15324865129
15324862
1532486123
15324860
153247dar
1532478
153246ra
153246m
153246k
1532469
1532468486
15324684789
1532468
15324658
153246486579
1532464560
1532462531
15324625
153246216
1532462
1532461634
1532461614
1532461
1532459436mika
1532456m
15324562
15324559
15324479
15324428
15324390
153243247202012007
153243
1532426
1532414541
1532413
153240282
15323961
153238n
1532385
1532369874
15323695147
15323561
15323534
15323512
15323510
153235
153234
15323316
153233
1532326
1532323
1532321st
15323215
153232100
15323151
15323125
15323034
15322984
153229
153228ss
1532287985
153228484
153227
1532269
15322662
1532259
1532246
15322369
153222k
15322292
153222
153221
153220sam
153220269
15322008
15321qwert
15321loo
1532199
15321904
153219
1532178s
15321633
153215JO
1532159753
15321524159
153214fm
1532146
15321456
1532145
153214424
1532144
153214
153213
1532127
153212
1532118
15321174
153211235146
153211
153210q
1532106
15321
15320RAPHAEL
153207
1532069874korn
1532060
1532051221442890540
153205
1532046
15320385
1532032
153202syn
153202996
1532015404
153200a
1532007008
1532004
1532002
1532000
1532+2331
1531x
1531wilmas
1531syesac
1531sb
1531nahuas
1531ml
1531mariest
1531lisa
1531kh
1531gjm
1531farland
1531dk
1531dc
1531chris
1531car
1531appleton
1531Union
1531MS
15319btz
15319a
15319999
15319991
1531996vivian
15319933
1531992henry
15319901925susi
1531988e
1531986djw
1531981love
1531980
153198
1531979
1531977
1531976
1531975
1531972
15319715
1531963
1531959631985
15319578
1531950
1531948r
153194
153193
153192v
153192454
153192
15319016
15318cav
15318c
153189+
153187
1531852
153185
15318379
153183146
15318311
15318300
15318296
1531828
153181st
1531811
153180
15318
1531797
1531774818
153177
153176a
15317597
1531754
1531735137
1531720
153172
15317171231
153171457+
15317123
153171
1531700
153170
153168326
153168
1531677705
15316765-6
15316701
15316682
15316669
1531661
153166
1531648226
15316306
15316285
1531610
15315lindaln
153159pa
15315983
153159253teamo[]
153159253
153159120
1531590
1531589687
153158
15315792140282
153157
1531561
15315597
153155153
15315484e
153153nr
153153j
153153999
1531538
1531534620
153153426
1531532456
153153153*
1531531234
1531531230
153153..
1531528
153152658
1531525
153152499153ee
15315223
153152
153151
1531509968
153150
15314baster
153149
1531487
153148
15314756
15314736
153146749akta
1531462207
153146
15314585
15314580
153145
1531445
1531440495!
15314323
1531428
153142536
15314229
153142
153141751
15314096
1531409
1531405
1531400
15313manow
153138893
15313730
153137
15313678
1531367
153136131
153136
1531348
1531346789
1531345
153133ab
1531339
15313374733
15313206
15313177redhot
1531315313
1531313
15313026
153130
1531295
15312928
153129
153128svh
153126zek
15312660
153126
1531258456
1531255
15312530
15312523
15312514
15312506k
15312493
15312435
153123a
153123765
1531233311
1531232826
153123258
153122211
1531200
15311mmsg7
15311b
15311973
153119
153118849
15311833
153117r
153117ew
15311734
153117
153116y
15311611
1531160
15311531tc
15311531a
15311424
153113int
1531129
1531126
1531123
1531121990
15311207
15311204
15311121
15311110
153110000
153110
15311
15310925
15310892
15310886
15310857832479
1531078982
1531068
15310614
1531061166
1531061006
15310592
153105060816
153105060
153105051
153104
1531032b
15310310
153102
153101x
153101a
1531018
1531016141888
1531013973
153100d
1531001
1531000
15310
1531+1987
1531
1530zaz
1530teamo
1530swl
1530ryu
1530ruth
1530parra
1530nunk+
1530north*
1530n2410
1530mon
1530marinela
1530manix
1530loja#1
1530le
1530lasalle
1530kl
1530kiragaga
1530jcowjdah
1530jasmin
1530iyk
1530honeav
1530henri
1530hash+
1530gourley
1530east
1530dom
1530dam
1530carrillo
1530ca
1530by
1530bx
1530ambar
1530am
1530ag
1530Liz.
1530DG
15309kjm
153099sb
153099693
15309953
153098
15309650
1530964947
153096
153094pipe
15309413sd
153094037
1530938
15309331
1530926
1530919609323
15309114
153091
15309016
1530900043630
1530888
153088005d
15308740
15308690
15308587
1530841
153084
153079317
153078342
153078
153076
153075
153074763m
1530741
15307300
1530712
15307099
15307053089
15307015
1530700076607
1530700073993
1530700068078
1530700063131
1530700060697
1530700058579
1530700053089
1530700007079
15306f
1530683
15306748
153066883661
153065
1530640
15306380
1530622
153062
153061m
153060202
153060119
1530600027612
1530600026144
1530600024192
1530600003446
15306
153059a
153058l
153058
15305741
153056910
153055781
1530551
153055
153054
1530536
15305316978
1530527
1530500041567
1530500003
1530500001662
1530496
153049
1530456
1530454
15304498
15304444
1530433
153043
1530428
1530427c
15304246870
153042
1530419887
153041
15304058
1530404881
1530404
1530400047491
1530400041450
1530400040429
1530400032248
153040
1530387
153038
15303738
15303621
153035136
1530323
1530320
15303030
1530303
15303029
153030006116
1530300048991
1530300046777
1530300043744
1530300006491
15302a
15302930
15302904
15302813
15302777
15302741
15302731
15302624
153026109
15302580
15302551
15302533
15302528
1530252
15302476
15302306
15302232
15302230
1530221912
153022126987
15302182743
15302053
15302051
15302031
15302030
15302020
1530201
15302009
15302007
1530200057433
1530200002027
15302
15301fnas
15301a
15301993
15301986
15301983
15301981
15301978
15301923
1530192
153018s
15301891
1530185
1530169049
15301612
15301575
15301554
15301547
15301530j
15301514
15301453
1530144146
15301432
15301415john
15301344
15301318
153013111
15301254685
15301236
15301228
1530121133
15301188
15301146
15301120
1530110
15301093
1530100070543
1530100064331
1530100061013
1530100058128
15301
15300aa
1530099
15300937
153008b
1530087510
15300830
15300792
15300708
153007
15300659
15300621virgo
1530062007
15300584
15300541dan.x
153004robin
1530045189
1530042
15300410a
15300351
1530031
15300271
153002
153000carr
1530001r
15300+
1530*
153.625
153-55
153+426
152xmoymc
152wpd
152vose
152vivian
152vboy23
152vb152
152val
152tyler
152tolucalbr
152tany152
152static
