ankt
156607abcd
156607a
1566077
15660722
156607
15660555
15660550
156604*m
1566038
1566015660
15660130
1566***sip
1565zk
1565trudy
1565sales
1565ric
1565regent
1565mo42
1565l0664p
1565jn
1565fjm
1565csb
1565cb
1565ameg
15659NADIA
156599
15659799
1565979797
15659773
156593178
1565921
156591
15658ll
1565897
156587371
15658705
156586
15658552
156584321
156584
15658312
1565828237.12
156582734
156582163
1565770
15657662
1565763
156575481
156575
15657306
1565715
1565714039
156569
156567
15656662
156566
156565656
15656524
15656466
156564
1565637
15656286
1565628
156561m
156561d
15656179
15656123
15656111
1565607
1565606
156560
156557726
1565560243
156555
1565539
1565534
156552
1565501
15655
15654795
156546
156545
15654473
1565447
15654285
15654235
15654126
1565389079rey
1565357
156533
15653234
1565321
156532
1565319
1565315653
1565303
1565300893m
156530
156529
156528a
156528
156527
1565269
156526510
156526
156525906
15652485
156524
1565219
1565215652
15652156
156521
1565207184
1565205418
1565205
15651925
156519
156518
156516champion
1565166400
1565159
1565156
1565150133569687
156514s
1565143
1565141
156514
15651397
1565123
15651222
15651193
15651191
1565115641
15651057
1565102813
156510
156509750
156509166
15650887
156508
1565061c
1565057435
1565050802
15650335
15650213
1565019549
1565015518yque
15650144
1564tray
1564road
1564mk
1564kg26
1564kg
1564greystone41
1564gage
1564domdi
1564bruin2512
1564baby7576.
1564baby3571138
1564abc
1564996789
15649931
156499
156498j
15649875
156498735
15649841
1564974134vale
156497
1564948k
156494607
1564942
156494
1564939
156493131
1564925749
1564923
15649085s
1564905469r
15649050236
1564901g
15649
156489adwa
156489M
156489852654+
156489789
1564897489
1564897
1564894
1564893.3
1564893
156488101210
15648774
15648747
156487308
156487
15648523
15648429j
15648228
156481
15648092
15647suth
15647maxpink
156479
15647869
1564780
1564778
15647766
15647704_368
15647688
15647598
1564754
1564748316
1564735577766
156473
15647258
156471234
156471
15647061
1564701
15647
156466043
1564647
1564645
15646432
1564641
1564604
1564603
1564600
15646+76+
156459
156458
1564570dober
156457
156456ve
156456789
156456489
156456285alex
156456159
156456156
15645569
1564543906
156454
15645374
1564532123
15645236
1564516
156451
1564508530
1564506
156450
156447em
15644766
15644762
1564456498ce.
15644564789
15644325
156442613
1564425
156442
156441romo
1564403
1564393
15643881972
15643869
156438524862
15643848.a
156438
156437
156436
15643450
156434323
15643359
1564335
15643299
1564327
1564300sat
15643
156429
15642897
15642879
1564286
15642831
1564280
156426652
156426630
15642620
15642561
15642535
15642480
1564243
1564242
156423s
1564238790
156423789
15642366822
1564235
1564234
1564233165
156423258
15642312
15642303j
15642300
1564223
1564215642
1564213
156421
1564207515
156420088
156420
15641991
1564199
156419699
1564195
1564185154pamela
1564182
1564178
156417
15641564mkaneak
156414139
156414
1564138902
156413208
156413
15641276
1564123
1564121126
156411
1564103421stefhy
156410258
15641010190
156410
15640973
156406504
156405798
156403475
156400k
15640000
156400
1564/113
1563zack
1563rio
1563pecl
1563ofb
1563nibar
1563miki
1563js
1563jlk
1563cs
1563HA
15639e
156398
1563978103
156396
15639565
156395
156394613
1563919
15639135
156391
156390693
15639050
1563902
15639
15638886
15638749
15638612
156385775709
15638520
15638472
156384
1563835521
15638309
156382
15638126
156381
1563801992192
15637b
156379479
156379
156378a
1563785237
1563779
15637505
15637399
1563739
1563734
1563733540
1563733069
15637314
15637260
15637236
1563715180teff
1563713617
1563712765257
1563708
15637
15636k
1563688
156365
15636476rab
15636336
15636253
156362
1563616
15636142
1563611
156361
15636027
15636012
15635934
15635883
1563574
156357270939
15635554
156355
156354lesli
156354789159
1563545657
15635452
15635428
15635425008
15635425
1563542
156354123
1563541
15635267
156352522
15635212
15635120924
15635098
15635091heargonz
156350
1563498
15634951270583heil
156348
156347
156345lh
156345258987
1563452589
15634524
156345
1563446
1563433
156343
156342azu
156342653
1563413
156341
15634099
15634081
15633justice
1563391
156339
156338587
1563384
15633651hock
1563364
15633616
15633531
156334434
156332sg
15633262
1563322263
15633200
1563318
15633
15632p
15632l
15632995luis
1563295me
1563295
1563287dch
15632879
1563286
156326405
156326
15632499
156324987265423
156324987
1563249
1563248951
15632478963
1563247895123
15632478
1563247
156324697
15632425
156324156324
15632400
156323586
156323323
1563231
1563224371
1563220
156322
15632179453
1563215632
15632156
15632151
1563214
15632123
1563210scroll
1563210.0
1563200600033
156320.4789
15631990
15631975
156319611300
15631960
156319
156317042537
156316
1563158
15631566
15631421
15631402lizet
156313r
156313
15631170
15631000
156309
15630897
15630817
1563076
15630723
1563050344
1563040185
1563035155sara
1563033533
1563025
15630228
156302
156300k
1563003651
15630010
15630
1562tg
1562senep_
1562ras
1562padamju1562
1562n1908
1562jmag
1562chick
1562WA
15629k
156299311
156298a
1562982749
156298
1562968
156294coco
15629440965
1562942
156294
15629291
15629271641
15629216503
156292
1562919
156291134
1562911
1562910131
156291
15629
156289771
156289478
15628934
156289
1562888
15628813
15628789
1562878180
15628711
15628614964
156286
156283
156282
1562818
1562817
15628047501
15627852
1562779
156276017
156274_d
15627486
15627389
1562731515
156273
1562721
156271984
156271
1562708320
156270
15627
15626939214
156268
156265
15626379
1562630
156262635.j
1562626
1562617
156261
15626085
15626074
15626
15625980333
156259763
1562592611i
156259
1562554027
1562550
156254978
15625483
1562543
1562539
1562536
1562533
1562531
15625292917
1562529
15625267
156252537
1562515625
15625156
15625102786
1562510
1562506
1562503
15624947
156249
15624897
15624873
15624828rms
1562482369814670
156247
15624688
1562468
1562442
1562427499
156242728
15624171
1562413dgo
156240
15624
15623tc
15623904
1562387
15623824gdl
15623824
156238
15623727
1562371517
156235+-
156234evo
15623493
156234897
1562348
156234789
15623478
1562347
15623456
1562345
156234457
15623431513
156233loira1992
1562336
1562333
156233
1562323135
1562323
156232
156231t
1562317192
1562314soccer
15623136
156231332
1562312683653879
156231
1562309
1562308
1562306
156230334
15622ra.
1562290
156228
15622796324
156226970
1562261924
156225
15622381
1562225
156222
15622125
1562210080
156220aku
15622071
1562207
1562203
15621955157206
156219
15621895
15621760
15621722
156217
1562169a
156216720may
156216720
15621409
1562140
1562139
1562136x
15621303
1562129
156211
1562100
1562095
15620900
156208123
1562073
15620587
156205
156204
15620323342640
156202709
15620268
15620248
156202
1562015620
15620130
1562005
1562.444
1561wpb9206
1561vty
1561nadszs
1561mc
1561longpond
1561hope
15619s
15619pg
156199f
1561997
1561996
15619948
1561993873216
1561991ben
15619912
1561990ijal
15619870
1561985
1561983e
1561983
156198210
1561980
156197L
1561978
1561977
1561976
1561975
156196pow
1561962
1561961
1561955
1561950960
1561942982
156192
156191729
15618955
1561892
1561880727
15618661041
156182
15618144
156181
156180
15617hanze
1561798
15617895
156178156
156177
1561746d
156174416t
15617435134
1561727693
15617201
156172
1561716
15617108
15616fca
1561698156169815
1561697358003
15616967
15616954
1561675204141486854
156167
156166
15616597967
15616547
156165
1561642695
1561640
1561634faba
15616314
156163089
15616305
156163
1561623420
15616154
156160bratzgirl
15616097
15616034
156160
15615h
15615Tw
1561594
15615840
15615711021
156156xa
1561566
1561565544
1561565
1561563200
15615627
156156156d
156156156a
156156156156
156156126
156156123
15615456
1561541532
15615410
156153j
15615336
1561533
156153
15615277
156152413
15615208
1561518
15615069732
156150112
1561500h
156150
15614jg
1561482
1561481
156147284496
15614728
1561469
1561465456646456465456
1561462010nelly
15614606
15614584
15614553
156145
156144333
15614379123
1561437900
15614331
156143289
1561421
1561420th
1561420806
1561405991
1561400102tapia
1561400
15613lei
15613937SOCAS
156139
15613857
1561364024
156136156136
1561354
1561337l
1561315
15613099
15613089
15613083
15613034
156130
15612k
156127
15612615alicia
1561261235
156126114
156126
156125641
15612502
156124
15612345_g5
156123456
15612314789
1561222431
1561222118156
156122
1561216
1561215612
156121104
156121
15612054
1561204
156120
15611g
15611962d
156119
15611856
15611748
1561174
15611713
15611706
15611562
15611473
15611461300088
1561141
15611334
1561128
156112345
156112012
156112
1561116
156111
15611079
15611078
15610dede
1561084
156108
15610716
156107
15610616
15610558
15610440
15610381
15610371063
1561031483
15610206
1561017
1561011rp
1561011
1561008
156100566
1561,1994,2
1561
1560stabeatriz
1560lp
1560kmc
1560jrs
1560ipcrf93
1560dh
1560bill1560
1560almz
1560abcd
1560aa
1560Abc123
15609980
15609900649501
15609897
1560987
1560985
156096
156095302639
15609500
15609436
15609389
1560927110649
156091a
15609109021384
156091000
1560909
156090
156089650
15608918
15608843
15608821
156088
156086
156084
1560830
156082
156081621
156081
15607957452852m
15607800
156078
156075
156073434
156072
156070s
15607095
1560700041153
1560700039205
1560700037296
1560700036028
156070000828
15606joyrd
15606911
1560660
156065
1560643
156064
156063
1560627
15606236
156061
1560607hmw
1560600066383
1560600066375
1560600064674
1560600063309
1560600060342
1560600056892
1560600048512
1560600036506
1560600018877
1560600017234
1560600016955
1560600012887
1560600004159
1560600002792
1560600
156060
15605HARV
1560581728
1560572
1560570874897621
1560562
156056
1560558
156055
1560538
156053428
15605326
15605324
156052mom
156052542
156050921
1560500061088
1560500060065
15604l
1560496
1560488324
15604746
156047317
156047
15604592
1560459
15604541
1560451912
156045
15604447
156044
1560438653
15604329
15604321
15604124
156041
1560409
15604070leon
156040042561
15604004224
1560400046061
156040004383
1560400041441
1560400038939
1560400038181
1560400038149
1560400036481
1560400034143
1560400033155
1560400002527
1560400001
15603894
156036156036
156036
15603525021
156033SKX
1560338
15603325
156032am
1560323
15603112
1560300262390
1560300245975
1560300237662
156030023416
1560300231524153
1560300214981
1560300213542
1560300212881
1560300212805
1560300210756
1560300209910
1560300204063
1560300199680
1560300193941
1560300193576
1560300189234
1560300183341
1560300182639
156030018121525
1560300180920
1560300178968
1560300178402
1560300177406
1560300173079
1560300169918
1560300158231
1560300158011
1560300156981
1560300151580
1560300151482
1560300149411
1560300147213
1560300146764
1560300146101
1560300143960
1560300142882
1560300142661
1560300142190
1560300137196
1560300136181
1560300132
1560300130582
1560300129355
1560300128847
1560300127
1560300123055
1560300121788
1560300121036
1560300120579
1560300118205
1560300117977
1560300117322
1560300116679
1560300115630
1560300113335
1560300112746
156030011039
1560300110140
1560300104808
156030010382
1560300103
1560300098727
1560300096210
1560300094241
1560300088381
1560300083452
1560300038252
1560300037248
1560300035041
1560300032165
1560300029369
1560300025096
1560300009571
1560300007870
15603000
156030
15602fc
1560297
156029
1560278
15602761
15602581
1560258
1560252900
15602521
156025
15602313
156023090
1560204
1560200073331
1560200069067
1560200068851
1560200068338
1560200066777
1560200066726
1560200063280
1560200057425
1560200054400
1560200053161
1560200012651
1560200012324
1560200012219
1560200011280
156020
15601northline
15601992
1560198550
1560193245a
156019
1560189
15601818
156018
1560177218
15601750
156017
1560169
15601600
15601530
156015
1560147j
1560146022
156014336
15601427
156013a
1560137_
156012081585
156012
15601186
1560118
156011
1560106182781
156010212
1560101
15601008
1560100398191
1560100397659
1560100384751
1560100355009
1560100349751
1560100345925
1560100343931
1560100339488
1560100334702
1560100326
1560100318316
1560100315864
1560100308906
1560100308
1560100304633
1560100301685270736
156010030038
1560100298188
1560100297998
1560100292082
1560100290624
1560100290004
1560100289413
1560100288174
1560100286112
1560100281927
1560100279469
1560100272847
1560100266243
1560100265336
156010026274
1560100260661
1560100259506
1560100258844
1560100257392
1560100255578
1560100252587
1560100250142
1560100248288
1560100247052
1560100244452
1560100244428
1560100242786
1560100240
1560100234392
1560100230966
1560100229437
1560100229267
1560100229232
1560100226896
1560100224630
1560100222572
1560100218869
1560100212054
15601002116511
1560100209151
1560100204787
1560100204281
1560100203764
1560100202482
1560100202334
1560100202059
1560100201117
1560100201001
1560100199597
1560100198043
1560100195478
1560100191219
1560100186436
1560100183755
1560100181965
1560100180781
1560100180314
1560100177411
1560100174217
1560100173644
1560100172541
1560100172427
1560100171331
1560100171226
1560100167130
1560100166311
1560100163711
1560100162499
1560100158980
1560100157959
1560100156618
1560100155018
1560100154135
1560100152345
1560100150822
1560100150407
1560100149085
1560100147392
1560100142641
1560100141335
1560100137371
1560100136552
156010013265
1560100132387
1560100130481
1560100127294
1560100125950
1560100123
1560100114931
1560100112734
1560100110405
1560100103352
1560100102186
15601001
1560100097336
1560100089376
1560100049498
1560100041616
1560100033214
1560100033095
1560100031939
1560100004796
1560100
15600sears
15600927fabiana
1560079
156006
15600543
1560054
15600496
1560047819ariel
156002448
156002
15600168
15600155
156001
1560-67rm
1560
156/chelsea
156/350
156/2am
156.com
156.653182h
156.3575944
155zxcllo
155vdkdda19
155transilvania
155tony
155timo
155thin
155sye
155styler
155shima
155shawstreet
155season
155sandveien
155sadso
155ruenotredame
155rodeosantafe
155rfj
155polis
155pablo
155p5s
155nathan
155nassau
155mxer
155mts155
155mph
155mercy
155meadway
155m7x4T
155luvmusic
155lovemona
155ken
155kedzie
155iz5u9
155if
155hgt
155happy
155h90224
155h244
155fmy408
155facykohy
155egodfreyavef105
155cottage
155conciente
155con
155chobits
155chapel
155champ
155cf1850
155bonnie
155blairave
155bhampton
155bees
155baby
155State
155PABLO
155MPH
155JAM
155HDs36
155Frontst
155Dillon
155CPT
155ADRIA
1559xx
1559vm
1559sutter
1559pepper
1559oc
1559mt
1559dr
1559da
1559connor
1559AYANNA
15599sama001
15599melon001
15599bubu001
155999r
1559992
1559990000615joy
1559990000411
1559970
155997
155996sun
1559963753
15599551
1559941928@
155993
1559920808
15599081
155990660
15599038
1559900316880
1559900305161
1559900288291
1559900279631
1559900264740
1559900263000
1559900259231
1559900256411
1559900255783
1559900252114
1559900249660
155990024856
1559900242410
1559900239117
1559900235103
1559900233771
155990023117
155990022940
1559900229359
1559900228506
1559900223377
1559900221200
1559900221111
1559900221013
1559900220076
1559900217601
1559900214238
1559900212855
1559900212766
1559900212022
1559900211654
1559900210941
1559900206197
1559900205492
1559900205042
1559900203856
1559900202621
1559900195179
1559900194491
1559900191173
1559900190886
1559900186757
1559900183855
1559900183651
1559900182
1559900181933
1559900179521
1559900177880
1559900176913
155990017654
1559900175356
1559900175
1559900174040
1559900173744
1559900167019
1559900164893
1559900161746
1559900160227
1559900157803
15599001574
1559900156904
1559900156335
1559900155088
1559900155
1559900153921
1559900151210
1559900147913
1559900146577mk
1559900141028
1559900139759
1559900139350
1559900138302
1559900138
1559900137
1559900136792
1559900134684
1559900134081
1559900131880
1559900131821
1559900128722
1559900127335
1559900126681
1559900126291
1559900121477
1559900120209
1559900119600
1559900119006
1559900113164
1559900110025
1559900105820
1559900105447
15599001
1559900098840
1559900094283
1559900091471
1559900088003
1559900050537
1559900046122
1559900044383
15599000325394601438
1559900031354
1559900027497
1559900026407
1559900005973
15599000
15598d
15598AMOR
155989742g
1559894laura
15598890
155988
155987443121666
1559874
155987
1559865
15598316
15598296
1559826
15598245
155982
1559800991
15598
15597jp
1559791
155978
15597780
155975q
15597575
15597553
155973113
1559724
155971
15597
15596p
15596m
15596cris
15596cj
155969247
1559691
155969
15596848653
1559676
1559666
15596592
15596524-k
15596378
1559630
15596289
15596232812
1559621721
1559615841
15596050
15595sp
15595mgbtbk
15595brandy
15595941M
155959
155958316
1559580781
1559570074864356
155957
1559565
1559551
155955
1559545661
155954272
1559533607
155952148
155952
155951sandri
15595189
1559511599
155950
15595
155949557
155946
155945620387
15594363
155942z
1559428
155942327juan
1559409274
15594080894
155940262
15593dpc
15593806
155937cj
155937
1559369
155936393
155935728
1559357
15593557sado
15593420
15593316
155933055pye
1559319
1559313
15593024
155930
155929562
1559293
155929
15592833
155928
155925921
15592547
15592464
1559246249
1559240
1559236478***
1559221947angy
15592207
15592197
1559219
15592174รง
15592129
15592060
15592026
1559200
155920
15591alex14
15591988
15591965
155918
155916
15591595
15591569
1559152
155915
155914
15591357
15591247
15591223
1559122
155911
155910
15590n
15590PUAMOM
155908ll
15590820
155907e
15590703
155906829
155906541575
15590638430582
1559061
155906
1559051
1559023m
15590123
1559011
15590075
15590047
1559001
1559000
1558sph
1558sd
1558nelly
1558mich
1558kj
1558jayden
1558holas
1558hellen
1558do
1558dansegurl
1558993
155899
155894
15589214
1558911
155891
15589068elmer
15589068
15588zsz
155889r
155888s
1558888
1558882
155888
1558878
155887725
1558877
155887166
155886
1558854
1558842145
1558830
155883
15588223
155880889
1558802
15587888
155878
1558774476
15587635
1558762103
15587488
155874
1558725
155872
1558712
15586jasu
1558694520267
155868
155867
155866869
155863
15585cris
15585ar
15585989
1558595
155859
15585833539539
155858
155857
15585539
1558545
15585311
15585214
15585204
15585203
155852
1558514613
155850
15585
15584786
155847
155846aq
155846aaqq
1558467439
1558466
15584626
15584511
155845
15584417
155844
1558436
15584207281181
155842
155841123
1558407214ok
15584037@europa
1558402
1558400955156615
15584
1558394
1558387504cielo
15583874andre
15583846
15583842
15583710
15583623
15583498
15583313
1558319
15583061
1558305
155830
15583
1558298i
15582963374
15582960
15582866rycg19!
155828547
15582824
1558280
15582795
155827890
155827
155826
155825
155824526
155824
15582313697
15582245
155821614micelul
155821
15582090
1558209
15581890
15581824
15581814
155817
15581563
15581429
1558138952
15581328
15581326
15581318
15581212
1558121
155812
15581188h
15581162
15581116flaka
155810si
15580974
1558087722
1558087
155808523
15580793
15580708
1558050129
15580487
155802
15580179
155801526
1558013697
155800152
1558-1603
1558
1557sf2559
1557hilcortedr
1557ca
1557a
15579839
155795538426
155794683
155792
15579
15578p
155789
155788616jj
155788
155787C
15578584722
15578532
155784m
15578496
155784
155783
15578295
155781752
15578174
15578165
1557810
155781
15578030
155778866
15577770
155777
1557769
1557736162
15577257
155771627
1557700
155770
1557695
155769004417
155767m
15576782
155767
15576471ajvr
15576467
1557633353
155760
15576
155758469
15575666499110
15575664930313
1557564
155756
155755e
1557557
15575534
15575466
15575454
15575345a
15575329
1557515575
15574m
155748
1557474
155747074200
155746
1557456b
155745689r
155745679
155744321
15574335
1557417339
155741
155740965
15574026
155740160215645
1557390465
1557389t
1557376909
155737
155732
1557307
15573055
1557303086
1557301
15573007
155730
15573-15573
15573
155729
155728
155727
1557266
15572640
15572609
15572604
155726
1557255255
15572544
155724k
1557235
1557232403
155723075
15572279
1557215
1557206
15572
155718261
15571723157
15571658
15571543
155712916
1557123590
1557118955
155711557115571
15571123
155710
15571/8
15570j
155709
15570838
1557073115570731
15570724
155707
15570654
15570576
155705
155704040
15570380
1557037865
1557036
15570351
1557034
155703
1557029478lizet
15570280
15570221
155702093
155701
155700loveme
1557002747
1556wa54
1556play
1556nj
1556mwvm
1556lou
1556jr
1556greenvalleyrd
1556brm
1556br24
1556ball
155698_tugba
1556963
155695576
1556953645
15569478m
15569394
1556930
155693
155692
15569112
1556911
155690
15569
15568dr
15568960
155688797
15568632
155686
15568411
1556838
155683
15568206
155681
155680408
15567ivy
155679
15567898
1556784
1556779
1556755
155674
15567286g
155672214
155672008
155672007
15567
15566901
155669
1556688
1556685
15566784
1556677187
155667
1556660
155665
1556647
15566321
1556632
1556622
155661814
155661252444
1556611651
155661
15565961
1556592
155658
1556552
155652
1556511
155651
15565044
15564777
155645
155644605
1556442
155643
1556413
15564079
1556405019851126
15563rfub
15563_yosoy
1556381995
15563774
15563665
15563635
155636
1556357j
1556357
15563482314
15563352
15563339
155632509
15563209
15563195
15563167
155631551
1556315
15563068
155630
15562988
15562980
1556296135
15562910xxa
155627
1556262039
155626
155625s
1556259773
155624fo
1556246524m
15562311942008
155623
1556225
1556210132
15562055
15562031
155620
15561979
15561934
155619
155618
15561781
1556177
1556172002Gharry
15561690
155616
155615
1556147148
1556141353
155611848
155611762
155611
15561090
15560LA
155609
155608975
15560887140893
15560885
155608729
155608
1556061055
155606
1556050931
15560247
15560100095953
155600
1556/14
1556
1555vinestreet
1555mpm
1555jj
1555go
1555doodle
1555diplomat
1555danny
1555dana
1555cow
1555blohm
1555RR
1555999
1555992
1555981
155597n
155597azi1
155595999
15559237
1555923
155592
155591
15559
1555888
15558837
155585
1555815
15558
1555790
1555786
155576728
155574268
155572353
1555717708
15556s
155569741
155569320
15556661
155565314
155564m
1555648
1555641
155563882
155562
1555612
155561
1555601
15555jp
15555984
1555591
155559
15555669
1555563
155555eg
155555993
15555581
15555555555555555555
15555555555555555
155555555555051989
155555555555
15555555555
1555555555
15555555
1555554
155555333
1555551
1555543
15555411
1555515
155550875
1555496
1555489654
155546545
1555446
1555444
1555425
155542
1555411
15553as
155539935
1555386
1555383
155538
1555352
1555330
155533
1555325koy
155531349
1555289891
1555269.mitzy
155525
155524879
15552415216cr
1555237501rociop
1555234717
155523
155520
15551964
155519029
1555178575
155517
15551666
155515551555
15551538
1555149849deniseburaczek
15551428
15551385
155512
155511578
155511551
155511022021988
1555078
155506997
15550689
155506
155505
1555045256
155504
15550233
15550183cami
15550
1554karen
1554jrm
1554jorman
1554gg
1554eda
1554dear
1554coffee
1554cats
1554bcf
1554b.d
1554anderson
1554DBJTY
155499
155498yv70
155498yv
15549877
1554987
1554982a
1554982351
1554975205
15549748
155497130+666
155497
1554963
15549495
15549344
1554928950
155492533
15549230019
1554921
1554886
15548790j
1554857854705330
155485
15548482
1554848
1554838391
155483
1554814941
1554806
15547nonna
155479534
1554768951
155475201
1554747
155474
1554734320
1554732199mara22
1554726
1554706m
15547025
155469
1554682
1554663
155465167
155465
1554649441
1554648567
1554644785
155464
155463144563
15546253
15546223st
155462
15546115
155461
1554595
155458a
155456C
155455
15545422
15545409
15545403
15545315
15545238
155451vo
15545163
1554513may
15545118
1554511
155449216
1554481
1554477
1554471
155447
15544669
15544661
15544638
15544632
155445
1554444
15544334
1554433
155443265
155443
15544259
1554421
1554415475
15544018
1554401
15543a
1554396308
15543780
155437512
15543741
155437
1554366
155435
155434HR
15543450
15543360h
15543359
155433
155432j
155432
155431nd
15543157
15543155
15543116
155430j
1554309
15543080
1554307
15543063
155430236
155430
1554288
15542876
15542868
15542737
155427
1554265
155426369588
155426335
155426238
15542538
15542517
15542490
15542483111+
1554243
15542427
1554240
15542374
155423530
15542252
155421426
1554214
15542132
155420
15541991
15541988
15541983b
15541902
155419
1554187673
155417641
15541714064933
1554167
15541545
1554153
1554151
15541493
15541453
1554143
1554131770
155413
1554115541
155411
155410856
155410515
15541050
15541010
15541
15540797
15540769
15540615
1554053
15540528
15540527
15540521k
15540347
15540231
1554020293
155402
155401
1554009
15540014
155400
1553tj
1553j
1553dsp
1553dh
1553BB
155398
15539678
1553941
1553935
155393
1553918
155389
155388
155386
15538590
1553856047
15538465322
15538376
155383(M)
1553828725
15538273
155382177
1553814
155380326
155380
155379195
155378896
1553774
1553772*
155377
155376hrl
1553747287
155372647o41994
1553715537
15536955s
155369
155367112505
155367
155365a
15536467
155363701
155363
1553615972
1553608
15535essi
15535a
15535930
1553591
15535798
155354
15535388b
1553530305
155353
1553523523
15535189
15535165
155351530
15535112
1553502
15535
1553486547890123
155346678
15534531
155345
1553439371
1553434
1553432_
1553427168
1553427088
1553419
1553403123
1553389l
15533860emv
155337
1553362
1553360
155336
155335328
15533374
1553334
155333
15533269
1553321514
155332
155331
1553303
1553299521
155329
15532810
1553