83052
13830437
138302525
138302
1382usherxxx
1382rosesrouges
1382op
1382mac
1382louise1382
1382los
1382kh
1382kga
1382hot
1382g510
1382cris
1382ce
1382cd
1382ball
1382aawpp
1382_tugy
1382Rutkow
1382Martie
1382Ha
13829a
138297dmc
138297
138296p
138296
138294
13829383
13829364201
138293
1382926may
138292
13829
138289
1382889
13828863413
1382884868OSCAR
13828841595
13828783
13828652222
13828647
138286
138285dt
138283
1382829
13828287917
13828228723
138282
138281
13828087572
13828015
138280
138279
1382787jc
13827735054
1382767
138276677
138276
1382743068
138274
138273
13827284510sm
13827271
138271991
1382717
13827020
138270
13826wedd
13826925
1382686
13826551904Ly
138265
138264480091125
13826438
13826431851bisii
13826410121
13826407
1382635598
13826234977
1382623
138262
13826173
13826142150
138261
13826096663
1382605
13826006805
1382591150
138259
13825757763
1382572
138256ap
1382565
13825646
13825600
13825506063
1382550
1382541
138253a
1382539
1382536
1382533
1382528
1382526
138252599
1382524
1382521
138252
1382513
1382510
138250
13825
13824906
138248
13824734351
13824721512
13824650936
138246
138245014
13824498152
13824484788
13824428970
13824402063
13824401826
13824365560xy
13824316842
1382430409
138242
138241995
138240mdc
13824023588
138240
1382389
13823831
13823662
13823619131
13823615982
13823551
13823522
13823508609mllj
13823454734
13823440
13823409580
13823400832
1382339
1382337006
13823325356
1382330901
1382327
13823232537
13823231623
13823231218
13823218585
138232
13823171149
13823153
138231012
13823078780
1382300300
13822975
13822800
138227
13822668626
138225
13822473
138224561945
13822417516
138224
13822335603
13822252
13822224
138222
1382213
1382210053950847
138221
13822084591
1382200171
138220
13821993091nan
13821993
13821991
13821963
138219
13821845
13821800
138216al
1382168
1382160
138216
13821522
13821428520
138213821382_
138213811438112
13821379
1382135
13821273
13821228593
13821108
13821100
13821021
1382101949
1382101525
1382101130
1382100586
1382100002
13821
1382094
138208j
13820860
13820857
1382085
138207
13820607
138205t
13820518
13820414881
1382041
13820344
138203
13820282233
13820226366
1382021
1382008
1382003gojuancho
1382002
13820000
13820
1382
1381jp
1381g1380
1381df
1381dear
1381biscayne
1381ao
1381SANCHO
13819li
1381999
13819927
13819890
1381989***
1381989*
13819881381988
13819874
13819871941988
13819852312323
13819825
1381981
1381980
1381978488164
1381978
1381976
1381974
1381972m
1381968jm
1381962
1381961aug
13819612
1381961
1381950
1381941999
1381932
138193
13819218
138192
1381911
1381900938
13818933798
13818907715
13818851842
13818846390
13818799179
13818778753
13818778548
13818762765
1381872
13818579173000
13818540853
13818526967
138185061453
13818418944
1381839878
13818378018
13818374456
13818324590
1381830
13818285547
138182
13818139s
13818084
138180779
13818054674
13818031343
13817997383
13817971159
13817970351
13817941222
13817927700
1381791068
13817823
138178
13817789225
13817714121992ol
13817706752
13817694386
13817598214
13817583847
138175
1381743350
13817397693
13817381187
1381735
13817347
1381731991
13817296
13817247418
13817230970
13817185688171
13817131641326
138171
13817091221
13817035563
13817024529
13817020491
13817011353
13817
13816shweta
13816970688
13816940970
13816923448
138168xx
13816891321
13816843743
13816763
13816744651
1381673
13816719908
1381671138167
13816678
138166
13816599112
13816573026
13816561749
138165485120719
13816354516
13816353215
13816285499
13816233916
13816085502
1381606jmy
13816051875
13816050590
13816
1381599
1381578
1381569kk
138156
13815586496
13815531048
138155
1381544
1381540
1381529
138152
13815175446
1381513
1381512
1381503
1381500385210
1381500
13814624225135
13814562
13814545
138145
138144
138143
1381412
138141
13813925020
138138t
138138a
1381381
138137136
13813630
138136
13813500137
138134124
138134
138133770000
13813307
13813292233
1381320
138130a
13813081508
1381302586
138130095
1381300827
13812mar
13812974
13812816
138128
13812745
13812625
13812425
138123
13812254c
138122528
1381224
13812227883
138122224
138122
1381219
1381218
1381211
138120123j
138120
13811994
13811991
1381191
138119
13811774
138117
138116708280119
138116607
1381156
1381150
13811459690
13811410
138114
13811381n
13811220
138112
1381112
138110s
1381100
13810weeraya
13810980
1381095
138109
138108ma
13810884981
1381087
13810797
13810751
1381071978
13810718264
13810711753
138107
138106743006
13810645218
138105
13810472008
13810447997
13810421
138103568RGMF
13810355262
1381034
1381013
1381005
13810020
1381000
13810!!
13810
1380yany
1380ss
1380sl
1380ra
1380palm
1380moz
1380lb
1380ladies
1380kk
1380kenam
1380jay
1380jas
1380dm
1380cruzeiro
1380cash
1380brian
1380EVE
1380ESPN36
138099
1380987592
13809857
13809806981
138098
13809643645
138096
13809555915
138092765423
13809274886
13809222655
13809219735
1380910
13809060
13808997217
13808990589
13808884167
13808853684
13808806683
138087
13808656363
13808615
1380861435
13808606847?
138086
1380856
138085
13808458202
138082
1380813808
1380812
138081
138080880
138080
13807914
13807865
138077
138076770
13807656
138076
13807333
13807324316
1380730
138073
13807156
1380704
13806s
13806962529
13806368289
138063
1380620
1380618
13806175257
13806066015
13806031320
13806007
138060
13805z
13805vl
13805n
13805hill
13805SB
13805952569
138058998
13805884789
13805856698
1380580921
138058
1380569
138056698013khoa
13805614
1380558g
1380555
138055
1380521539
13805181
1380513805
13804929
13804774
13804741
138047
138046
138045902106--
13804519296
138045
1380431
1380427
138042
13804138060
138040.8567v361
13804
138039
138037
138036
13803549
138035
13803353
1380333
13803314
13803310991
13803303461
1380309
138030
13803
13802n
13802939
13802929
1380284
138026
13802591805
13802538623
13802536
13802450663
13802415922
13802406
13802364
13802353441
13802305
13802290813
1380225348900
1380216
13802086009
13801989721
138019768
13801926
13801918
13801835876
13801793434
13801692149
13801617
138015
138014
13801365
13801321307
1380128
1380118
138011
13801085
1380107859
13801066
13801008
138010
13800926
138008
13800730
138007
13800665d
1380066
138004
1380024
13800232
13800202
138002
138001TH
13800-13800
138-thugg
138-ds
138+yas
137west
137tomnut
137terrace
137taytay
137sya
137spring
137sirenas
137sietje731
137shep
137rph!
137roberts
137profit
137primero4
137pandabear137
137nbfra
137minorca
137lgh
137leland
137lalo
137kgo
137katelyn
137jong
137jalebi89hcs20
137headz
137gril
137grc
137grantrd
137gjw
137fr@nk
137fido
137family
137edison
137dnl
137dec
137dean
137d493c29dc
137d493c29!$@#dc
137crt
137conejo
137chutchada
137choc
137center
137cct
137brovo
137bodminroad
137blATH!!!
137bitterkiwi137
137benny
137bed
137ann12
137angel
137adh`=/
137_okmkikisami
137Password123!@#
137Mongmong
137Bella
137AVE
137ANY
1379zaker
1379yo
1379wtu
1379wong
1379volcom
1379unidadespecial
1379thinh
1379sk
1379sgsg
1379sergio1379
1379rox
1379rey
1379reily
1379puto
1379poke
1379people
1379oil
1379miguel
1379medion
1379lynn
1379leo
1379kv
1379kis
1379kh
1379kat
1379jk
1379jb
1379jahjah1379
1379isaiah
1379iloveJason1379
1379iloveAnthony
1379hls
1379hitme
1379genz
1379gemp
1379fu
1379free
1379feb
1379eva
1379elg
1379ej
1379doraemon
1379diego
1379df
1379cuka
1379cris
1379cox
1379ck
1379ca
1379bizza
1379bh
1379bank
1379b
1379asdf
1379andres
1379a
1379_daniela
1379_1995
1379UCD
1379Main
1379AUB
1379@
137999ev
137999999
1379995
13799743447
137996
13799501
13799444
13799256244
1379924
1379922
13799216817
137992
13799153
137990a
13798titans
13798duderocks
137989
13798888
1379888
13798842
137988
13798789520
1379873788651
13798712
137987
13798676658
137986425
1379863
13798616710
13798579960
1379852j
13798526540
13798524679
1379852456
1379852258
137985220
1379851535
1379850
137985
137984562
1379842655
137984265
13798410411
13798386741379
13798292909wxh
13798281691
13798262258
1379825046
1379825
13798246d
137982456es
13798204904
13798200
137981nicky
13798182009
137981102
13798018984
13798
13797plum
137979a
13797979
13797971
13797705
1379765
13797602604
13797391
1379721
1379718
137971
13797076017
1379700225
137970
13797
13796hiro
137969834
137969
137968515>_<
137967529830
137966a
1379663
137966
1379644
137964
13796350896
13796269898
13796203
13796069767
13796
13795zaker
13795ur2slo
13795rv
13795ra
13795monty
13795m4
13795julio13795
13795j
13795bart
13795b
13795abi
13795953
13795941588
137959
137958vi
137958G
13795846
13795762404
137957
13795656
137956428
13795600
13795574
13795546
137955426
13795522334455
137955223344
137954682137954682
137954682
13795468
137954670
137954628
13795456gb
137954268pufa
137954
137953728
1379534
137952n
1379528465
137952846
1379527
13795254
137952486
137952468b
13795223
13795212
1379518
1379513
137951230
137950A
1379508246
1379502468
13795013
13795011
13795000
1379500
13794943310
137948625qwe
13794862
13794844704
137948265
137946ks
137946cuadros
137946Nn
13794682s
137946820
137946528
13794628
137946200
13794612024
1379460258
1379460
1379456mr
137945682
13794565lakra
13794565
1379456280
137945600
13794549
137945
137944ut
13794433099Ej
137944
13794357233
13794354
13794337173
13794275888gg
137942658312153
13794201842310
13794122er
1379411
137941
1379408
137940
13793a
1379393
137938
13793798001
13793796930hyc
13793643991qqq
1379360
137935047
13793447
13793411536
1379339200
13793321
1379332
13793277
13793254
137932105
1379321
1379317
13793149655
137931
137929982
13792932
137928m
137928aa
13792891213
13792881
137928645
13792856
137928456
13792828424
137928034
1379278
13792648
137925846
1379258456
137925804620
13792526
137924j
137924865c
137924865
137924856
137924828a
13792468taly
137924685nicetry
13792468555
1379246850
1379246
13792341118
13792326
137923
13792288656
137922274
137921r
13792136
13792130
137920oc
13792070
13791bReaTHLess
13791995
13791987
1379190
1379189
13791883
13791849
13791683612192
137916
1379143
137914
137913ue
13791379crcr
13791379B
137913795
1379137913791379*
137913790
13791346
13791313
13791312
137912954189
13791280
13791234
13791210
137912
13791177
1379115
13791121
13791113
1379111
137910576
1379105
13791033214
13791009
13790bas
1379097
13790911
1379090713
13790867356100na
13790860035
13790827267
137908
13790732471
13790713210
1379066
1379058
13790579
1379056428
1379055
13790447
137903
137902
13790168999
1379015475
1379012
13790099217
13790075
13790060464
1379002
13790013
137900-
1379.070595
1379*threeeerht*
1379*24685
1379*1379
1378thug
1378shazam
1378q
1378poly
1378mark
1378kml
1378jgpink
1378fu
1378daniel
1378chanel
1378cg
1378cari
1378_ooa
137899
137898e
13789860539
137897
137894135
137894
137892
13789159
137891482
1378911
137890tb
137890
13788apd
13788959491
137889091
1378889
13788855900
13788824049
13788731
137887
1378865
137885
1378842
13788250936
13788070
1378806
137880209
137880
13787abc
13787KIRARA
13787833omaira
13787794
13787777
137877
137875
137874sexy
1378700m
13787004
137870
13786ubbas
13786iva
137869cr
137869
137868
137867pau_21
137866
13786400665
137864
13786395
13786335
137863
137862k
13786276
137861023
13785951
137857
1378567
1378566
13785506
13785432571
1378543
1378524756987
13785247563
1378511k
137850
13784792
13784771
137846723
13784463
13784428421
137843408
1378431love
1378413
13783_park
137838
13783697
13783611
13783606677
137836
137835
1378338
137831
13783066897
13783055
137830
13783
13782paul
13782990
13782954
13782900009
137829
13782863
137827a
13782695724
1378265000
1378248115045
1378247
13782468
13782456
13782455
13782377
137823
137821846
1378213782
1378213
137820
13781984
137817n
13781776
13781775
137816630
137815
13781488917
13781443373
137814
13781252
13781221238noey
13781110
1378101516
13781014
13781
1378099
137809779
13780899
1378072
137807
13780677
13780624
137804rm
13780434
137803490
137803
13780269
1378019
1378016
1378
1377tara1958
1377src
1377secret
1377re
1377praise
1377nsc
1377nicole
1377mr
1377mf
1377me
1377lucky
1377lovehim
1377kd
1377kayker
1377jess
1377izzy
1377is
1377g04
1377ed57f4
1377dee
1377cheese
1377TD
1377CB
137799999
1377993
137799
137797A
1377967
1377963
13779555
1377952
13779505
137795
137794s
137794
13779390
137791CA
13779054
137790
13778zss
13778bea
137789
137788559
137787554
137786533
13778566259
1377850
1377846
1377835
13778320782
137780a
13778012788
137780
13777y
13777mj
13777jose
13777j
137779
13777802654
137778
137777777
1377777
137777537
1377757
1377752
137775
137774m
1377721894
13777130
137769nsc
1377676851
1377676
137766
137765775
13776561224128
13776462191
1377629
137762694
13776223
137761fk
13776124
13776
13775pie
13775j
1377599
13775962857
13775920
137759
137758d
137758
137757mr
137757936464150
137757
13775534137
137755
13775120
137750a
13775089299
137749939
137749
137746
1377450
137744
13774370202
13774282880
13774261908
137740
13774
1377387
137736828
13773456
137733732787
13773308
137731137abc+
137731137
137731!!
13773055
137730261982
137730
13772995
137729
137728840914
1377286
1377278
1377265
1377252x
13772489
137724
137723
137722
13772167
137721
137720867
1377207
13772050
13772032001
137720
13772
13771pam
1377181816
13771816
13771639
13771606
1377153
1377145
137714
13771399
1377138
13771377?
13771248
13771235871
137712
137711oa
137711BETERAN
13771176132
1377115
13771086
13771013
137710
13771
13770995059+
13770963547
13770953
13770921220
13770840319
13770766085
13770733
137707
1377066
137706114
13770592
13770436
13770322
137702912P
137702829
1377020978
137702014
1377017
13770047066
13770
1376sqd
1376sapos
1376nicky
1376maMA0311
1376jd
1376it
1376dec
1376buddie
1376bp
1376blue
137695t
137693417081993
13769275
137690sam
13769001
1376900
137690
13769
13768998
1376890
1376886
13768850
13768833
137686
137683cts
1376836
1376825
13768
13767897
137678137678
137678
13767426
137671ds
1376711
1376710
13767075495
13767057132
13767
13766bg
13766777131
1376676syu
13766741
137666jl
1376660
137666
1376643
1376635
1376626
137662539
13766089
1376600786
13766007714
13766
13765949680
137659
137658942
137657
1376569
13765689
1376561283
1376524
137652
13765
13764jela
13764952579
13764946045
13764916983
13764810aj
13764679384JJ
13764671154
13764660559
13764639
13764633299
13764534032xddf
13764531416peony
137645
13764418071
13764403054
137644
13764328563
13764278167
13764255159
13764193064
13764175002
13764148093
13764121561
137641
137640a
13764039
13764027806
13764013831
13763ss
13763doc
13763829
1376365
137635597
137635
137634m
13763396670
13763392125
137633
1376308506300
13763006050
137630
137629
137628
1376268
137626
13762569
13762485
13762482
13762464726
13762434079
137624
1376236
1376210
137621
13761pecanct
13761897
13761879629
13761714
13761619040
13761613218
13761599425jxt
13761599425
13761562112lin
13761558
13761546
13761518966
13761512770
137613940
13761376856
13761359
13761271907
13761238403
13761221624
13761216330
137612
13761183025
13761169564
137611550620510
13761150
13761141740
1376113761
13761073100
13761030417
13761
13760school
13760rlc
13760qw
1376095
137609
13760881013
13760833272
13760814
13760788900
13760745472
137607
1376066jav
13760669041
13760665861
13760630
13760478358
13760465244
13760449352
13760405
137604
13760382663
13760373337
13760368660
13760309020
13760301139
13760292244
13760284744
13760271733
1376027
13760262
13760239113+f
13760236680
13760236031
13760220981
13760203236
13760155973
13760116299
13760111134
137601102002871
137601
13760000
1376
1375taar
1375sp
1375peachtree
1375mir
1375luli
1375liza
1375hw
1375hi
1375elle
1375cm
1375bernice
1375beatieave
1375acacia
1375LA
1375987
13759842
137598
1375966389maltas
1375953
137595
137592
1375917
13759136
1375911
13759102507
137591
1375904442
13759030
137590
137589
13758793
137585
13758398
1375813758
1375800
137580
13757joe
13757Ao9
137579933
1375779
13757777
13757704
13757603
137575
137574
137572cr
13757271
13757269
13757191510
13756p
137569c
13756938
13756935
13756791
1375658
137565
13756489
1375641
137564
1375631
137562
1375615m
13756099
13756009841
137560
13755844
137557et
13755755387
137557
13755679
137551lina
13754a
13754@@@
13754820
137547
13754561648
137545
13754396283
13754122066
1375400
13753931
13753925
137537
137536++s
13753589
1375354
137535
137533me
137533198
13753289760
13753249909
137531
1375285
13752346
137523136
137523
137522877
13752225
137521
1375202513
137520
13751997
13751852
13751849591yrm
13751794319
13751794152
13751751536
13751750618
13751739
13751306mason
1375123456789
13751212jg
1375116899103
13751160920
13751152923
1375113235126
13751132
137511
1375105
13751030400
13751021312
13750@@
137509
13750857176
137508
1375078ommagdy
1375068
13750638
13750615
137506
13750573636
13750398
13750303
1375027
137501
13750051836
13750044362
13750018533
1375!#&%d
1374rear
1374r2356
1374ozrumpsteak
1374meg
1374kate
1374jd
1374devo
1374cymh
1374clau6837
1374ball
1374ab
13749o
13749976
13749919
1374982
137498
137495665
13749549
13749394
1374930
137493
137491723
137491456
137491
137490
13748s
13748emfco
13748955
1374888
13748865
1374872
137487
1374859*
13748417
137484
13748381
137483
137482
137481
1374789
13747722
137474
137471
13747074
13747
13746nes
137469
1374674
137467
13746647
137466
1374659
1374646
137464
137463
13746169
1374608
137459
137457z
137457
1374567
137456501511serc
1374557
1374534
137452
13745075
1374501374
13745
13744oga
13744I
13744731
137447
13744668
1374444421083189
13744340
13744137
137441
13744093
137439942
13743826
1374382559
13743800
1374366
13743654654
1374356
1374337
137433
13743168
1374310.cel
13743073
137430
13743
1374296
13742923
137429
1374288
137427a
1374268
13742273
13742011
13742000
13741BOBO
13741985p
1374193919
1374163
1374162
1374151
13741440
137414287
137413374
13741234
13741107
137410
13740870
137407
1374051
1374045
1374**
1373zoe
1373walker
1373swft
1373sex
1373road
1373park
1373oh
1373ldv23
1373kt
1373freedomlife
1373bs
1373breda
137399587
137398
13739708
13739704
137396kk
137396
137394
137393
13739142
1373914
1373910260
13739
13738TEE22
1373876
137387
13738516
1373848
137384
137381sdzk5t
137381469
1373813738
1373811
13738
13737n
13737744
137377
13737650
137375
137374
1373735689
13737224
1373711
137370
1373696
137366
1373658mc
1373651
13736452680
137362d
137361
13736010
1373600728
13736
13735c2rs2
13735bri
13735906
1373587
13735869
13735729
13735683
137355523
13735514
137354
137352b1
137351
13735018915
137350
13735
13734687
137345
1373448
137344
1373434
1373432
137342
137340
137337
1373369j
13733551
1373340
137334
13733248
137332
1373313713
1373311
1373304971
13733031373303
13733005
137330
13732889
13732866868
13732860
13732820
13732816
137327
13732600
137326
137325599
13732432
137324
137323
137322960
1373213732
137320
13732
1373195
13731868575
1373182
137316at
1373162
137316137316
137316
137315
13731381
1373137
13731357
1373132
137313
137312
1373113731
13731044
137310439
13730o
1373068949
1373035
137303
1373028
137302
1373018song
13730128545
13730
1373-475
1372ytw
1372sowens
1372sk36
1372sexyshell
1372sean
1372of
1372nala
1372ms
1372mj
1372mdfz
1372ksc
1372kl1372
1372kjl
1372jc
1372f9e8
1372aa
1372_1372
1372RFV
1372Birch
1372995cg
13729899a
1372989
137295
13729462
137294
13729398922
13729385
13729257
137292
13729137066123
13729132372
13729108
1372910
137290thecure
13729
13728ny
137289k
13728830911
13728802277
13728758626
13728718011
13728690117
13728687081
1372867a
13728674
13728672484
13728631463
13728631249
13728611640
137286
13728522
1372844
13728423547
1372829
137282
1372815
13728112
1372800
137280
13727931
13727853778
137278
137277
13727569CARO
13727553851
13727427467
1372737
1372736125485116
1372713541
1372712
137271
13727049681
1372704013
13726panopolemidia
1372695
13726926635
13726918420
137269
13726855041
13726839
13726830
137268
13726614
137266
1372655
13726523
1372645809
137264406
13726430
137263
13726228050
137262130
13726160683
13726078211
13726073173
13726071
1372600498
13725934
137258
1372572
137257
1372564
137256
13725566790
13725544486
13725523063
13725517
13725491120
13725450854
137254053134
137253R
13725366
1372535
1372531
1372527
1372525
13725232
1372522
1372521
137252
1372516499321
1372516
137249cathy
1372498605
137249
137247
137246
1372459
13724564666
137245588
13724520
137245009384
137245
1372445
137244
13724344
13724334302
137241481372m
137241
1372401191
13723was
13723bc
1372392918712345
13723794660
13723788820
13723783111
13723774
13723729327
13723724121986
13723669388
137234a
13723450551
1372337a
1372330
137233
137232
137230s
1372301267
137230
13722campus
13722a
13722941851
1372290281
13722896120
1372287
137228
13722788954
137227
13722672183
13722616984
13722566501
13722518
137225139mum
13722500
13722297
137221
137220d
1372205
137220
13721sss
13721980
13721929
137218830
13721869
13721859
1372180
137218
13721708
13721611
137216
13721588
13721424
13721330sammy
1372130
137213
1372125
1372124
13721115823
137211
1372100825
1372100489
137210
13720md
13720RIVE
1372090
137208mr
1372085232
1372085
13720821
137208
137207
1372054
1372045
13720416
137203742
137202
1372004
137200317
1372002532
13720013
1372000
1372..
1372 71176
1371zz412d
1371mdx
1371hey
1371hair
1371devil
1371day
1371ce
1371NW
1371997
13719961
1371995hap
13719921371992
137199200*
13719919101
1371989borrego
137198988n
13719897
1371989289071334000
13719880
1371987
1371986hate
13719820
1371976
1371974
1371971
137197
1371968
1371966
13719616
1371956
1371950
13719432
13719213240
13719209126
1371919
13719127042
137191107j
13719092001
13719007641
137190
137188
137187994
137187
13718469
137183FU
137183
1371816
13718089001
13718
13717db
13717826
13717819332
13717762
1371771
137177
137176
137175234
1371747
137174219
13717421
137174
1371737
137173
1371718
1371713441
13717023
13717
13716lynn
1371696
137169
137168
137167471
13716670
137165
13716496
13716447
13716355
13716280
13715983
13715914177
137159
13715777
13715719
1371570
13715672701
13715648
13715590132
13715562
13715507942
13715418281311
13715410538
13715378
1371536375011
1371533
13715303031
13715202021
13715100
1371508024
137150
13715
13714life
13714989
13714970225882
1371494033121212
137149
13714897535
13714785533
1371477
13714759432
13714747828
1371469
137145
137144a
13714480691
1371444p
13714315278
13714144
13714132324
1371407
13714042720
13713999
13713893444
13713881999
1371383333668
1371380
137137rock
137137m
13713795
13713750666
137137137
13713710834637688
13713525
1371350
13713462
13713448
137134
13713388
13713324648
137132
13713090
1371300459
13713002
13712shadow
137129
13712888655
13712860283
13712815
13712799
137126juan
13712666
1371252
137125
13712477
13712411
13712400
13712388
1371234
137123340pab
13712284283
1371228059
13712271
13712212078
13712161788
137121371213712
1371213610
13712110
1371200250
13712001
1371200
13712
13711dox
1371182
13711603
13711600331
13711540
13711523793
13711520977
137115
137114h
13711413303
1371138
13711371xdye
137113711371
13711313
1371126
1371125
1371116
137111521
13711138119
13711129997
13711110haks86
1371111
13710e
137109si.
137109
1371086
13710730129
137107
137106t
137106558020825
13710638424
1371062
137106
13710599050
13710404L0z
137103nl
13710379999
13710353
13710327710
137103
13710271718
13710226
1371022
1371021
13710162021
13710125
137101
1371005171
13710004
1371-brooke
1370steel
1370sanaz
1370rv77
1370qq
1370er
1370eb
1370chel
1370cabnine
1370bone
137098
13709712792
1370970
13709699778
1370963
13709454374
137094
137093a
13709394andy
13709394000
1370913
1370912107Y1
1370901
1370900324
1370898163
13708978
13708936910
1370886465
13708785667
137087
13708601
137086
13708520
1370834
13708230.8
13708118
13708090
13708081
13708028
13708002043
13708000144
13708
13707e
13707901
137078l
1370768614
1370734
1370731
1370726
13707190038
1370712
137070023
1370679566
1370670174
1370668
13706658
137066
13706085133
13705hi
13705921733
13705901
13705715488
1370560
1370550303Enancy
137055
1370540
137054
137053813
1370537j
13705369
1370510
137050C
13705
137049999
1370494
13704911
1370480
13704751016
13704627
13704462328
13704389
13704287726
13704251016
1370409
13704
13703love
13703958967
1370380102
137036
13703516342
1370340
1370339
1370333
137031sa
137031
137030885
13703
13702r
137029673
137028
13702789
137026422
137026
1370252809135398
13702501198
137025
1370247j
1370238
1370234
13702332068
1370228
137021380
137021
13702047897
1370201019
1370200007063
137020
13701991
13701853
13701832956
13701830663
13701802808
137018026551
13701761163
1370172
13701696053
13701669270
1370154912
13701498
13701387454
1370131
137013
13701272888
137012
137011lee
13701197788521
137011485482
13701114
137011006521987
137011
1370107454
13701028
13701016
13701014
1370100028549
1370100014300
137010
13701
1370095
13700731
13700709
13700700
1370068a
13700655116
1370061198
1370049
137004
137003602
1370026
137001a233b.c.
13700187
13700159
1370013700
13700101262
13700088009
137000452
13700
137/48.
137/4137/4
137/137
137//6
137#410
137
136yeawot
136yamaha
136wezi
136walker
136vnje8a69045
136tkO
136store
136siddyy
136s136
136redoak
136ratko
136racing
136qwerty240295
136palasan
136ni2
136newyorkg
136mcr
136may
136maxwell
136mainstreet
136luismiguel
136lovve1620
136kookai
136kevin
136k136k
136ika
136househot
136hershy
136halaa138mimo
136gmm
136girl//89
136gim,
136gcrox098
13