3
10941423
109414
10941391
1094131
109413
1094123456
1094110
10940z
10940jr
10940j
1094072
109407
109406C
10940593e952
10940536
1094051
109405
109404
10940301
109403
1094021509
109401739
10940157
109401
109400angela
1094/4home
1093scotland
1093redz
1093rambutan
1093r887
1093pk
1093picasso
1093momocruz
1093eredu
1093cars
1093bb
1093a
1093HN
1093989
1093987
10939811
1093980
109397883336
10939776
109395
1093936
109393
1093908a
10939070920
1093899
1093881
109388
1093857
109385
109383966
1093831
109383
1093829
1093822
109381catfish
1093812539
109380
10938
109377star
1093771584
1093750924
1093746
1093745360
1093735876
1093735389
10937
10936990
10936943
109368
109367
10936497xy
109363474506572103022
10936308
109362
10936151132
10936119
1093586
1093583
109358
1093579manuel
1093579
109357
109356150853
109355
109354
1093536
1093534
109353
109352523
1093523931
109352
1093519m
1093506449
10934texas
10934n
10934957194638
1093495719
1093486
1093476
1093471
109347
10934566
10934513
10934503
109344m
109344
1093438
1093435380
10934
10933cg
1093390
109338rebelde
109337cat
1093365060
10933642
1093360;ta
109336
1093356
109335
10933473
1093329619
1093325
10933199
1093309
1093302077
1093300075
10933
10932t
10932907
10932846
1093284
1093273
1093260
10932579s
1093250
1093246
109324
10932326
109323
10932293
1093224
1093220192
109322
10932187
1093217645
1093217537marioteamo
1093217435
1093216975
1093216901
1093216328
1093216312
1093215809
1093215508
1093215504
1093214976
1093214966
1093214312mice
1093214
1093213895js
1093213577
1093213061
1093212782
1093212278
1093204b
1093202
109319
109317445
1093172
1093168
109316
109315a
10931503
109315
109314
10931389
109312454
1093117e
1093117c
1093117b
10931112
109310MIAMI
10931093l
10931093dark
1093109
1093106
10931026
1093100
10931
10930979
109309
109308c
109307
1093058
1093053
109304
1093033APS
1093032
109303
109302952
1093027
109302
10930174
1093012
1093007
109300
1093-07
1092wire
1092thitima
1092tebo
1092steven
1092sj
1092rgr
1092kls
1092k@ne
1092jude@
1092jordan
1092hilda
1092gabriela
1092fox
1092d3e
1092cute
1092bb
1092and2
1092ak47
1092adebayor
1092VMG
1092RA
1092@
1092=1234
10929711
109297
1092962
109295rmz
109295k
1092944773
109293593
10929350
109293134
10929262817
109291791045
1092910
109291
10929
10928mill
10928MILL
1092890
10928804
109287721152
1092876.
10928747
1092866838
109286
1092858052
109285
109283746512345
10928339b
1092833
109283
1092813
10928105
10928078
10927f
1092788
10927874
109278
10927711
10927403
109273
109272
109271
10927
109269dc
1092688
109267ti
109266498322
109266
1092657
1092652d
10926512
10926509
109264
1092637
1092635
10926331
1092627
10926236
109261989
10926186k
1092582
109258
1092555
109255
10925481092548
109254
1092539
10925382217
1092538
1092535
1092534320
1092533
1092530
1092527
1092524
1092523
1092522
1092521b
109252
1092508
109250
10925
10924lil
1092483
1092475
109247
1092465
109245STARS
10924552
109245
1092438
109243636
10924268
1092426226
1092420
1092407
1092400
10924
10923ny
109239651412
109238769
109238555T
109237e
109237668
1092364
109236
10923512
1092341041
1092337546
1092332
10923276
109232102
1092321
10923193
1092316
1092310
10923031
10923
10922c
1092298
1092289
109228749p
109228
109227323
109227
1092268dc
1092262522
109225946672
10922473
1092244
10922406
1092236
1092231181
109223
1092224
109222
1092213731
1092199163
109219441
109219
10921825
109218
1092176
1092173837
109216661092
1092155c
1092133
109212655
10921223
109211kb
1092111
1092110
1092105
1092103
1092101
10921
10920s
109209403
109209309409
109208t
10920854
10920833
10920718
1092068
1092066
10920520
10920512
1092044
109204
109203dec
109203
10920261
10920197
1092013
1092010
109201
10920093
1092001
1092000376
10920*
1092*7016
1091tj
1091rg18
1091lovers
1091leonciov6
1091king
1091jr
1091gladys
1091dca22
1091bn
1091a52d
1091_memo
10919998
10919990
1091998aes
109199416041
10919932005
10919931432711994
1091990o
109199024ab
109199
1091989libra
109198991
10919891991989
109198910
1091988cmc
1091985a
10919780
1091978
1091976
1091974rof
1091973
1091972
1091971
1091967
1091966ruud
1091959
1091955
109195
1091941
1091936
10919187
1091901
109190
10919
10918shy
109187c
109187
10918658
109186
1091859644
1091858
1091848
109184342bisbi
109184
10918256
1091822654
109181h
109181988
109181823
1091818
10918138
1091803
1091801
109180
10917gc
1091797
109179
10917868
109178
109177
109176
1091747
1091744
10917412
109174
1091720
109172
109171
10916827
109167
1091669
109166
1091659028C.
1091658890
1091656515
10916510
109163554
109163451
1091633
109163
1091627
1091611
109161
1091592469
1091592
109159042a
109157dz
1091576.hr
1091575
1091551227
109155
109153
109152chris
109152
1091517
109151
10915056
1091504
10914oO
1091499
1091498s
109149
109148MR
1091475s
109147
1091469n
10914458
1091437
1091427555
10914271
109142536
1091420
109142
109141929
109141789
10914172
109141520a
1091404taky
10913ray
10913ramnai
1091391039
1091390
10913819871021
109138
1091371996
1091370
109137
10913600
109135y
109135614
1091355
109135241084
109135141791
109135
10913360
10913302117
109132r
109132
109131a7
1091317
10913166
10913140
10913
109126as
10912583
1091256
1091252
10912504
10912455
1091237
109123456789
10912294t
10912244
10912222
1091212720
109120
10912
10911ndl
10911g
10911_ADO
10911977hw
109119
1091145
109114
1091129
10911271455
1091125
1091123tania
1091116
1091113
109111289
1091110911
10911104
109111
109110man
10911096
10911091MADA
109110911091
1091104nasardkny
10911040
109110109110
109109ss
109109raebae
109109luci
1091096
109108
109107brit
1091074
109107
109106s
109106122
109105s
10910584
1091054815
1091052720
1091045
109104
1091038
1091025
1091017
1091011
1091010
10910091
1091
1090ws
1090treetoperu
1090theb
1090stef
1090sb
1090pro
1090phil
1090ola
1090nycq
1090mvhs2008
1090mhu
1090merve
1090manusuk
1090eimaj
1090dnm
1090dangerously
1090c
1090bt
1090bs10
1090border
1090blood
1090b
10909toto
10909cancer
1090980827
1090979t6g0p1
109095990
10909574
1090945
10909299
10909294515817
10909209
109091984
1090914
1090912
1090908r
1090908
1090906
10909054221063
10909010
109089
109087sr
10908748
109086
10908589
10908489
1090843
10908423
1090840
109084
10908338
10908299
109082
10908160
109081
1090809
10908060
1090806
10908050
10907a
109079G
109077op
1090777
109077
1090761
109076
1090755
1090751495
1090739a
109072000
109072
10907083a
10906jni
10906ben
1090690
109069
109068
1090663
109066
109065a
109065
10906466
10906321
10906294
109062
1090612305
109061
1090600
109060
10906-jx
10906+2years
10905km
1090596w
109059626w
1090596
109057h
1090570
109056
1090551
109055
109054
10905301
109051990
1090518
10905070
1090504
1090503
10904LC
109049566405
109048
1090463v
1090460
109045jk
109045510
109045
109044jn
1090441
109043b
1090439
109043723
109043714
10904350
10904342
10904263
1090412640_pilarcita
1090410904
1090410
1090409cg
1090407685
1090406HJ
1090403258
1090399a
1090398291
1090394872ag1
1090393197
1090393077
1090393
10903929
1090387899
1090385443
1090383552
1090383210
1090380294
1090378543
1090378
1090377099
1090374178
1090374
1090372624
1090372564
1090371689
10903713
109037021213
109037
1090369929
1090368286
10903653
1090364611
1090362335
10903617
10903489bubblez
10903404
1090324
109032
109031186
109031101
1090310050
10903017
1090301
10902a
109029jk
109028d
109028
10902792
1090278
109027
10902622
1090256
109024ew
1090248a1
1090245
109023chana
109022
10902160
109021354
10902080
10902024
1090201
1090200
10901jl
10901994
10901991
1090199
10901985
109019
1090185
1090182
109018
1090170
109017
109016TP
1090166
1090158
10901530
10901518
10901502
109015
1090149131
10901490m
1090149082
1090148761
1090145
10901386
109013
1090125
1090123kb
10901220
1090110901
10901000180
10901000
10901
10900shelley
10900em
1090099229
1090095404
109008mm
109008ipsd
1090082
10900721
10900700
1090068
109006467
1090058r
1090058R
10900495
1090048
1090047
10900459
109004200
109004
109003d
10900330
1090032
109003
1090025000
10900228080
1090020
1090019
109001322
109001212
109001190
109001104
1090010
109000p
109000292
1090001
1090000413
109/449
109/374
109/234
109/130
109.014382234
109++--
109 114 89
108yac
108xena
108wordsworth
108west6
108wckf17
108warren
108usdt
108twin
108tpk
108tonytoy
108thbaby
108sylvan
108sweitzer
108stephy8
108stefa1av
108sriramajayam
108sos
108side
108shayne
108sfront
108russell
108rock
108rei
108reco
108ranas
108puppies108
108pul
108princess
108poinset
108pinecourt
108pato
108paint
108ornothin
108onepiece
108ntw19
108nepal1
108mtj108
108monkey
108mdb
108mcrlove
108mas
108marshmallows
108mariposas
108mari
108marbles
108man
108mala
108magno
108lover
108love
108lov
108lakedr
108laird
108kuttuse1991
108krishna
108kids
108katie108
108justin
108june
108jrinew
108jossell
108josegalvez
108islam
108home
108hollydrive
108holly
108heros
108heidi108
108grone
108gopi
108gline
108gkv
108girl
108gibson
108gbwdii
108gas
108gansta
108galena
108fox
108fm
108fetisha
108elliott
108east
108dragons
108dragon
108destiny
108dandy
108crf250
108crew
108classy
108chic#$%
108chatterbox
108c20b8a7
108bwfu
108bruce
108boy!!!
108bolivar90
108bitch
108beethoven
108bead
108bcr
108baseball
108baby
108b19
108atma
108armor
108arihant
108apassinghamave
108and771
108and730
108acf10reg
108aaa
108a108a
108_leighton
108Stitches
108Stars
108SET
108RECORDS
108Mass
108MLK
108MALBU
108DW21dec
108CODE4
108BUCK
108BALLER
1089zudden
1089vil
1089sippi
1089pututi
1089mofi
1089marie
1089maricar
1089ke
1089jm
1089is
1089garbage
1089f9ie
1089ed
1089cj
1089china
1089ac
10899or
10899c
1089993
108998id
108997
108996o
1089913
108991
108990830
10899044
1089904136
1089900
10898j
10898dns
108989a
1089897280234
10898910
1089888TR
1089888
108988
108986715110292
108986
10898557
10898555
108984990
1089845116
1089844908
108984
108983859
108983817
1089824
1089822
10898198
108981329
10898099
10898058
10897pinky
10897khxx
1089797990
108977
108976
108975z
1089759
108975
108974896
1089745330m05
1089745184
1089745104
1089745097
1089744981
1089744669
1089744295
108974
1089739
10897321
108973
10897273
108972310
108971e
1089719575
1089719258
10897123
1089710897
108969a
1089698
108969
10896888
1089685
1089684
108968
10896753
1089667514
108966602k
1089665
1089664
10896432217511
108963
1089612467012
108961234
108960
10895r
10895h
1089594
1089590
108957m
108956jk
1089564om
108956
10895575
10895488221
108954
10895205
108952
1089505
1089502300413
108950
10894w1eo
10894triksi
10894emily
10894ashy
10894TJ
10894E
108949may8
108949
108948K
10894831
1089481453
1089480555
1089480105
1089479820
108947
1089460
108945
108943
108942a
108942
10894176
1089415p
10894141994
108941
10893rozen
1089379nr
10893779
10893611
1089355
108935
1089348
1089333
1089327
10893230
10893209
1089320
1089317
10893123m
1089310893
108931
1089309
10893008
10892usa
10892r
10892kathleen
10892cruize
10892b
10892912
10892903
108928ANSAilove
10892862
10892739
10892705
1089268
108926
108925623092
108925477
1089252320
108925
1089247
1089246-723
1089242329
108923
108922
1089214
10892135540
108921089210892
10892031
10891jk
10891hugh8
10891hmgf
108919813
10891761
10891575
108912d
108912
10891123
1089100i
108910
10890ek
108909
10890809
1089080
1089070
108901dn
1089014
1089002993
1089002377
1089000991
1089*#jr
1088yl
1088wan1511
1088ty
1088sadanika
1088pw
1088nn
1088monik
1088mj3
1088mike
1088mark
1088m
1088lmt
1088korea
1088kah
1088g
1088ff
1088fe
1088da
1088chris
1088ch
1088as
1088amikacina
10889hs
1088996
10889922
108899
1088983
108898
1088972643
1088972411
10889668
1088964
1088960e
1088949
108893197864
1088929
108891k
108890
10888s
10888814328527121
108887
1088867bob
1088864
1088863
1088861
108885
10888444
108883
1088828371
1088828
10888180
108881
1088807
1088798
10887615985
10887542200
108874
1088732769
1088732752
1088731702
1088731673
1088731320
1088731122533
108873
108872
1088718m
1088711
1088708h
1088704nethouse
108869bob
1088693m
108869
108868
1088678
1088669
10886648
1088661
10886554
10886402
108864
108863
1088621862
1088600
1088590220
1088590
108858a
108858
1088570561
108857016
10885610x5
10885610
1088552
108855
1088529892
1088522
1088517
108850
10885
10884joker
10884des
108846p
1088457
1088454830271284
1088449
10884443
1088442
108843fz94hz
10884213
108842
10883vt
10883922
10883791
1088337
1088336
10883305I
108833
10883296
108832
10883186
10883101
108831
10883090
108830749
1088302990
108829937
1088296
108829
1088288420
1088286898
1088286229
1088286109
1088285997
1088283444
1088283
1088280984edgar
1088280455
1088279911
1088279568
1088278soltera195
1088278831
1088277403
1088276953
1088276801
1088275800
1088275200
1088275
1088274748
1088274306
1088274299
1088274222
1088274129
1088274
1088273908
1088273307
1088272688
1088272457
1088272034
1088271887
1088271563
1088270814
1088270753
1088270412
1088270411
1088270332
1088270273
108827
1088269871
1088269858
1088269539
1088269501
1088269423
1088269374jeje
1088268609
1088268384890410
1088268125
1088267961julian14
1088267709.
1088267587
1088267501
1088267323
1088267227
1088267170
1088266886
1088266212
1088266
1088265923
1088265788
108826572
1088265551diana
1088265309
1088264815
1088264703
1088264530
1088264363
1088264155
1088264055
10882637865
1088263755
1088263643
1088263569
1088263478
1088263464
1088263450
1088263381
1088262470
1088261963
1088261695
1088261647
1088261596
1088261587
1088261475
1088261346sara
1088261223
1088261174
1088261123
1088260898
1088260871
1088260789
1088260731
1088260418
1088260284
1088260153
1088260083
108826
1088259808
1088259767
1088259744
1088259076
1088258895
1088258869
1088258650
1088258576
1088258237
1088258168
1088257643
1088257579
10882574
1088257275
1088256842
1088256596
1088256421
1088256378
1088256371
1088256269
1088256
1088255868
1088255487
1088255169
1088255066
1088254283
1088254244
1088254156tati
1088253970
1088253449
1088253372
1088253116
1088253078
1088253
1088252806
1088252783
1088252677
1088251558
1088251416
1088251044
1088250988
1088250653
1088250609
1088250474
1088250161
1088250073
1088250015
1088249947
1088249871
1088249868
1088249527
1088249362diana
1088249361
1088249253348_21
1088249185
1088248964
1088248883
1088248737
1088248655
1088248551
1088248522
1088248007
1088247995
1088247964
1088247607
1088247563
1088246960
1088246206
1088245902
1088245250
1088244280
1088243dta
1088243985
1088243956/
1088243445
1088243234
108824322
1088243209
1088243046
1088242689
1088242679
1088242589
1088242129
1088242128
1088242023
1088241987
1088241665joia
1088241004
1088241
1088240861
1088240748
1088240722
1088240481
1088240474
1088240457p
1088240446
108824039
1088240343
1088240301
1088240034
1088240
1088239940
1088238910
1088238864
1088238845
1088238758
1088238429
1088238420
1088238166
1088238153
1088238108
1088238094
1088237939
1088237578
1088237424
1088237271266181
1088237261
1088237039
1088237
1088236998
1088236983
1088236955
1088236942
1088236896
10882248
108821mo
1088213
108820zack
108820095
10882008
10882
10881988
10881968
10881916
108819
108818
10881793
108817
10881697
1088167
108816
1088155
108815
108814
108812]
10881290
10881240
1088109m3
10881088S
108810801
108810732
10881
1088098jlm
108809
1088082002
108808
1088074
108806
10880531
108805
1088044789
108804
10880211
1088011989
1088004852
1088004339joy
1088002394
1088002012
1088001428
1088000383
1088 bucs
1087zink
1087violet
1087v0
1087summit
1087star
1087seyer!
1087saebas
1087maite
1087kg
1087ff
1087elma
1087eem
1087canoe
1087NS
1087July
1087CH
10879cali
1087999711
1087998557
1087998315
1087997818diez
1087997711
1087997493
1087997439
1087997396eli
1087996823
10879968115826
1087996322
1087996291
1087996241
1087995930
1087995815
1087995753
1087995742
1087995423
1087995329
1087995252
1087994965
1087994883l
1087994595
1087994531
108799443
1087994238
1087994089
1087993641
1087993397
1087993367
1087993344lucas
1087993248
1087993133
10879930033284376
1087992960caro
1087992959
1087992440
1087991958
1087991576
1087991116
1087990910
10879909083221216
1087990463
1087990410
1087990290
1087990107
1087990
1087989583
1087988914
1087988839
1087988707
1087988677
1087988412
1087987900
1087987205
1087987037
1087986434
1087986049
1087985880
1087985167
1087984290
108796
108792488S
108792
1087915
10879112
1087911
1087910879
10879100
108791
10879049
10878s
10878T
1087897
1087891
108789
1087885
10878710
108786c
10878693
1087865
108786
10878435
108783395
1087833
1087828
108782
1087806
10878
10877990072
10877945
1087793
10877922291
1087773jrh
108777
1087753
1087749038
10877343
10877287
10877108
10877107
108770893
1087702320
108770.
10877
10876fire
10876f
1087698katie
108769
1087675
1087672778
108767
1087669535
10876627
10876565
1087654321
108765150JLRpin
1087643142112369
1087642953
108764
108763731
108761f
1087616
1087610
1087609
10875l1
10875j
10875992
10875964
108759
108758
1087573s
108757
10875657
1087564
1087553
1087552162
1087552117
1087551584j
1087550665meli
1087550220
1087548398
1087547052vigama
10875407
1087540
108754
1087532
1087531
10875201
108751r*
10875009violeta
10875
1087493
1087487966
1087487864
10874771
10874745
108745181
108745
10874305
108742
1087415503
1087411002fp
1087410967
1087410573
108741
108740978
1087408522
1087408129
1087406879
1087400
10873874
108737lunar
1087378
108737
10873684
10873652
108736469991912
108734842
108733
108732
108731
10873043
10872oc
10872@gg
108729
108728
10872647
108725xoxo
108722m
10872297
1087225
108722
108721351
108721
1087185
10871823
10871724
108717
10871666
10871585
10871572ml
10871572
108715617
108715
108714
1087132
1087129946
1087127761
1087126550
1087124672
1087124618
1087122975
108712
1087118034
1087116059
108710msm
1087108405
10871024
1087101
10870987
1087091
108709
108707777
108707421
1087072
10870555dm
1087035
108703475
108703
108702rich12345
108702rich
1087029
108701lester
10870168
108701
1087006679
10870000314
1087/110
1087..
1086zwan
1086vmh
1086mvm110
1086masucambo
1086m
1086kl
1086kiki
1086ken
1086jameS
1086grt
1086ghyslaine
1086eldiosmundo
1086ch
1086ato
1086Wilm
1086KIKI
1086ATO
1086974
1086960
10869533
10869521224
10869434
10869396
10869321
108693
1086922093
108692
10869094
108690
10869
10868dj
10868EJ
10868977
10868787
108687
1086845ef11ddF2a
108683
1086810868
108681
1086808
1086807
1086806
108680
108679ismail
108679
108678a
108678
1086778236
1086772
1086754901kw
1086752
108675
10867493
1086740
108673
1086726084
108672533
108672
108671ace
10866kj
108667
1086666
1086634
108662n
10866225
1086609E
1086594961D
108657
10865689
10865647
1086564
108655j
1086552
108654a
10865495
10865451
108654
108653
10865223
108652058
108652
1086512
10865094
10865
108648990
10864826
1086480137388
10864786
10864697
1086462
1086458261191
10864582
1086441
1086436AD
108642db
108642177p
1086414
108640547186
1086402
10863xp
10863k
10863792
10863703
1086360419
108636
1086342
108634
108633151
108632108632
108632
1086314
10862delrey
10862cola
10862837
108628
1086278013
10862779
1086277
10862731
10862709
108625
10862462
10862445
1086244
10862408616
108623t
10862239
108622
1086212
108621
10862019160
10862005
10861986
1086195a
1086189
10861683
1086151
108615
10861351992
1086134386
1086133038
108612rlm
10861213
108612
10861107
108610r
1086104155
10861
10860811
108606+
1086047540
1086045balh
1086044196
1086043051
108602
10860197
1086017025
108601204
108600w
1086002
1086+421
1085tyler
1085tt
1085rl
1085pd
1085pau
1085oml
1085nes
1085mvlr
1085love
1085kiss
1085kiara
1085hvw
1085goga
1085erin
1085cool
1085bht
1085ball
1085SARA263688
1085IH
1085Ahebyanh
1085AROD
108599
1085987
108595
1085937
108593
1085921
1085918
1085917443
1085917319
1085917213
1085914783
1085913287
1085912745
1085909439
10859092
1085908850
1085908
1085906849
1085905942
1085905127
1085903321
1085902493
1085901993
1085901267
1085901074
1085900564
10858bm
1085899852
1085899833
1085899758...
1085899722
1085899
1085898263
1085896996
1085896630
1085890215marce
1085885
10858798225700
108587
10858626
108585476
108583
108581622616698
108580ok
1085806622
1085798
1085777
108576mig
10857638
108575480
10857446
1085743
1085718157
10857115
108571
108570md
1085708
10857
10856veloz
108568990
1085687839
1085686388
108568
1085677a
10856710
108567
1085662233
1085657
1085651
108564nr
1085634999
10856318x
1085631
1085629
108562543
108562278221
1085613
10856115
108561
108560
10856
1085585
108557a
1085573
108556025942101
108555k
1085553
1085548
108554
108552
1085514
10855124
108549
108546
108544a
108543ds
108543
108542160
1085421
1085416
10854122
108540
10853997
10853889942
1085365
10853606
10853426
108534
108533389
1085329
108531
108530e
10853049
1085285620
1085285388
1085285151
1085284
1085281682
1085281473
1085281436
1085281101
1085280198
1085280005
1085279766
1085279395
1085279370
1085279188
1085279137
1085278954
1085278392
1085278049
1085277995
1085277959
1085277755
1085277265
1085277132
1085277057
1085277039
1085276906
1085276869
1085276494
1085276182
1085275990
1085275718
1085275369
1085274845j
1085274696
1085274464
1085273853
1085273717
1085273566
1085273508
1085273345
1085273268
1085273139
1085273132
1085273092
1085273049
1085273013
1085272nc
1085272918
1085272829
1085272
1085271161
1085271130
1085270953p
1085270953
1085270934
1085270841
1085270814
1085270723
1085270384
1085270170
1085270082
108527
1085269923
10852698841388
108526971708121988
1085269532j
1085269501
1085269440
1085269074
1085269060
1085268910
1085268819
1085268727
1085268549
1085268225
1085267962
1085267843
1085267733
1085266696
1085266583
1085266549
1085266335pasto
1085266027
1085266017
1085265892
1085265632
1085265456
1085265407klin
1085265
1085264863
1085264820
108526454366
1085264227
1085263709
1085263638
1085263216
1085262804
1085262741
1085262664
1085262528
1085262465
1085262016
1085261955
1085261738
1085261672
1085261614
1085261545
1085261495
1085261389
1085260661
1085260619
1085260290
1085259473cordoba
1085259418
1085259399
1085258901
1085258814
10852587451085258745
1085258582
1085258562
1085258093
1085257818
1085257811
1085257802
1085257784
1085257771
1085257734
1085257705
1085257698
1085257059
1085256984
1085256741
1085256615
1085256391
1085256390
1085256005
1085256
1085255000
1085254909
1085254566
1085254295
1085253984
1085253951
10852539
1085253564
1085252578
1085251931
1085251244
1085251225
1085251141
1085250979
1085250622
1085250530
1085250388
1085250220
1085250038
1085249977
1085249762
1085249326
1085249248
1085248790
1085248268
1085248116cerveza
1085247912
10852471
1085247047
1085247
1085246990
1085246432
1085246275
1085246199
1085245eliana
1085245905mary
1085245375
1085245202
1085244738
1085244714
1085244438
1085244081
1085242
1085232
108523
1085211
108521
10851vc
10851id
10851cvc
10851VC
10851F
10851962
10851905051991
108518
108517.stu
108517
1085167267
1085163
108515k
108514x
108514
1085122514
1085122
108512
1085119809
10851124
10851076
10850955
108509
108508beats101
10850892
108508
10850715
10850696
1085063
108506
108505
1085046595
108504
108502r
108502
1085012
108501
1085004
1085/6710
1085..
1084steel
1084nw74s
1084nw
1084nobu
1084mo
1084lp
1084life
1084hj
1084cj
1084cats
1084bl
1084b
1084ame
10849ag
10849aar
1084998
10849962
1084991
1084966
108496
108495
1084922010287
108490bf!
108487ana
1084873vn
108487
108486n
1084848
1084846670
10848287
1084822010062
108482
1084815m
108481
10848026
108479
1084782
10847654274
108476
10847558
108474tmah
10847392170593
108473
1084720
10847103
108471
108470
108469190309
1084687
108468
10846775125
1084660
108463
10846108
108460466
10846
10845joe
10845898
10845803
1084567k
10845491
108453268
10845292
1084520
10845140
1084510
108450
1084490
108448
108446
108445ss
1084452m
1084451japanese6
108445
108444
108443
108442600532
10844236
1084421050011
108442
1084413
1084411
108441
10843a
1084388
1084387
10843842
1084379
108437
1084349
108434297
108434
10843064
10842jh
108429o
1084292
108428
108427park[
1084269
1084262
10842527
10842491
10842462
10842459
1084240267
108424
108423angie
1084236s
1084230
108422364
1084223454
108422
10842114
1084206
10842
10841m
108419s
10841980
108419
1084172
10841600
108416
1084156
10841501
108415
1084148
1084145
1084142
1084132MB
1084130
108413
10841218
108410160
10841010
10840a
10840917180643
1084090
108409
10840803
108408
108406
108404me
108402
10840197
1084019
1084017
1084014kc
1084013
10840123
108400371681
10840
1084/11
1084*
1084
1083xz
1083stail
1083sd
1083sally1
1083robert
1083pt
1083lww
1083kw
1083hitchkik
1083guy
1083georges
1083geee
1083g
1083fm
1083diosesamor
1083dd
1083davjo
1083amorcito
1083TN
10839mf
10839j
1083999
1083994
108399
10839892
10839890
108397
1083967
108396
10839534
108395
108392609
1083925
108392
10839165
10839140203463!!
1083900
108390
10838Y
1083883luisalejandro
1083883
1083881008
1083879200
1083878250
1083875052
1083874
1083873716
1083871961
10838717930
108387
1083869676
1083866506
1083866065
1083838218
108382033
10838152
108381
1083807
10838
10837hml
1083790605
1083767gorms
1083755
1083715b
1083714
108371314
108371
10837070lvac
10837050
1083700
10837
108369l
108369L
1083690
108366
10836555
10836554556
108365
108364
108362290
10836206t
10836203
108361bq
10836161
1083611
108361083610836
1083600
108360
10836
10835pb
10835cara
10835933
1083576R
10835755
108357
1083566982
108355at
1083548
108353
108352as
1083509
10835
10834adida