32
098050441
09805020422
0980502026
098050180
098050098
0980497870
09804954204
098049323123
098049253
09804919810
098048787
098048739
098048720
09804812519534
098047968
098047702
098047510
098047432
098047136
098046604
098046249
098046055
098045420
0980451923
098045155
098045
098044835
098044274
098044162
098043645
098042532
098042317tay
098042270
098042124
098042
098041767
098041702
098041518
098041417
098041302
0980413
09804121642
09804112c
09804108423basketball
098040599
098040546
098040388
09803faqq
098039913
098039515
098038051
098037950
098037789
098037527
098037205
098037062
098036711
098036703
0980362
098035800
098035632
0980355708
098035390
098035264
098035053
098035003
098035
098034617
09803448622
098034059
098034
09803384
0980337531
098033524
098033
098032825
098032704
098032698
098032458
0980319656
098031705
098031544
098031513
098031471
098031376
098031102
098030407
098030309
098030172
09803
098029863
098029787
09802968
098029626
098029470
098029174
098029
098028hpp
098028803mony
098028771
098028488
098027617
098027361
098027354
0980273
098027037
098026979dani
098026602
098026361
098025932
098025032
098025
098024873
098024441
098024239
098024
098023795
098023453
098023135
098023
098022910
098022478
098022346
098022210%%^%!!
098022
098021921
098021661
09802145
098021439
09802130
098021230
098021198
098021160
098021111
098020838
098020699
098020385
098020339
098020283
098020
09802
09801992
0980197631
098019
098017600
098017136
098017
098016405007
098016329
09801506
098015
098014697
098014312
098013893
098013489
098013
098012
098011869
098011711
098010y
09801040
098010329ecuador77
098010293
09801020
098010
098009749
098009545
098009438
098009289
098008708
098008635
098008625
098008386
098008377
0980079594
098007890
098007868
0980078321
098007744
098007269
098007161
098007030
098006968jero
09800681
098006379
098006307
098006274
0980061
098005779
098005578
098005440
0980052
098005052
0980049526334634
098004863
098004819
098003935
098003901
098003829
09800356
098002538
098002320
098001`
098001813
098001446
098001181
098001
098000802
098000789
098000579
098000489
0980000999
098/.,mnb
098.152.952
098-soylamejor
098*TURK
098*(K)
098
097y5r3v18k2h426
097reyes
097ngvfz3123w1
097jayzg
097j878
097_1994AaEe_
097\\\097490133
0979sebastian
0979mike
0979bebe
09799jfomx
097999678
0979996226
097999515
097999129
097998992
0979988213
097998415
097998311
097998230
09799798
0979977116
097997558
097997515
097997335
097997296
097997217
097996605
097996008
097995333
097995223
097995100
097995095
097995075
097994644
097994434
097994338
097994029
097993468
097993393
0979933919
097993290
097993083
097993
097992646
097991561
097991453
097991350
097991181
097990959
097990941a
097990782
097990780
097990510
0979903
097990275
09799014
097989rsng
097989775
097989630
097989271
097989012
097988666
097988296
09798825453
097988189
097988066
097988022
097987266
097987166
097987
097986930
097986892
097986817
097986678
097986468
097986452
097986162
097986054
097985798
097985534
097985196
097984756
097984543
0979843946
097983086
097982987
097982627
097982340
097982320
097981344
097981230
097981166
09798093
097980905
097980601
097980519
09798
097979780
097979004
097978989
097978832
0979788182
097978718
097978419
097978374
097977873
097977763
097977690
097977510
097977237
097977
097976927
097976556
097976466
097976421
097976344
097976048
097976005
097975972
097975857
097975632
097975462
097975087
097975047
097975023
097975020
097975
097974138
097973366
097973246gta
097972622
097972508
0979722803
0979720697@
097971953
097971626
0979712703
097970954
097970935
097970746
0979701877
097970093
097970
097969936
097969782
097969769
097969741
097969676
097969221
097968921
097968435
097968422
097968005
097967924
097967615
0979675010
097967344
097966594
097966386
097966180
097965701
097965612
097964840
097964571
097964095
097963976
097963966
097962645
097962312
0979620
0979616229
097960984
097960664
097960623
0979600
097959710
097959605
097959485za00
097959483
097958060
097957767
097957626m
097957399
097957072
097956633
097956
0979557952693477
097955614
09795550812345
09795544
097955089
097954410
097954271
09795393
097953524
097953344
097952962
097952776
097951824
097951322
097951131
097949460
097949421
097948988
0979489840
097948440
097948376
097948294
097948269
0979480727
097947947
097947477
097947377
097947023
097946059
097945582
097945463
097945410
097945258
097944690
097944538
097943808
097943356
097943061
097943055
09794301011
097941853
097941843
097941629
097941519
09793zyzdq
09793c64
097939750
097939713
097939528
097939524
097939498
097939354
097939006
097939
097938943
097938610
097938482
097938287
097938028
097937912
097937137
097936734
097936723
097936353
097936350
097935922
097935816
097935602
097935512
097935199
097935122
097935062
097934611
097934524
097934099
097933848
097933686
097933303
097932432
097932284025
0979319
097931648
097931349
09793098
097930914
097930581
097930335
0979300
097929977
097929427
097929193
097928931
097928697
097928084
097927555
0979274383
097927298
097927055
097927
0979262619
097926129
097925590
097925
097924200
097923810
0979236641
097923464
097922954
097922941
097922933
097922274
097922211
097922067
0979219012abcd
097921409
097921263
0979210404
097921
097920016
097918785
0979182856
097917927
097917760
097917331i
097917
0979169459
097916748
097916718
097916677
097916532
097916516
097915811
097915755
097915665
0979149112
09791456789
097914382
097914285
097913128
097913090
097913089
097912659
097912619
097912573
097912470
097912249
097911889
0979113987
097911
097910956
097910879
097910806
097910488
097910
09791
09790983
097909705
0979097
097909435
097909113
097909
097908779
097908604
097908539
097908151
097908090
097908
097907631
097907626
097907424
097907155
097906300
097906179
097905966
097904175
097904114
097904038
097904011
097903687
097903331
097902413
097902294
097902257
097901986
097901552
097901248
097900977
097900542
0978xxammit
0978kaykay
0978ema
0978cm
0978callealia
097899681
097899630
097899603
097899495
097899386
097899153
097898979
097898756
097898415
097898285
097897979
097897799
09789779
097897583
097897132
097897021
097896505
097896399
097895821
097895302
097894995
097894877
097894480
097894152
0978940ble
09789409
097893971
097893951
097893
097892876
097892840
097892736
097892250
097892231
097892082
097891812
097891363
097891100
097891015
0978909789
097890852
097890775
09789060
097890300
097890057
097889913
097889904
097889562323
097889469
09788888
097888625
097888615
097888418
097888281
09788727
097886995
097886818
097886181
097884638
097884080
0978839195
097883604
097883115
097882764
097882744
097881799
097881772
097881123
09788075
09788
097879881
0978789812
097878879
097878760570
097878748
097878724
097878511
097878236
097878021
097878
097877977
097877935
097877677
097877407
097877110
097876951
097876699
0978765
097876018
097875576tum
097874768
097874292
097874287
097874268
097873739
0978735
097873398
097873384
097873057
097872946
0978725919
097872532
097872415
09787229294
097871626
097871424
0978713
097871234
097871217
097871178
097871167
097871057
097870789
0978705710101
097870030
097869832
097869802
097869358bank
097869136
097869124
097869065
097868872
097868682
097868567
097868218
097868099
097867743
097867478
097867
097866767
097866650
097866153
097865677
0978654321
097865342113579
0978653421
097865292
097865232
097865070
0978648
09786472009
097864638
097864563
0978645312
097864440
097864032
097863a
097863912
097863814
097863687
097863455
097863073
097862225
097862162
097862118
097861855
097861652
097861604hi5
097861527
0978614383
097861330
097861209
097861137
097861095
097860991
097860936
097860484
097860453
097860094
09786
0978599882
09785978
097859411
097859129
0978590889
097859028
097858913
097858880
097858840
097858797
097858250
097858
097857915
097857872
0978577142
097856663
0978560
097855750
097855691
097855686
097855570
0978554895
097855456
097855402
097855!@
097855
097854631
097854543
09785412
097853657
097853527
097853509
097852774
0978526
097852436
097852306
097852170
097852
097851516
097851476
097851442
097851319
097851307
097851015
097850991
097850794
097850423
097850389
097850206
097850090
097849749
097849326
097849020
097849006
097848757
097848488
097848460
097848139
097848137
097848023
097846922
09784659
097846530
097846508
097846056
097845920
097845679
0978456
09784538
09784512
097845061
097845
097844967
097844632
097844542
097844508
0978444645
097844446
097843676
0978434
097842560
0978425388
097842336
097842240
097842
097841984
097841953
097841913
0978412430
097841076
097841
097840989
097840584
097840469
097840092328
097839816
097839744
09783876470
097838479
0978384550
097838365
097838173
097837870
097837547
0978373883
097836627
097836560
097836482
097836390
097836266
097835704
097835378
097833942
097833940
097833147
097832518
097832089
097832021
0978314040
0978312142
097831214
097830772
097830686
097830666
0978305787
097830330
097830271
097830
097829535
097829117
097828793
097828733
097828499
097828413
097827933
097827576
097827210
097827199
097827
097826877
097826829
097826202
097826096
0978260
097826
097825643
097825471
097825245
097825042
097825
097824592
097824518
097824250
097824198
09782410
097823
097822752
097822741
097821639
097821461
097821441
097821290
097821268
097821202
097821163shakyra
0978209796
097820524
097820017
097819630
097819607
097819470
097819221
097818879
097818535
097818360
097817768
097817765
0978176
097817249
097817060
097816763
0978167337
09781665
097816176
0978161688
097815890
097815728
097815483
097815341
097814121
097814095
097814091
097814
097813399
097813273
097813236
097813
097811864
097811841
097811577
097811342
097810884
097810819
097810660
097810305
097810235
097810
09780987
09780978
097809754
097809602
09780957
097809406
097809386
097809170
097809
097808815
097808787
0978085421984
097808542141025
097808535
097808401
097808344
097808336
097808195
097808081
097807412
097807375
097806800
097806733
097806439
097806338
097806073
097806063
097806
097805312
097804863
097804788
097804765
09780463899
0978043
09780422
09780421
09780349
097803330
097803
097802635
097802543
097801657
097801499
097801116
0977th
0977ies
0977fvjr
0977999989
097799357
097799
09779864
09779863
09779841754528
097798257
097797976
097797677
0977975714
097797438
097797023
097796508
0977961788
097796141
097795847
0977957790
0977955
097794471
097794150
097793788
097793639
097793573
097793404
097792669
097792615
0977926048
097792280194
0977915351
0977915145
097791501
0977907
097790183
0977901819
097789983
097789948
09778965
097789341
097788878
0977888575
097788305
097788255751
097788007
097788
097787666
0977875788
097787540
097787457
097787349
097787218
097787121
09778675130264
097786674
097786523
097786381
097785539
097785161
097785107
097785097
097785020
097784667
097784552
097783382
097783191
0977825349
097782
097780491
097780233
097780066
097780
09778
097779973
0977799135
0977795648
09777955288
09777914
097779005
097778411
097777878
0977778678
097777791
09777726198
097777180
097776933
097776919
097776602
097776450
097776307014840213
097776065
097775851
097775541
097775456
097775413
0977754092
097775400
097775153
097775103
0977751
097775037
097774783
097774551019424388
097774429
0977739331
097773880
0977731601
097772420
097772385
097772271
097771773
097771500
097771320
09777108
097771
097770580
097770094
097770018
097769760
097769659
097769645
097769637
097769445
097769020
097768837
097768385
097768014
097768
097767996
0977677872302
097767663
097767456
097767366
097767325
097766984
097766617
0977664771
097765029
097765
0977648784
097764689
09776417
097764117
0977640322
097763544
097763443
097762860
097762473
0977624315558
097762409
097762358
097762348
0977620091141
097761716
097761631
097760907
097760871
097760777
097760644
097760301
097759630
0977593281
097759
097758672
097758440
097758358
097758322
097758
097757621
097757211
097756486
09775631
097755114
097754587
0977540359
097753721
097753355
097753300
097753071
097752446
097752259
097752062
097750970
097750806
097750348
09775
0977497469
097749284
09774922
097749200
097749180
097749154
097749
097748850
097748816
097748551
0977482529
0977482382
097747809
0977476
097747436
097747301
0977472426
097747184
097746620
097746559
097745543
097745518
097745507
097745486
097745352
0977450688
097744933
097744876
097744831
097744550
097744255
097744212
097744171
097744104
0977440729
097743952
097743944
097743779
097743729
097743714
0977434w
097743403
09774303
097743
097742927
097742650
097742613
097742451
097742273
097741970
097741599
0977410237
097741
097740799
0977405945
097740049
097738994
097738494
097738208
097738107
097738
097737857
0977374509
097737323
097737305
0977368083
097736656
097736655
097735702
097735589
0977354431
097734512
097734103
097733s
097733835
097733588
097733468
097733350
097732930
0977321271
097731701
097731580
097730642
097730470
097729948
097729791
097729678
097729550
097729445
097728357
097728137
097728005
097728
097727997
097727898
097727370
0977273476
0977272502
097727157
097727012
097726850
097726771
097726768
097726537
097726492
097726268
097725922
097725830
097725585
097725354
097725267
097725140boom
097724894
097724573
097724349
097724074
097723903
097723716
097723698
097723368
097723226
097723192
097722666
097722006
097721466
097721113
0977210819
097720966
097720736
097720446
0977201971V
097719932
097719848
0977198
097719099
097718732
097718700
0977185430
0977184546
09771836
097718166
097718066|
097717790
097717640
09771751
097717392
097717346
097717174
097717157
097716780
097716461
097716131
097716065
097714926
097714212
097714
097713882
0977130388
0977129436
097712925
097712630
097712604
097712
097711843
097711776
0977116318
097711405
09771122
097711133
0977111
097710691
097710564
097710426
0977100201
097709478
097709414
097709337
097709054
097708956
097707913
097707796
097707730
097707579
097707530
097707073
097707020
097706722
0977067
097706662
097706383
097706253
097706
097705664
097704907
097704868
097704107
097703659
097703406
097703405
097703303
097702524
097702350
097702193
0977020876
097701514
097701180
0977011532
097701086
097700979
097700854
097700847
097700666
097700662
097700049
0977!lol
0976whrfb
0976ALFI
09769jezkr
097699539
097699535
097699413
09769909
097699008
097698780
097697680
097696293
09769617
0976958888
097694607
097694063
097693519
097693255*
097693183
097692981
097692925
097692884
097692559
097691678
097691357
0976912911
097690806
097690454
097690304
097690303
097690287
097689936
097688995
09768875
097688110
097688029
097687731
097687643
097686850
097686
097685903
097685900
097684388
0976842351
097684094
097683965
097683034
097683031
097682967
097682723
097682526
097682037
097682027
097682
097681077
097680859
097680465
09768
097679969
097679241
097679038
097679
0976789841
0976787268
0976778
097677158
097677116
097676903
097676627
097676293
097676232
097676082
097676
09767594
097675680
097675455
097675397
097675141
097674333
097674258
097674172
097674059
097674
097673a
097673964
097673
097672911
097672797
097672727
097672722
097672648
097672502
097672475
097672435
097672321
097672029
097671676
097671576
0976714595100207
097670733
097670630
097670144
097670007
097669965
097669756
097668884
097667979
0976679124
097667485
097667432
097667285
097667188
097666631
097666464555
097665263
097665
097663287
097663165jams
097662855
097662704
097662681
097662017
097661903
097661707
097661630
097661378
097661161
097661
097660872
097660853
097660432
097659938
0976597and27960
0976596085
097659448
097658835
097658807
097658164
097657585
097657471
097657166
097657123
097656783
097656577
097656571
0976562331
097656
097655411
097655030
097655
097654tkm
0976549348
097654883
0976548521
097654796
097654766
097654644
097654125
097654050
097653740
097653517
097653366
097653190
097652817
097652460
097652227
097652204
097652119
097652
09765179
097651394
097651119
097650989
097650828
097650614
097649493
097649348
097649077
09764897qw0
09764781135
097647286
097646951
097646580
097646047
097646039
097645640
097645565
0976453366
097645
097644524
097644458
097644240
097644206
097643864
097643597
097643536
097643481
097643403
097643310
097643237
09764320
097643195
097643
097642351
097641918
097641101
097640722
097640703
097639464
097639294
097639160
097638jrc
097638521
0976382036
0976375622
097637376
097637113
097636681
097636098
097635645
097635523
097635322
097634929
097634480
097634205
097633666
097633648
097633460
097633451
0976326
09763236911
097632274
097632220
097632094
097632036
097631808
097631640
097631625
097631573
097631175
0976306380
097630101
097630
09762xbpxw
097629675
097629254
097629
097628859
0976281927
097628102
097627420
097626879
097626462
097625789
097625759
097625599
097625214
097624159
097624041
097623971
097623792
097623778
097623760
0976230
097622595
097622321
0976221
097622
097621504
097620695
097620326
0976200140
09762
097619744
097619514
097618994
097618965
097618814
097617348
097617197
0976171334
097617089
097616800
097616762
0976164231
097616248
097616202
097615931
097615746
0976157
097615568
097615467
097615153
097615092
0976149
0976148815
097614748
097614600
09761419
097613996
097613305
097612uvs
097612951
09761286
097612345
0976123
097612082
097611796
097611540
0976111648
097610723
09761059
097610
09760wbbpq
09760ddqqj
097609994
097609825
09760976
097609737
097609667
097609091
097608119
097608099
097608061
097608049
097608004
097607267
097606961
097606623
09760619
097605862
097605847
097605711
097605501
097605081
097605
097604407
097604076
097604
097603982
0976037
097602768
097602656
097602586
0976024688
097601925
097601414
097601298
097601200
0976010021
097600883
097600700
097600570
097600519
097600288
097600
09760
0976
0975waep
0975sas
0975rb
0975992923
097599210
097598944
097598743
097598605
097598343
097598239
097598223
097598177
097598139
097598101
097598
097597795
097597511
097597345
0975972414
097597071
097596881
09759680063
097596654
097596553
097596469
097596018
097596
097595905
097595904
097595460
097595130
097594861201
097594698
097594656
0975944947
097594377
097594
097593929
097593628
097593595
097593543
097593533
097593346
097593227
097592819
097592782
097592765
097591871
0975917
09759153524
097591357
097591326
097591040711
097590902
097590878
097590819
097590722
097590133
097590053
097589d
097588926
097588690
097588663
097588057
097588037
097587676
097587654
097587394
097586767
0975867
097586262
097585972
097585848
097585698
097585676
097585659
0975855245
097585524
097585150
097584966
097584951
097584932
097584926
097584624
0975846
097584155
097583979
097583805SE
097583796
097583256
097583207
097583174
097581673
097581115
097581007
09758093
097580600
097580540
097580472
097580054
097580042
097580011
097580
097579827
097579574
097579028
097578974
097578936
097578752
097578622
097578521
097578417
097578008
097577844
097577651
09757763
097577454
097577208
097577
097576770
097576684
097576650
097576544
097576452
097575218
097574983
097574923
0975746678
097574507
097574013
097573608
097573505
097573315
097573071
097572748
097572477
097572230
097572177
097572069
097571919
097571574
097571524
097570990
097570658
0975706
097570427
097570321
097570057tanya
0975700369
097570007
097570005
097570
09757
0975699655
097569694
0975692088
097569149
097568774
097568683
097568669
097568652
097568643
097568577
097568296
097568159
097567223
097567073
0975667
097566513
097566466
097566446
097566029
097566001
097566
097565923
09756585
097565742
097565241
097565065
097564828jeab.
097564828
097564663
0975645878
097564412
097564270
097564238
097564231
097563719
097563335
097563014
0975629872525
097562841
097562765
097562385
0975621417
097562102
097562
097561985
097561899
097561650
097561231
097560886f
097560020
097560
097559940
097559820
0975597089
097559551
097559534
097559230
097559111
097558975
0975588552
097558758
097558620
097558580
097558383
097558086
097558031
097557861
097557533
097557475
097557192
097557170
097556984
097556633
097556631
097556575
097556514
097556264
097556030
097555816
097555644
097555511
097555455
097555444
097555331
097554777
09755418
097553606
097553577
097553545
097552995
097552883
097552433
097552317
097552094
097551668
097551657
097551005
097550808
097550149
097550108
097550074
097549930
097549910
097549323
09754896
097548918
097548692
097548519
097548437
097548412
097548309
0975482361
097548032
097547971
09754689
097545477
097545326
097544719
097544609
0975444920
09754444
097543371
097543219
097543195
097542551
097542509
097542473
097542179
097542127
097542073
097541539
097541295
097540476
097540212
097539880
097538690
097538065pm
097538015
097536488
097536313
097536252
0975360978
097536072
097536016
097535958
0975357
0975354346
097535373
0975351370
097534923
097534260
097533211
097533166
097532830
097532395
097532355
097532120
097532054
097532013
097531GWEN
0975318642
097531702
097531620
097531545
097531213
097531192
097531097531
097531043
0975310-*
097530599
097530029
097529208
097528844
097528842
097528545
0975282963
097528293
097528128
097528058
097528
097527936
097527798
09752755
097527547
097527254
097526769
097526600
097526290
097526011
0975254
0975253104
097525
097524923
097524748
09752459
09752396
097523949
097523438
097523
097522948
097522657
0975225346
097522510
0975224
09752180
097521564
097521033
097521007
097520914
097520536
097520320
097520297
09752020
097520
097519834
097519739
097519390
097519081
097519017
097519010
097518813
0975187801
097518654
097518523
097518458
097518309
097518
097517731
097517717
097517600
097517594
097516507al
097516305
097515
097514334
097513d
097513984
09751354010
09751341
097513311
097512821
097512545
097512456
097511602
097511383
097510321
09751
09750depck
097509974
097509960
09750975
0975096221
097509524
097509409
09750916
097508954
097508574
09750691
097506124
097505870
097505549
097505377
097504947
09750366
097503264
097502901
097502885
097502322
097501808
097501478
09750143
0975000
09750
0974xbumq
0974xavico
0974dawnbaker
0974ali
097499637
097499-e
097497775
097497751
097497677
097496623
097496564
097496252
097496
097495512
097493
097492947
097492464
097492105
097491266
097490702
097490487
097490
097489684
097489239
097488487
097488381
0974883503
097488
09748760
097487598
097487536mgrm
097487518
097487245
097486725
097486298
097486028
097486
0974857419
09748542225
097485066
097485
097484695
097484513
097483693
097483175
097482979
097482721
097482704
097482266
097482122
097481469
097481267
097480977
0974809
097480291
097479864
097479247
097479074
097478605
097477660
097477610
097477429
09747730
097476990
097476974
097476510
097476490
097476445
097475960
09747545
097475234
097475086
0974750336
097474733
097474660
0974745426
0974745
097474334
097474100
097473477
097473271
097472894
097472888
097472107
097471778
0974716984027882095m
097471681
097471615
097471155
097470916
097470799
097470635
097469724nee
09746886877
097468847
0974688
097468716
09746814
09746812
097468116
097467881
097467626
097467439
097467301
097466530
097465786
097465632
097465609
09746557055
097465446
097465411
097465122
097465107
0974650
097465
097464956
097464857
097464599
0974640534
097464
097463599
09746335o
097463265
097461957
0974611307
097461111
097460402
097460199
097460181
097460086
097460049
097459657
097459391
097459255
097459057
097458731
097458300
097458028
0974580
097457868
097457781
097457742
097457493
097457468
097457357
097457278
097457135
097457086
097456617
0974565351
097456123
097456030
097456
097455905
097455788
097455347
097454991
097454677
097454547
097454505
097454433
097454259
097453579
0974533951
097453379
097452143
097451600
097450950
0974506269
097450296
09745001
097449365
097449350
097449252
097448987
097448498
097447904
097447865
097447711
097447425
097447140
09744676182
097446188
097446024
097444997
097444796
09744457
097443984
097443923
097443812
097443778
097443661
097443220
097442447
097442357
097442196
0974412125
097440815
097440694
097440691
097440
097439719
097439440
097439370
097438193
09743818
09743760
0974370306
097436896
0974363739
097435883
097435540
097435320
097434174
097434003
097433159
097432759
097432604
097432268
097431988
097431583
097431161
097431077
097431
09743056
097430501
097430
097429R
09742998
097429521
097429238
097429215
097429093
097427900
097427855
097427719
097427414
097427247
097427239
097427141
097426089
097425592
0974255
09742521
097425129
0974245866
097424285
0974240804
097422927
097422097
097421896
0974215066
097420j
097420808
0974203183s
09742
097419606
097419501
097419023sk
097418256
0974181195
0974181
097417900
097417669
097417428
097416367
09741633em
09741633
097416043
097415se
097415811
097415744
0974153790
0974150264
097414894
097414115
097414021
097414004
097414
097413
097412942
097412790
097412433
097412019
097412
09741179
097411284
0974107990A
097410683
097410595
097410348
097410104
09741008825
097410075
09740cyexb
097409868
09740968
097409364
097409
097408374
0974079
097407766
0974074taz
0974071705
097406555
097406515
097406232
097405549
0974046
097404293
097404056