410
092262
09226197440650
0922619093
0922619
09226189935
09226188674
09226177338
09226168400
09226163690
09226163
09226162427
0922615836
09226154282
0922614771
09226141575
09226138590
092261385
09226138327
09226136343
09226133408
0922613286lady
0922613054
09226121305
09226110888
09226108648
09226107608
09226100094
09226100049
09226093999
09226091956
0922608732
0922608726
092260806
09226075312
09226075248
09226059010
09226056452
0922605584
092260522
09226049627
09226046686
09226046607
09226046476
09226045249
09226039648
092260396
0922603925
09226035495
09226030820
09226030686
09226026225
092260222
09226016049
09226009681
09226009427
09226005913
09226001805
09226
09225989305
09225986423
09225985562
092259822471616
09225973845
09225971406
0922597026
09225968663
09225966896
09225962910
09225960104
09225959128
09225954374
09225952866
09225942815
0922593445445
0922593142
09225923673
09225922585
09225921375
09225919373
09225918149
092259170
092259070
09225888941
09225887406
092258841
09225878747
09225868173
09225867992
0922586341106
09225862291
09225860234
09225859829
09225859504
092258582
09225857591
09225855202
09225853330
09225853209
09225849643
092258467
09225845516
092258432
0922584268
09225837230
09225825821
09225821653
09225817522
09225816670
0922581288
0922581158
09225811230
0922580524
0922580478
09225802303
09225794198
09225785
09225783876
092257833
092257824
09225776816
09225776641
09225773447
09225771644
09225771185
09225766377
0922576213427
09225760086
092257552
09225753132
09225747175
0922574298
09225738702
09225727765
09225725456
09225719055
09225712906
09225710886
09225709003
0922570783
09225703994
09225702149
09225700564
09225696930
09225687809
092256878
09225683
0922567619
09225675156
09225671254
09225668136
09225652045
09225650297
09225648978
09225646952
09225644364
092256426820
09225642567
09225640212
09225632272
0922563
09225624280
092256123
09225611725
09225611202
09225610161
09225609198
09225606848
09225606831
09225600654
09225599126
09225598808
09225590491
0922558725
09225583264
09225582108
0922558101
09225578938
09225572455
0922557169
09225571183
0922555242
09225547789
09225546113
092255459
0922554589
09225545008
09225544769
09225544426
09225542958
09225540963
09225540611
09225534180
09225528106
09225525610
09225520791
09225520500
09225519558
09225517728
0922551478
092255133
09225512008
09225511941
09225511020
09225510786
09225509683
09225506042
09225505786
09225505216
09225504968
09225499131
09225498443
092254978
09225497390
092254968
092254939
09225485047
09225483619
09225483084
0922548289
09225482070
09225481900
09225474880
09225474175
09225474168
0922547023
092254682
09225459400
09225459122
09225453998
09225449332
09225444504
09225441456
0922544031
09225435561
09225434962
09225432386
09225430
09225427232
09225425988
09225421410
09225420599
09225420430
09225411911
09225405903
09225401970
092254
09225399699
09225393779
09225392185
09225388035
092253788
09225376023
09225368210
09225367302
09225361694
09225360659
09225360606
09225358158
09225358144
09225357695
09225355110
0922535351
09225353122
09225346215
09225341127
092253380
0922533512
09225333057
092253319
092253234
09225320033
0922531683
09225316096
09225312549
0922531
09225305823
092253053
092253010
092253
09225288437
092252867
092252852
09225283805
092252813
09225280725
09225276707
0922527478
0922527465
0922526782
092252674
09225267031
092252664
0922526483
092252638
092252598
09225256088
09225254324
09225254262
09225253057
09225252009
09225245800
092252451
09225237358
09225234994
0922523235
09225230547
09225225574
09225219310
0922521610
09225215474
09225214842
09225207704
09225207598
09225203789
09225201401
09225199826
09225199226
09225196761
09225194487
09225191455
092251857
09225183809
0922518191
092251811
09225180513joyce007
09225179417
09225178489
092251773
09225176253
09225172658
09225171555
09225170947
09225170728
09225152400
0922515099
092251463
09225139872
09225136235
09225135752
09225130966
09225129739
09225125455
092251220
09225118830
09225118325
09225117108
09225112342
09225109979
09225109
09225108928
09225105290
0922509985
09225093682
09225091147
0922508890
09225088897
092250882
09225081109
092250706
09225066552
092250656-3
09225065079
09225062748
092250622
09225061433
09225052373
09225051805
09225049767
09225048843
09225041463
09225034264
092250311
092250302
09225024313
09225019303
09225015946
09225011811
09225009928
09225008730
09225005244
092250
09224995338
09224986532
09224985532
09224980604
09224978915
09224974064
0922496806
09224966380
092249648
09224962321
09224959707
09224954565
09224943692
092249423
09224939809
0922493972009286346089
09224939720
09224939534
09224932747
092249308
09224916060
092249150
09224909120
09224906083
09224901444
092249
0922489973
0922489838
09224895219
0922489018
0922488961
09224887342
09224885246
09224884633
09224883887
09224883058
09224882774
09224882728
092248815
09224880811
09224871564
0922487026
092248663
09224866155
09224865317
092248645
09224863732763
09224861901
09224860784
09224859550
092248590
09224858108
09224856032
09224855663
0922484677
092248381
09224832677
09224826269
092248241
09224822532
09224814802
09224810501
0922480803
0922480520
09224803858
09224801930
09224794248
09224791603
09224790552
09224788430
09224779466
09224778079
09224777338
09224777
09224769
09224764564
09224757383
09224754227
0922474811
09224745401
09224736361
092247345
09224732252
092247306
0922472935
09224723877
092247189752
0922471658
09224713340
092247115
09224710
09224692308
09224692169
09224691975akoto
09224690003
09224689342
09224684607
0922468442
09224665833
09224662546
09224660252
09224655195
09224654623
09224650324
09224649792
092246467
0922464448
09224640383
092246285
09224627741
09224623211
092246
092245991
09224579957
09224578884
09224575188
09224574205
092245730-4
0922457
0922456912
09224568883
09224567139
092245642
092245621
09224561711
09224561347
0922456
09224558106
092245564
092245562
092245525
09224550271
09224542995
0922454123
09224537090
09224535426
09224533163
09224531791
09224530470
09224525893
09224521447
09224513991
0922451295
09224508327
09224504548
0922450221
09224500417
092245
09224498527
09224498465
09224495813
092244841
09224483640
09224474145
09224466905
09224461539
09224455379
09224452226
09224448834
09224445224
09224436359
09224436295
09224433928
09224431058
09224426628816
09224421746
0922442
09224416533
09224414446
0922440631
092244
09224392603
09224385788
09224382699
0922436795
09224366069
09224364641
0922435616
092243558
09224347966
0922434616
09224345303
09224342828
09224337874
09224334498
0922433
0922432244
0922432133
09224308895
092243052
092242977
09224295706
09224291430
09224287
09224283168
0922428057
09224276727
09224276
09224272411
092242701
09224263189
09224258284
092242567
092242531
09224252981
0922424905
092242480
092242459
09224245708
092242448
09224241661
09224229218
09224224260
09224220516
09224218780
09224212614
09224212523
09224210835
09224201031
092242004
092242
09224194204
09224185630
0922417187
09224157402
09224155347
09224145173
09224142901
09224140891
092241343
09224131206
09224130884
09224128944
09224126876
09224126868
09224124506
09224122212
09224116051
09224101
09224100788
092240966
09224095489
09224094968
09224093807
09224088689
09224087337
0922408490
09224084764
09224078897
09224077525
0922407752
09224070471
09224062836
09224060494
09224056719
09224055728
09224053071
09224051035
092240467555
092240439345
09224027861
09224026723
09224024823
09224024752
0922400932
09224008851
09224005naly
09224002116
092240005
092240
09224
09223997210
09223995445
09223994858
09223994847
0922399340
09223976229
09223975212
09223969501
0922396548
09223964652
0922396465
092239522
09223949246
09223948628
09223945019
09223939249
092239385142
092239355
09223926251
09223925408
09223915654
092239145
09223903767drew
09223901545
092238989
09223895303
09223890849
092238888
092238859
09223876120
09223875442
0922387170
09223865624
09223858224
0922385257
09223849227
092238451
09223841382
09223839490
092238362
09223835745
09223835445
09223834969
09223826974
09223820530
09223817836
092238178
09223816995
09223813737
09223812820
09223809950
09223809463
09223805528
09223805491
092238023
092238
092237944
09223790744
09223790078
09223788623
09223786382
092237778
09223775063
09223766575
092237654
0922376
09223755825
09223748823
09223744535
09223740351
0922373896
092237372
09223736974
09223735001
092237316
09223724112
09223723376
092237219
0922372
09223716250
09223710990
09223707149
09223701071
09223696791
09223693733
0922369196
0922368883
09223683973
09223683619
09223677946
09223676015
0922367443
09223668871
09223658932
0922365800
09223655419
09223655410
09223654982
09223654
09223653618
092236534
09223648219
09223647846
09223636918
09223636303
09223635834
09223635322
0922362870
09223625878
09223625270
09223620698
0922361565
09223615
09223612923
09223612798
092236124
09223603367
09223599580
09223596348
09223582595
092235794
09223578925
092235746
0922357189
09223571847
09223571762
09223566714
09223562472
09223556892
092235549
092235508
09223548172
0922354319
09223538917
09223537240
09223533319
09223531535
09223530204
09223524114
09223522069
09223520467
0922351729
09223517099
09223516859
09223516487
092235159687
09223508750
09223507959
09223504233
09223503956
092235034
09223501144
09223501021
0922350
09223489559
0922348688
0922348578
092234835
092234817
0922348157
0922347588
092234711
09223469600
09223457412
092234573
09223451842
09223450251
09223450205
09223446517
09223441040
09223440762
0922343959
092234387
09223435213
092234247
09223417702
092234091
09223406530leanfrancis
09223406530
09223406326
09223406
09223402031
09223399404
0922339623
09223394340
0922339244
092233760
09223371482
09223367269
09223367039
09223365225
09223363777
09223359945
09223359801
09223356857
09223352113
092233505
0922334911
09223348666
09223348643
092233472384
0922334669
09223345369
09223345316
09223344810
0922334455
09223344
09223343138
09223343050
09223341347
09223340757
09223331795
0922333067
09223326582
09223325024
09223322665
092233191
09223312486
09223312077
09223311083
09223310600
09223310434
0922331
09223308232
09223306390
09223305964
092232998
0922329701
092232926
09223292003
09223291533
092232911
09223290759
09223288552
09223287343
09223286903
09223283451
09223283178
09223280107
09223280056
09223276179
09223270091
092232650
0922326475
09223260463
09223258879
092232580613
09223256403
09223253788
09223253654
09223253101
092232460
09223244846
0922324132
092232413
09223240820
09223235
09223227041
09223226412
0922322612
09223220179
0922321928
09223218563
09223218465
09223205409
0922320452
092232014
09223200571
0922320
09223199131
09223196909
09223193183
092231840
0922317560
092231746
09223173493
092231723
09223170855
09223163158
09223157550
0922315474
09223154
09223149735
09223138854
0922313856
09223135349
09223131192
09223128358
09223121857
0922311624
09223113528
09223112626
09223112255
09223112123
09223111389
09223110109
0922310jeng
09223108605
09223107421
09223105160
09223103761
09223102077
092231
09223099932
092230936486
09223091997
09223090634
09223089285
09223088660
09223084714
09223082308
09223075008
09223074440
09223072
09223071886
09223071178
09223069251
09223068990
09223066333
092230631
09223061876
09223056791
0922305615
09223050418
09223044304
092230417
09223030710
09223028045
0922302136
092230184444
09223018145
09223018123
092230169
09223016064
09223015067
09223009204
092230082
09223007454
09223005539
09223003980
0922299924
09222998265
09222994132
09222994131
0922299155
09222984290
092229827
09222981059
0922297072
09222970615
09222963135
09222954754
092229469
09222934449
0922291942
09222914340
092229076
092229032
0922290
092228799
09222878586
09222876107
09222872248
09222871172
09222865161
09222852423
092228403
09222839327
092228287951234
09222826469
09222820642
09222820505
092227915
092227866
09222759657
09222755241
09222752920
09222752435
0922274549
0922274451
09222740190
0922273833
09222735846
09222729
09222725261
09222724646
09222724481
09222716489
09222712707
092227081
09222708028
0922270205
09222696032
09222694664
0922269313
09222690050
09222687794
092226824
0922268024
092226743
09222669127
09222668925
092226676504
09222665728
09222665514
09222660851
092226458712
09222640429
09222639431
09222637804
092226361
09222623922
09222596219
09222577488
09222575603
0922257266
092225634
09222559141
09222558883
09222555579
09222543982
09222525
09222517
09222513651
092225115
09222509661
09222491708
09222491702
09222490117
092224887
09222486872
09222486817
092224864
09222484786
09222476389
0922247224
09222472156
09222470738
09222464609
09222462408
09222455301
0922243100
09222430
09222426730
09222422741
09222420833
09222416144
09222409802
09222405851
0922240155
09222401085
092223ya
092223995
09222393187
09222390435
092223896
09222385578
09222385039
09222382375
0922238175
09222379600
09222372135
09222371005
09222370439
09222362
09222361896
0922235122
09222349870
09222333428
0922233010
092223218
0922231810
09222314402
09222312388
092223047
092222nog2nog
09222297093
0922228998
09222287538
092222835
09222283467
09222277970
09222275618
09222274
09222260115
09222255548
092222486
092222380
092222286
092222262
09222214769
0922221147
09222202778
092222001
0922217674
09222159975
092221380
092221359
092221185
092220883
09222082889
092220674
09222061989
09222058556
09222057840
09222030924
09222030907
09222020088
09222013
09222008
09222007035
09222005
09222003
092220
09221994hlc1992
09221993
09221992a
09221990s
09221990jcjoan
09221985q
09221982a
092219824
09221981cg
09221981
0922198027
09221979
09221975marsyl
09221970
09221969
09221963
092219603
09221960
09221950903
0922193230Joanne
0922192618
0922191710
092219035
09221900
092219
092218908-9
0922182666
09221825
092218086
0922178453
0922176
092217341
092217336
09221723
092216elyzza
0922167382
09221662
09221627
092216241
0922160416
092216
092215e
0922158822
0922158605
092215738
092215354.Nyah.S
092215209
092215186
092214890
09221479
0922147145
092214548
09221454209
09221452021
092214479
092214398
092214355
0922143
0922142432257344
0922142
09221416
092213349
0922133
092213
092212774
0922127186
09221251
0922125
092212478
0922124037
092212345
09221234
09221230
0922123
0922122549
09221215
0922121462
092212121
09221209
09221207
09221202
0922119983
092211989
09221183
092211804
0922116
09221127
09221124
0922111547
0922110612
0922110346
092211
0922108058
09221025
092210142
09221006
09221
0922098892
092209794
09220926
09220922mc
092209071
092208895043
0922088208
09220850
092208158
09220812
092208047
0922080072
092207bb
0922076
09220731
09220729K
0922071928
092207032
092206g
092206d
092206c
092206NAD
092206976
092206973
0922069090
09220687
0922065388
092206112
092206060
092206040
092206023
092205917
092205747-6
092205745
0922056783
09220527
0922052278
09220513
092205073
092204tla
092204d
09220410
092203ken
092203994
092203847-6
092203718
09220331
092203240714
092202dj
0922029087
0922027975
0922026598
092202636
092202500
09220225
092202204
09220218
09220211
092202042
092201r
092201love
092201jm
092201cb
092201b
092201921100
092201856
092201713
0922014pan
09220123
09220113
0922010475
092201012
092200p
092200j
0922009576
092200743
092200676
092200628
092200445
0922002065
0922000j
092200092200
0922000
0922.k.elie
0921zupi
0921yuri
0921ytrockyou
0921vjmark
0921tnv
0921star
0921sip
0921se
0921ronniet!!
0921qwerty
0921piglet
0921nl
0921neslihan
0921neener
0921nd
0921myold
0921mrka897815
0921mm
0921mimi
0921mf
0921master
0921maryshinwein
0921m516
0921keny
0921kay
0921jm
0921jhog
0921jeh
0921jas
0921jal
0921io
0921hsjd
0921gyvl
0921fpj
0921ev
0921edward
0921du
0921dscd
0921dmc
0921cori
0921chinn
0921bree
0921bd
0921baby
0921b.
0921arif
0921am
0921abby
0921YAWYAN
0921T1972
0921PINK
0921OLGUITA
0921NAT
0921LZL838
0921Kmr1
0921JS
0921JM
092199ada
09219999315
09219998824
092199980741
09219997542
0921999272
09219990745
0921999043
09219988860
09219988017
0921998778
0921998679
09219984289
09219983939
09219983596
09219983461
09219982784
09219982037
09219981579
09219979093
092199787
09219977935
09219973667
09219973072
09219973031
09219972795
09219971400
09219971271
0921996973
09219966464
09219965678
09219964604
09219964121
09219960520
09219960410
09219959204
09219955081
09219953961
09219953878
092199527694155041
09219951560
09219951409
09219950571
0921995044
09219950316
09219949624
09219946393
09219944285
09219944169
09219943487
09219943486
09219941720
09219939720
0921993909
0921993766
092199353063
09219934667
09219933805
09219933004
0921993242
09219932258
092199310
09219925999
09219925516
09219925306
09219923976
0921992319
09219922722
09219921484
09219921258
09219919600
09219918654
09219917265
09219916277
09219916051
09219915914
09219915118
09219914572
09219914036
092199124006
09219912149
09219911104
0921991058
09219909737
09219908566
09219908498
09219907751
09219903684
092198dds
092198a
09219898397
09219897376
09219896819
09219895768
09219895576
09219895349
09219892567
09219892540
09219891471
0921989
092198895
0921988822
0921988693
09219886728
09219885086
09219883661
09219883578
09219882814
09219882734
09219882645
0921988000
09219878167
09219876852
09219873258
09219871451
09219871256
09219868787
09219868105
09219867894
09219866335
09219865995
09219865210
09219859238
09219858595
09219858584
092198581
09219856693
09219855725
09219855648
09219854605
09219853526
09219853136
09219852369
09219851913
09219851304
09219850557
09219848321
09219846819
09219846622
09219844001
09219841673
09219841640
09219840074
0921984004
09219840
09219838616
09219833493
0921983349
09219831553
09219831516
09219831023
09219830623
09219829612
09219828662
09219828514
09219826536
09219825460
09219824
09219823866
09219823654
09219823433p
09219823396
09219823269
09219822355
09219820636
09219819877
09219816275
09219814501
09219814046
09219813316
09219812662
09219812343
09219811842
09219811655
0921981162
09219809392
09219808135
09219807365
09219806838
09219803116
09219801308
09219799473
0921979929
09219797
09219796478
09219796132
0921979558
09219793895
09219793542
09219791415
09219789915
09219789173
0921978912luis
09219785
0921978389
09219783660
09219782252
09219781315
09219780397
09219780237
09219777454
09219776152
09219775437
09219775076
09219773297
09219772131
09219771128
09219770693
09219768
092197673
09219766481
09219766236
09219762741
092197609166449764
09219760878
09219760681
09219760499
0921976
09219757125
09219754375
09219752521
092197515
09219750940
09219750606
09219750500
09219747918
09219747425
09219747345
09219746748
09219746300
09219744880
09219744487
09219742282
09219741073
09219740094
09219737822
09219737072
09219736276
0921973621
09219734196
092197274
09219727072
09219726505
09219721066
09219718249
09219714455
0921971328428
09219712295
09219711213
09219710683
09219709794
0921970601
092196tomi
092196ALEX
09219699944
09219699331
09219697525
09219695960
09219695883
09219694645
0921969446022
09219693791
09219692534
0921969253
09219692342
09219692163
09219690160
0921968865
09219688076
09219687244
09219684242
09219682260
09219681432
09219680815
09219679611
09219677839
09219676895
0921967648
09219675728
09219674447
09219672563
0921967
09219668842
09219667293
09219662680
09219661230
09219660806
0921966
09219657097
09219655863
09219655385
09219652435
092196521
09219652
09219651096
09219647099
092196465
09219643936
09219641730
09219641368
09219641335
09219641334
0921963714
09219635670
09219635239
09219634643
09219634369
0921963270
09219630925
09219629899
09219629824
09219629131
09219628067
09219624463
09219623620
092196228
09219622793
09219622609
09219620855
09219613668
0921961
09219605479
09219605359
09219604386
09219604071
09219603074
09219602472
09219601619
09219600930
09219600348
092195pogi
092195j
092195c
09219599710
09219599
09219598043
09219596523
09219595805
09219591943
09219591475
09219590972
09219590349
0921959
09219587954
09219587513
0921958640
0921958360
09219580257
09219578997
09219578806
09219577913
09219576872
09219575737
0921957566
09219573170
0921957317
09219572730
09219572328
09219571664
09219570885
09219569912
09219569745
09219568744
092195657
09219565038
09219564753
09219564486
09219564217
09219563879
09219562029
09219560551
09219559898
09219559290
09219558809
09219557197
092195561
09219555786
09219555761
09219555693
092195555mon
09219554963
09219553908
09219553214
0921955262
092195526
09219551833
09219549430
09219546482
092195459720922
09219545952
09219544504
092195442
092195434745
09219542074
09219541371
0921954
09219538681
09219537026
0921953683
09219536624
09219535357
09219534207
09219533318
09219533252
09219531554
0921953123
09219531
09219530567
09219529467
09219527309
09219524542
09219523648
09219523642
09219523451
09219523032
09219522587
092195222
09219521740
09219521632
09219521205
09219520288
09219519160
09219518666
09219518637
0921951729
09219517
09219516924
09219516165
09219514271
09219511118
09219510819
09219508305
0921950666
09219505234
092195051
09219503099
09219501314
09219500191
092195/*
092194q
092194412
0921942412
092193s
092193m
092193j
092193573
092193303
092193092193
092193082187
092192995
092192987
09219296629
09219294144
092192926
0921928884
09219287854
09219287217
092192829708281377
09219278222
09219274877
0921927383
09219272835
0921927214
09219271061
09219270425
09219270088
09219267741
09219267080
09219263168
09219261363
092192612
0921925721
09219256935
0921925336
09219250741
0921925
09219247347
09219246495
09219245750
0921924377
09219242766
09219242729
09219241312
09219234975
09219231359
0921923113725
09219230279
0921922
09219216
09219202689
0921920106
092191y
092191jdf
09219195848
09219192832
09219192575
09219192503
0921919205
09219192038
09219191910
09219185424
09219184979
09219183909
0921918121
09219180994
09219179038
09219178426
09219177955
09219177154
09219176426
09219173600
09219172541
0921917247
09219172359
09219169150
09219168915
09219165405
09219164124
0921916358
09219162652
09219162546
09219162302
092191610
09219160662
09219160559
09219158650
09219158616
09219157098
09219155837
09219155121
09219154213
09219154007
0921915377
09219153445
09219152189
09219140594
09219139990
09219139014
09219138321
09219135937
09219134089
092191340
09219133815
092191322
09219130434
09219129295
09219127324
09219125589
09219124754
09219124123
0921912315
09219121890
09219121692
0921911679
09219115637
09219115450
09219113426
0921911337
092191131165
09219110294
0921910877
09219100932
0921910008
09219100
092190bb
09219099305
09219091500
09219090261
09219086941
09219085954
09219085112
09219084728
09219083208
09219081320
09219081293
09219080243
09219078444
09219076
09219073679
09219073434
09219073
09219072026
09219071695
09219070387
0921906941
09219068884
09219066
09219064788
09219063135
09219058936
09219058689
09219058112
09219057376
09219056648
09219056356
09219049235
092190491
09219048686
09219047717
0921904769
09219043741
09219043732
0921904209
09219040601
09219036842
09219035834
0921903401123
09219033077
09219030705
09219030010
0921903001
09219029293
09219028689
09219028312
09219025
09219024757
09219024211
09219022456
092190224
0921902152
0921902067
09219018422
0921901642
09219011784
09219009628
09219007111
09219007103
09219006622
09219001982
09219001312
09219000900
0921899225
0921896050
092189202
092188k
092188h
0921888137
0921888
092188729842697546
0921887
092188612
0921885961
0921885543
092188456123
09218844
092188383
092188240
092187j
09218799372
09218791279
09218787963
0921877
09218760979
092187525
092187461
092187438
09218718574
09218712
09218711
09218705
09218703698/96
092186a
09218691110
09218689918
09218681846
092186639
092186252
09218607457
09218604587
09218599515
09218597970
09218596829
09218595840
09218595
09218592250
09218590864
09218586167
0921858486
092185846
09218580593
09218580058
09218577845
09218572659
09218568345
09218567849
09218562891
092185572
09218557076
09218555432
09218555284
09218549957
09218547062
09218547011
09218545772
09218545461
09218542540
092185399
09218533521
09218531113
092185229
0921851800
09218516269
09218513090182
0921850835
09218503694
092184c
09218496425
09218494964
09218494920
09218492758
09218492132
09218488844
09218484902
092184837
09218482670
0921847998
0921847523
09218475228
09218475221
0921847456
092184732725252525
09218467943
09218466983
09218466014
09218465510
0921846493
09218460266
09218442300
09218440607
09218437710
09218437028
09218434103
09218432007
09218430336
09218427120
092184262
09218425682
09218415541
09218415464
0921841467
09218414048
09218408227
092183s
092183d
092183clm
09218394374
09218386
09218383375
09218377581
09218377268
09218372674
09218363516
09218362306
09218359574
09218359134
0921835
09218347379
09218346870
092183439535121459
09218334856
09218334456
09218331441
0921833
09218328270
09218324106
09218323004
09218322561
092183222
09218321794
0921832025
092183156287
0921830976
09218307766
09218303131
092182t
092182rafa
092182j
09218299210
09218297700
09218295941
09218293338123
09218293149
09218289983
09218287088
09218284441
09218284421
09218282133
09218279134
09218278302
09218276575
09218275209
092182716
09218270757
09218270350
09218268875