42684
092859393321
09285933293
09285932652
09285930996
09285923905
09285919662
09285919549
09285919153
092859154
09285913491
09285910920
09285910288
09285909464
09285908522
09285907467
09285904988
0928590150
09285900712
09285900402
09285900
09285898830
09285895110
09285888556
09285887851
09285887765
09285884644
092858837560
09285881944
09285880377
09285877
09285876044
09285873785
09285864459
09285861251
09285857124
09285856657
09285854961
092858535
09285852934
09285850681
09285850506
09285849709
09285849264
09285849216
09285847322
09285843643
09285843179
0928584110
09285840763
09285836204
09285829776
09285829355
092858292
09285825802
09285825212
09285824641
09285824211
09285824199
09285822267
09285817183
09285815663
09285815185
09285812296
0928581
09285805581
09285804783
09285802464
09285802157
092857aa
09285790452
09285787997
09285783687
09285783185
09285776546
09285775923
09285775487
09285771544
09285771291
092857707
0928577
09285767511
09285765686
09285761467
09285756226
0928575544
0928575541
09285755130
0928575165
09285749545
09285745417
09285744713
09285744119
09285736005
09285732442
09285728767
09285726033
09285723887
0928571753
09285715629
09285714886
092857128campanita
092857
092856910
092856897
09285686964
0928568480
0928568198
09285679283
09285677607
09285667835
0928566654
09285659008
09285658881
09285650504
092856479
09285645666422
0928564566422
0928564385
09285643435
092856428
092856333
09285631724
09285627861
092856272052
09285622223
0928562086
09285618960
09285618854
092856187289
092856143
0928561146
09285607853
09285605135
0928560495
09285604471
092855821
092855578
092855530
0928554421232
0928552408986
09285502389
092854jj
09285488265
09285484979lourd
09285480370
09285478795
09285476642
092854673i
09285465530
09285453633
09285450
09285449287
09285448
09285440369
09285439674
09285429383
09285428377
09285425535
09285424691
09285421
09285414754
09285412055
09285407741
0928540303
09285402187
092854
09285399114
09285394875
09285394846
09285393517
09285389100
0928538898
09285386846
0928538676
09285384467
09285383373
09285383080
09285382208
09285378886
09285376030
09285372895
09285371253
09285371247
092853710
09285368404
09285364813
09285364729
09285364708
09285362421
09285359915
09285358114
092853579
09285355712
09285353883
09285351954
092853460
09285345792
09285345446
09285340818
09285335450
09285332775
0928532
092853190
09285307367
09285306798
09285304703
09285303013
09285302771
09285300259
09285300209
092853
092852463668
092852442
092852322
092852145
09285201947
09285200952
09285154120
092851522
09285151774
09285123
092850833
09285081319
0928507542
09285065956
09285057523
09285046052
09285030580
09285030527
09285027261
09285018321
09285001432
09284pdxfh
09284998054
09284997636
09284997371
09284996222
09284995230
09284994631
092849935
09284991477
09284990930
09284987185
09284985696
09284985323
09284981746
09284981439
09284979670
09284979312
09284978385445565
09284978354455685
09284977595
09284977525
09284976612
09284975953
09284975657
09284975623
09284975197
09284974629
092849736
09284973343
09284971991
09284970063
09284968564
09284966238
09284965032
09284964103
092849617861
09284961327
09284959501
09284959171
09284958399
09284956054
09284953204
09284952726
09284952213
092849493
09284939963
0928493918
09284939039
092849375
09284936839
09284933961
09284931569
09284930170
09284920317
09284919650
0928491946
09284918358
09284915133
09284915062
09284909050
09284909
09284908776
09284904782
09284904258
09284904
09284903567
09284902617
092848rhock
09284897744
09284897585
09284896804
0928489606
09284893864
092848936
09284892430
09284891848
09284890969
0928489096
092848899
09284886556
0928488594
09284885581
09284882193
09284880978
09284874828
09284873328
09284871909
09284869291
09284868650
09284867482
09284864439
09284863587
09284862661
09284862452
09284860030
0928486
09284857676
092848574
09284856529
09284856
09284853502
092848524
09284850386
09284849183
09284848663
09284847964
09284847544
09284844771
09284844720
09284844227
09284843310
09284843130
09284837336
09284837331
09284835939
09284828645
09284828128
09284828036
09284821369
09284813594
09284811685
09284811645
09284809971
09284808900
09284806032
0928480529
09284803846
09284803822
092847ZYNKSY18732
09284799829
09284799403
09284799387
0928479895
09284794865
09284793567
0928479355
09284791457
09284790286
09284789994
09284789681
09284786919
09284785853
09284782569
09284781874
09284781865
09284777771818
09284777035
09284775803
09284775752
09284767657
09284767238
09284765224
09284765100
09284764067
09284763051
09284762726
0928476233
09284760716
09284756996
09284755902
09284755647
09284755278
09284754308
09284752976
09284752571
09284751252
09284749118
09284749010
09284748727
09284746962
09284745330
09284745249
09284744322
09284742194
09284741973
09284741825
09284741205
0928474009
09284738830
09284737573
092847350
09284733497
09284731407
0928473101
09284729294
09284728790
09284727567
09284722039
09284721842
09284721791
09284719477
09284717533
09284716022
09284713868
09284712174
09284711796
09284711679
09284710639
09284708905
09284708812asa
09284708623
09284707317
092847071953
09284705241
0928470156
0928469790
09284697407
09284696718
09284696033
09284695969
09284695425
09284694551
09284694474
09284692020
09284690316
09284689820
09284689092
09284688855
09284688584
09284688524
09284687139
092846739
09284673173
0928467193
09284671067
09284670126
09284669764
09284667369
0928466736
09284664697
09284664118
09284664057
0928466361
09284661951
09284659227
0928465600
09284653320
09284651193
09284650034
09284648310
09284642895
0928463940
09284638213
09284634417
09284634220
092846327
09284630111
0928462875
09284625578
09284623839789
09284620963
0928461586
09284612462
092846121
09284611750
09284608
09284606429
09284605249
09284604886
09284601775
09284598755
09284598124
09284597030
09284594923
09284593779
09284592890
09284592052
092845918
09284591607
09284586833
09284583448
09284577877
09284577833
09284577659
09284569229
09284567887
09284564522
09284563497
0928456328
09284561248
0928456+2349
092845565
09284543459
09284543281
09284542710
09284541617
09284540497
09284539228
09284538587
09284538248
09284535615
09284531691
09284531605
09284531517
09284530936
09284529046
09284528993
09284528403
0928452514
09284518477
09284511695
09284509422
09284508881
09284506222
09284503011
09284502113
09284502016
09284498283
09284496858
09284496714
09284496050
092844880
0928448680
09284486008
09284485387
09284485138
0928448465
09284482595
09284482138
09284480348
09284479302
09284474950
09284474
09284473946
0928447394
09284472808
0928447199
09284470558
09284469446
09284467989
09284466642
09284466198
09284464231
09284461545
09284461382
092844603
092844601
09284459250
0928445446
09284453518
09284452795
09284452729
09284452242123
09284450945
09284444287
0928443928
09284438694
0928443845
09284434047
09284430330
09284430210
09284429777
09284429624
09284426519
09284424573
09284424513
09284422460
09284417
09284414261
09284412176
09284408879
09284404305
09284404039
09284403820
09284403405
09284401892
09284400818
09284400385
09284400173
09284400139
09284399741
09284398150
09284390235
0928439008
09284387753
0928438604
09284384049
09284379609
09284375955
09284375740
09284375623
0928437334
09284372254
09284369279
09284366766
09284363555
09284362916
09284359799
09284348613
09284348159
09284347921
09284347767
09284345886
0928434578
09284342586
09284341433
09284341187
09284341171
09284341058
09284337630
09284336655
09284336646
09284335420
09284335223
09284334393
09284333905
09284333864
09284333780
09284331581
09284330178
0928432929
092843292
09284327927
09284326866
09284326589
09284323841
09284322799
09284320236
09284319568
0928431920
09284318843
09284315600
09284314254
09284313605
09284313191
092843127
0928431008
09284310029
0928431
09284308512
09284303741
09284303592a
09284303592
09284303418
09284302488
09284299586
09284299348
09284298635
09284296704
0928429541
09284294925
09284291889
09284291066
09284287683
09284287657
09284287375
09284286921
0928428678
09284285279
09284284193
09284280
09284278237
092842774
09284276008
09284272226r
092842698
092842697
09284269233
092842679
09284266891
09284262351
09284261760
09284261550
09284260387
09284260281
0928426
09284259431
09284258602
09284257955
0928425575
09284251961
09284251687
09284251542
09284250407
09284249060
09284248540
09284248227
09284247945
09284246680
09284245453
09284245
0928424339
09284241364
09284241121
09284239729
09284238735
09284238711
092842379660
09284237446
09284236793
09284235329
0928423530809103107024
092842352
0928423452
0928423281
09284231862
092842318
09284229521
09284229368
09284227650
09284227204
0928422626
09284224265
09284223535
09284223342
09284222790
09284222626
09284221067
09284218689
09284217254
09284216204
092842157a
09284213923
09284211457
09284211119
09284210188
09284209253
09284209
092842067
09284206303
09284204896
09284204240
092842039
09284202192
09284202
09284200995
092842
092841s
092841793
09284169788
09284168819
0928416734
09284166299
09284165764
09284165049
09284161834
09284161791
09284161711
09284161008
09284159303
092841591738522
09284159123
09284153437
09284152166
09284152132
0928415201
09284150993
092841455
09284145409207211959
09284144322
09284144116
09284138650
09284134526
09284134262
09284133012
09284128856
09284128403
09284128229
09284127810
09284125919
0928412591
09284123231
09284122841
09284121677
09284118974
09284117046
092841150
092841143
09284113640
09284113602
09284108761
09284104353
09284104343
09284104048
09284103917
09284101545
092841014
092841013
09284100
0928409988
09284094727
09284091883
09284091116
09284090794
09284090094
09284087621
09284084846
09284082411
09284082
09284080658
0928408041
09284070556
0928407
09284069141
0928406770
09284066291
09284065
09284062802
09284060807
09284058114
09284057391
09284057369
09284056148
09284054546789
09284054546
09284054197
09284053733
09284053728
0928405221
09284052
09284051996
09284051664
0928405072
09284048744
09284045035
09284044127
0928404315
09284042
09284039891
09284038110
09284036792
09284034814
09284032950
09284029
09284028654
09284024971
09284023409
09284022472
09284022113
09284022
09284021273
09284017456
09284017193
09284016884
09284015526
09284014191
09284011513
09284010634
09284009567
092840086
09284007163
0928400638
09284005144
09284002402
09284002030
0928400191
092840016
09284001209
09284001017
0928400026
09283Ll46
09283997874
09283994683
09283994609
09283993430
09283992586
09283991239
09283990398
09283989855
09283985763
09283985410
09283982914
09283982400
092839822
09283981282
09283980397
09283979519
09283979353
09283979113
09283979
09283977809
09283976300
09283975944
09283973642
09283971484
09283971168
09283970891
09283967095
092839655601
0928396556
09283965454
09283964875
09283963095
0928396217
09283960787
09283959801
09283959683
09283959119
0928395901
0928395785
09283953449
09283953315
09283952773
09283948614
09283946841
09283946072
092839448
09283936177
09283935050
09283934712
0928393354
09283933524
09283932906
09283931940
09283931113
09283929297
09283928621
09283927528
09283923130
09283923060
09283920836
09283918672
09283917657
09283915739
0928391573
09283915612
09283912728
0928391026
0928390977
09283908441
09283908394
09283907934
092839067
09283906653
092839055
09283904551
09283903116
09283902781
09283901751
0928390175
09283898471
09283897593
09283896125
09283896018
09283895983
09283895831
09283895714
09283895459
09283895209
09283893268
09283893099
09283892939
09283891209
0928389
09283889761
09283889546
09283888035
09283887568
0928388639
09283884875
09283883660
09283881646
09283881562
09283881560
09283881455
09283878966
0928387718
09283877057
09283874315
09283874080
09283874057
09283872150
09283871072
09283870647
09283867471
09283865821
09283864257
09283863145
09283861890
09283861725
09283861208
09283861
09283859815
092838592
09283858365
09283858218
09283858051
09283857152
09283856602
0928385593
09283852871
092838510
09283849839
09283849514
09283848990
09283847957
09283847808
09283847194
09283844906
09283844252
09283843924
09283841257
09283839311
09283836391
09283833311
09283832487
09283831985
0928383173
09283831488
0928383140
09283830319
09283828737
09283828526
09283827914
09283827339
09283826106
09283825915
09283824854
09283823725
09283823492
0928382078
09283819165
09283819073
09283818960
09283818710
09283817255
092838172
09283814793
09283812233
09283811375
09283810295
09283808752
0928380875
092838083
09283807601
09283807430
09283806270
09283801854
09283801813
09283801758
092837dro
09283798762
09283798456
09283797517
09283794023
09283793905
09283793799
09283791469
09283791185jamesdhea
09283791132
09283790878
0928379
0928378972
0928378915
09283786014
09283784286
09283783579
0928378315
09283775042
0928377312
09283772796
0928377
0928376996
09283769374
09283767493
09283764309
09283763925
0928376
09283759663
09283759449
0928375800
09283757722
0928375725
09283755016
09283754773
092837497509184487413
092837495
0928374909
09283747348
09283747156
09283744879
09283744132
09283742521
09283741847
0928374154
09283740470
0928373695
09283733343
09283733015
09283730202
0928372847
09283728413
09283728119
09283724712
09283719872
09283716370
09283715690
09283715646
09283715451
09283711563
09283711096
092837109
0928370995
09283708575
09283708349
09283708157
09283707374
09283707066
09283703853
09283702886
0928370141
092837
092836988
09283698022
0928369595
09283695789
09283695509
09283689487
09283687746
0928368309
0928368305
09283681294
09283680720
09283678386
09283678196
09283675594
09283673786
09283672512
09283670678
09283669434789
09283668273
09283666852
09283666189
09283664972
09283664805
09283663835
09283663
09283662048
09283659947
09283659906
09283658864
0928365247
09283651671
092836516
09283651334
09283650p
09283648969
09283646327
0928364632
09283645624
09283645263
09283645158
09283644445
09283643954
092836410330
09283640609
09283639760
09283639541
09283638923
09283637907
092836376611
0928363668
09283636421
09283635785
0928363565176
09283634616
09283634543
09283632
09283631497
09283627312
09283627251
09283625812
09283625407
09283621832
09283620855
09283619940
09283619743
09283619203
09283615582
09283615097
09283614907
09283613668
09283613235
09283613081
09283612806
09283612720
09283610920
09283610358
0928361
092836092
09283608
09283606428
0928360591
09283605377
09283604783
09283603599
09283602827
0928360049
09283600314
09283600267
09283599936
09283598514
09283597564
09283595881
09283595506
09283595369
09283594558
09283592710
09283592350
09283590603
09283587529
09283584114
09283583366
09283583174
0928358314029
09283581796
09283580768
09283579384
09283575038
09283574348
09283573797
09283573283
09283572928
09283571543
09283571019
09283570116
09283570023
09283568017
09283564451
09283561329
09283561268
09283560811
09283560072
09283559073
09283559001
0928355851
09283557744
09283557497
09283556827
09283555374
09283554273
09283552860
09283548789
09283545351
09283544964
09283543406
09283542019
09283541320
09283540332
09283539440
09283534704
09283533690
0928353238963
09283531728
09283531585
09283531456
09283530011
09283529063
09283528
09283527165
09283525458
09283525386
09283523881
09283522368
09283520656
09283518011
092835147921
09283514374
09283513047
09283512990
0928351200
09283505713
09283502598
09283499347
09283496402
09283496214
09283491994
09283489372
09283487091
09283487
09283483170
09283482041
09283481400
09283480297
09283478517
09283476970
0928347420
09283474069
09283473413
09283472075
09283471863
09283471279
09283470299
0928347017
09283468900
09283467911
09283466924
09283466663
09283465502
09283464893
09283463398
09283461913
09283460109
09283460
09283459905
09283458111
09283458032
09283457968
09283457601
09283456832
09283453784
09283453744
09283453123
0928344923
09283449205
092834462109
09283445776
09283443724
09283443580
09283436263
09283435889
092834345
09283433
09283430467
09283429725
0928342883
09283428655
09283428147
09283426720
09283426563123
0928342656
092834251360
09283424044
09283422938
09283422621
09283422234
09283421208
09283419115
09283419093
09283417278
09283415841
09283413584
09283413550
09283413358
09283412096
09283410471
09283409712
09283408687
09283408383
09283408169
09283406473
09283405247
09283404031
09283402002
092833kd
09283397584
09283397581
09283397293
09283396209
09283395903
09283393225
09283391124
09283387813
0928338356
09283382894
0928338052
09283377464
09283371982
09283371627
09283370175
09283370124
0928336920
09283368534
09283366262
09283365293
09283362174
09283361956
09283360
09283358586
09283355258
09283349965
09283349429
0928334888
09283347699
09283347326
09283343838
09283343755
09283342046
09283341863
09283340530
09283339606
09283339497
09283339280
09283338624
09283338108
09283336338
09283334955
092833342T
09283327869
09283324268
09283323480
09283322240
09283320656
09283316848
09283316251
09283315241
09283315077
09283314948
09283314541
09283313550
09283312965
09283310509
09283310062
09283309912
092833078
09283307204
09283306849
0928330621
092833049
09283303815143121992
09283303542
09283302191
09283301758
0928329669
09283296382
09283292024
09283291288
0928329026
09283290225
0928329016
09283290156
0928329006
0928328926
0928328811
09283287472
09283287465
09283287095c
09283284694
09283284371
09283276478
09283275643
09283275257
09283273280
09283272047
09283270907
0928327027
09283269884
09283268968
09283268302
09283267940
09283266158
09283264800
09283263269
09283260299
09283258
09283257720
09283256717
0928325471
09283253008
09283252273
09283252044
0928325129
09283250032
09283248671
09283248012
09283247631
09283247566
09283247233
09283247132
09283247110
09283245156
09283245021
09283242926
09283242885
09283240889
09283239625
09283235648
09283235333
09283234991
09283234938
09283233780
09283233294
09283232678
09283231891
09283230403
09283227887
09283227581
09283227529
09283227266
09283225814
09283223343
09283222
0928322127
09283220508
0928322012
09283218074
0928321392626
09283210791
09283210675
09283210063
09283209931
09283209209
092832079
09283207473
09283205
09283204188
09283204157
09283202717
09283201069
09283198883
09283198107
09283197865
0928319780
092831976
09283196830
09283196211
09283195747
09283194762
09283193703
09283191952
09283190054
0928318851
09283186395
09283186135
09283185734
09283182711ok
09283180114
09283176702
09283176278
09283175753
09283174162
09283173995
09283173853
09283173381
09283172494
09283167855
09283165688
09283165477
09283165241
09283164547
0928316443
092831612
09283161187
09283160616
0928316+104
0928316
09283158316
092831577
09283155657
09283153973
09283153207213
09283145527
09283143529
09283143014
09283141385
09283140681
09283139492
09283137933
09283137581
09283137427
09283135516
09283134929
09283134032
09283133654
092831318
09283131369
09283130453
0928312653
09283126122
09283125257
09283124569
09283123731
09283122233
09283122074
09283120797
09283120116
09283119649
09283119238
09283119210
0928311701
09283117
09283115497
09283115369
09283114650
092831135
09283113300
0928311330
09283113116
092831130
09283112631
09283112334
09283111486
0928311
09283109876
09283109083
09283107878
09283107651
09283107432
09283106372
09283105778
09283105625
09283104414
09283103935
09283102847
09283095696
09283094994
09283094086
09283093629
09283092927
0928309173
0928309
09283088935
0928308793
092830824
09283077609
09283077181
09283075715
09283075455
0928307545
09283073902
09283073062
09283071504
09283070222
0928307022
09283064523
092830637
09283063496
0928306273
09283057132
09283056918
092830567
0928305323
09283052612
09283048753
09283048638
0928304831
09283047380
09283047259
09283046727
09283045460
09283045060
09283044482
0928304212826072651
0928304212
09283041983
09283041552
09283041511
09283041127
092830386
09283037765
09283035578
09283035374
09283032462
09283032419
09283031559
09283031158
09283029759
09283028711
09283025989
09283024435
09283023549
09283023324
09283023258
09283020812
09283020703
09283020602
0928302010
09283018596
09283016688
09283016601
09283016134
09283015990
09283015448
09283015407
09283013584
09283013183
09283012899
09283011443
09283011351
09283008667
09283007725
09283006247
09283004253
09283002348
09283001866
09283001060
0928300
09282g
09282999959
09282999719
09282999252
09282998099
092829965901
09282996329
09282995933
09282995824
09282995277
0928299456
09282993751
09282993399
09282992655
09282992645
09282992046
09282990905
09282990821
0928299071
09282989901
09282988600
09282985217
0928298426
09282982751
09282980661
09282980593
09282980540
09282979046
0928297852
09282978362
0928297714
0928297589
0928297566
09282974608
09282974543
09282973882
09282972898
09282971587
09282971384
09282969036
0928296858
09282967213
09282966632
0928296543
09282964969
09282963786
09282960936
09282960877
09282960631
092829604
09282958776
09282957911
0928295779
09282957756
09282955091
09282954834
09282953455
09282952279
09282950610
09282950599
09282950099
09282949865
09282948328
09282945599
09282943973
09282943636
09282941848
09282941191
092829410361
09282940651
0928293929
09282939228
09282938927
09282938783
092829372
092829362198
09282935323
0928293439
09282934179
09282932634
09282931166
092829311
0928293030
0928292968
09282928206
09282926141
0928292575
09282925621968
09282922851
09282922135
0928292177
09282921317
09282921042
09282918877
09282918642
09282917574
09282917318
0928291684
09282916
09282915244
092829143
09282913519
09282912217
09282911759
09282907480
092829034986
09282902239
092828dlr
0928289993410
09282899692
09282899347
09282898834
09282898774
09282896870
09282895542
0928289446
09282893901
09282892751
09282891138
09282891010
09282890564
092828881171
09282886919
09282886828
09282886817
09282886723
09282886545
09282886473
09282886133
09282885269
09282884578
09282883902
09282882457
09282881609
092828791020
09282878555
092828782238892219
09282876598
092828765
09282876043
09282875897
09282874677
09282874467
09282873842
0928287371728
0928287371
09282873487
09282873191
09282871539
09282871199
09282871144
09282868512
09282868498
09282868472
09282868078
09282868
0928286761
09282866963
09282865222
09282864936
0928286384
09282860100
09282859421
09282858672
09282857841
09282857458
09282855054
09282854982
0928285423
09282851997
09282851504
09282848988
09282848603
09282848591
0928284851662
09282847368
09282845864
09282845820
09282845682
09282844529
09282843970
09282843423
09282843152
09282843077
092828423
09282841310
09282840585
09282839957
09282839790
09282839364
09282839
09282837
09282835528
0928283151
09282830882
09282829585
09282828525
09282826648
09282825438
0928282287`
09282822548
09282822515
0928282125
09282820806
09282820183
09282819802
09282819433
09282818485
09282818193
09282817243
09282816996
09282816710
09282814091
09282811290
09282811181
09282810856
0928281081
09282810312
09282810010
09282808335
09282807207
09282807103
0928280655
09282806430
09282806141
09282805543
09282805426
09282804222
092828040
09282803402
09282802152
09282802
0928280139
09282800954
0928279912
09282796372
0928279438
092827935810
09282793310
09282791362
09282789807
09282787597
09282786075
09282785696
09282785537
09282783880
09282782916
09282782239
09282781504
09282780349
09282779441
09282777434
09282776529
09282775904
092827739
09282773215
09282771764
092827714
09282771244
09282770570
092827703
0928276859
09282768383
0928276796
0928276740
09282767041
09282765958
09282761884
09282760831
09282760718
09282760125
09282758858
0928275693
09282756622
09282756387
09282756359
0928275544
09282752387
09282751959
09282751386
09282751091
09282750857
09282750104
0928275
09282746174
09282745179
09282745158
09282743659
09282743022
09282742242
09282741866
09282741282
09282739469
09282738876
09282738719
09282737928
09282734061
09282732478
09282732471
09282729728
09282728222
09282727528
09282727059
09282726599
09282726554
09282724917
09282723783
09282722598
09282721459
09282720023
09282720018
09282719618
09282718068
09282718061jonels
09282717
09282716414
0928271614
09282715125
09282714179
09282714121
09282713964
09282713768
09282713201
09282712941
09282711639
09282711585
09282711005
09282710712
0928271010
09282708441.09216054544
09282708127
09282707579
09282706231
09282705337
09282699203
09282698048
09282697003
09282696697
09282695750
09282694175
09282692804
09282692020
09282691486
09282691176
0928269
092826887
09282688670
09282687396
09282687058
0928268696
09282686903
09282685891
0928268108
09282681019
09282678318
09282678144
09282678137
09282677700
09282676877
09282676716
09282676184
09282676159
09282674680
09282674288
09282674067
09282672850
09282670637
09282668073
09282665672
0928266465
09282664458
09282661625
09282661369
0928266
092826588
09282658087
09282657722
09282656831
09282655724
09282654241
09282652443
09282651329
09282649968
09282647967
09282647458
09282647341
09282647
09282645382
09282644181
09282643725
09282643722
09282641248
09282640672
09282640361
09282639981
09282639238
09282636486
09282634874
09282633523
09282632044
09282631026
09282629330
09282626510
09282626243
09282625594ARISAIWASAKI
09282625304
09282624640
09282624529
09282623650
09282622837
092