5574
092445278
092445007
0924447956
0924443393
092444
092443657
092443535
0924433559
092443122
092441966
0924416207
092441569
092441210
092441041
0924408206
092440
09243sfub
092439854
092439396
092439161
092439068
092439
0924382
092437180
0924365281
0924363190
092436249
092436248
092435751
092435
092434443
0924341100
092434
092433477
0924331903
092433
09243277
0924326923
092432657
092432456
092432148123
092431346
092430932
0924309057
092430871
092430841
092430663
092430549
092429773
092429479
0924293111
0924291677
092429
092428951
09242890
092428304
0924282296
092428034
092427859
092427411
09242722
092427200
092427034
092426847
0924267743
092426544
092426349
0924260003
092425vern
092425965
092425946
09242584
0924257751
09242530
09242526137
09242521
092424993
092424767
09242456654
0924241611
092424144
092424
0924238983
092423744a
092423672
0924236490
092423527
0924231996
0924230
0924228
092422687
092422535
092422422tukta
092422331
092422310
0924222961
0924222819
092422210
0924215460roxy
092421480
0924214589
09242117
0924208143
092420727
092420469
09242008
092420079
09242005c
09242004jj
0924200401272007
09242000
09241998
09241997
09241993ji
09241991a
09241990ma
092419900
09241989paul
0924198344estaso
09241974
09241973
09241972
09241970
09241966
092419554u2
09241946
092419046
092418601
092418138
0924181
092417715
0924176308
092417188
092416924
09241683
0924168230
0924167836
092416654
092416
092415835
092415806
0924157816
092415370
092415366
092414990
092414637
0924145659
092414528
092414484
0924142
092413945
09241327
092413236
0924129430
092412839
092412515
092412424
09241227
09241223
0924119889
0924119
0924117419
0924116965
092411538
092411375
09241126
092411128
0924109853
09241096
09241070
0924104607
09241023
09241022
09241018
09241012
0924100837
09241001
0924099
092409899
092409881
0924095458
092409529
092409355
09240925m
09240912
092408935
0924084544
092408295
092408246
09240817
092407m
0924077886
0924073349
09240726
09240706
092407039
0924068780
092406784
09240604064
092405p
092405babythea
092405974
092405743
092405735
09240544
0924053978 093463886
092405301
09240526
0924051451
0924051002
092405091
09240508
092404745616
092404702
092404490
0924043508
0924041961
092404196
092403t
092403a
09240307
092402l
092402957233
0924029317
0924028757
092402826
0924023
09240222
09240212
0924021025
092401272
09240123
092401091
092400lg
092400650
092400506
0924003827
092400179
092400084
092400039
0923yih
0923tet
0923terks
0923shanee
0923sam
0923pook
0923patrick
0923omar
0923nyr
0923natz
0923meg
0923mary
0923mah1987
0923kjo002
0923kh
0923jeffy
0923hp
0923fukyou
0923da
0923cute
0923buddy
0923brad
0923boy
0923ayden
0923ampiang
0923aaron
0923_blackrose
0923SLJ
0923Paco
092399jg
092399939
09239991534
09239973532
09239956678
09239941960
092399382
09239937377
09239909098
09239898
09239879194
092398742
092398529
0923985154
09239851427
09239841091
09239810014
092397y111580
092397r
092397mm
092397cn
09239796
092397844
092397620
092397553
092397449
09239726218
09239716
092397039
092396s
092396lol
092396caleb4ever
092396Rt
092396DM
09239698909
09239698623
09239693122
09239690529
092396747
0923964423
09239639935
09239613633
092396047
092395tdj
092395nm
092395ee
09239580
092395776
09239571630
0923957096EDUARDO
09239564927
09239548558
09239546140
092395263
092395236
092395088
092394wd
092394r
092394a
09239476592
0923946604
0923945293
09239417269
0923940
092393nn
092393l
09239393330
09239385759
092393557
09239352720
09239339565
09239320002
09239318718
09239312465
09239312
09239307068
09239300336
092392pls
092392g
09239292538
09239281117
09239237876
092392157
09239212
092391y
092391sia
092391sept
092391s
092391p
092391nw
092391m
092391k
092391M
092391A
092391716
0923917000
09239157031
092391387
092391336
09239130835
092391261
09239105963
092390s
092390k
09239098587
092390917
09239082056
092390813
09239071554
09239058847
09239039459
09239033471
0923902704
09239013406
0923901151
092390098
09238y
092389m
092389b
09238996043
09238994982
09238988034
09238983123
092389613
092389487
092389477
09238941733
09238937733
09238923504
09238921
0923890156
0923890
09238898535
09238889308
092388833
092388810
092388799
09238867596
09238866349
09238858983
092388544
09238842089
0923884
09238818119
09238817849
09238812
09238811033
0923880243
09238801580
092387m
092387ko
09238798754
09238796615
092387892
09238787472
09238781356
09238773175
09238772644
09238760726
09238743580
09238729393
0923872309
092387162
092386a
09238676878
09238675566
09238667933
09238663199
09238652997
092386509
09238622171
09238610332
09238607396
09238604
092385l
09238598575
09238591724
09238586428
09238585592
09238566728
09238561780
09238553926
09238543923
09238522976
09238518967
09238501301
092384t
092384m
092384aa
092384992
092384878
09238486805
09238486618
09238480279
09238467304
09238459750
09238449849
09238442593
092384197
092384066
092383vb
09238399116
092383621
09238354152
09238351331
09238347658
09238315
09238311133
09238304968
09238276627
092382420
092382311
09238229359
09238213385
09238205910
092381a
092381903
09238172448
09238166594
092381612
092381609
09238140814
0923813398
0923813
09238127064
09238125818
09238113595
09238112782
0923811006
092381094
092380AR
09238098170
09238096554
092380927
09238084787
092380765
09238066912
09238055475
09238052322
09238050211
092380485
09238044380
092380432
0923803761
09238029233
0923801880
092380167
09238015792
09238
09237yawiv
0923798887
0923798540649
092379372
09237933558
0923790786
092378vb
09237878
092378726
09237830
092377ja
092377j
092377585
0923772206
092376saul
092375j
092375821
092375139
0923749894
0923747885
092374740
092374732
0923744148
09237393016
092373414
092373063
092372148
0923717466
092370bill
092370a
092370977
09237089312
092370547
09237
092369s
092369950
092369901smary
092369851
09236969
09236960132
09236944049
092369302
0923692065
092369000
092368mn
0923689426
09236870837
0923687
09236823956
0923682363
092368232
092368215
09236820235
09236808138
09236785484
09236763415
092367092
092366857
092366774
09236672083
09236661757
092366566_227290
0923665517
092366322
09236630454
09236617403
092366143163
09236612249
09236611916
092365889
092365789
092365526
0923654958
092365180
09236517815
092365167
0923650557
092364968
09236492735
092364831
092364706
092364667
09236462982
09236462857
0923646215
09236461706
09236442
09236422246
092364212
092364159
09236415520
09236407350
09236403992
0923637701
09236371253
092363644
09236356507
09236343137
09236302966
09236300007
092363
09236290706
0923628986
09236286084
09236281697
0923626535
09236262763
09236261
092362562
0923624704
092362438
092362434
09236215359
09236214455
092362118
09236211180
0923621072
092361s
09236197774
092361926
09236172012
092361706
09236159982
09236147030
09236139412
0923612667jfb
092361194912345
092361157
09236111770
0923610372
09236074436
09236068536
09236061284
09236059903
09236051466
0923604240
09236040126
0923603672
09236030414
092360296
092360262
09236023353
092360204
092360165
0923601520
09236010157
092360012
0923599121
0923598647123
0923597908
0923597
092359631ldu
09235951519
09235950728
09235946341
092359144
092359022
092358689
092358568
092358561
09235853447
0923583520
09235828879
092358152
09235804316
092358
09235792470
092357879
09235786162
09235779144
0923577550
092357753
0923577
09235763157
092357509
09235746441
0923574
0923573349
092357313
0923572275
092357115
09235704056
09235701900
092357
09235697309
0923568923
09235688
092356874101
092356874
09235668427
092356647lim
09235661951
09235659114
0923564861
0923564
09235638515
09235635032
09235624380
09235622017
09235612408
09235603262
092356
09235598622
09235593256
0923559
0923558465
092355697
0923556912300
0923556
092355524
092355439690
092355354
09235534638
09235534067
09235533258
092355227
09235519351
092355129
09235507509
09235507189
092355001
09235485698
09235460070
092354521
09235423619
092354210
09235416924
092354
09235399954
09235394700
0923538938
092353881
09235368862
09235368286
092353448
092353302
0923533
0923532
09235315792
09235306079
0923530419
092353036
09235296655
0923528764
09235283903
09235258104
09235256597
09235253737
0923524201
09235239651
0923523816
09235233303
09235221480
0923521754
09235206056
092352
092351cn
09235193549
09235183656
09235183171
09235177269
09235175363
09235171488
09235166948
09235164122
09235163485PAJE
09235162340
09235156
092351549
09235154772
09235153494
0923514483
09235141216
092351409
0923513825
09235137604
092351338bub
092351323
092351186
09235115398
09235106070
0923510531
09235100546
092351
0923509400
0923509235
0923508345
092350806
09235072749
092350659
092350325
09235026865
09235026861
09235020013
09235009064
09235007447
09235005475
092350044423
09235001939
09235001367
0923500
092350
09235
09234994136
092349837
092349588
09234954900
09234950807
092349497
0923494686
09234946771
092349293
09234927432
09234925565
09234915159
092349060
0923489803
092348976
0923489736
092348965
092348961
09234879281
09234878542
09234863397
09234859954
092348416
0923482921
09234824933
09234824404
0923481343
09234812934
092348106
09234807260
09234795511
09234792457
0923478069
09234773182
09234772395
09234765971
09234745222
0923474324
09234738158
09234723390
09234708427
09234700507
09234700133
092347
092346907
0923468920
09234683852
092346784
09234669624
09234667779
09234661365
09234660051
092346580
092346454
09234644221
092346404
092346329
092346320
09234629732
0923462408
09234613579
09234604035
09234600246
092346
09234596478
09234583131
092345658
092345653
092345616
09234560403
0923455968
0923455787
092345543
0923454185
09234537332
09234524881
09234507069
09234505540
0923450266
09234488373
092344867
09234483706
09234479284
0923447928
09234478951
09234472311
09234467339
09234466268
09234465998
092344632
09234458726
092344477
092344423
09234439362
09234431696
09234424305
09234422660
0923441851
092344
09234389001
0923437446
09234374386
09234364303
09234357223
09234356447
09234349474
09234349222
0923434614
09234342003
092343299
09234311551
0923431155
09234307913
0923430127
092342979
09234295999
09234292027
09234285
09234284502
09234282900
09234269017
092342548
092342508ss
0923425064
09234245569
092342393
09234225084
09234224816
09234217821
09234213569
09234201051
09234191667
09234186399
09234184758
09234174847
09234172652
092341424
09234140433
09234140432
0923413991
09234121640
09234117027
09234114859
092341063
092341
09234097020
0923409
09234070306
092340642
09234061006
09234058854
0923405
092340406
092340359
09234034213
0923402952
092340243
092340217
09234014655
09234010974
09233995293
09233990620
09233987417
09233971033
09233970002
09233969633
09233966150
092339612
09233950899
0923393664
09233932310
09233930435
09233906720
092338933
09233885213
09233879711
09233872216
09233850543
09233845274
09233825099
09233810187
09233773077
09233771562
092337437
09233740978
0923373955
09233735079
09233729149
0923372
092337057
092337015
09233692332
09233681960
09233668029
09233652100
092336306
09233622177
092336177
09233574606
09233574098
09233560501
09233557146
09233553599
092335464
09233542691
092335359
09233512383
092335089
09233503244
092335028790123
092335
09233493540
092334927
09233487718
09233482359
09233479530
09233474403
09233474206
09233464729
09233455876
09233449082
0923344410
092334347
09233433119
092334220
09233394675
09233364272
09233354938
092333547
09233350226
092333499
09233348923
09233344
09233341222
09233330112
0923332109
09233320749
09233314414
09233308431
0923329918
09233298k4l$
0923329882
09233298432
09233290
09233276452
09233275342
092332334
092332
092331pars
092331949m-m
0923319429m-m
09233193084
092331769
09233166
09233159366
09233158924
0923315801
09233148531
09233133088
09233127547
09233127535
0923312458789
09233123056
09233121483
09233121314
09233121216
09233117285
09233111806
092331077
092331034
092330998
09233096676
09233090971
09233079463
09233079255
092330772
0923306699
09233050234
09233035282
09233034650
09233033
092330295
09233029
09233019219
09233
09232b
092329893
092329840
09232982675
092329646
09232963003
0923296
092329589pancho
0923295497
09232951812
0923292759
092329212
0923292015
092329161
09232905
09232902060
09232888730
09232875333
092328672
09232848651
09232829656
09232827622
092328262
092328183
09232814
092328060
09232805
09232780703
092327577
09232749924
09232745775
092327436
0923273858
09232728
092327144
0923271217
0923270551
092326879
092326777
092326697
09232669566
09232663992
092326602
09232652884
0923264
09232638998
0923263
092326211
092326053
092325van
09232584858
092325832
09232579405
09232574140
09232573906
09232572342
092325654
09232548952
09232546
092325351
09232534
0923253363
09232529
09232528962
09232528215
09232528
0923251918
0923250783101989
09232507335
09232488197
092324316
09232416223
09232414445
09232410283
09232386776
092323812
092323702
09232369452
09232362
09232336407
09232321131
0923232
09232316088
09232314353
0923231
09232306946
09232273692
0923225601
092322555
0923225098
0923224225
092322333
0923223020
09232203
09232201909
09232200
09232198163
0923218905
092321644
092321483
09232147019
092321455
09232142753
09232140423
092321395
09232134231
0923213348
0923213112
09232130849
0923212541
09232121144
09232112668
09232112107
09232108853
09232099451
092320976
092320934
092320810
09232069344
09232060576
09232055269
09232036857
092320354
09232024970
09232020947
092320107
09232009
09232008
09232005dea
09232
09231997
09231996t
0923199686
09231996
09231994a
092319946
0923199233
092319892468
092319888
09231987mj
09231987bebe
09231982w
092319743
09231974
09231973
09231972
09231971dk
09231968
09231966
09231962
09231960
09231959
09231958
09231957N
09231953
09231939571
092318878
092318817
0923188
092318794
092318773
092318618
0923184919
092317465
092317380
092317156
0923170523
092316k
092316973
092316603
0923165740
0923165427
092316485
092316429
09231630112531
09231630
092316215
092316213
092316098
092316
0923159624
0923154140
092315189
092314713
092314707-8
092314536
092314452
0923143
0923142921
0923142238
0923140321001
092313967
092313810
092312699
0923125207
0923123
092312211212
092312066
092312028
092311571
0923115343
0923114karen
09231128
0923110581
0923109409
092310722
092310652
09231015
09231009reochie
09231009
09231007
0923100
092309762
0923097
092309664
092309343
09230919
092309123
09230902
092309018889
0923088389
0923080521
0923080332
092307vales
092307m
0923071815
09230717
092307131
092307124
092306love
092306gj
092306919
092306801
092306756
0923066815
092306654
092306597
092306393
09230628gf
0923061030
092305t
092305su
092305love
092305ev
0923059406
09230558
092305404
0923051kl
09230506
09230502
092304lp
092304cse
092304bjs
092304925
0923048680ironia
0923048284
092304765
0923046940
092304621
0923046056
0923045116
0923045108
0923045033
09230432021327
09230426
09230415
092304141
09230408
092303ky
092303ham
092303527
092303490
09230315
09230310794
092303031
092302M
0923029078
092302865
092302592
0923025004
092302379
0923021551
092302103062
092301l
092301kk
092301895
0923013585
0923013
092301208
092301033tk
09230101_pAUbfc
092300rj
0923009591
092300438
092300334
09230018
092300117
0923-klm
0923+97
0922ya
0922vlas
0922tutunog
0922td
0922star
0922som
0922sn
0922smh
0922ron ie
0922rihay
0922pc
0922nong
0922nog25
0922nicole
0922nay
0922mm
0922ml
0922micho
0922mh
0922mau
0922maria
0922mame
0922lynn
0922love0122
0922lea
0922khai123
0922ke
0922karlamae
0922juuuz
0922jtg
0922jiesis
0922hunnie
0922free
0922faye
0922erick
0922erc
0922dios
0922den
0922cm
0922cece
0922ce
0922bunso
0922becool
0922ban168
0922bac
0922am
0922alex
0922_2004
0922P
0922JCL82
0922HEni**
0922Eric
0922CARLO
09229w
09229986826
09229985881
09229981065
09229980
0922997739
09229974520
092299582
092299576
09229939799
09229929225
09229924338
09229923484
09229920839
092299170
092299159
09229914913
092299141
09229910137
0922990728
092299050
09229903508
092298m
09229891923
09229886445
0922987654
092298671
09229865235
092298628
0922985611
09229844786
09229841255
0922983886
09229836848
09229833381
09229832876
0922983226
0922982779
0922982536890
09229824986
09229824703
09229821968
09229820020
092298194
09229812389
09229791323
09229790648
0922978833
09229785076
09229783057
09229777612
092297738
09229773726
09229771247
0922976912
09229767713
0922976588
09229764797
09229757769
09229752588
09229731642
09229723834
092297179
09229701630
092296bjn
092296a
09229698676
09229695868
092296912
09229681127
09229669979
0922966882
09229667253
092296622
092296600
09229656801
09229653560
09229649591
09229645194
09229643911
09229641282
09229621588
09229620
09229610443
09229610171
092296092296
0922960893
09229606775
09229602258
092295r
092295dd
092295aev
092295a
09229599641
09229595746
09229594488
09229594043
09229593774
09229592951
09229591648
09229590593
09229584346
09229572993
092295729*93
09229572216
0922957130
092295706
0922957
09229568540
09229567915
09229556166
09229555470
09229547343
09229545889
09229543343
09229539979
09229539965
09229534312
092295287
09229526158
09229526
09229518499
09229514743
092295125
09229512215
092295092
09229507445
09229504287
09229502392
092294kt
092294bn
092294MR
09229495193
092294942209
09229490623
0922949
09229487434
09229480364
09229471119
09229469281
09229463300
09229458241
09229448536
09229444163
09229443775
092294414
09229432581
0922942952
0922942243
0922942187
09229420395
09229418181
09229418147
09229403169
092294029
092293pp
092293jr
09229395147
09229394461
09229392410
09229391317
09229391306
0922937101
092293651
09229363609
09229358642
0922935651
09229351921
09229348132
09229338647
092293246
09229318112
09229315
092293077
092293075
092292jk
092292arg
09229290158
09229279578
09229277386
09229272155
09229268283
09229265936
0922926150
092292583
09229249054
09229238425
0922923552
092292353150402
09229231763
09229230567
09229214606
09229214050
09229212921
092292082795
0922920747
09229202966
09229201268
092292010793
0922920
092291sep
092291m
092291b
092291ash
09229198758
092291967
09229192
09229191662
092291859
09229184894
09229182391
092291788
092291519
09229108865
0922910613
09229103
09229101125
09229100480
092290kr
09229099638
09229099387
09229094183
09229093941
09229091614
09229080424
09229070490
09229068572
09229068464
092290634200
0922906342
09229060831
09229054206
09229043705
0922904214
09229039782
09229039554
09229035959
09229033830
09229033683
09229028726
092290256
09229022897
09229021425
09229019230
09229008073
09229007747
09229003021
09229002858
09229
092289th
092289s
092289rn
092289n
092289h
092289bd
092289a
092289A
09228995487
09228992580
09228989883
09228968707
092289674
092289542
09228942223
092289408
0922893722
09228930708
09228923116
09228911a
092289092
09228908
092288b
09228899459
09228889834
09228882430
09228881708
0922887237
09228871916
09228868691
09228860578
09228855436
092288427
09228822497
09228816540
092288092292
092287mbr
09228787618
09228762452
09228760492
09228759641
09228757
09228755171
09228737402
092287313
09228719045
0922870154
09228700520
09228700458
0922870
092286rtd
092286njt
092286m
092286c
092286RTD
09228690208
09228675821
09228670013
092286686
09228667736
09228661828
092286560
092286391
0922860955
0922860580
09228604
092285r3
092285m
09228598552
09228591950
09228587423
09228562204
092285622
0922855804
09228526690
092285192
092284sl
092284j
092284K
092284843
092284841
092284830
092284818K
09228474881
092284680
09228457916
09228455658
09228455113
092284473
092284397
09228414231
09228411
092284100
092283e
092283G
0922838962
09228382
09228381334
09228342020
09228336069
09228331973
092283267
092283250
09228317981
092283044
092282Kw!
09228276936
09228272260
09228264661
09228241091
092282386
0922822850
0922821500
092282080
092282021203
09228202111
092281EF
09228194565
09228188976
09228185516
092281724
09228171433
0922817002
09228164466
09228157
0922815402
09228151
09228145869
09228145578
09228144957
0922814385
09228134815
09228133681
0922813357
0922813050
09228129522
09228124194
09228123818
09228122932
09228122469
0922811747
09228117434
09228111027
09228106054
0922810605
09228104538
09228100396
09228094140nj
092280870
09228071260
09228065126
09228048647
09228045966
092280457
09228039260
09228034650
09228034344
09228033109
09228032376
0922803184
0922803
09228024
09228013889
09228012393
092280082
09228006174
09228002838
0922800
09227suns
09227998641
0922799
09227989863
0922798061
09227978486
09227977615
09227976467
09227975838
092279732
0922797315
09227970628
09227960784
09227957217
09227955947
09227954164
09227946976
09227946028
09227929553
09227917264
09227913039
09227909117
092278j
092278EL
09227894832
09227884836
09227884070
09227884046
09227884010
09227883882
09227878658
0922787511
092278701
0922786934
09227864264
09227855524
09227853833
09227849147
09227845048
0922784
09227839384
09227839043
092278322
092278232
09227817607
09227811733
09227803140
09227797430
09227793394
092277928
09227789196
09227788905
09227788132
0922778587
09227779904
09227778297
09227775853
09227775620
09227774492
09227770
09227766507
09227760
09227756375
09227755778
09227745322
09227736945
09227736667
09227731311
09227730664
092277297-5
09227724740
0922772356
09227707706
0922770763
0922770698282014
09227701598
092276Dar
092276901
09227688995
09227684363
09227681662
09227679474
0922767557
09227670212
09227662739
09227660106
0922765892
09227652386
0922765
09227642463
0922764
09227639770
09227638330
09227637061
09227636544
09227636422
09227622855
09227622726
09227616289
09227614722
09227611030
092276065
092275ku
092275@leidy
09227599760
09227595786
09227594437
09227593382
0922759266
092275894
09227589018
09227588752
09227586063
09227576571
09227575583
09227570423
09227562476
09227557601
09227555795
09227551429
09227549563
092275461
09227545712
0922753395
092275215
09227508608
09227506513
09227505018
092274t
092274A
09227498658
092274981
09227495121
092274933
09227490181
092274901
09227478733
09227478212
09227473884
09227473458
0922747126
09227469166
0922746025
09227457425
092274572
09227456303
09227448149
09227446893
092274467188
09227439365
09227427513
09227426975
09227412758
09227409902
09227407879
09227401
09227400075
09227398419
09227386933
092273817643210
09227378280
09227373810
09227358498
092273576
0922735726
0922735238
0922735
09227345418
09227342804
09227333492
092273240
09227322061
09227321544
092273209
092273100
09227308281
092272998
09227292682
0922728663
09227249623
09227247280
092272349
09227234509
09227232356
09227227273
09227223403
092272155
09227214589
09227207163
09227202612
092271th
092271p
092271992
092271970
092271887
09227185664
09227182963
09227179210
09227176251
09227175479
09227165914
09227165303
092271625
0922715795
09227144547
092271419
0922713433
09227131729
09227125135
092271179
09227106903
09227098062
09227089869
092270857
09227085401
092270847
092270831
0922707857
092270707
0922705562
09227049582
09227043464
09227035051
09227033891
09227024787
09227020379
09227020134
09227009453
0922700455
09227002998
092269t
09226996210
09226995170
09226989546
09226981449
09226980056
09226962990
09226958967
09226953140
09226950355
092269446
092269436
09226941842
09226934256
09226932218
09226927832
092269267
092269234
09226921683
09226921300
09226920274
09226920117
09226916775
09226905657
092268902
09226880488
09226878775
09226872175
09226866107
092268644
09226864204
092268584
09226858251
092268577
092268559
09226850834
09226847165
09226844511
09226841154
09226837024
09226827237
0922682
09226817521
09226816169
0922681242
09226809594
092268094
09226809224
09226806146
09226804417
09226794177
09226788936
09226787013
092267835
09226780863
0922678
09226774736
0922677315
09226771614
09226767760
092267675
09226766711
09226758354
0922674059
092267363242
09226734353
09226731303
092267305
0922672291
0922672004
092267187
0922671813
09226709689
09226706079
092266966
0922669214
09226684739
09226683301
09226682134
09226681156
09226657256
0922664925
09226647627
09226647020
09226646381
09226646292
09226644
09226637435
0922663711
09226636303
09226631947
092266296
09226623966
0922662332
09226618082
09226616560
092266152
09226613661
09226610323
09226606940
09226605861
0922660287
09226599245
09226595850
09226585674
09226585328
092265827
0922658186
09226573960
09226568101
09226565906
09226565662
092265608
092265599
0922655368
09226552320
09226545845
092265437
09226543280
09226533013
0922652837
09226527862
09226525891
0922652589
0922652169
09226517622
09226516453
09226516359
09226516181
092265111
092265019
092265
092264mac
09226488291a
092264851
09226482069
09226481395
09226477680
092264631
09226460683050493
09226438513
09226436972
09226433697
092264068692
092264006
09226400286
09226397455
09226396965
09226391911
09226391206
09226384284
09226383700
09226381572
09226380815
09226367529
0922636527
09226362169
09226339347
09226335678
09226335283
0922632
09226312394
09226312318
09226310525
09226310145
09226305102
09226288114
09226276433
09226275472
09226272711
09226265304
09226261837
09226261636
09226261267
09226244
09226242
09226235995
09226232066
0922622604
09226225524
09226224291
09226223753
09226216700
09226213407
09226211792
092262107
09226206738
09226206706
09226203476
09226200