91800
09162691754
09162691384
09162688246
09162687361
0916268131
091626785
0916267810
09162676810
09162676648
09162675107
09162672
09162671569
091626709
09162669620
09162669607
09162667320
091626670
09162666152
09162665457
0916266471
09162660306
09162658436
09162656867
09162656130
09162655388
0916265538
09162653754
09162653068
0916265139
09162651370
09162646780
09162646066
09162645062
09162641575
091626389
09162634838
09162633392
091626329
09162632779
0916263268209272195440
09162632682
091626299
09162626456
09162626312
09162624266
0916262375
091626202
091626189
09162617537
09162614981
091626146
091626116
09162610860
09162609215
09162607804
09162605615
09162603508
09162602383
091626
0916259810
09162591599
09162589647
09162587210
09162582902
09162580231
09162579912
09162579800
09162579345
09162579077
09162574497
09162568270
09162567854
09162564252
09162563661
09162562038
09162550807
09162548854
09162546300
0916254070
09162540159
0916253933
09162534
09162533768
09162533664
09162530
09162527567
09162527153
09162525514
09162525
09162523861
09162517229
09162516856
09162513078
091625114
0916250822
09162508079
09162507305
091625063
09162506218
09162503
09162502112
09162500421
091624so
091624988632008
0916249616
09162496142000
091624942
0916249070
09162486592
09162482018
091624767
091624756za
0916247485
09162469465
09162468958
091624676
09162463582
091624556
09162454023
091624519
09162451014
091624508
09162446266
09162443424
09162437593
09162435760
09162433526
09162433134
09162432757
09162432024
09162431240
09162430316
091624266
09162425
09162422
09162418993
09162416932
09162415389
09162413434
09162413275
09162411307
091624098
09162408153
0916240788
09162404070
09162398458
09162396121
09162393470
0916239247
09162392377
09162391729
09162387949
09162385729
0916238319
09162383059
09162381563
09162381456
09162379121
09162379109
0916237701
09162374304
0916237430
09162369
09162366499
0916236625
09162365637
0916236366
09162363005
09162362310
0916236094
09162358740
09162357048
09162356257
0916235576
0916235348
091623521660921
09162351329
09162347956
09162346001
0916234578
09162343578
09162342130
09162340429
0916233885mama
09162338461
09162336654
091623354789
09162331913
09162331333
09162330710
09162327873
09162327
09162325767
09162325528
091623250
09162324324
09162323781
09162320962
09162314455
09162313065
09162312089
09162309290
09162309195
09162306366
09162302928
091622sc
091622916
091622910
09162288055
091622818
09162280963
09162280345
0916227198
09162265697
09162265165
0916226376
09162262645
091622624
09162260619
09162256551
09162255282
09162255157
09162254179
091622539
09162253104
09162251903
09162248743
09162247
09162246351
09162244645
09162234588
09162234513
09162234
09162231854
0916223
09162229635
09162228482
09162227292
0916222694
09162224291
0916222425
09162216584
09162213815
0916221118
09162210692
091622092
09162204750
09162202333
09162189313
09162179910
09162178222
09162175549
09162166246
09162163379
091621580
09162153703
09162150155
09162147227
09162147030
09162146918
09162145
09162144336
09162142805
0916214158
09162137954
0916213407
09162134006
09162130828
09162126589
0916212624
09162124046
09162121673
0916212
09162117484
09162111142
09162102993
09162102244
091620985123
09162093989
09162093606
091620820
09162081821
09162081384
09162080408
09162063951
09162063428
09162060773
09162060725
0916206
091620591
091620477
091620474
09162042261
09162038022
091620348
09162027461
09162022
0916202168
09162018688
091620182
09162017465
09162016
09162014846
09162009
09162008123
09162008
09162007M
09162005is2years
09162005coach
09162005392
09162005
09162002rll
09162002r
09162+6481235
09161999
09161998
091619978
09161993lg
09161993977
091619908
09161987519
09161985as
09161982goddess
09161978
09161975t
09161973
09161971
09161968
09161966
09161963
09161956
09161951506
091619505
0916194cloy
091619449
091619372
09161931
0916193
09161926
09161925
09161922
09161921503
091619194
091619006
091618847
091618805
091618545
09161853606
091618533
091618529
091618470
091618414
09161833991
0916182495
091618241
091618223434
0916182234
091618131
091618
091617kareninA
091617921
091617844
09161777
09161776
091617589
091617569
091617517
09161746950
091617306
091617282p
09161716977
091617075
091617
091616997
09161694053
091616929
0916168404
09161654981
09161636938
0916163601
0916160900
091616016
0916158793
091615681
09161559002
091615476
0916154546
091615403
091615278
09161527477
09161526646
091615261755
09161526
091615105
091614574
091614501
09161449576
09161448456
09161440792
09161437
09161420652
091614125
09161409621
0916140635
09161394170
09161389028
09161389
09161385
09161383383
0916135452
091613218
091613204
091613167
091613126
091613053
09161284443
091612723
09161269880
091612631
09161257809
09161254907
091612474443
09161245
0916123456
09161234527
09161234
09161221love
091612195
091612191
09161209
091612079
0916119517
091611886
0916117856
091611634
091611625
09161155104
091611529
09161151390
09161147625
09161142
09161141944
0916113941
091611376
09161131432
09161129220
091611126
0916110687
091611036
0916110236985
091611
09161096771
0916106909
091610647
09161055
09161054718
09161053698
091610302
09161027
091610257
091610233
09161020316
0916102005
091610141
09161011
09161010237
09161007
091610006
09161000212
09161
0916099434
09160988
091609864
091609506
091609159
091609123
09160912
09160882
091608812
091607983
0916078439
091607717
091607523
091607311991
09160710
09160702
091606ah
091606R
0916069
091606748
091606479
091606268
0916061278
091605de
091605dd
091605ad
091605a
0916056202
0916055684
091605561
091605329
0916052780
091605255
091605212
091605077
091604j
091604c
091604am
091604953
0916047
091604545
09160430
091604227
091604213
09160413
09160405852
091603marmar
091603grw
091603alexis
091603832
0916033134
091603244
091603202
09160318
091602us
091602sg
091602mr
091602830
091602525
0916023153
091602311
09160207
091602051
09160202
091601970
091601926
091601785
091601728
0916016231
091601551
091601460
091601260
091601193
09160116
09160106019042532
091600985
091600608
0916004
091600315
0916+5957755
0916 eunice
0915zu
0915zah
0915walters
0915tr
0915tk
0915sekigahara
0915sbb
0915ronald
0915rj
0915pet
0915nellie
0915mu
0915mon
0915luce
0915lome
0915lizjag
0915lindsay
0915kw
0915k314p
0915johan1509
0915id
0915hwa
0915hiphop
0915haylee
0915ger
0915ef
0915dr
0915dad
0915criz
0915cris@
0915cp
0915by
0915austin
0915alaska
0915abby
0915Darlene03Mae23
091599w
091599cl
09159996345
091599959
09159995668
09159994460
09159993408
09159992221
09159990453
09159986442
091599842
0915997917
09159978512
09159977417
09159977093
09159976920
09159976229
09159974293
09159971530
09159970703
09159966709
09159965799
09159962737
09159962195
09159961832
09159956032
0915995584
09159954
09159951737
091599514
09159949924
091599497
09159949248
0915994924
09159948122
09159946586
0915994459
09159943052
0915993933
09159935997
09159931914
09159930926
0915992630
091599247863
09159919810
09159919486
09159918242
0915991815
09159914104
09159910184
09159908308
09159908
09159907242
0915990566
09159904627
09159904184
09159903730
0915990373
09159903316
0915990188
09159900699
0915990
091598979
09159890235
09159890071
09159884291
09159878141
09159876248
09159875769
09159874986
09159872233
091598712277
09159868183
09159866775
09159866667
0915986288
09159862629
09159859306
0915985629
09159854440
09159853615
091598531317
09159852869
091598504
09159844795
0915984439
091598440
09159843861
09159838367
09159836281
09159835175
09159833458
09159832031
09159826
09159821915
09159819747
09159819659
09159814824
09159809752
09159808884
09159798280
09159795712
09159791398
09159791030
09159790507
0915978985
09159787108
09159786
09159785623sheen
09159780614
09159780269
09159772692
09159771005
09159769551
09159769475
09159768083
0915976752
09159766942
09159766856
0915976627
09159762940
09159758809
09159757941
091597565
09159750549
091597493
09159748556
09159746395
09159743711
09159739348
0915973481leo
09159730420
0915973
091597286
0915972087
0915971
09159706959
0915970503
09159703483
09159702456
09159700
0915970
0915969759
09159696314
09159692475
0915969
09159689779
09159681998
091596789
09159673954
0915967208
09159669508
09159663879
09159663037
091596620
09159660830
091596569
091596551
09159655064
09159650161
09159646
09159642879
0915962865
091596181
091596172
09159615813
09159613626
091596120
09159608272
0915960256
091595j
09159584
091595684
091595373
091595210
09159510959
09159509800
09159509791
09159508350
09159506835
09159506391
09159506294
09159500535
091594j
09159493858
09159493468
0915949321234
09159491554
09159489375
09159484617
09159484120
09159483819
09159480565
091594796
09159478287
09159465450
09159464787
09159462137008
09159462137
0915946213
09159461360
09159461
0915946065
091594591
09159458804
09159456384
091594528
0915944708
09159441546
09159430096
0915942833
09159427651
09159427377
09159424088
09159422512
091594123456789
091594063
09159402423
091593t
091593d
09159398631
09159397710
09159397689
09159395802
09159394883
09159394312
09159394245
09159393415suan
09159391022
09159387535
09159385983
09159385511
09159384063
09159380640
09159379883
0915937890
09159378710
091593730
09159371945
0915937058
09159370348
091593674501
09159361625
09159360NM
09159357
0915935649
09159354797
09159354579
09159342870
09159341992
09159339586
09159334146
09159328201
09159328187
0915932803
09159327246
09159327
091593199
09159315042
09159315
09159312xx
09159311470
09159305648
0915930470
0915930440
091593014
091592ks
0915929947
09159297419
091592951
09159293682
091592935
09159285869
09159285335
091592775
09159277297
09159271760
09159270498
0915926708
09159266356
09159265803
09159264841
09159263683
091592556
09159255009
09159253972
09159252843
09159250357
09159249739
09159241482
09159238539
09159238450
09159237054
09159234913
09159230891
09159229710
09159229067
09159224899
091592226
09159217137
09159217091
09159212449
091592.g
091591candy
09159196747
09159191935
091591884
09159186245
091591846
09159184570
091591790
09159175610
09159174881
09159172446
09159168782
09159154012
09159152324
0915914885
09159145025
091591397
09159136136
09159133598
09159131071
09159127958
09159119228
09159117264
09159116466
0915911456
09159108703
09159104653
091591011
091590k
091590f122
091590c
09159098816
09159096240
09159095991
09159093967
09159091978
09159091791
09159086231
09159085392
09159085383
09159085090
0915908427
09159081122
09159080538
09159075649
09159071783
09159071256
09159063959
091590639
09159058774
09159057550
09159054476
0915905317
09159047803
09159046712
09159045616
091590368
0915903055
09159030051
09159025
09159021247
091590206
0915902
09159019765
09159018337
09159017307
09159013817
09159010525
09159002091
09159
091589j
091589J
091589C
09158998
09158994953
09158992526
09158989158
09158987935
0915898546
091589526
091589206
09158909
09158905583
091588tan
091588t
091588eaj
091588digo
09158895132
091588924
09158885278
09158884431
091588831610464
09158883060
0915888223
09158881007
0915888
09158878562
09158876550
09158875133
09158873007
09158868919
09158868519
09158868368
09158868164
09158866271
09158864329
09158864127
09158863248
09158861392
09158859267
09158859088
09158858661
09158858418
09158857671
09158855342
09158855298
09158852083
091588507
09158840442
09158837846
09158831702214
09158827170
091588217
0915882010
09158818616
091588163
0915881587
09158814325
09158811558
0915881155
09158810781
09158804224
09158800158
091587webster
091587v
091587t
091587jc
091587cat
09158799725
09158799126
09158798415
09158798181
09158794915
09158793785
09158789
09158788293
09158787259
09158776612
09158775962
09158775135
09158774707
0915876836
091587680
091587679
09158764839
09158762790
091587593
09158758133
091587562
09158749391
09158747505
09158742555
09158738202
09158730175
0915872816
09158722006
09158718736
09158716529
09158716482
09158715634
09158714530
09158713114
09158710004
09158709572
09158703303
09158702424
09158700531
09158699490
09158699446
09158699148
09158687350
09158685581
09158682882
09158682662
09158678472
091586781958
09158675669
091586705
09158664177
091586608
09158656879
09158656441
091586524
09158651785
09158649616
091586411
09158623751
09158618757
09158618085
09158611763
091586021
09158600837
091585kc
091585Slj
09158594870
09158590517
09158588137
09158585313
091585852
0915858070
09158577775
0915857661
09158571157
09158569821
09158557939
09158557559
09158555782
09158553140
09158548331
0915854083
09158539358
09158537449b
09158531107
09158530794
09158523650
091585216
0915852000
09158519826
09158516882
091585114
0915850934
091584j
09158494664
09158493
09158487443
09158480013
09158474979
091584615
09158461089
09158453695
091584493
091584463891
09158437870
0915843044
09158426713
09158411191
09158410744
09158407703
09158407211
0915840568
091583jen
09158395609
0915839088
09158390191
09158390133
091583845
09158382853
09158371469
091583619
09158358764
09158358033
09158356928
09158356170
0915835483
09158345635
09158344033
091583337694
0915833245
0915833152
0915832992
09158325940
09158324497
09158322169
09158320034
09158318176
09158313707
09158313633
091583067
0915830658
091583061
091582adry
091582PUL
091582LJ
09158292361
091582871
09158286533
09158286004
09158283814
09158281660
09158281194
091582766
0915827092
09158269741
0915826681
09158254969
09158252126
09158251811
09158245531
09158243302
0915823590675345
09158230067
09158227157
0915822326203
091582205
09158220260
091582175
091582167
09158216160
09158216042
09158209323
09158209135
09158203336
0915820257
09158193882
091581903
0915818blood
09158184891
09158182562
09158181420
0915818082
091581762
09158167057
091581668
09158158689ashnoor
09158154821
09158154066
09158153736
09158143027
09158139543
09158138995
091581388
09158137745
09158136687
09158136456
09158136202
09158133179
09158130130
09158117l
09158116989
09158114748
09158112936
09158111344
0915811
09158105425
091580q
091580p
09158097889
091580956
091580843
091580830210
09158079
0915807560
09158074108
09158068619
091580574
09158054919
09158053353
091580462
09158044112
09158037727
091580360
091580342
09158031698
0915803034
09158020205
09158009825
091580082984
09158005564
09158005471
091580041
0915800
09158/4775
0915799360
09157989931
091579789
09157978073
09157977522
091579761
0915797210
09157971612
09157971022
09157968069
09157965200
0915796335
09157962363
091579615
09157960760
09157959518
09157958180
0915795390
09157952482123
09157951724
09157951040
09157944885
09157940801
09157939281
0915793700
09157935078
09157922736
09157917825
09157916201
09157915117
091579095
09157904836
09157903241
09157903229
091578lmt
091578f
091578cls1
091578cls
09157898874
09157898326
09157898220
09157897751
09157891319
09157890165
09157888213
09157887156
09157882443
09157880276
0915788025
09157879451
09157875986
09157868
09157866520
09157866504
091578616
09157860927
09157859141
09157856381
09157855704
09157855617
09157853954
0915785353
09157848895
091578464
09157844744
091578439
0915784382
09157840408
09157840186
091578385
09157838470
09157837338
09157830395
09157828952pogi
09157823545
09157822804
09157822203
0915782201
09157818103
09157813827
09157811969
09157811213
0915781
09157809120
09157808693
09157802838
09157795769
09157794347
09157794021
0915779097
09157789152
09157788695
09157786991
0915778416
09157782049
0915777661
0915777636
091577758
09157768932
09157768907
09157767520
09157766709
09157765063
09157764082
09157763
09157761436
09157759972
091577583
09157757926
09157757310
09157754645
091577453266
09157741398
09157734039
09157732054
09157731
09157730915
09157727617
09157719487
09157718054
09157716783
0915771609
09157715174
09157713118
09157707483
09157702659
091576984
091576848
0915767531
09157674510
091576621
09157661095
09157655927
09157650935
09157645333
0915764
09157637219
09157631266
09157631109
09157628428
09157624924
09157624388
09157620914
09157616734
09157615479
09157610895
0915761020
09157609926
091576037
0915759096
091575890
09157578527
09157565995
09157555849
09157551947
09157551303
09157551145
09157548847
09157547022
09157544
09157542468
09157541060
09157535260
09157524696
09157519692
09157518260
09157511618
09157508511
09157504214
091574wendy
09157499694
09157489974
0915748974
091574884
09157481595
0915748153
09157479208
091574782
09157478083
09157475734
09157469826
09157468061
0915746754
09157463586
09157455923
09157447596
09157441393
09157441158
09157439375
09157438771
09157437120
09157429284
09157429061
09157424153
091574236423
09157412643
09157411412
09157409186
09157407415
091574048
09157401
09157400903
0915736169
0915735916
091573463
0915734262
09157338251
09157337106
091573036
09157279754
09157279035
09157274327
09157263760
09157259899
091572578
09157253596
0915724427
09157243735
09157224176
09157219453
09157219024
091572183
09157217419
09157213133
09157212431
0915719
0915718316
09157175353
09157174999
09157174685
09157172537
0915717219
091571680
091571674
09157162574
09157158837
09157158711
09157141812
0915713663
09157123964
09157121360
091571147
09157114602334
09157110176
091571075557
09157105973
09157105756
09157099578
09157094383
091570880
09157077305
09157066108
091570603
09157047961
0915704358
09157037709
09157036892
09157036451
09157034295
09157029125
09157024592
09157022900
09157022009
09157015831
09157015803
0915701154
0915700916
09157007875
09157006618
09157003263
09157003035
09157000919
09157000217
09157
09156etff
09156994206
091569941
091569899532
09156986436
09156984727
09156984335
09156984121
09156977974
09156976006
0915697272
091569689023
09156968315
09156967869
0915696348
09156962940
0915696120
09156960179
09156956734
09156953906
09156945706
091569361
09156929537
09156928689
09156917286
09156916811
09156915750
091569155
09156913206
09156907905
09156906386
09156905970
091569040
09156901688
09156897074
09156896978
09156895049
0915689420123
091568936
09156890596
091568839
0915687832
09156870230
09156858507
09156850714
09156846521
091568463
09156832314
0915682825
09156822318
09156812154
09156794569
09156794498
091567907
09156789123
0915678241
09156781049
09156779291
09156775549
09156774847
09156774123
09156773731
09156771927
09156770768
09156769169
0915676670
09156763564
09156760355
0915675947
09156751081
09156745920
09156744356
09156737534
09156732*94
091567305
09156718661
09156717268
09156716319
09156710380
09156710232
09156709705
09156709367
09156709341]
09156708931
09156708836
09156708432
09156707935
09156702614
09156700426
09156700232
09156688354q
09156688191
0915668438
09156677586
09156675614
09156657227
09156655754
09156650504
09156647989
09156643581
09156641868
09156640600
09156632377
091566292
09156626530
0915662399
09156620666
09156620316
09156617051
0915661705
09156613101
091566103
09156604276
09156603177
09156599062
091565977
091565976
09156592400
09156589997
0915658631
09156580544
091565798256
09156577921
09156577654
0915657765
09156573296
091565689237319
0915656253
09156562521
09156560731
0915655807
09156551179
09156547330
0915653905
09156538081
09156530875
09156529
09156521243
09156519591
0915651959
09156519282
0915650
091564nana
09156496315
09156495032
09156494972
09156493482m
09156485969
09156483214
091564795
091564655
09156461710
09156460094
09156456422
09156456123
09156456065
09156455380
09156451509
0915644893
0915644606
09156443163
09156435254
09156433110
091564231365
09156422520
09156422232
09156421156
09156420956
09156420726
0915642
09156410752
0915641
09156409568
0915640891603
09156400816
09156398710
091563971
091563911
09156390505
09156380856
091563651
09156364180
0915634892
091563431
0915634067
0915633242922101
0915633241
09156328215
09156327800
09156325304
0915632
09156293113
09156293101
09156291734
0915628933
09156288137
09156287766
09156287515
0915628563
09156284722
09156283728
09156283362
09156278103
09156277083
09156269570
09156269495
09156269187
091562662
09156264876
09156263841
09156261306
0915626
091562598
09156257812
09156256831
09156254826
09156249694
0915624780
09156245983
09156245528
09156243664
091562416
0915624145
09156239541
09156234616
09156234404
09156234189
091562341
09156233654
091562333318
09156231420
09156226606
09156224281
09156223351
0915622067
0915622
09156217648
09156217252
09156213178
09156211101
09156210022
09156207398
09156206477
091562011
091561976
0915619254
09156188812
091561851
09156171983
09156163441
09156160433
09156158406
091561496
09156145125
09156141941
091561404
09156136815
09156125670
091561254890
09156124276
09156113615
091561121Jp
091561121
09156103056
091561
0915609523
09156092809
09156086358'
09156085856
09156074452
09156073434
09156069516
0915606644
09156063
091560626
0915606246
0915606243
09156059890
09156057322
09156051488
09156051444
09156048089
09156045211
0915604462
091560428
0915604
09156034630
09156032319
09156030718
09156030345
091560167
09156016171
09156013038
09156012028
09156007273
09156006967
091560064
09156005998brenda
09156005874
09156005037
091560018
091559ky
09155999916
09155993100
09155992012
09155990819]
09155982737
09155981483
09155972548
09155954607
09155952798
09155951461
09155944015
0915594354
09155940351
09155939935
09155936080
09155935895
09155927515
09155927209
09155926112
09155914654
09155913234
09155911726
09155908385
09155902644
09155902315
09155901625
091559
09155888162
09155875745
09155869306
09155862928
0915585906
091558491
091558471
09155846341
0915584388
09155841389
09155836594
091558349
09155826518
09155825881
09155823857
09155822957
09155822316
09155816092
09155811497
09155806281
09155803370
09155803230
091557999
09155797715
09155796182
0915579468
09155791114
091557902
0915578917
091557842345
0915578423
09155776575
0915577217
09155769334
09155764
091557596
09155753577
091557520
0915575
09155745866
09155737719
09155736266
09155734084
0915573133
09155728217
09155728015
09155727139
09155725850
091557258
09155725771
09155725412
09155724855
09155723820
0915572206
09155720958
09155718947
0915571894
09155718814
09155716225
09155715653
091557135
09155713468
09155712921
09155712085
09155710051
09155709029
09155704670
09155702513
09155702403
091557
091556980
09155696521
09155696078
09155695264
09155686054!
09155683708
09155679264
09155677249
09155673900
09155670388
0915566885
09155668340
09155666299
091556662
09155663404
09155660099
09155658102
09155657646
09155657044
0915565542
091556544830
09155654483
09155653641
09155652586
091556506
09155646106
09155645589
09155644793
09155641818
09155628714
09155625647
09155623915
09155623796
09155617159
09155613766
09155611354
09155606799
091556066156
09155606123
09155604087
091556
09155595943
09155592085
09155587107
091555851
091555837862
091555804
091555746
09155572259
091555717362
091555703342
091555681
09155566071
09155566
0915556339
09155561722
09155559710
0915555967
0915555717326
09155552030
09155550
0915555
09155548702
09155548237
09155547686
0915554578
09155544545
091555428
09155541427
09155538655
09155535986
09155535957
0915553122
091555309
091555288
091555112920
09155506290
09155504234
091554962
09155490871
09155487523
09155486766
09155485014
0915548475
09155484158
0915548
091554788
09155476499
091554667
09155464056
09155463655
09155462319
09155460074
09155454982
09155453616
09155453199
09155452365
09155451951
09155451633
09155451505
09155448452
09155442652
09155441667
09155441614
09155434775
09155433470
09155432811
09155431130
09155430082
09155429764
09155426834
09155426221
0915542492
09155422133
09155420550
09155419535
09155417172
09155413194
09155412849
09155412424
09155410990
09155410082
09155409449
09155408634
09155407009
09155406996
09155406550
09155405435
09155405039
091554007
09155390877
09155389785
0915538675
09155384626
091553836
09155379745
09155378300
091553714
09155364764
09155364714
09155363745
09155362912
09155362590
09155362051
09155356099
09155354
09155353730
09155353124
09155352954
09155352249
0915535207
09155345574
09155343154
09155341087
091553390
09155338776
09155336230
09155335532
09155329831
09155328877
09155328524
09155323083
09155322075
09155321130
09155320571
09155320183
09155319337
09155317110
091553160605254143
0915531515
091553136
09155313416
09155312299
09155299629
0915529505
091552944
091552925654
0915528902
0915528197
09155273005
09155270650
09155266146
09155250515
09155247093
09155243
091552354hot
0915523404
09155233056
09155231312
09155229648
09155228199
0915522336
09155223182
09155222711
09155221983
09155217131
0915521642
091552158
0915521330
09155212460
091552123
09155211725
09155205696
09155204488
091552
09155196124
09155194449
0915519328
09155192202
09155189654
091551892
09155186358
091551861naty
091551861mjlove
09155179659
09155175246
09155173395
09155173125
09155171715
09155171188
09155169569
09155167544
09155164973
091551639
09155160421
09155160341
09155157789
0915515513
09155154579
09155153753
09155153710
09155150981
09155147741
09155144276
091551440
091551408
09155139657
09155139563
091551379
091551359
09155134464
09155132426
09155131076
09155130160
0915512453
09155123
09155120102741741
0915511888
09155118407
09155115
09155112920
091551119358
09155110953
0915511
09155109739
09155109627
091551063
0915510612
09155105885
09155104744
09155104