609
091551023
09155102181
09155094793
09155093817
09155093428
09155088179
09155086044
091550845
09155083057
09155082476
09155082417
09155082369
0915508236
09155080131
09155080019
091550730
09155072800
09155070363
091550693
09155063493
09155060989
09155058976
09155050935
0915504154890
091550405
091550267
091550260
0915502555
09155019481
09155018213
0915501813
09155016530
09155011832
0915500854
09155005462
091550017
0915500
091550
09155
09154997943
09154996498
09154989227
091549840
09154982731
091549775
091549618
09154961177
09154954988
09154953910
091549539
09154951254
09154947943
09154947364
09154942095
09154941578
09154938290
09154937849
09154934326
091549309
09154922630
09154913750
09154913499
09154906273
09154901377
091549
09154896473
09154895822
09154895805
09154882979
09154881561
09154875198
09154872613
09154869413
09154868568
09154866320
09154865979
09154864566
09154862836
09154862799
09154862164
09154861377
0915486
09154856
09154852181
09154850800
09154848604
09154846522
09154840089
09154839707
091548386
09154836719
091548293
09154826073
09154825801
09154822966
09154820931
09154820034
09154817325
091548155
0915481493
09154814066
09154812032
09154804410
09154801713
09154800846
09154799727
091547964
091547918
0915477884
091547785
091547448
091547383
091547374
09154729896
091547289
091547252
09154707447
0915470542
0915470416
0915470306
091547012
09154695247
09154692286
091546831didi
09154681034
09154671028
09154670955
09154662636
09154662290
091546596
0915465047
09154648976
091546462
09154646091
09154644
091546400225
09154637381
09154631549
091546290
091546230
09154620177
091546189
09154617389
09154616482
0915461338
09154611241
09154605390
091546052
09154605
09154601273
09154586711
09154586336
09154584288
09154577066
09154572243
09154566924
09154562297
09154557943
0915455716
091545533
09154549845
09154549528
09154548994
09154548414
091545453
091545449
09154541641
0915453961
09154535195
09154530125
09154529233
09154528520
09154528365
09154527668
09154524963
091545248
091545245
09154522781
0915452250
09154522492
09154522
09154521697
0915452156209202511481
09154518760
09154516988
09154516694
09154514871
09154514578
09154514323
09154509955
091545077
09154502198
09154502187
091544997
09154499478
0915449922
09154499086
091544990
09154496354
09154494620
09154493014
09154491412
09154481290
091544798566
091544798563
09154479856
091544793
09154476703
09154474934
09154474860
09154472325
09154471039
09154470207
09154469818
091544684
0915446383301536
09154461175
09154461003
09154460320
0915446
09154459873
09154456469
09154455819
09154454594
09154453713
09154453637
09154453499
0915445237
09154451708
09154450360
09154449615
09154439973
09154438807
09154438488
09154437734
09154437516
09154437460
091544317
09154431534
09154428
09154427138
0915442416
09154423604
09154418259
09154417055
09154413424
09154409626
09154409054
09154408899
09154404022
09154403018
09154402601
09154400141
09154399836
09154399145
091543948
09154390430
0915439
09154389433
09154389070
09154384731
09154384703arnold
09154383281
09154379452
091543756
09154374731
09154369448
09154366893
09154366320
09154364882
09154362767
09154362510
09154360426
09154360
09154359165
09154359121
09154356548
09154356024
09154355760
09154352644
09154345949
09154345048
09154344789
09154344531
0915434286
09154334971
09154333295
091543306
0915433000
09154328684
09154327099
09154324578
0915432149
09154320272
09154319686
0915431653
0915431647
09154315
09154313152
09154311700
0915430886
09154307722
09154307551
0915430471
09154301672
09154300295
091543
091542991
09154293126masteralbert
091542875
091542680
09154261413
09154258845
09154258669
09154253672
091542515
09154251041
0915425
09154248323
0915424513
0915424018
09154239582
09154238984
09154238845
09154237549pasok
09154237549
09154237002
09154236020
0915423564
09154232335
09154231168
09154231059
09154230545j
09154230044
091542285673
091542268
09154225502
09154221226
09154220886
091542207877804530
09154215114
09154212976
0915421
091542088
091542078
0915420564
09154203519
09154202592
09154202325
09154201175
091542
0915419285
09154192695
091541924001
09154183334
09154181034
09154174848
09154170355
09154169390
0915416939
091541549
09154152909
09154150692
09154145734
09154144764
09154142935
0915414123
09154140358
09154133290
09154133220
09154131229
09154130833
091541275
09154126363
09154125869
09154125638
0915412248
09154118801
09154115431
09154114529
09154112181
09154109401
091541
09154098443
0915409609
0915409503
09154090054
09154086480
09154081889
09154081379
091540798
09154071439
091540689
09154068892
09154067097
09154065749
09154062463
09154057880
09154053208
09154053030
09154051750
09154050396
09154047160
09154046595
09154040616
09154039541
0915403766
09154037287
09154034159
09154033586
09154032363
09154030018
09154028
09154027845
09154027333
09154026994
09154026708
09154024575
09154024571
09154023441
09154018616
09154017399
09154015973
09154013883
0915401105
09154009826
09154009798
09154005091
0915400256921
09154001084
0915400
09153ams
09153998077
09153981794
0915397582
09153965175
0915396410
09153957150
09153951934
091539434
09153940476
09153927
09153921475
09153918904
091539122
09153908910
09153906462
09153906442
09153904098
09153903836
091539
091538jxee
09153890259
09153889991
09153887950
09153887161
091538857
09153883032
09153881511
091538774
09153876796
0915386asa
09153860153
09153858523
091538547
09153848605
0915384711
09153841910
0915384100802
09153840837
09153840114
09153838939
09153838916
091538387
09153834924
09153832940
09153830099
0915382854
09153823305
091538196
091538140
09153812515
09153812501
09153812355
09153812
091538106
09153809672
09153806722
091538027
0915380042
09153793627
09153786279
09153783303
09153777307
09153774260
09153773394
0915377098
09153767723
09153756351
09153754627
09153753475
0915374508
09153739
0915373203
0915373018
091537296211
09153728
09153727616
09153726528
09153726523
09153725693
0915372375
09153722974
091537226
09153719875
0915371869
09153715642
0915371354
09153708075
09153707135
091537068
09153703688
0915370188
091537015
09153700468
09153694511
09153693605
09153690673
09153686008
09153685725
09153679083
09153677466
09153677145
09153677
09153674174
09153669874
09153669750
09153661707
09153659374
09153659208
09153657209
091536445
0915364437
09153641305
09153638479
091536313
09153626268
09153623342
09153621879
09153615525
09153615365
09153608169
09153604428
091536036
09153601910
091536001
09153596596
09153593586
09153585855
0915358301
09153580807
091535651
09153564668
09153563637
09153556708
09153552878
09153551051
091535503
09153546045
091535390
09153537726
0915353458
09153532809
09153530939
09153529915
09153525105
0915351368
0915351348
091535131
09153510539
091535095
09153502771
09153493544
0915349288209192110087
09153488885
09153485644
0915347981
09153477494
09153477289
09153463769
09153459144
0915345914
09153451690
09153443184
0915343779
09153431003
09153426
09153419060
09153411020
09153407211
09153407149
09153404234
091534
0915339718
09153390383
09153389541
09153386
09153380636
09153379766
09153377720
091533760
091533672660929
09153366748
09153358558
09153355953
09153344908
09153344521
09153344163
09153330
09153327
091533263
09153323038@eR
09153322835
09153320659
09153318944
09153318451
09153317944
091533130
09153307710
09153306401
091533060
09153305072
0915330379
09153303262
09153298942
09153288499
091532874224158282
0915328676
09153278449
09153277249
0915327532
09153273841
0915327347
09153263921
09153260800
091532525
09153252453
09153247667
09153246256
09153246
09153237209
09153234642
09153231204
091532287
091532260
091532247
09153220486
09153220378
09153214792
09153213275
09153213274
09153210598prisca
091532037
09153202636
09153194875
09153193859
09153193023
09153190802
09153188197
09153187478
09153182207
09153180992
09153179326
09153179299
09153173935
09153171807
091531651020
091531629
09153161903
09153161179
0915316114
091531605
091531602
09153157094
09153156738
0915315427229
091531526
09153149543
09153147891
09153141701
0915314147
0915313744
09153136075
09153135688
09153133197
0915313159
09153128677
09153123
09153122647
09153122609
09153119933
09153119868
09153115790
09153103582
091531
091530esjd
09153099186
0915309736
09153095184
09153090379
09153089947
09153088507
09153088041
091530845
09153084
09153083031
09153082730
091530824
09153081321
09153080796
09153080519
091530795167
09153078850
09153076165
09153071863
09153069350
09153066820
09153065371
09153062760
09153061683
091530615
09153061148
09153060205
09153050417
09153047142
091530416
09153041528
09153036020
09153028269
09153023067
09153020917
09153020904
091530157
09153011205
09153009862
09153006978
0915300174
09153001274
091530011
09152999148
0915299875
09152993670
09152990926
09152990562
09152990531
0915299042
091529863
0915298
0915297864
091529782
0915297555
0915297467
09152972191
09152961790
0915296067
09152958546
09152956142
09152953704
0915295
09152947530
09152944371
09152940572
09152939379
0915293698
09152936938
0915293443
09152934304
09152930394
09152927458
09152926
09152925255
091529233
0915292314
09152922783
09152922372
09152919083
09152918166
09152917024
09152911934
09152911055
091529022
091528huggin009
09152896527
091528922
09152874
0915286757
09152860694
0915286
09152859210
0915284507
09152836141
09152825870
09152815608
09152814
09152812105
09152809422
091528088
09152807077
09152806458
09152804625
091527995
09152793453
09152788467
09152785487
09152781208
09152776660
091527616
0915276040
09152757951
09152757889
0915275734
09152754819
091527500
09152745168
09152742721
091527303
0915272740
091527254
091527002
0915269815
09152682192
09152675755
09152659521
0915265952
091526569
091526530
0915265136
0915264591
09152635650
09152634187
09152631443
091526308
091526264
091526223
091526168
09152613910
09152610830
09152596130
09152586922
09152586128
09152581773
09152577425
09152577179
091525742
09152571480
091525660
091525629
09152561078
09152560942
09152560527
091525605
09152558155
09152557446
091525561
091525549
091525548
09152554432
09152553002
09152548979
0915254893
0915254764141202031133
09152546202
09152542587
09152542235
09152537
09152535789
09152534
09152529
09152527768
091525273
09152527200
09152526
09152523
0915252
09152516957
09152516550
0915251416
09152511224
09152510884
09152509132
09152509050
09152507761
09152505519
09152502293
09152495439
09152494517
09152489392
09152489192
09152486215
09152480010
09152468893
0915245029
09152445866
09152445262
09152437081
0915243698
091524356
09152429
09152426690
091524155
09152409283
09152408434
091524078
09152404897
091523900
09152388414
09152386814
09152382828
09152377369
09152375533
09152369935
09152367870
09152362067
09152359803
091523575
09152356319
09152350581
09152350064
091523490
09152344668
09152344423
0915234331
09152339511
09152337950
09152336544
091523247
09152324055
09152323
09152321808
09152313470
09152310226
09152307579
09152303014
091522a
091522898
09152284165
09152281137
091522745
09152274242
091522534
091522489
09152248743
0915224639
0915224613
091522429
091522361
09152232137
09152229944
09152226130
09152226107
09152222539
09152221932
09152220524
09152219642
09152219
09152218808
091522188
09152218441
09152214864
09152214670
09152214452
09152214046
0915221141
09152204938
09152201691
09152200717
09152199846
09152195002
09152194664
091521900
09152189261
09152188633
09152188319
09152185179
09152182969
09152182560
09152181622
0915217680
09152175131
0915216367
09152158267
0915215602
09152155076
09152152448
09152150105
09152149923
09152147958
09152145649
091521450
0915214497
09152139850
09152139111
0915213701
09152136428
09152136308
09152136
09152135692
09152131269
091521282191
09152125344
09152124476
09152123806
09152123376
0915212144
09152121207
09152119370
0915211893
09152116872
09152116481
09152116352
09152114201
0915211123
09152108181
09152105
09152104211
09152102339
09152099324
09152097193
0915209248
09152091944
0915209152
09152091159
09152089008
09152086849
091520757
09152074763
09152074312
091520694
09152065852
09152065848
09152064761
09152064235
0915206
09152059804
091520579
09152052172
09152051524
09152051030
09152050943
09152046558
0915203983154
09152035725
0915203508085
091520346
09152030470
09152027916
09152022155
0915202124
091520196
0915201757
09152011522
091520105
09152010440
09152008115
09152007148
09152005b
09152005262
09152005
09152004025
09152001214
09152000
09152
0915199j
09151999
09151998
09151995q
0915199513
09151992y
09151990188
0915199011
09151985
0915198120
0915198015
09151977T
09151976
09151975
09151974184
09151969leyah
09151969
091519689
09151966
09151965vp
09151965
09151964
09151962105
09151960045
09151959599
09151957
091519239
09151919
09151914
091519115
09151903938
09151902
091519007
091518b
091518a
09151898830
091518936
091518858
09151871375
09151870090
09151866642
09151845677
09151836004
091518360
09151829
0915181991
09151819
091518136
091517810
091517766
0915177000
091517614
091517476
0915170670
0915170505
09151689
091516873
0915166366
091516611
09151639
091516354
091516251
091516124
09151596013
091515752
0915154682
091515319
09151526
0915152123
091515039
0915147129
091514628
0915145916
091514582
0915145236
091514440
091514410
0915142
091514142
091514113
091513914
091513577
0915135486
091513236
091513152
091512657
091512632
091512468
091512394
09151237422
0915122705
09151225
091512126
09151199883
09151183051
09151182502
09151179263
09151168685
0915115962
091511485
091511483
09151137198
09151135814
091511308181
09151130
09151124
09151122349
09151118591
09151117
09151109733
0915110899
09151070599
091510675
09151040260
09151029
09151027524
09151026725
0915102255
09150j
091509887
091509808
09150972
0915095722
091509438
091509293
09150919
0915091839bizarrre
091508partz
091508866
091508803
091508341
0915081991
091508179
09150813s
09150807
091507w
091507t
091507sm
091507573
091507570
091507515
0915073480
091507346
091507154
0915071311
091506cto
091506bc
0915067209
0915066173
0915065216
091506517
09150607
091505js
091505c
091505927
091505822
0915053123
0915053003
09150518
09150505
091504939
0915045444
09150454
0915045123
0915045
091504387
0915041617ayf
09150412
091503us
091503890
091503889
091503877
0915038689
091503850
091503773
0915036637
091503551
091503524
091503450
091503441
091503358
09150326
091503246
09150315
09150313
09150307lilokey
0915030303
091502610
0915025600
091502207
09150218
09150209
091501997
091501918
091501823
0915016505
091501544789
091501290
09150111
091501025
091500en
09150084265
0915004613
0915004
0915.valery
0915-7
0914v
0914tati
0914solangel
0914sm
0914sept
0914scooter
0914sam
0914rebelz
0914pink
0914parker
0914li
0914koa
0914kn
0914jf
0914jenni
0914gks
0914gee
0914eze3
0914eli
0914dell
0914deja
0914danny
0914cd
0914bratzja
0914bettinator
0914beach
0914alpano
0914akl
09149a
091499MM
0914999206
091499726
0914993
091499096
091498a
091498959
0914986021
091498600
091498536
0914981o
091497sp
091497ryan
091497827
091497731
091497651
091497553mike
091496bday
091496848
091496502
091496418
091496165
091496077
091496060
0914960245
091495m
091495800
091495774739
091495300
091495161
091495112094
091494l
091494daniela
091494a
091494878
091494872
091494843
091494317
091493g
091493b
0914937a
091493674
091493362
091493**
091492n
091492d
091492411
0914923
091491t
091491rs
091491m
091491ks
091491k
091491jj
091491c
091491a
091491714
091491602
091491244
091491225378
091491072
091491071879
091490threewishs
091490ck
091490ME
0914907995
091490713
0914904636
0914904122
09149009a
091490079
091489542
091489300
09148927
09148923
091489093
091489045
0914890338
091488s
091488ryan
091488caw
091488A
091488892
091488814
091488802
09148878er
091488778
091488140
091487j
091487S
09148787
09148727
091487033
091486822
091486407
0914862357951
0914860403carlos
091485ar
091485788
091485769823
091485647
0914854241
091485174
091484897
091484884
091484838
091484761
091484429
091484196
091484193
091483ma
091483861
091483591
091483434758
091483111703
0914830765001
091482r3
0914828660
091482364
091482346
091482245
091482127
091481snp
091481siriban
091481sep
09148169822n1
091481613
09148125
0914811989
091481184
091480s
0914809148
0914806336
091480332
091480097
0914798541
09147923215
091479202
091478mm
091478ch
091478971
0914785131
091478501
091478320
091478167
091478162
0914780887281602
091477798
091477682
0914776554
091477607
0914770
0914767078
09147658
0914760795
0914760178
091475809
09147540
091475259
091474KL
0914747191
0914744637
09147425
091473jbc
091473700
091473618
091473522
0914733233
0914732247R
0914732247
091473166
091473134
091472970
091472955
091472924
09147258
091472426
091472322
0914722
091472127
091471690
0914716
091471537
091471483
0914714704
091471375
091470tj
0914702345
091469865
091469825
0914694688
091469199
091469150
091469072
091468twor
091468913
091468703
091468522
0914683917
091467rk
091467848
0914677505
09146750
091467090
091466319
091465648
091465224
0914651054
091464924
0914648806
0914648744
091464746
09146450743
091464450
091464211
091464199
091464
091463778
091463614
091463223139
091463074
091462bh
091462214
091462189
091462076
091462035
091461804
0914617782*250879
091461754
091461514
091461121
091461089
091461
091460j
091460803
091460664
09146
091459pimp
091459508
091459311
0914593009
091459295
091459235
091459172
091459145
091459124
091458770
091458680
091457671
09145766
091457641
091457063
091457012
091456787
091456729
091456718
0914566450
091456369
091456258
0914562319
091456
091455863
0914558284
0914556875
091455684
091455586313
091455126
0914549
091454898
091454783
091454566
0914545223
091454428
091454249MARK
091454224
09145369
091453678
091453617
091453
091452723
0914524806
091452170
09145212
0914519822
091451964
0914517891
0914517211
0914515242
091451149
091451048
091451
091450989
0914507892
091450765
091450586
091450381
091450119
091450
09145
091449968
091449700
0914496618
091448v
091448900
0914488077
091448798
091448174
091448
0914478880
091447405
091447264
091447145
091447
091446489
091446
091445873
091445851
09144542996
091445227
091445128
0914450670
091444639
0914444146
091444188
091444157
091443348
091443064
091442830
091442732
0914426416
091442548
091442458
091442442
091442075
091442013
091442
0914418
091441734
09144172
091441534
091441335
09144130027
091441231
091441186
09144115912
091441110
0914410540
0914410524
091440901
091440733
0914404025
0914403506
091440182
0914400874
091440020
0914397997
091439677
0914394994
091439148
09143890396
0914388509
091437535
0914373224
091437281
091437
091436mb
091436989
0914366472
0914366356
0914363577
091436260
091436251
091435762
0914357165
09143562
0914352460
0914352
0914351231
091434545
09143442415
091434383
091434303
0914343007
0914341918
0914340709
0914340195
091433809
091433613
091433214
09143305945
09143269
0914326500
09143265
0914325910
0914324868
09143216
0914321068
091432
0914319042
09143175
09143137013
091431315
091431170
091431152
0914310
091431
091430977
0914309
09143086s
09143080204
0914306261609
091430625
091430608
091430415
091430076
091430046
091430
09143
091429767
091429648
0914294004
091429132
0914289731
091428378
0914283442
091428175
0914280944
0914280078
091427756
0914275614
0914270511
0914270134
091426959
091426889
09142630
091426210
09142618
091425989
0914258121
0914257017
091425518
09142536456
091425270
09142527
09142526
09142525
091425232
09142521
091425133
091425132
09142510228
0914250543
091424803
091424686
0914245wise
091424591
091424345
0914243444
0914243
09142426
091423hiro
091423dn
091423948
091423890
09142389
091423839
091423530
0914232160
091422990
0914226656
091422526
0914223489
0914222461
09142209
0914218846
091421838
091421730
09142151
091421382
0914213004
091420906
091420889
09142088
0914206265
0914206081
091420556261
09142046
091420310
0914201969
091420100
09142008
09142007andrei
09142006tinkerbell
09142004t
09141999
09141997
09141996p
09141995s
09141995c
09141995a
09141994M
09141993M
09141991a
09141991A
09141990t
09141990k
09141989a
09141988ki
09141988k
091419888
09141988061006g
09141986
09141985ej
09141980h
0914198
09141979b
09141978v
09141978b
09141972
09141971jq
09141970
09141969
09141967
09141966ndj
09141963
09141956
0914195332
091419464
091419400
0914193_yolima
091419352
09141928
0914192521
09141925
09141922081315
0914191665
0914191
091418919
09141868354
09141863771990
091418560
091418291
091417725
091417572
091417380
0914172630
091417243
0914172173
0914170059
09141656
091416556
09141624
09141623
09141608
091415825
091415813
0914156621
091415536
091415080
091415079
091414930
091414888
0914147
091414684
091414411
0914143
0914141988
0914141612
09141400
091413799
091413611
091413291
091413271
091413243
09141318
091412856
09141282amtm
09141282a
09141282
091412644
0914125569
091412533
09141224
09141212
091412114
091411802
09141169250
091411534
091411524
091411321
09141122
0914112
09141103
091410844
091410781
091410762
091410761
0914106708
0914106570
091410451
0914102117
0914100850
09141005
091410012
09141
091409883
091409387
09140919
09140914aa
0914090505
09140902
09140901
091408745
091408562
091408533
09140817
09140806
091407a
091407980
091407931
091407882
0914073
091407263ann
09140715
091406aj
091406986587
0914068341
0914068291
091406702
091406334
0914062619
091406231
091405958
0914057657
0914056957
091405671086
0914053492
09140529
091405283
091405187
0914051520
0914051146
0914050331
0914050054809
091404n
091404jab
091404fmy
091404553
091404396124
091404386
091403b
091403916
091403909
09140313
091403079
091403016
091402s
091402addison
091402A
0914028802
091402243
09140207
09140206
0914020497
091401ME
09140169
091401638
09140101
091400e
091400949
091400289
091400212
091400201
09140
0914-ste
0913zai
0913yaeji
0913st
0913sst
0913sean1305
0913sa
0913s
0913rene93
0913nc
0913mclyn
0913ma
0913lr
0913ley
0913ky
0913koichi
0913kike
0913keira
0913julio
0913jj
0913gniy
0913g
0913cr
0913boy
0913angie
0913aj
0913YIN
0913PR
0913PAMYOSCAR
0913CHERRYES
0913=love4ever
09139o
091399r
091399mt
091399637
091399376
0913992922005
091399204
091398053
091397keb
091397a
091397175
091397076
0913967396
091396626
091396510
091396340
091396071390042470
091395c
091395483
091395448
0913950737
0913950438
091394silver
091394901
0913943833
091393zaw
091393s
091393jlb
09139390
091393302
0913931518
091392ks
091392g
091392dancer
091392cc
09139236940
0913923451
091392167
091392106
091391vs
091391s
091391med
091391barn
0913916656
09139150
09139141200
091391160
091390s
091390rm
091390qwer
091390jh
091390aw
091390935
0913904444
091390311
0913900
09138t
091389virgo
091389cj
091389849
09138960
0913895
09138922
091389129
091388jg
091388c
091388bjl
0913887873
0913886339
091388618
09138841406
091388113
0913880913
091387r
091387a
091387@
0913877002
091387417
0913873730
0913871123
091386c
091386961
09138689088
0913867410
091386656
0913864802
09138628
09138619
091386096
0913860091
091385s
091385R
0913857116
091385121
0913850
091384r
091384RO
0913847893
091384755
0913847441
0913846753
0913846673
091384654
091384365
0913841617
091383z
091383sam
091383rp
091383adam
0913837143
091383635
0913834982
091383413
09138325
0913832236
091382jmb
0913827129
09138262048
091382529
091382470
091382299
091382206
091382083
091382060
091381jmc
09138145
091380aid
091380202
091380175
09138-
091379a
091379782
091379485
0913794186
091378835
091378718
091378524
091378277
091378096
091378016
091377KJ
0913779510
091377729
0913777059
091377667079
0913775363
0913774683
091377366
0913772559
09137724651
091376M
0913769989
091376985
09137666
091376652
09137654
09137645
091376400
0913762845
091376220
091376055499
091375760
091375684
0913755880
091375584620
0913746439
091374436
0913744343
0913740670
0913740635
091373828
0913735313
0913734208
0913732777
0913730132
0913730105
091372854
091372303
091372067
0913715171
0913714825
0913714334
0913712343
09137112
091370773
0913707502
091370742
0913706561
0913702671
0913702338
091370191
091370127
091370076
091370046
091369959
09136985
09136980
091369285
091368mjov
0913686364
091368
091367872
0913675957
091367549dew
091367528
0913671605
091366bh
091366795
0913667464
091366630
091366529
091366296
091366026
091365810
0913656757
091365667
0913646060
091364478
091363864
0913635425
091363487
091363319
0913633008
091363146
091363013
0913630
091363
0913629710
091362945
091362551
091362529
091362482
091362481
091362341
091362334
091362102
0913619613
0913619557
0913617750
091361565
0913614962
091361440
091361245
091360881
091360776
091360654
0913605622
091360466
091360237
09136
0913597784
091359409
091359225
091359089
091358731
091358177
091357kz
091357551
091357198
0913571006
091356879
0913564779
0913564090
091356313
091356311
091356
091355236
0913546879
0913546789
091354444
091354422
09135413479
091353700
091353380
091353335
091353325
091353287
091353230
091353
091352915
091352912
0913529103
091352846193750
0913528
091352439
091352188
091352
0913518036
0913513493
0913511473
091351093
091351061
091351
091350985
091350808
0913505081
0913501741
0913501731
091350067
091350
09135
091349836
091349614
091348582
09134856791342
0913485556
0913484826
091348182
091347911
0913474921
0913472856
091346