5..
090794p
09079497837
0907948377
09079481277
09079481030
09079470558
09079467453
09079464658
09079462116
090794522
09079449155
09079432925
090794192
090794089888330
09079403433
09079401918
090793kyj
090793558
0907932689
090793.
090792ta
090792s
090792nono
090792mine
090792c
090792993
090792935
09079272
090792618
090792371
0907923457
090792239
090792000
090791y
090791xx
090791v
090791sdb
090791dc
090791darren
090791983
090791135
0907911214
0907911
090791!
090790va
090790q
090790m
090790bri
090790657
09079058
090790569
09079008
09079002
090789tica
090789844
090789792
090789661
090789445
09078925
0907892
090788tc
090788kg
090788jhay
090788j
090788a
090788999
090788992
090788834
090788235
09078821
090788187
090788080
090788030
090787marv
090787ej
090787988com
090787919
09078785
090786sep
090786mg
090786ke
090786880
090786630
090786468
09078632155
09078622746
09078621
090785h
090785a
090785Lsu
09078597416
09078594016
09078589582
09078579636
09078573981
0907857077
09078569
090785656
09078554616
09078551683
09078551111
09078541942
0907854188
09078525325
09078521
09078519802
090785175
090785170386
09078505005
090784a
09078486217
09078485784
09078456123
09078442365
0907843938
090784359
090784310
09078427404
09078427157
090784146
09078371971
09078371273
09078368295
09078361242
09078355663
0907834316
0907832898
09078316260
0907830278
09078301
090782srj
090782851
090782786
09078271458
09078255199
09078251800
09078241160
09078234341
09078232513
09078227092
09078211098
09078189349
0907818917
0907818857
09078182709
090781803
090781723
09078168711
09078163557
09078158688
0907814624
09078145848
09078143239
09078136074
090781338
09078132994
09078129144
090781090781
09078109
0907810
0907809678
0907809244
09078090351
09078090
09078068905
09078067852
09078065382
09078062102
090780576
09078053095
09078052
09078045778
09078042681
09078042499
09078040469
09078037466
09078033696
09078021496
090780158
09078007017
09078001875
090779944
09077987674
09077981167
090779806
0907798
090779691
09077968424
09077964
09077962876
09077959590
09077948764
090779459
09077941
090779386
0907792645
090779263
09077925179
09077923076
09077922922
090779200
0907791858
09077915990
090779139
090779113
09077899955
09077897873
09077895976
09077894978
09077894488
0907789202
09077890684
09077889106
090778880
09077878633
09077870123
0907786925
09077865014
09077863250
09077862025
090778610
09077843562
09077842563
09077838440
090778330
09077828642
090778245
09077811016
09077803279
09077802446
0907780124
0907779709
090777804043
09077779685
090777744
0907776798
090777660
0907776494
0907776315
09077742729
09077735255
09077730493
09077718348
09077714978
0907770557
09077704914
09077704298
090777042
09077703605
09077703284
0907769477
09077691001
09077682556
09077679512
09077677348
09077676438
09077673917
0907765054
09077638571
090776370
09077626567
09077619584
09077614643
09077610174
0907761
09077607835
09077605839
09077598964
09077592451
09077590618
090775860
09077583432
0907757846
090775768123
09077563060
09077560800
09077560314
09077560168
090775601
0907756
09077556961
09077556534
09077555761
090775545
09077554217
0907755
09077537097
09077532707
09077527628
09077527614
0907752441
09077519277
0907751510
09077513
090775121
090774mj
090774k
09077497912
090774901
09077484851
09077469257
09077469236
09077465027
0907745963
09077453722
09077453659
09077447854
09077447131
090774276
09077422606
09077419378
09077417769
09077411619
0907741
09077399231
09077399204
09077388298
09077384232
090773807
09077379461
09077378412
09077368887
09077367625
09077358364
0907733
09077321ll
09077321
09077315305
09077309540
09077309453
09077304434
09077298715
090772985
0907729560
09077291352
0907728032
0907728
0907727788
09077277594
09077271933
09077266843
09077266462
09077262136
09077257222
09077244462
09077243224
09077234663
09077223057
09077217660
09077216881
09077210186
09077207058
09077197544
0907719734
09077176196
09077176053
09077175
09077171722
09077166080
09077165160
09077158278
09077153958
09077141994
09077138836
09077135710
09077134725
0907713016
09077114361
0907711
09077094114
09077094100
09077093378
09077076337
09077073082
09077068700
09077063789
090770623
0907706052
09077056892
09077054416
09077050361
090770494
09077034638
09077030896
09077030704
09077025478
09077015572
0907700421
09077001232
09077
090769948
0907698500
09076939941
090769370
090768824
0907685486
0907685109076851
090768505
090768081
09076799289
09076795666
09076791219
09076790036
09076783944
09076783395
09076777078
090767652
09076763977
09076761952
09076757581
09076746482
09076746102
09076736483
09076733074
09076721305
09076718225
09076715217
09076714478
09076711375
09076707879
09076706037
09076703054
09076697744
09076686815
09076684020
09076682291
09076649249
0907664350
0907663976
09076632778
09076629451
0907662041445398
090766204
09076618061
090766172
09076603686
09076601529cute
09076601529CUTE
09076600938
090765985
09076598213
09076595221
0907658855
09076582092
09076581136
09076580678
09076580632
090765739
09076568235_chx
09076560120
09076559651
09076548867
09076546094
090765432
09076528126
09076527993
09076527771
09076527275
0907652334
09076521156
09076521106
09076518090
09076515005
09076505
09076501
090764jp
090764harry
09076499033
09076462852
09076448507
0907644235
09076416773
09076416601
09076412236
090764099231234
09076408136
09076400296
090763999
09076394500
09076385307
09076341340
090763380
090763261
09076324339
09076320229
090762s
09076299797
09076281885
0907627692
09076276231
0907627143
09076271
09076266092
09076266015
09076261250
09076258265
09076254396
090762297
09076224322
09076220054
09076207461
09076204913
09076193159
0907618782
0907618
09076173024
09076134771
09076121087
09076116510
090761064
090761
09076096090
09076092970
090760833
09076079191
09076068103
09076024107
090760228
09076016740
0907601266
09076001808
09075943581
09075942240
09075941682
09075933052
09075927796
09075908087
090758755
0907587
09075865634
09075855753
09075837683
09075837401
09075826386
09075826213
09075817345
09075802301
090758
09075794690
0907578212
09075781359
09075780117
090757800
0907577819
09075777413
09075775519
09075767110
09075764949
09075762045
09075755210
09075749980
09075744035
09075740069
09075739134
09075728541
09075719598
09075697416
09075690649
090756893
09075684044
09075680144
09075675871
09075672164
09075664937
090756587
09075657
090756549
09075653538
09075653323
09075651983
09075651850
09075647924
09075647482
09075634969
09075620612
0907561432
0907561397
09075612226
09075611614
09075606204
090756
0907559493
09075590173
09075590066
09075582652
09075573
0907556932
09075566924
090755635
09075550927
090755432
090755389
09075538
090755322
090755308
09075527298
09075525735
09075524064
09075520457
09075519106
09075514004
090755
09075491602
09075480951
09075480747
09075478968
09075467258
09075449381
09075438793
09075434243
09075433959
09075432023
09075424507
0907541597
09075410842
09075407544
09075403121
09075399934
09075392812
09075388612
09075380399
0907536326
09075337001
09075336190
09075333850klea
09075332689
090753324
0907532422
09075323862
090753187
09075317316
09075316637
090753
09075297089
09075297
09075294490
090752938
09075290250
09075281593
090752701
09075265025
09075261368
09075257008
09075256860
09075249281
09075245450
09075232405
09075232072
09075227696
09075219924
09075213448
0907520066
090751990j
09075190101
09075187728
0907518595
09075184556
090751825
09075176425555
0907517341
090751713
09075166387
090751652220
09075162225
09075154559
09075153667
09075152176
090751402
09075138203
09075135298
09075133375
09075130337
09075126593
090751259
09075109201
09075109101
09075103297
09075102083
0907510
09075091230
09075082127
09075075445
090750686
09075062731
09075059627
09075054159
09075053569
090750427
090750218
09075019095
09075015942
09075010826
09075010091
09075002467
0907499583
09074992824
09074973212
0907496045
09074954421
09074949682
09074948367
0907494514
09074941949
090749405
090749315
09074926221
09074925562
0907492458
090749215
09074916910
09074915105
09074914079
090749078
09074906839
09074906515
09074898062
09074896972
09074896951
09074894579
090748934
09074872298
09074864305
09074849647
09074845535
09074835688
09074831502
09074817397
09074815865
0907481113
09074809958
09074804170
090748
09074796508
09074790071
09074730044
09074721686
090747161
090747160
09074715304
09074705110
090747049
09074703526
090747
0907468899
09074687394
09074675360
09074648063
09074646974
09074645399
0907464
09074635702
09074635250
09074635173
09074634283
09074631867
09074630815
09074627561
090746246
09074622926
090745sa
09074593313
09074592146
09074582193
0907458122
09074580756
09074580547
09074573220
09074570752
09074565044
09074564146
0907456123
09074556020
09074555698
09074554734
09074554058
0907454454
09074542280
09074537597
09074535898
09074529965
09074529720
09074523871
09074518722
090745175
09074505456
09074503316
09074502559
09074498947
09074498455
09074497126
09074496890
090744945
090744900
09074483417
09074481025
09074473674
09074468825
09074464700
09074461111
090744527
090744450
09074422120
09074422062
090744192
09074410403
09074405019
09074402041
09074391223
09074382003
09074372572
09074360601
09074359669
09074357540
090743560
09074348807
09074344353
09074324965
090743176
09074305466
09074304708
09074303731
09074302774
09074288185
09074287922
09074286441
090742743
09074260722
09074257357
09074254060
09074250250
09074231
09074229778
09074219805
09074217715
09074215726
09074210108
09074207
090742040
0907420
0907419357
09074193510
09074191453
09074180230
09074177057
09074168939
09074156670
09074142029
0907413890
09074138050
09074137377
09074132002
0907412868
09074125257
09074123780
090741180
090741
09074097157
09074087318
09074086314
09074082160
09074080089
09074078292
09074066957
090740624
09074061489
09074052578
09074051152
09074050902
09074050388
090740287
09074026225
090740149
09074011264
0907401076
09074009476
09074002626
09073997896
09073994247
0907399066
09073990101
090739881
09073986334
09073978910
090739748
090739683
09073963626
09073953745
09073944335
09073940986
090739399
09073931421
09073926482
09073926380
09073923502
09073913889
09073912089
0907391118
09073910157
09073901728
09073890721
09073888497
09073885274
09073883570
09073881061
09073867740
09073866057
09073862796
09073862065
090738574
09073835
09073827801
09073816565
0907381538
09073814256
09073813624
090738071
09073800539
090738
09073795471
09073794801
09073782484
09073781915
090737777
09073768769
09073747883
09073747707
09073747
09073744460
09073742065
09073728268
09073705133
09073703575
090737
09073698104
09073695604
09073694368
09073694274
0907368013638
09073672988
09073662080
09073652275
09073642721
09073639597
09073638018
09073637535
0907363187
090736236
09073616685
09073616565
09073616550
09073615774
090736152208
09073611148
090736056
090736035
090735660
090735
090734984
0907346549
0907344717
09073446775
090734315
090734211
09073382202
090733432
0907333
09073326506
090733194
09073313459
09073304811chin
09073304524
09073289453
090732859
09073283669
09073278717
09073276403
09073271837
09073266805
09073264801
090732648
090732589
09073249448
09073243862
0907323991
09073234820
090732305
090732
09073197658
09073184573
09073178385
09073176751
09073174340
09073170717
09073170510
09073166753
09073166661
09073165730
09073165679
09073160562
09073151828
09073151009
09073135363
0907313300
09073131529
09073127493
090731215
09073119614
09073119356
09073108
0907309999
09073095981
09073071176
0907306768
09073064755
09073062522
09073055092
09073053536
09073051971
09073046090
09073031504
09073021618
09073020757
09073009366
09073007204
090730035
09072k7
09072984285
090729780
09072968711
09072964616
09072960
0907294907
090729489
09072944881
09072941659
09072938211
09072935386
09072931361
09072920091
09072918910
09072916200
09072916151
09072914433
0907289984
09072883649
09072883035
09072881634
090728805
090728712
09072869096
090728588
09072854748
09072846690
09072838502
09072834893
090728309
09072829896
09072828
09072825806
09072825283
09072824071
09072822551
09072822481
09072808382
09072806296
09072806
09072804118
090727974
09072794145
09072790424
090727889
090727876
09072787487
09072780106
09072776098
09072772353
09072770916
09072741528
09072735977
09072733239
09072724
09072717325
09072716831
09072711487
09072699394
09072674672
09072673593
09072668659
090726674
0907266
09072647730
09072646660
09072632878
09072631
090726209
09072620035
0907262
09072619935
090726083
09072605
09072601202
09072601189
0907259809
09072595687
09072586906
0907257703
09072572679
09072571624
09072566421
090725585
09072558462
09072550808
09072550603
09072550
09072549
09072548
09072546
09072545
09072538243
09072537
09072533065
0907252803102532
090725274020715
090725234
09072519
09072518
09072516
09072508393
09072508
09072503014
09072498206
09072492976
09072492006
09072490859
090724817
0907247138
09072470730
0907246879
090724665
09072459
09072435571
09072431897
09072431
090724260
09072414
09072405pbd
09072404933
0907238313
09072379436
09072370018
0907236766
09072367327
09072366949
09072366410
09072365032
09072362391
09072361879
09072360511
09072357496
09072356697
0907235030395
0907235
09072345395
09072342082
09072339557
09072339537
0907233655
09072330290
09072318971
090723173tay
09072306255
09072305
09072304
090723010
09072299045
09072287536
09072287158
09072281553
09072279390
09072275996
090722748
09072273690
09072272494
09072271570
09072270288
09072268176
09072263908
09072263174
09072254381
09072247029
09072243839
09072235993
090722354
09072227479
09072225973
09072223623
09072222959
09072222793
090722122
090722090
09072204800
09072204383
09072203929
09072195451
09072187465
09072184756
09072183769
09072182735
09072166933
09072158986
09072158442
09072155525
090721546
09072145224
090721384
09072119289
090721182
09072110995
090720960
090720953
09072092917
09072088951
09072087754
09072085518
09072083075
09072079575
09072079296
09072066336
09072064865
09072064580
09072064545
09072062081
09072054918
09072048953
09072035398
09072033333
0907202826
09072026838
09072022015
09072014475
09072008560
090720075
09072007417
09072005nn
09072005a
09072003595
09072002tt
090720010980
09072001
09072000wedding
09071994k
09071994dd
09071994b
09071994343tyfn
09071992eve
09071992antonia
09071990P
090719897
09071988bitch
09071988Xavi
09071988??++
09071987s
09071986cz
090719869
090719855
09071983788231
09071982m
090719805
0907198
09071975r
09071974
09071970
09071969
0907196817
09071968
09071964
09071963e
09071962
09071960
09071958
09071957
09071953
09071952
0907194678
09071930
090719166
09071902583
090718796
090718500
0907185
09071821
09071796562355555
090717748766
090717602
09071756400
09071729334
090717273
09071726587
090717142
09071712
09071708556
09071697630
09071683390
09071668083
09071656815
09071652406
090716511
09071643503
0907163825
09071636720
09071628
09071626
09071621
09071597900
09071597088
09071596824
09071595425
090715944
090715610
090715595
09071523
090715200315
090715119
090715105
09071491635
09071490502
09071483625473
09071478313
09071476695
09071470986
090714492
0907143
09071425
09071412
0907140693
09071406
09071403638
09071378043
09071374498
09071368522
09071365989
090713440
09071324501
09071322717
090713211
09071305490
090713
090712n
09071294714
0907128952
09071284726
090712642
090712507
0907125
09071233779
09071233
0907123
09071220231
0907122
09071217180
09071210
09071208495
09071207703
09071207064
09071200990
09071177533
09071176406
09071170236
09071161091
09071150086
09071129402
090711261
0907112477
09071123250
0907111340
09071101008
09071100108
090710949
09071092
09071081322
090710716
09071043547
09071032723
09071027187
09071027
09071025831
09071019140
09071015
0907101282
09071012286
090710102
0907100588
09071002030
09071
0907095142
0907094266
090709306
090709290
09070926A
090709208
09070915
090708juan
090708836
0907083
0907081020
090708007
090707j
090707814
090707582
090707545
090707377
090707072
09070703
0907070
090706tabs
090706myemmy
090706m
090706l
090706jc
090706i
090706alan
090706YASH
090706L
090706270
09070622
090706203
090706121990
090706051
090705g
090705Sirus
090705933
090705851
090705812
090705575
09070504
090705+brisa
090704bea
090704880
090704825
090704728
0907045240
0907041760
0907041512517
090704116
090704101505
09070406
09070405
0907037836
090703477
09070314
09070312
09070305
090702wd
090702r
090702h
090702797
090702725
090702634
0907021258
0907021
09070208197
090702025
090701aa
090701DM
090701724
09070110
09070103
090700mc
090700989
09070097lalis
090700707
0907004
090700050901
0907.demayo
0907.1980
0907
0906va
0906ts
0906tg
0906tds
0906sw63
0906sept
0906scott
0906sapphi
0906rw
0906rra
0906rr
0906pre
0906pdgn419926
0906omary
0906miro
0906mira
0906mimh
0906me
0906mas
0906mafecita
0906madalina
0906lila
0906lb
0906lan1805gvs
0906jhernandez
0906jeni
0906iyal
0906ivonne
0906inge
0906hyy
0906hj
0906glen
0906gg
0906fbhh
0906evelyn
0906ericfalletta
0906dt
0906demi23111984
0906clara
0906cg
0906cesar
0906bsvpp
0906boys
0906bc
0906anita
0906amor
0906ambott
0906adri
0906Tyler
0906RC
0906Phy
0906MARY
0906Cody
090699tg
090699lys
090699974
090699654
090699584
0906992
09069910721
0906991
090698993281421
0906988
0906985
0906984
0906983365069
0906983
090697m
090697k
0906979615
09069789220
09069783802
0906976971
090697690
090697591
090697588
09069756771
09069756430
09069751244
09069746465
09069734203
090697315
09069729748
09069725
0906972
0906971928
0906971382
09069707257
09069705387
090696lb
09069699180
09069697885
09069690313
09069688112
0906968351
09069681512
09069673996
09069669531
09069662145
090696614747
09069658640
09069655637
09069642654
09069633558
09069632499
09069631448
09069617560
0906961272
0906961
0906960621
09069603692
09069603583
09069600556
090695m
09069597486
09069585408
090695731
09069571968
09069571559
0906957
09069552401
09069552137
09069546806
09069543347
09069541538
09069541058
090695400
09069538726
0906953872
0906953587
09069529230
09069527796
09069527239
090695169054
09069516905
090695136
09069502664
090694marcia
090694l
090694d
090694D
09069499226
09069497993
09069491761
09069486568
09069481208
09069472727
09069460
09069457266
09069450219
090694477
09069445674
0906944
09069437462
09069429510
09069427586
09069426063
09069425269
09069422496
090694181035698
090694181035
09069414277
090694098
09069402989
09069400443
090693heny
09069399490
090693928
0906937981
090693703
0906936854
09069367328
09069361749
09069352468
09069347517
09069341513
09069335753
09069331004
09069328809
09069325230
09069324125
090693236
09069313
090693122
09069311649
09069305792
09069303504
090692k
090692j
090692e
090692chanel
09069292170
09069291486
0906929092
090692909
0906928804
09069284386
09069283532
09069280589
090692706210
0906927062
09069263710
0906924u
09069249923
09069248
09069246193
09069243899
09069238515
09069235689
09069235505
09069234882
09069229941
09069229192
090692263
090692239090692239
09069219
090692167
0906921483
090691r
090691l
090691kv
090691j
09069199680
09069195330
09069194465
09069189384
09069184253
09069183011
09069177310
09069176210
09069169920
09069169576
0906916920
09069167704
0906916442
09069157692
09069153555
0906915355
090691509
090691415
090691341
09069127587
09069117817
09069116115
09069116
09069110658
090691*
090690whit
090690p
090690lms
090690g
090690cp
090690J
09069097364
09069088044
09069086030
09069084955
0906907939
090690543
09069053255
09069048936
09069042631
090690364
090690359
0906903531
090690280
090690242
09069011
090690090690
09069008503
0906900620
09069002202
09069000
09069
090689j
090689S
090689H
090689995465874
09068999546
0906898966
090689876
0906898471
090689830
09068975117
09068970964
09068967482
09068959580
09068956041
09068950
09068945
09068936
09068931
0906892728
09068919
09068906162
090688ncp
090688ms
090688h
090688dsg
090688a
09068896259
09068895055
09068890830
0906889
090688884
09068884173123
09068883503
090688798
0906887430
09068866553
09068857155
09068855865
09068852058
09068848313
090688459
09068844069
090688348
09068834203
09068832010
09068817798
09068810489
09068803275
0906880208
09068801080
090687tuhoe*
090687j
090687a
09068794313
09068787806
09068784698
09068783233
09068780541
09068777615
09068776822
09068753434
09068752184
09068752123
09068751846
09068748877
0906874074012
09068740417
09068738203
09068725308
090687252
09068724221
09068721131
09068716040
09068716039
09068710644
090687042
0906870191
09068701675
0906870
090686cerc
09068697116
090686969
090686961
09068694951
090686909
090686821
09068678541
09068671433
090686670
09068664798
090686639
090686335123
0906863292
09068631505
09068630843
09068628004
09068625380
09068625355
09068589729
09068588515
090685770
090685672390
09068565183
0906855540
09068548618
0906854
090685364021023
09068533219
09068530445
09068527979
0906852345
09068514160
09068512241
09068508516
090684sy
09068498
09068495080
09068494138
09068493912
0906849336
09068491962
09068491118
09068488721
09068486995
09068486525
09068474350
090684722
09068457856
09068449475
09068449428
0906843893
09068423135
09068416647
090684125
09068412
09068411168
09068410450
09068408438
09068406979
09068404532
090683b
09068380983
09068376352
090683627
09068362151
09068359978
09068348752
09068347858
090683458
09068344103
09068333123
0906833312
09068331224
090683242
09068315179
09068313957
09068312995
09068312242011
09068304207
09068303852
09068303008
090683030008
09068301700
09068288060
09068288010
09068283903
09068270307
09068264
09068261109
090682564347609213276378
09068256174
09068255074
090682542
090682316
09068217010
09068216201
090682140
09068201183
090681chiqui
09068194917
09068183358
09068180953
09068177030
09068176142
0906816400
090681609
0906815isis
09068128363
090681282
09068118566
09068117833
09068102890
09068090389
09068088386
09068084712
09068084135
09068073764
09068073173
09068069701
09068060601
090680536
0906805115
09068050682
09068046
09068044038
090680434
09068042133
0906804
09068035214
09068024128
09068021446
09068017824
09068017298
09068007941
09068004612
09068001515
09067993824
09067988141
09067987611
0906798761
0906798742
09067978133
09067977374
09067974976
09067974656
09067952610
09067939339
0906791
090678k
09067882
09067881448
09067879057
09067878585
0906787855
09067869460
090678677
090678417
090678304
09067828404
09067822346
09067821353
090678201
09067818786
09067812519
09067808219
09067802156
09067801969
0906780
0906779667
09067791644
09067782154
09067781548
090677806
09067778058
09067772692
09067770664
09067763
090677594
090677552
09067753124
090677504
09067743730
09067743622
09067737509
09067731036
0906771664715143
09067712911
09067712308
0906770684
0906770228
090676vvv
090676ct
09067699495
09067698
09067688216
09067687376
09067686487
09067676858
090676746
09067663368
0906766220
09067656046
09067654
09067652663
0906764188
09067639731
09067611750
09067611156
0906761061
09067610456
09067610025
090676090676090676
09067603674
0906759
090675865
09067582736
09067575587
09067563372
09067560092
0906755417
09067540008
09067534717
09067534429
0906752462
09067518843
09067515105
09067510270
09067502439
09067501097
09067499294
09067496177
090674897
09067489272
09067487516
09067482507
0906748
090674795
09067471971
09067468737
090674521
09067451808
09067448503
090674469
09067445908
09067443825
09067431
090674195
09067418121
09067418039
090674054
09067399827
090673997555
0906738
09067374759
09067367655
090673672
09067364654
09067364164
09067360809
09067341126
09067335678
09067332110
09067326393
09067324504
09067322122
0906731940
09067318959
0906731
09067303674
09067299908
09067299703
09067283405
09067279218
090672790
09067274402
09067272405
090672693
0906726229
09067261606
09067261101
09067260010
09067257270
09067237796
090672333
09067230331
09067221335
09067217973
09067212407
09067202058
09067200
09067183763
09067174065
09067173787
0906716666
09067152423
09067151084
0906715078
09067143947
09067139779
09067135567
09067132768
090671156
0906711
09067109
09067099818
09067094001
09067085147
090670799
09067076817
09067075813
09067072062
09067058164
09067043433
09067035838
09067030439
09067020471
09067006616
09067001180
09067
090669p
09066997630
09066987851
09066987333
090669873
09066985919
0906698269
09066973307
09066973271
0906696952
09066966794
09066964269
0906695863.
09066940907
09066939751
09066932815
09066927679
09066909521
09066907107
09066906599
09066902016
09066902003
09066897792
0906687177
09066870218
09066870217
09066862542
09066855555545150
09066851488
09066849507
09066835243
0906683
0906682
09066816307
09066804917
09066786835
0906678413
09066783498io
09066779749
09066771649
090667652181990
09066764303
09066749923
09066745730
090667379
09066737049
09066735909
09066732120
09066729867
09066728143
09066722185
0906672218
09066713232
09066710927
09066710
090667026
090667004
0906670
090666j
09066692348
09066688143
09066680442
0906667221
0906667099
09066670909
09066669754
09066666185
09066665493
090666598
09066659352
09066656583
09066654326
09066648991
090666463
090666429
090666381
0906663006
0906663
09066618863
0906660798
090666069