13150642
09213150060
09213149725
09213148807
09213145514
09213142741
092131419744501256
09213137728
09213137173
09213137109
09213136728
09213134254
09213132583
09213130187
09213130
09213128218
09213121620
09213121210
09213119716
09213118949
0921311652
09213115651
09213115576
09213112523
09213111900
092131042613
09213103104
09213103073
09213102101
09213102057
09213101616
09213100210
09213100205
09213099071
09213098716
09213097979
092130974
09213097345
09213096983
092130960
09213095734
09213094591
092130935
09213092159
09213090559
09213088362
09213088006
09213087756
09213085604
0921308482
09213084779
09213081978
09213078651
09213078524
09213075651
09213075488
09213071684
09213070442
09213067675]
09213067338yrl
09213062798
09213060629
09213060192
09213059898
09213059001
09213058331
09213056564
09213052626
09213050245
0921305024
092130489
09213047844
09213045512
09213040
09213037960
09213036575
09213036505
09213036202
092130359900
09213035990
09213035720
09213035581
09213034947
09213033971
09213033335
09213032623
09213032071
09213031657
09213030845
09213029881
09213025971
09213025875
09213025658
09213022013
092130213
09213020333
09213020181
0921302006
09213018750
09213017510
09213014188
0921301263
09213011868
0921301087
09213007994
09213006519
09213005681
09213004664
09213004021
09213003808
09213003699
09213003139
09213003040
09213002445
0921300213
09213002080
09213001814
09213001794
09213001489
0921300123060703
09213
09212wa
09212997478
09212997117
09212996197
09212996003
09212993862
09212993051
09212990
09212987485
09212984752
09212984037
09212983529
09212981642
09212977419
09212975491
09212975148
09212973635
09212970908
09212970865
09212969902
09212969101
0921296811
09212966924
09212965926
09212965156
09212964431
09212960991
09212959839
09212959183
09212957378
09212955040
09212955006
09212955
09212954056
09212952815
09212950528
09212950004
0921294993
09212947398
0921294556
0921294159209102744244
09212941003
09212939489
09212938621
09212936661
09212936191
09212936
09212934822
09212933441
09212931968
092129311
09212929234
09212927149
09212927127
09212924
09212923021
09212922877
0921292181
09212921119
092129203441
09212919195
09212918500
09212918256
09212918182
09212916513
09212916440
09212915937
09212915281hanhyejin
0921291511
09212914574
09212913216
09212911944
09212911322
092129101
09212910041
09212909212
09212909195
0921290588
09212903745dodoy
09212903323
09212903153
09212902635
09212902547
092129018popor
0921290138
09212900933
09212900644
092129
09212898236
09212897874
09212894733
09212893770
09212892077
092128905
09212890385
09212889726
09212889024
09212888120
09212887370
09212887360
09212887089
09212886742
09212883535
09212883432
092128830
09212881556
09212880007
0921287993
09212879669
09212878702
0921287660
09212873466
09212871642
09212870181
0921287
09212869927
092128679525232008
09212867834
09212867158
09212867029
0921286560
09212863451
09212862294
09212862139
09212862115
09212862
09212861908
0921286157
09212859029
09212858908
09212858292
09212857589
09212855896
09212855165
0921285516
09212854576
09212853791
09212851063
09212850833
09212850619
09212850213
09212849926
09212848561
09212847615
09212847584
09212846528
09212842260
09212841970
0921283982
09212838188
09212835518
09212834334
09212832868
09212832299
09212831569
09212828603
09212828371
09212826965
09212822258
09212821224213
09212820749
09212820701
09212820074
0921281991546
09212817221
09212817197
09212816722
09212816191
09212816135
09212815784
09212814991
09212814359
09212813720
0921281372
09212812354
09212811563
09212811366
09212811340
09212810075
09212809423
09212809264
09212807937
09212807719
09212807482
09212806917
0921280664
09212805882
0921280511
0921280334
09212802512
09212802240
09212799504
09212798150
09212797348
09212796917
09212796611
09212795183
09212794827
09212793623
09212793290
09212790795
09212789561
09212789068
09212786206
09212785886
092127833
092127831
09212781501
0921278103
09212780734
09212780046
09212779713
09212779418
09212778042
09212773267
09212773123
09212772901
09212772506
09212772187
09212771960
09212771902
09212771712
09212771484
09212771430
09212768615
09212767667
09212766811
09212766740
09212766523
09212765914
09212765386
09212765036
09212764727
09212764343
09212761196
0921276
092127588510
092127586
092127578
09212757363
09212755402
09212753401
09212751163
09212750374
09212750012
09212745358
09212744864
09212744649
09212743663
09212743652
0921274136
09212740254
09212739947
0921273903
092127386579
092127386
09212737734
0921273634
09212734886
09212731361
09212731
09212728
0921272743
09212727284conanandcedric
09212724257
09212721295
09212721236
09212720690
0921272
09212719926
09212718918
09212717920
09212717537
09212716556
09212714108
0921271230718
09212712012
09212711915
09212711820
09212711332
09212710249
09212709846
09212709711
09212708977
09212707804
0921270709
09212706965
09212704399
09212702262
0921270054
09212699323
09212699128
09212699059
09212697491
09212697120
09212695988
09212695455
092126953
0921269478
09212692803
0921269069425891251994
09212688974
09212688716
09212685813
09212685683
09212684263
09212683520
0921268339
09212682080
09212681169
09212679606
0921267860
09212678335
09212675794
09212675397
09212675056
09212674022
0921267223
09212672155
092126685
09212668216
09212668048
0921266723
09212667196
09212663019
0921266301
09212662516
09212662202
09212662162
09212661433
09212661268
09212660907
09212659308
092126593015
09212656587
0921265612109108210479
09212655313
09212655108
09212652609
09212652166
09212651285
09212650834
09212650279
09212650079
09212649901
09212648068
09212646922
09212646573
0921264568
09212645102
09212641000
09212640575
09212640421
09212639037
09212637628
09212637570
09212637415
09212636706
09212636153
0921263593
09212635851
09212635091
09212634529
09212633576
09212633011
09212631981
09212630921
09212630228
092126297
092126266
0921262636
09212626177
09212626010
09212623395
09212623133
09212622492
09212622163
09212621934
09212621321
09212620946
09212620781
09212620749
09212619983
0921261978
09212614641
09212614382
09212613921
09212610545
0921261054
092126102
09212609678
09212609217
092126088
09212608122
09212605251
092126048039
09212604663
09212604618
09212601969
09212601627
09212600107
09212599767
09212599579
0921259932
09212599302
09212598322
09212596
09212595168
09212594330
09212593933
09212592930
09212592540
09212589077
09212588187
09212588172
09212587188
09212586049
09212583368
0921258336
09212582343
09212581931
092125811
09212580516
09212580323
0921257975
0921257718
09212577139
09212576795
0921257533
0921257512
09212575
09212574886
09212574535
09212571826
0921256937
09212569348
09212567676
09212566937
09212566142
09212565782
09212565609
09212565018
09212564276
09212563683
0921256193
09212561233
09212560735
09212558653
09212558059
09212554036
09212553783
09212551115
09212550907
09212550136
09212549676
09212549618
092125496
09212549435
0921254816
09212546450
09212546187
09212545011
09212544902
09212544246
09212543166
09212542775
09212542588
09212542320
09212542132
09212542097
09212540734
09212538872
09212535617
09212535369
09212535323
09212534308
0921253430
09212533479
092125327
09212531996
09212529683
09212529321
0921252862
09212527
092125261
09212525
0921252346
09212523345
09212521651
09212521332
09212521
09212519848
09212518654
09212518577
09212517980
09212517187
09212514421
09212514252
09212514108
09212513669
09212513446
09212513361
09212513317
09212513031
0921251282
09212512615
09212512309
09212512197
09212509819
092125092
0921250859
092125084
09212506637
0921250542
09212505189
09212505049
09212500494
0921250
09212499147
09212497479
09212497034
09212496665
09212495396
09212494580
09212493584
092124912
09212490836
09212489751
09212488550
09212488546
09212484mar
09212483007
09212482129DARKSHADOW
09212480950
09212479333
09212479215
09212478144
09212477562
09212475867
09212475318
09212472813
09212472256
09212471798
09212471740
09212470769
09212470206
09212466844
09212462347
0921246234
09212460172
0921245780
09212456535
09212456198
09212455700
092124553
0921245490
09212453718
09212453376
09212453102
09212452988
09212452622
092124505610
09212450355
09212450260
09212448
09212447968
092124470
09212446382
09212445549
09212445381
09212443238
0921244321
09212442763
09212442189
0921244113
09212440991
092124399010
09212439404
09212439073
0921243759
09212437532
09212437318
0921243590
09212435433
09212435380
09212435215
09212433827
09212433629
09212433162123
09212433121
09212433028
09212432184
0921243093
09212430140
09212427762
09212426999
09212426727
09212424659
09212424656
09212424380
09212423583
09212423409
09212422
09212421180
09212420779
09212420590
09212420101
09212418853
092124185
09212416720
09212415886
09212412778
09212412735
09212410106
09212409287
09212408593
09212404375
09212403646
09212402940
09212401538
09212401194
09212400983
09212398958
09212397523
0921239688
09212396643
09212395543
09212395451
09212394788
09212394505
09212394254
09212393820
09212393237
092123927
09212390658
09212390336
09212388773
09212388746
09212387787
09212387776
09212387412
09212386912
09212386720
09212386575
09212386503
09212385123
0921238242
09212381824
09212380408
09212380407
092123800
092123787
09212374914
09212372883
0921237181
09212371223
09212369441
09212367936
092123678
09212366548
09212361418
09212361205
09212359641
09212357589
0921235693
0921235620
09212355985
09212355404
09212355313
09212355261
0921235399
09212352857
0921235253
09212349810
09212349586
09212349436
092123423304
09212341885
09212340891
09212340791
09212340338
09212337536
09212337172
09212336859
09212336124
09212335492
09212335215
09212334657
09212334422
09212333818
09212332982
09212332384
0921233170
09212331592
09212330928
09212329699
09212329483
09212328831
09212328800
09212326925
09212326519
09212326266
09212326252
0921232358
09212322807
09212321810
09212319986
09212318817
09212318245
09212315676
09212315486
0921231513
09212312142bhe
09212311715
09212310647
0921231028
09212310228
09212309356
09212308929
0921230845
09212308136
0921230757
09212306738
09212306329
09212306179
092123058
0921230579
09212305253
09212304776
09212304564
09212303712
09212302823
09212301726
0921230122
09212300937
0921229934
09212298608
09212297983
09212297901
092122979
09212297623
09212297614
09212297529
09212297133
0921229660
09212296194
0921229534
09212292991
09212291010
09212290710
09212290518
09212290419
09212290071
09212290038
0921229
09212289517
09212289124
09212288821
09212286241
0921228597813
092122852
09212283617
09212283093
09212282464
0921228181
09212280864
09212280035
09212279939
09212279443
09212277823
09212277666
09212277
0921227603
09212274627
09212273549102
09212272353
09212271941
09212271924
09212271899
09212267806
09212266940
09212265646
0921226564
09212265622
092122653222
09212265095
09212263278
09212262409
092122616
09212261559
09212261178
092122597813
09212259718
09212256959
09212255103
092122550
09212254181
0921225300
09212252417
09212251769
09212251250
092122511
09212250915
09212250595
09212250428
09212249927
09212249679
09212248560
09212247607
09212246415
09212245460
0921224474
09212243651
09212241672719061078052
09212241093
09212241
09212240600
0921224001
09212239908
09212239409
09212239
09212238868
09212236232
09212235792
0921223550
09212234698
09212234518
09212234012
09212233572
09212233458
09212233150
09212233027
0921223191
09212230756
09212230643
09212228440
09212228194
09212227438
09212227360
09212224329
09212222507
09212221936
09212221827
09212221428
09212219694
09212218350
09212217565
09212216332
0921221633
09212216041
09212214542
09212214297
09212214205
09212213964
09212212511
09212211720
09212211470
09212210685
09212210382
09212204624
09212202981
0921220298
09212202
09212201016
09212200895
092121lokal021
09212199761
09212198541
09212197154
09212197073
0921219697
09212196235
0921219563
09212195382
09212194306
09212194292
09212194216
09212193491
0921219287
09212192172
09212190910
09212190744
09212189584
09212188882
09212188552
09212188318
09212186703
09212185874
09212182163
09212182072
09212180779
09212177573
09212176329
09212175812
09212174706
09212172517
09212172255
09212171103
092121701
09212169303
09212168452
09212168244
092121641742
09212162932
09212162725
09212161ew846
09212161951
09212161278
09212161116
0921216011
09212159768
09212159254
09212158590321
09212158398
09212157467
0921215734
09212155968
09212154898
09212153325
09212152565
09212152108
09212152
09212150599
09212149766
092121494
09212149115
09212148275
09212148127
09212147492
092121474656
0921214636
092121458
092121456421
09212145447
092121454212
09212144935
09212144282
09212144
09212143895
09212142899
09212142573
09212142167
09212140951
092121399
09212139653
09212139440
09212138867
09212138856
09212138621
09212138092
09212137689
09212137001
09212136772
09212135799
09212135721
09212135564
09212134953
09212133244
09212133174
09212131906
09212131350
092121306
09212129548
09212128486
09212127667
09212125775
0921212533326
09212125011bong
09212124989
09212124416
09212124231
09212123908
09212123296
09212122375
09212122345
09212122304
09212121265
0921212051431
0921212
09212119624
09212117815
09212116951
09212115688
0921211568
09212115515
09212115472
09212114367
09212114050
09212113296
0921211305
09212112160
09212111783
09212111675
09212111087
09212110917
09212105950
09212105478
09212105197
09212103877
09212103640
09212103583
0921210148
09212101136
092121005145
09212098347
09212097834
09212097530
09212096323
09212095574
0921209514
09212095
09212094993
09212094666
09212094215
09212094179
092120921
09212091845
0921209145
09212091296
09212091065
09212091046
09212088940
09212088020
09212087222030201456
09212086526
09212086332
09212085745
09212084258
09212084086
09212080125
09212080116
09212078749
092120739
0921207157
0921207046
09212069953
09212069413
09212068459
09212067527
09212065084
09212062604
09212062304
09212061981
09212061439
09212061372
09212061148
09212060364
09212058250
09212058180
09212058136
09212057844
09212057764
09212057244
09212056944
09212056287
09212054224
09212053
09212052768paul
0921205132
09212050650
09212049929
09212047880
09212047726
09212047536
09212046488
09212044437
09212043624
09212043336
09212042586
09212041971
09212041703
09212041538
09212040920
09212039911
09212039499
092120373926666
09212037065
09212036921
09212036579
09212033240
09212033159
09212031726
09212031686
09212030845
09212029941
09212029558
09212027182
09212026928
09212026870
09212024159
09212023737
09212023404
09212021766
09212020245
09212019177
09212018353
09212017656
092120161
09212014853-
09212012908
0921201220
09212010347
09212009
09212008832
09212008398
09212008164
09212007521
09212007
0921200624
09212005134
09212004A
09212004904
09212002a
092120021
092120009
0921200
09211qaz
09211994j
09211994b
09211993jan
092119929
0921199155
09211990531
092119885
09211986mrn
09211986k
092119851
09211984michoacan
09211983
09211980ME
092119778
09211975SW
09211970
09211968
09211962
09211960
09211959
09211958
09211956
09211955
09211947g
092119373852456
092119224
0921192
092119109
09211906
09211899082
09211866314
09211854363
09211845
092118384
092118375
09211836
092118339
0921181991
09211810
0921175165
09211749512
092117423
0921173849847
092117374
0921172995
0921171621
0921171344
09211712
0921170932
092117
09211698777
0921168711
092116818
0921166732
092116512
092116268
09211618
092116107
0921159539
092115557
09211514097
09211510
092115062
0921150116
092114527
09211452211
0921140119
0921137
092113491
092113051
092113
092112939
09211290
0921125445
0921123751
0921123456
0921123
09211223
09211212
0921121
09211208
0921117
0921116463
092111371
09211127
092111213
092111185
09211112
092111092
09211108
092110lp
0921106167
0921105537
0921102355
092110144
09211012
092110112
092110108
09210cp
092109687
092109598
0921095212
09210944
09210929
09210928
092109267
09210921A
09210910225987342
09210901
0921089884
092108710
092108652
09210830
092108257
092107r
092107c
092107828
092107815
092107739
092107541
092107377
092106h
092106cg
092106a
092106515
09210635
0921061486
09210601
092105el
092105aj
092105986
092105855
092105793
092105592
092105566
092105557
0921052767
092105206552
092104sh
092104paolo
092104dlc
092104A
092104935
092104282
09210427
092104012688
0921040
092103l
092103761
09210342861
092103344
09210328
092103270703
09210325
092102tp
09210287975
092102791
092102738
092102374
0921022331
09210222
0921018735
09210175
0921016040
0921014014
09210102626
092100940
092100910
092100788
092100468
0921002812
092100057
0920yj
0920wyx
0920tn
0920th
0920starfish
0920rob
0920politap
0920papi
0920nat
0920mc
0920maya0811
0920macky
0920kt06
0920kom
0920kmc
0920kale
0920k
0920jz
0920jtrs
0920jr
0920jona
0920jeyroj
0920gsusjyp
0920granny
0920glthet
0920felipe
0920darkbat
0920bret
0920baby
0920audry
0920astig
0920a
0920M2149758
0920KR
0920JM
0920BRET
092099j
092099740
0920996633
092099049
09209884750
092098724
0920983870
092098146
0920980560
092097gfa
0920975608
092097406
092097233
0920972085
092096rosie
092096et
092096767
092096659
092096642
092096371
092096325
092096288-3
092096203
0920961657
09209613905
09209611202
09209601620
09209601604
092095k
092095bri
092095849
092095589
09209556481
09209544232
0920952776
09209525495
09209524358
09209521860
0920951753
09209512423
09209510542
09209510
09209505629
092095056
09209502528
092094l
092094jjld
092094a
092094AYAY
09209474460
092094720
0920940234
09209401192
092093nathali
092093jpi
0920939543
0920938y
092093789
092093546
092093510142
0920933850
092093361
0920931821
092093141
092092rv
09209291299
09209287501
0920928711998
092092788210
092092787
092092772
092092687
09209263998
09209261223
0920925258
092092388446
092092303
092092202
09209217734
092092092092
092092075
0920920
092091az
092091934
09209177139
09209175482
092091641
092091565
0920913692
0920912183
09209116548
09209115
0920910908
09209108
09209107360
092091059
092090a
092090D
09209093836
09209093340
0920908
092090740
09209065194
092090632
09209060663
09209059383
092090476
09209045138
09209041969
0920903317
09209028994
09209027334
09209016
09209015709
09209015251
0920900982
09209008
09209002124
09209000
09208998997
09208998061
09208997013
09208995488
09208994750
09208992702
09208992414
09208992298
09208991772
09208991562
09208988977
09208988972
0920898897
09208988069
09208987252
09208985912
09208985210
09208985067
09208981265
09208980736
09208980166
09208975516
0920897502
09208974664
09208974372
09208973814
09208972836
09208972612
0920897252
09208972
09208966567
09208966420
0920896637
09208963318
09208962365
09208960898
09208960820
092089607186
0920895828
09208956879
09208955307
09208953986
09208952356
09208951008
0920894848
09208947201
09208943232
09208942731
09208942453
09208942426
09208937048
09208934954
09208934890
09208934704
0920893256
09208930176
092089293
09208929009
09208927525
09208926910
09208926183
09208925589
09208923450
09208923063
09208918916
09208917153
0920891427
09208910528
09208909715
09208908q
09208908902
09208908857
09208908279
092089076
09208905637
09208905536
09208905313
09208903746
09208903458
09208902139
09208901943
09208901358
09208900202
092088r
09208893830
09208892325
09208890398
09208887726
09208886820
0920888586
09208885747king
09208882628
09208881832
09208881231
09208881226
0920888
09208877866
09208876472
09208875577
09208873116
09208872772
09208872663
092088715
09208869436
0920886817
09208867132
09208865849
092088635558
09208862169
0920886213
09208861242
09208860857
0920885599
09208855960
09208855268
09208854579
09208853465
09208853436
09208853248
09208853086
09208846255
09208842972
0920884230
09208840818
0920884069
09208840154
09208839505
09208837
09208833285
09208832585
09208829591
09208829468
0920882902
09208828095
09208827142
09208824431
09208823709
09208822425
09208819065
09208818638
09208817586
09208816545
09208814999
09208813787
09208811602
09208811530
09208809724
09208809095
09208809064
09208808015
09208807164
092088058578
09208805455
09208803130
09208803052
09208802484
09208801646
09208800688
092087jj
092087ai
09208799629jaypaul
09208799285
09208797386
092087973
09208796483
09208793878
09208790896
09208789510
09208786376
092087862
09208786
09208785899
09208785764
09208785517
09208785131
0920878397
09208782747
09208782354
09208782258
09208781485
09208781213
09208780253
09208779877
09208779090
09208776831
09208774410
09208773275
09208770334
0920877
09208768551
0920876752
09208765398
09208765064
09208764012
09208763392
09208762646
09208762577
09208761413
09208761328
09208758058
09208756430
09208753609
09208752996
09208752
09208751
09208749300
09208747406
09208746380
09208744903
0920874244
092087424045283
09208740638
09208737348
09208736518
09208734497
09208733970
09208733378
09208732336
09208730237
09208728383
09208721030
09208720557
09208720022
09208713675
09208712985
09208708761
092087086
09208708064
09208706374
09208706
09208703348
09208701250
09208701039
09208700786
09208700205
092086m
09208699656
09208698825
09208698810
0920869794821030
09208696646143
09208695817
09208695499
09208695472
09208694757
09208693107
09208689521
09208685865
09208685694
09208684854
09208681528
09208681107
09208679656
09208679516
09208679476
09208678590
09208676064
09208675322
09208674136
09208673221
09208672472
09208669334
09208669249
09208668092
09208667024
09208666610
09208666178
09208663939
09208663888
09208663585123
09208663204
092086622
09208661642
09208661376
09208659462
09208659288
0920865896
09208658588
09208653833
09208652311
092086518
09208651706
09208649856
092086490
09208649*712
09208648652
0920864774
09208646408
09208646404
09208643557
09208642095
09208642070
09208641823
092086397
09208639656
09208637112
09208635313
09208632162
09208631925
09208631787
09208628053
09208627485
09208625599
09208623430
09208622346
09208622
092086211
09208619492
09208618104
09208617333tangnamokabog
0920861659
09208616556
09208612495
09208612449
09208612390
09208612306
09208611175
09208606323
09208605752
09208605371
09208604509
09208604480
09208601312
09208601263
09208600950
09208600728
09208600661
09208600550
09208600229
092085k
092085hm
092085c
09208599963
09208598522
09208595000
09208594906
09208593494
09208593306
09208592583
09208592001
092085917094
09208590659
09208590634
09208590509
09208589945
092085886501
09208588403
09208586732
09208586180
092085852009
092085783
0920857825
09208577510
09208574721
09208573109
09208572528
09208571493
09208571098
09208570522
0920856856
09208567603
09208567081
09208565796
09208564550
09208564112
09208563418
09208562921
09208562764
0920856244
09208562354
0920856193
09208561523
09208560754
09208560718
0920856
09208558847
09208556271
09208554905
09208551164
09208550318
09208549279
092085490
09208548681
09208548363
092085440178
09208543588
09208542899
09208542838
09208542429
09208540737
0920853947
0920853812
092085375
0920853452
09208533119
09208532333
09208531404
09208531122
09208529501
09208528735
09208527221
09208527077
09208526256
0920852559
09208520307
092085194
09208519133
0920851873
09208518676
09208518328
0920851781
09208516694
09208516163
09208515952
09208515627
09208515609
0920851435
09208514216
09208514073
09208514046
09208513468
09208513448
09208510943
092085106
09208510501
09208510298
09208509906
09208509357ijap
09208508069
09208507639
09208507423
09208506988
09208506561
09208506087
09208505860
09208503750
09208501435
09208500445
092084ryah
092084e
092084dh
092084Mm
092084991
09208497641
09208497553
09208493543
09208490847
09208490729
09208489926
09208489639
09208489347
09208488995
0920848781
09208486270
09208486051
092084854
09208485314
09208484463
09208484091
09208480632
09208480159
09208479895
09208478564
09208478417
09208477991
0920847574
09208475461
09208474637
0920847326709208
09208472463jmz
09208472463
09208472175
09208471819
09208470678
09208470081
0920847005
09208470017
09208469242
09208467884
092084666536
09208466007
09208464354
0920846427
0920846342
09208461229
09208460065
09208459863
09208454850
09208454275
092084526
09208451911
09208449525
09208449213
09208448973
09208446078
09208445646
09208445626
09208445442
09208444426
09208443559
09208437608
09208434455
09208432615
09208432489
09208431357
09208423631
09208423283
09208420535
09208420375
09208419335
09208417937
09208417298
09208417249
09208415987
0920841526
09208414325
09208413530
09208412500
09208410365
09208408940
09208405684
0920840522
09208405176
09208405120
09208402319
092083r
092083J
0920839940
09208399261
09208399131
09208398506
09208396255
09208395328
09208394163
0920839329
09208391234
09208390773
09208387067
09208386918
09208386729
09208385954
09208384942
09208384721
09208384487
09208383627
09208381745
0920838144
09208379488
092083794
09208377935
09208375974
09208374830
09208373355
09208372376
09208371474
0920837088
09208370611
09208368984
09208367887
09208365515
09208365030
092083638585
09208362446
09208362272
0920836061
09208357
0920835410
09208352156
09208351054
0920835000
09208347890
09208345287
09208344689
09208342032
09208341943
09208339639632
09208338826
09208334293
09208332418
09208330669
09208330258
0920833
09208325689
09208323980
09208323162
09208321504
09208321344
09208317897
09208317