79
09184226490
09184225038
09184224356
09184224143
09184223849
09184222751
09184222027
091842204
0918422
09184219090
09184217435
09184216170
09184214733
091842127927894
09184212412
09184211085
09184210513
09184208060
09184206660
09184206339
0918420564
09184202774
091842
091841xxx
0918419629
09184194649
0918419356
09184190447
0918419002
09184190
09184189240
09184188956
09184187220
091841870
09184185532
091841823
09184182117
09184181952
09184181936
091841818
09184181152
09184175977
09184175344
09184173521
091841734
0918417252
09184171720
09184170392
09184170052
0918417
09184169820
09184168022
09184167516
09184166095
09184165730
09184165701
09184164893
09184163126
09184162998
09184161572
09184161475
09184159423
09184157871
09184157764
09184156080
09184155182
09184153919
09184153513
09184152713
091841526767507106
09184151646
09184151577
09184150616
09184150388
09184148051
09184147149
09184143251
09184142906
09184142354
09184140619
0918414054
09184140363
09184140140
09184139781
09184138208
0918413733
09184135983
091841358
091841341
09184133691
09184133576
09184133
09184132619
09184132533
0918413157
09184131125
09184130945
09184128419
09184126122
09184124466
09184122951
091841198
09184119601
0918411960
09184119277
09184119041
09184116456
09184115956
09184114926
09184114629
09184114297
0918411234
09184111304
09184110901
09184110350
0918410968
09184108902
09184108877
09184107592
0918410722
09184106837
0918410599
0918410505
09184104029
09184101066
09184100499
09184100071
09184098665
09184093589
09184093440
091840932
09184091507
09184091275
09184090205
09184089275
09184089
09184086632
09184086120
09184085996
09184084798
09184081076
09184080494
0918408
09184079747
09184076405
09184075352
09184071778
09184068733
09184067730
091840594
09184058047
09184057468
09184057318
09184056085
09184056036
09184054616
09184053354anon
09184053259
09184052198
09184049210
09184046091
09184045086
09184043222
09184042845
09184042013
09184040952
09184037239
09184035660
09184035564
091840332
09184032958
09184032767
09184032287
0918402919
09184025530
09184023238
09184023150
09184022331
09184018606
09184017757
09184017048
091840160
09184015023
09184014766
09184011815
09184011550
09184010
09184008014
09184005046
0918400500
09184003997
09184002430
091840012
09184000206
0918400
091840
09183999776
09183999535
09183998515
09183997816
09183997694
09183995222
09183994960
09183993847
09183993642
09183992401
09183991569
09183991069
0918399005
09183989815
0918398965
09183988959
09183987996
0918398787
09183987218
09183986305
09183986057
09183984944
09183984335
09183983989
09183982606
0918397710
09183976830
091839765
09183974817
09183974049
09183973225
09183970578
09183969839
0918396835010514
091839681
09183967310
09183967152
09183960368
09183960114
09183960048
09183959315
09183959224
09183959166
09183956812
09183956713
09183951922
091839515
09183949877
09183948145
091839474
09183947032
09183946338
09183945189
0918394199
09183941901
09183941834
09183941825
09183941746
09183941009
09183939787
09183939740
09183938646
09183937463
09183936905
09183935192
091839348
091839321
09183930231
0918393
09183928485
09183927309
09183922940
09183922815
0918392189
09183919653
09183918356
09183913622
09183912254
09183912186
09183911753
09183911513
091839105
09183909314
09183908603
0918390745
09183907302
09183904977
09183904874
09183904812
09183903440
09183902960
091839024
09183901703
09183900445
09183899
09183896713
09183895123
09183894998
09183894774
09183893124
091838929091838929
09183892133
09183892060
09183891664
09183891611
091838908067
09183887171
09183886634
09183886543
09183882770
09183878767
09183878294
09183878283
0918387815
09183876419
09183876376
09183875372
09183874816
09183871749
09183870414
09183869091
0918386858
09183868398
09183868128
09183866967
09183866302
09183864473
09183864225
09183861822
09183859879
0918385987
09183858771
091838580
09183857934
09183856141
09183854069
09183852
0918385141
09183849841
09183848810
09183848381
09183846670
0918384611
09183845159
09183844569
09183844544
09183844
09183843602
09183840884
0918384
09183839153
09183838169
09183835475
091838346
09183832647
09183830292
09183828744
09183828388
09183828184
09183827603
09183826636
0918382617
09183824780
09183824636
09183823803
0918382323
09183822041
09183821292
09183821182
09183818734
09183815775
09183815708a
09183810927
09183810801
0918381066
091838085
0918380813
09183806219
09183801200
09183800628
091838
09183799003
09183797532
09183797075
09183793387
09183792613
091837925
091837917
09183790934
091837903
09183790047
09183788591
0918378745
09183786554
09183782196
09183780592
091837796
09183777656
09183776927
09183775544
09183775094
09183774538
09183770314
09183768985
09183768231
09183767914
09183767891
09183767369
0918376556
0918376540
09183764695
09183763134
091837621
09183761257
091837600
0918375976
09183757522
091837568
09183756080
0918375352
09183751578
09183751332
09183750183
0918375
09183749273
09183746890
09183746395
09183744502
09183744210
0918374196
09183737986
09183737800
09183736685myk
09183736538
0918373595
09183735221
0918373511
09183734201
09183734095
09183734059
09183733941
09183733633
09183732420
091837287
09183728545
09183726301
09183725193
09183722851
09183719816j
091837177
09183715362
0918371411
09183713776
0918371220
0918371101
09183710886
09183709447
0918370784
09183706713
09183704490
09183703505
09183703501
09183701254
09183700540
09183700254
09183700159
09183700088
0918369766
09183697211
09183696955067
09183696428
09183695013
09183694782
09183693057
09183691885
09183691872
0918369175312903
09183691207
09183690519
0918368959789
091836895963
09183689471
09183689266
091836884
09183688244
09183687166
09183686620
09183685125
09183683512
09183683427
09183679
09183677725yshe
09183677103
09183676904
09183676229ken
09183675129
09183674855
09183674750
0918367475
09183674454
0918367287
09183671917
09183671903
09183671784
09183671463
09183669063
09183667772
09183665567
09183660859
09183659903
09183659033
09183658514
0918365604
09183655805
09183654729
09183654144
09183653175
09183652722
09183652696
0918365102
09183650219
09183648828
09183647928
09183646707
09183645806
09183645467
09183645223
09183644226
09183644109
09183642989
0918364290
09183642621
09183641653
09183641335
09183639765
09183638139
09183637740
09183636964
09183636841
09183636589
09183636399
09183636
09183635780
09183635258
09183633859
0918363355
0918363193
09183631840
09183630938
0918363
09183629283
09183628797
09183627940
09183627545a
09183627471
09183626509
09183624592
09183624022
09183623813
091836225
09183620228
09183618593
09183617779
09183617755
09183616673
09183616539
09183615379
09183615332
09183615305
09183614460
09183612531
09183612344
09183611893
09183611532
091836096133
09183608035
09183604978
09183602632
0918360174
09183600487
091835jed
09183599855
09183598157
09183595174
09183594686
09183594518
09183594255
09183593637
09183592594
09183591730
091835916833
0918359131
0918359122
09183591123
09183588130
09183587502
09183585531
09183581239
091835804653
09183579621
09183579594
09183579409
09183578347
09183578193
09183578005
09183576
09183575869
09183574893
09183572908
09183571661
09183570709
0918356919
09183568373
0918356313
09183562488
09183559976
09183557342
09183556530
09183553305
09183552689
09183550369
09183550324
09183549818
09183549410
09183549050
09183547788
09183546931
09183546416
0918354627
09183545973
09183545584
0918354467
09183544435
09183544041
09183542874
09183542637
091835406
091835382
09183537971
09183537618
09183537198
09183536756
09183533112
09183531227
09183530426
09183529747
09183529119
09183529111
09183529006
09183527801
09183527725
09183527619
09183526821
09183526355
0918352460
091835244
0918352178
091835216
09183521297
09183520934
09183520352
09183519841
0918351830
09183517142kenjie28
09183509469
09183508502
09183508500
09183508383
09183507912
09183507624
09183506057
09183505673@yahoo.com
09183503371
09183502722
09183501709
09183501514
091834o1967
09183499834
0918349922
091834971
09183496262
09183495956
09183495780
09183494933
09183494794
09183493648
09183493532
09183491980
09183490429
09183489270
0918348925698
09183488992
09183488925
091834889
09183488024
09183487398
09183481339
09183479554
09183478447
09183478081
09183475952
09183475088
09183474985
09183472290
09183471963
09183470957
0918347
09183469771
0918346895
09183468850
09183465500
0918346550
09183465439
091834641
09183464
0918346305
09183462567
09183462073
09183459655
09183459202
09183456664
09183453315
0918345201
091834516
09183451372
09183451
09183449488
09183449199thanyha
0918344362
09183441753
09183441573
09183441300
09183440941
0918343628
09183434765
09183432467
09183431622
09183429730
09183428666
09183427566
09183425550
09183425062
0918342362
09183421871
09183419393
09183419041
0918341892
09183416193
091834161
09183415938
09183415854
09183414118
09183412172
09183411032
09183410698
091834089
091834085594652822723517
09183407291
09183405196
09183404682
09183404539
09183404009
09183402951
09183402580
09183401369
0918340052
091834
091833l
09183399907
09183399210
09183398021
09183397203
09183395585
09183393480
09183391941
091833912
09183388796
09183388296
09183387815
09183386905
09183385535
09183383270
09183381166
09183380240
091833765
09183368342
09183368040
09183366747
09183366714
09183365619
09183365003
0918336276
09183361833
09183360863
09183353603
09183352162
09183351736
09183351734
09183348516
09183347452
09183347325
09183347074
09183346941
09183344155
09183343704
091833425
0918334246421
0918334236
09183342144
09183341982
09183341623
09183337913
09183336807
09183336710
09183336558
09183336260
091833357
09183334344
0918333302
091833310753
091833307778jm
09183328532
09183327195
09183323
09183322122
09183320897
09183320739
09183320197
09183320089
0918332
09183319
09183317
09183315924
0918331526
0918331519
09183314742
09183314287
09183312833iloveu
09183312000
09183309133
09183308543
09183308540
09183307093
091833070
09183302214
091833021
09183302059
09183300515
09183298626
09183297961
09183295619
09183292923
09183292308
09183291016
091832910
09183290092
09183289218
09183288683
09183285902
09183285388
0918328255
09183282088
09183281736
0918328138
09183279835
09183279553
091832780488
0918327804
09183274308
09183273631
09183272179
091832715
09183271037
09183270269
09183270100
09183269472
09183266938
09183266920
09183266623
09183264809
09183264708
09183264477
09183264457
09183264183
09183264069
09183263770
09183263700
09183262421
09183261381
09183261133
09183260190
09183259578
09183258848
09183258212
09183257475
09183257413
09183257005
09183255731
09183252
09183251400
09183251077
091832501092
09183248423
09183246763
09183245932
09183244321
09183243274
09183242927vhin
09183242927
09183241841
09183241823
09183241555
09183239889
09183239229
0918323915
09183239124
09183237818
09183236672
09183235478
0918323538
09183234976
09183234482
09183233641
0918323265
09183232591
09183231809
09183231285
09183231194
09183230204
091832302
0918322847
09183225394
09183224965
09183224616
09183224458
091832240
09183221043
09183220387
0918322
09183218981
09183217858
09183217683
09183217266
09183217014
09183215755
091832155
09183214908
0918321464
09183213351
0918321319
09183213119
09183212722
09183212522
091832122473
09183204946
09183204712
0918320264323
091831994
09183197136
09183195409
09183195120
09183194501
09183194405
09183191780
09183189147
091831879
09183187217
09183186
09183185078
09183184885
09183184149
09183184095
09183183537
091831832
09183182107
09183180682
09183180419
09183179308
09183177572
09183174581
091831743
09183170032
0918316882
09183167732
09183167676
0918316512
09183164944
0918316422
09183163034
091831621
09183161199
09183161091
09183160086
09183159077
091831560
09183154236
09183153693
09183153045
09183152321
09183151651
091831506
09183147659
09183142888
09183141503
091831413
09183141289
09183140226
091831387
09183138490
09183131741
09183130969
09183130030
09183129756
09183128260
09183127737
09183127179
09183126412
09183125295
09183124147
09183122989
091831206
091831188
09183118654
09183118047
091831174
09183116216
09183115101
091831146
091831131398426159753
09183111330
091831103992008
09183110163
09183108473
091831080
09183106467
09183105411
09183105025
09183104790
091831047
0918310423
09183103992
09183103405
0918310331
09183102681
0918310268
09183101244
09183095944
09183095010
0918309453
09183091756
09183090545
09183089873
09183089706
091830892
09183084349
09183084343
0918308406
09183083591
09183081758
09183079814
09183078904
09183076111
09183073329
09183072242
09183069849
0918306825
09183067722
09183067141
09183066995
09183065980
09183064497
09183061297
09183060338
0918306
09183059704
09183058709
09183057824
09183056855
09183056692
09183056
09183055586
09183055
0918305485
09183049819
0918304874
09183044530
09183044482
0918304273
09183042276
09183041329
09183040974
09183040263
09183040042
091830381
09183037221
09183033764
09183033576
09183030500
09183029975
09183029643
09183029059
09183027063
09183026689
09183026090
09183025090
09183022134
09183021662
09183021508
09183021185
091830189
09183016649
09183016
09183015577
09183015507
0918301488
0918301476
09183013776
0918301377
09183011031
09183010938
09183009696
09183009168
0918300840
09183007164
09183006886
09183005956
0918300548
091830054
0918300502
09183004830
09183004535
09183003572
09183001824
09183001341
0918300111
09183000432
0918300
09182kra
09182kd
09182999658
091829979045
09182997312
09182996031
09182995622
09182993531
09182992108
09182990657
09182989762
09182984635
09182984348
09182983204
09182980143
09182979517
09182976621
09182975448
09182974553
09182973107
09182973028
09182972452
091829724356
09182971323
091829710
09182970481
09182969613
091829695
09182968622
09182966598
09182965455
09182965384
09182965295
09182960922
09182960912
09182960799
09182960673
091829602
09182959979
09182959593
09182957994
09182953760
09182952577
09182951549
0918294972
09182949571
09182949538
09182946790
09182944899
09182944220
09182943341
09182943160
09182943070
09182942192
09182942159
09182942140
09182939946
09182939907
0918293983
09182939788
09182939602
09182939362
09182939034
09182938353
0918293810
09182936169
09182934685
09182930819
09182930146
09182928632
09182928203
09182926331
09182925778
09182924151
09182923936
09182923426
09182922887
09182921417
09182921280
0918292065
0918292050
09182918262
091829159
09182915605
09182913349
0918291308309192370744
091829101
0918291
09182909195
091829083
0918290811
09182906498
09182906034
09182905984
09182905944
09182904933
09182902345
09182902262
09182901599
09182901135
09182900971
09182900569
091828nahir
0918289718
09182896564
0918289411
09182893683
09182893499
09182892872
09182892802
09182892024
09182891749
0918289084
09182890129
09182890036
09182889800
0918288838
09182887882
09182887240
09182887067
0918288560
09182885482
0918288539
09182884275
0918288400
0918288389355
09182883492
09182882897
0918288177
091828810
091828796
09182879069
09182878811
09182878665
09182877587
09182876746
09182876530
0918287601
091828755238
09182874331
09182874210
0918287394
0918287293
09182872923
09182872063
09182871651
09182871111
09182868771
0918286873
09182868267
09182865113
09182864520
09182863602387
09182862926
091828607
09182860018
09182859182
09182858481
09182858372
09182857766
09182856868
09182856552
09182856113
09182854983
09182854254p
09182853993
09182853
09182850899
09182850838
091828493563428796
091828487kilo
091828487
09182847931
09182847249
09182846165
0918284576
09182845670
09182845193
09182843678john
09182843388
09182843171
09182840093
0918284003
09182839848
09182839310
0918283649
09182836245
09182835665
09182835289
09182833906
0918283321
09182831364
09182829548
09182828960
09182828412
09182827932
09182827773
09182826926
09182826606
09182826533
09182826139
09182825897
091828254
09182823049
09182822
0918282182
091828217
09182821659
09182819365
09182818167
09182817937
09182816123
0918281437
09182812683
0918281080609182810806
09182810612
09182810515
09182810457
09182807314
09182807157
09182806961
09182805026
0918280264+6
09182800595
091827o
09182799397
09182798579
09182797889
091827968
09182796635
09182796570
09182795978
09182795731
09182795003
09182794928
09182793691
091827924
09182792184
09182792093
0918279138709202936860
09182791256
09182788113
0918278722
0918278520
09182781939
09182781885
09182780875
09182779525
09182779279
09182779
09182778168
09182777870
09182776319
0918277581
09182774940
09182774124
09182773729+
09182773729
09182772779
091827723
09182771241
0918277
09182768741
09182767662
09182767328
09182764628
09182762311
09182760791
09182760273
091827595
09182759375
09182758994
09182758396
09182755426
09182754834
09182752933
09182752443
0918274984
09182747065
0918274608
09182745405
09182743318
09182741258
09182741
09182740839
091827405
09182739341
09182737620
09182737555
0918273654
091827364555
091827364550
09182736209
09182734902
09182732166
09182731823
09182731562
09182731078
0918273018
09182729283
09182728002
09182727835
09182727258
09182727005
0918272625
09182725363
09182724257
0918272408
09182720209
09182719262
09182715203
09182714425
09182713831
09182713791
09182712635
09182710407
09182709923
09182709187
09182707381
0918270219
09182702158
0918270046
0918270
09182698665
09182695802
09182694530
09182693849
09182692477
09182691889
09182689706
091826887
0918268841
09182688045
09182684106
09182684059
09182683969
09182683381
09182683097
09182682925
09182682138
09182680682
0918267666
09182676167
09182675234
09182673810
09182673667
09182672540
09182672467
0918267183
09182671173
09182669833
09182669777
091826697
09182669646
09182669519
09182666886
09182664871
09182662557
09182662380
09182657627
09182657000
091826557
0918265520
09182652767
0918265276
09182648414
09182647701
09182645474
09182645128
09182644777
09182643297
0918264183
091826416
09182641443
09182640611
09182637752
09182636913
09182636683
09182635938
09182635284
09182633624
09182630675
09182630192
0918263
09182628995
09182628993
09182628435
091826284
09182624854
0918262411
09182623798
09182623734
09182623518
09182623192
09182622695
09182621134
09182620883
091826202667455227
091826202030
09182619210
091826192
0918261732
09182617254
09182614384
0918261324
091826121249
09182610278
09182610
0918261
091826085
09182607006
09182605344
09182605043
09182603
09182602369
09182602356478
09182601046
0918259929309104063953
0918259842
0918259840
0918259790
09182597898goma1890
09182596596
09182596017
09182595722
09182595414
09182591025
091825907
09182589315jhuliet
09182588407
09182588196
091825852
09182585
09182584213
09182583824
09182583533
09182583010
09182582942
09182582030
09182581278
09182581255
09182580640
0918258054
09182579076
09182575752
091825753710
0918257489
09182574783
09182574270
09182571690
09182571628
0918257
091825670258963
09182566723
09182565920
0918256422
09182563010
09182562730
09182562626
0918256
09182559621
09182558790
09182558259
09182558248
09182557642
09182556
09182555827
09182554631
0918255424
091825527
091825476213
0918254682
0918254553
09182544719
0918254393
09182543592
09182543014
091825424
09182539745
09182539588
09182539128
091825365
09182536068
09182535256
09182535206
09182534126
09182532914
09182531017
09182531
09182530641
0918253
091825299
09182529861
09182529603
091825291
09182528646
09182528426
09182526520
0918252546
09182525
09182524562
09182522894
09182522603
09182522534
09182522102
09182521253
091825212
091825193
09182518793
0918251816
09182516135
0918251505
09182514589
0918251393
091825131899
0918251200
09182511046
09182510806
09182510166
09182509287
09182509097
09182508773
09182508631
09182507677
09182507432
0918250615
09182505984
09182504608
09182504452
09182503777
09182502920
09182502855
09182501992
09182501540
09182501486
09182501042
09182500243
0918250
09182499615
0918249874
09182498239
09182496602
09182495643
09182495271
09182494446
09182494398
09182492849
09182492482
09182490198
09182489891
0918248944
09182487767
09182487661
09182487327
091824859
09182484518as
09182484200
09182483805
09182482984
09182481986
09182480647
0918247974
09182478667
09182478413
09182475853
09182475659
09182475563
0918247414
09182472980
0918246980
09182468667
09182468443
091824682
09182465869
09182463977
09182462969
09182458969
09182457661
0918245731
091824562
09182456183
09182455624
0918245425126
09182452695
09182450710
0918245
09182449617
09182448017
09182447979
09182447364
09182446550
09182445091
09182444295
09182443138
09182441637
09182436767
0918243670
0918243634
09182435662
09182434005
09182433580
09182433146
091824331346
09182432604
09182431295
09182429877
09182429723
091824290
091824283888
09182428047
091824266
09182426398
09182425189
09182424929
09182424507123
0918242428
09182424277
09182424268
09182424253
09182423548
09182421271
09182420624
091824185
09182417280
09182414943
09182413399
09182413095
09182410166
09182410114
09182410059
0918240948
09182408951
09182407009
09182405117
09182403789
09182402027
09182398668
09182398124
09182398039
0918239485
09182393749
09182393496
091823930
09182392585
09182386333
09182386019
09182384891
09182383164
09182380906
09182380727
09182380221
09182379474
09182378809
09182378410
09182378378
09182377564
0918237672
09182374583
0918237318
0918237287
0918237116
09182370557
09182369066
09182368615
09182366696
09182366585
09182366245
09182364455
09182363842
09182363139
09182362890
09182362727
09182362703
09182358461
09182357228
09182357145
0918235642
0918235621
09182355483
09182355227
091823546
09182354334
09182354073
09182353528
09182353464
0918235337
09182350831
0918235066
0918235
09182349713
0918234713
09182346885
0918234615
09182345563
0918234545
09182345022
09182344081
09182341574
09182341567
09182338371
0918233731
091823365412
09182336243
09182335953
09182334583
09182334303
09182333835
09182332943
09182331713
09182331339
0918233
09182329930
09182329221
09182328216
091823280
09182326738
091823267
0918232589
09182325519
09182325050
09182323141
09182322505
09182321750
09182320500
09182320462
09182320139
09182317120
09182316129
09182315118
09182314770
09182311315
09182310974122387
09182310035
0918230996
09182309382
09182309359
09182309249
09182307985
09182305374
09182304539
091823017
0918229999
09182298948
09182298416
09182298404
09182296831
09182294569
09182294130
09182294100
09182293018
09182291633
09182290748
09182289680
09182289678
09182289138
091822891
09182287848
09182286002
09182285128
09182284798
09182284106
09182283162
09182281731
0918227925
09182279003
09182277440
09182277268
09182277107
09182276129
09182274508
09182273415
0918227226
09182271404
09182271191
09182271170
0918227078507762639
09182269870
09182269346
0918226674
0918226601
091822641570
0918226406
0918226404
09182264038
09182263786
091822625
09182262020
09182261430
091822605
09182259101
09182256946
09182256902
09182256266
09182255252
09182255204
09182255061
09182255
09182254776
091822541
09182254005
09182252920
09182252306
09182252016
09182251534
09182250369
09182249095
09182248308
09182246927
0918224615904
091822456
09182245440
09182244571
09182244016
09182243816
09182243336
09182243295
09182240576
09182240295
09182239370
09182239250
09182237654
09182237194
09182236042
09182236033
09182234265
09182232612
091822323
09182231919
091822290
09182226381
0918222359
09182222627
09182221846
09182219410
09182219402
09182217666
0918221723
0918221711
09182215396
09182215
09182212764
09182211854
09182211301
09182210606
09182210422
0918221027
0918221
09182206958
0918220609
091822056
09182205054
09182203605
09182203063
09182201053
09182200556
09182199042
0918219683
09182196812
09182196
0918219525
09182193975
09182192347
09182192108
09182190636
09182189152
09182188352
0918218828
09182187143
09182187086
09182186080
09182185944
09182185534
091821829
0918218067
09182180155
09182179926
09182179515
09182179434
09182177512
09182176038
0918217250-7
09182169584
091821679420
0918216794
09182167828
09182161475
09182159514
0918215859
09182158559
09182157863
09182156989
09182156775
091821534672961
09182150595
09182149921
0918214895
09182148880
09182146446
09182145320
09182144103
09182143135
09182142879
09182140707
09182140552
09182139988
09182139651
09182138688
09182137769
091821358
09182135457
09182135454
09182133884
09182132404
09182129959
0918212785
09182126176
09182125536
0918212430
09182124130
09182124062
09182123869
09182123853
091821238
09182122576
09182122533
09182122191
0918212181
09182121408
09182120875
09182120162
09182120132
0918211992
09182119727
0918211916
09182118389
09182118345
09182116468
09182114
09182113465
0918211108
09182109748
09182109687051420
09182109591
09182109486
09182109134
09182107925
09182107028
09182104193
09182103214
09182102304
09182101654
09182100089
09182100025
0918209765
09182097501
09182096571
09182096023
09182095587
09182093328
09182091410
09182091051
0918209079
0918208968
09182087189
09182086331
09182086065
09182085401
09182085104
09182084613
091820834
09182083342
09182081674
09182081080
09182080996
09182080361
09182080321
09182080
09182078126
09182074701
091820726
091820703
09182066099
09182065585
09182065412
09182064312
09182063250
09182063227
09182062481
0918