079
09215580246
09215579691
09215579458
092155789
092155786123
09215578252
09215577525
09215575764
09215575544
09215574986
09215574801
09215571763
09215571160
09215569736
0921556936921
09215568684
09215568407
092155666121
0921556641
0921556444
09215562317
09215562115
0921556211
092155611148
09215558274
09215557563
09215557549
09215557074
09215556618
09215554
09215553189
09215553113
09215553081
092155530748056559
09215552906
09215551572
09215550795
09215550628
09215550302
09215550039
09215548957
09215548720
09215548718
09215548580
09215548464
09215546896
0921554655
092155449
09215544591
09215544410
09215544324
09215543864
0921554265209264064629
09215541590
09215540530
09215538475
09215536982
09215536927
09215532987
092155321
09215530601
09215529807
09215529295
09215527111
09215525138
09215523627
09215522843
09215522101
09215521309
09215518316
0921551796
09215517861
09215516770
09215516461
09215515145
0921551435
09215514067
09215513952
09215513562
092155133
0921551281
0921550917
09215508569
09215505530
09215502879
09215502590
09215500621
09215499356
09215499329
09215497135
09215493964
09215493130
09215493125
0921549168
09215491447
092154909369
09215490936
092154886
09215487846
09215486918
09215486903
09215486571
0921548609
09215485432
09215485430
09215485186
09215484748
09215484022
0921548376
09215483093
0921548150
09215479339
09215479114
09215477824
09215476813
09215476666
09215476605
09215476141
09215474645
09215474510
09215473528
09215472398
09215472104
09215471955
09215469846
09215469277
09215468132
09215468068
09215467568
09215467554
09215466684
09215465351
09215464851
09215464448
09215464409
09215464195
09215463315
09215463081
09215462253
09215461423123
09215461298
09215461272
09215461215
09215460875
09215460553
09215459474
09215459423
092154590
09215458809
09215458787
09215458557
09215457594
09215456890
09215456425
09215456142
09215455929
09215455614
092154552
09215454791
09215454781
0921545454
09215454365
09215453901
09215453517
09215452539
09215449691
09215447607
09215444636
09215444495
09215444144
09215444116
09215443274
09215443149
09215442122
09215441482
09215440155
0921543821214
09215438108
09215437628
09215436804
09215436241
09215436134
09215435774
09215435192
09215434858
09215432828
09215431820
09215430974
09215430954
09215430786
09215428478
09215428392
09215427701
09215427318
09215427293
09215426051
0921542411
09215422660
09215422336
09215421825
09215421702
09215421460
09215421
09215420835
09215418003
09215417890
09215414373
09215412857
092154122
09215411746
09215411626
09215410560
0921540900
09215408916
09215407929
09215407372
0921540735
092154071110
09215403650
09215402871
09215401071
09215400591
09215396906
092153948546
09215394754
09215393024
09215393
09215391681
09215389990
09215389673
092153895955
09215388460
0921538833
09215386097
09215386050
09215385351
09215385190
092153838
0921538353
09215382767
09215380425
092153801
09215379845
09215378744
09215377925
09215377586
09215377470
09215377136
09215376855
09215375752
09215374577
092153741577
09215373894
09215372544
09215371690
09215371554
09215369496
09215366100
0921536537
09215364423
09215364237
09215363624
09215359536
09215359100
09215358784
092153587
09215357645
09215356286
09215355164
09215354861
09215354301
0921535430
09215351287
09215350986
09215350457
09215350150
09215346769
09215346108
09215344466
09215342357
09215342270
09215341865
09215341734
09215341250
09215340998
0921534
09215339352
09215338214
09215337055
09215336612
09215335935
09215335298
09215335263
09215335190
092153351
0921533332
09215331363
09215328811
09215328338
09215328205
0921532698
09215324541
09215323693
09215323542
0921532354
092153231
09215323056
09215322548
09215320127
0921531678
09215313806
09215311540
09215311262
09215310129
09215310048
09215309526
09215309523641
09215309255
092153074
09215307350
092153073321
09215307061
09215306520
09215305155
09215304062
09215303034
09215302264
09215301429
092153001477
0921529987
09215299809
09215297464
09215297209
09215292814
09215286284
09215284839
09215284237
09215283496
0921528
0921527726
09215273332
09215273235
092152723
09215268371
09215267790
09215267572
09215267561
09215265539
09215263861
09215263
0921526250
09215259585
09215259031an
09215257598
092152552140
0921525312
09215252941
09215252425
092152524202
09215250668
09215249789
09215249708
09215248421
09215248110
09215248103
09215246994
09215246062
09215245948
09215245104
09215244447
092152441
09215242234
09215242129
09215240306
09215237805
09215233082lovely
09215229161
0921522916
09215228347
09215226480
09215224847
0921522263
09215218958
09215218107
0921521789
09215208609
09215205835
092152018
09215199772w2
09215199772
09215198435
09215198228
0921519536
09215195107
09215193709
09215192908
09215190079
09215189055
0921518567
09215184822
0921518482
09215184629
09215182906
09215182085
09215181223
09215178070
09215177345
09215175207
09215174498
09215174010
09215173432
09215172681
09215172324
09215171482
09215170324
092151695678
09215168671
09215168253
09215167197
09215164246
09215163546
09215163314
09215162085
09215161971
092151617223
0921516
09215157586
0921515696
09215154978
0921515319
09215153114
09215153024
09215151491
0921515050
09215149413
09215148854
09215148188
09215147075
09215146406
09215146363
09215146163
09215145187
09215144725
09215144193
0921514321
09215141007
09215140756
0921514056
09215139239
09215138758
09215138335
092151366441
09215136623
09215136099
09215135924
09215134477
09215134353
092151342932
09215132291
09215132181.perez
09215131988
09215131421
09215130114
0921512852145541
09215128189
092151231
09215121501
09215120426
09215120285
09215120245
092151198
09215119620
09215119332
09215118012
09215112988
0921511110
09215111
09215109601
09215107670
09215106117
09215106
09215103738
09215103300
09215102101
09215101003
0921509740
09215093568
09215093392
09215092205
09215092066123
09215091249
092150912
09215089823
09215086648
09215084830
09215083791
0921508242
09215082115
09215080123a
09215078130
092150774
09215076531
09215074889
09215070463
0921506977
0921506265
092150625
09215061948
09215061900
0921506168
0921506127
09215061086
09215059917
09215057185
0921505559
09215052789
09215052534
09215052295
09215052103
09215048873
09215046721
09215046252
09215044652
09215042749
092150407
09215034943
09215034659
09215030164
09215027748
09215027302
09215026753
09215026395
09215025830
092150256
09215023274
09215022144
09215021604
09215018300
09215018181
09215017079
09215016879
09215016562
09215016480
09215016388
09215015267
0921501334luli
09215009138
09215008600
09215006235
09215004540
09215003705
09215002457
09215002266
09215
09214999842
09214999573
09214999290
0921499747
09214995158
0921499445
09214993944
09214992856
09214989624
09214989009
09214987413
0921498565
09214985648
09214980028
09214978787
09214978765
09214977397
09214975498
09214975271
09214974853
09214974775
09214971077
0921497004
09214968438
09214965133
09214964982
09214963153
09214962069
0921496119
09214960783
09214959271
09214956231
09214956148
09214955970
09214955808
0921495580
09214953162
0921495082
0921495
09214949340
09214949195
09214947936
09214947530
09214947187
09214946164
09214945
09214944913
09214943607
09214941269
09214937252
09214937154
09214936599
09214934251
09214933677
0921493244
09214931715
09214931371
0921493018
09214929670
09214929460
092149289
09214925965
0921492433
09214924061
09214922030
0921492148
09214920745
09214919225
09214917285
0921491414
092149136
09214913254
09214911256
09214911230
09214908818
09214908691
09214908273
09214906725
0921490658
09214905520
0921490412
09214903685
092149032988
09214903230aryse
09214901582
09214901017
09214900743
0921490060
09214899288
0921489779
092148974974
09214897473
09214897
09214895730
09214887700
09214887107
09214886963
09214886776
09214885878
09214885792
09214885430
09214882341
09214881997
09214879392
0921487898
092148786
09214878026
09214877428
09214877181
09214877008
0921487635
09214872914
09214871792
09214871467
09214869069
09214868794
0921486841a
092148675
09214867440
09214866372
09214865672
09214863153
09214862220
09214860834
09214860793
09214860554
09214858913
09214858532
0921485852
09214851129
09214851009
09214848678
0921484831
09214848195
09214847
09214846443
09214846213
09214845494
09214844138
09214842851
09214842081
09214841353
09214836640
09214832232
092148311324341
09214827343
09214826306
09214826290
0921482629
09214826186
09214824544
09214823729
09214823021
0921482215
09214821775
09214816815
092148158069
0921481525
09214815217
09214815030-
09214815030
09214814591
09214812647
09214812469
0921481221
09214811650
09214811186
09214811149
09214810764
09214810432
09214807872
09214807604
09214807056
0921480645
09214805767
09214805635
0921480543
09214802788
092148020
092147E
092147992
09214798556
092147975
09214797458
09214796
09214794249
09214793932
0921479002
09214784272
09214783987
0921478398
09214782250
09214782065
09214780785
09214780267
09214780
09214779024
092147784
09214777905
09214777
09214772704
09214771873
0921476883
09214767090
09214764874
09214762418
09214761568
09214759987
09214759095
0921475846
09214758399
092147578
09214748395
09214745061
09214743392
09214743358
09214743256
09214741021
09214740163
0921473933
09214738297
09214738016
09214734882
09214733618
09214732332
09214730537
09214729772
09214727005
092147255
09214725437
09214724166
09214723588
09214722694
09214722609
09214721884
09214721546
09214720438
09214719374
09214718732.
09214718563
0921471856
09214716530
09214715949
09214715261
09214715031
09214712902
09214707116
09214705197
09214705196
09214703991
09214700818
09214700128
09214699411
09214696438
09214696024
09214694371
09214691074
09214689084
0921468762
09214687065
09214685850
0921468582
09214682101
09214682092
09214681087
09214680951
09214680253101993hotmail
09214680215
09214680019
09214669528
092146691
09214668849
09214668848
09214667902
09214666
09214665692
0921466401
09214663627
09214662903
09214662591
09214660508
0921465880
09214658022
0921465757
09214655807
09214653896
09214653438
0921465189
09214651833
09214651645
09214649971
09214646687
09214645956
09214645744
09214645519
09214645401
09214645111
09214644900
09214639559
09214637868
09214637661
09214637297
09214635612
09214635000
09214632441
0921463166
09214631396
09214628901
09214628584
09214627887
09214627197
092146262070
09214624354
0921462349
09214623142
09214623125
09214622944
092146222
09214621543
09214620304
09214619363
09214619
09214617838
09214616463
09214614897
09214614488
09214614459
09214613468
09214611565
09214608557
09214608358
09214606
09214605273
09214603206
09214601929
092146+99883
09214599537
09214597658
09214596104
09214593925
09214593412
09214590659
09214589986
09214589187
09214589087
0921458843
09214587858
09214586673
09214580748
0921458
09214579039
0921457642
092145754
09214573
09214572257
09214571992
09214571834
09214569896
09214567873
09214567358
0921456611
09214565800
09214564796
09214564698
09214561683
09214561580
0921456027
09214560072
09214559840
09214559353
09214559144
09214558507
09214556794
09214555628
0921455562
0921455455
09214551777
09214551661
09214551635
09214550998
0921455
09214547659
0921454682
09214546236
09214545830
09214544799
09214543681
09214543002
09214542956
09214542840
09214542383al
09214542210
09214539883
09214539880
0921453988
0921453902
09214538594
09214537976
09214536349
09214534371
09214532893nel
09214532758
09214532287
09214532
09214531327
0921452887220
0921452616
09214525674
09214524530
09214523660
09214523086
09214522600
09214522505
09214521348
09214521298763
09214520872
09214519582
09214518959
09214517424
09214516899
09214516700
09214516673
09214516216
09214515989
09214515217
09214515118
09214513828
09214512896
09214512176
09214511937
09214511682
092145109
09214508957
092145048
0921450332
09214503017
09214501154
09214500729
09214500331
09214500214
09214500088
0921450008
09214499441
09214499415
09214499344
09214496185
09214495987
09214493107
09214492937
09214492319
09214488337
09214488198
09214487942
0921448777
09214487548
09214487469
09214486536
09214486531
09214485467
092144850
09214484979
09214484216
0921448384
09214482351
09214481828
09214480976
09214479896
09214479539
0921447579
09214474483
09214471522
09214469644
09214469
09214468384
09214467869
09214467507
0921446690
09214465836
0921446583
09214465142
09214464676
09214464672
09214463447
09214461708
09214459368
09214458233
09214457883
09214456636
09214456225
09214451213
09214449600
09214447553
09214446407
09214444796
09214443524
09214442131
09214441621
09214441289
0921444
09214438681
09214436431
09214435784
0921443578
09214435576
09214435565
09214435508
09214433642
09214432135
09214431456
09214428704
09214427712
09214427061
09214426662
09214425338lester
09214423974
09214423035
09214423
09214421169
09214421125
0921442031
09214420307
092144194
09214417540
09214417371
0921441638
09214416080
09214415583
09214415424
09214415329
0921441489
09214414670
09214414205
09214413521
09214413339
09214412912
09214411728
09214411017
0921441
09214409438astig
0921440773
0921440562
0921440519
09214402879
09214402821
09214401538
09214401426
09214400519
092144
09214398624
09214397664
09214397103
09214395760
09214394827
0921439378
09214392919
09214390320
09214389239
09214386088
09214384752
09214383873
09214381793
09214381785
09214380749
0921438
09214379773
09214379730
09214379262
09214378941
09214376742
09214376696
09214375938
09214373264
09214372613
09214372549
09214370535
09214368255
092143659551
09214365943
09214365752
09214365731
092143657
0921436358
09214362267
09214359800
09214359239
09214358082
09214355590
09214354660
09214351851
09214349223
09214349167
09214346638
09214343938
09214342769
092143427
0921434241
0921434060
0921434
09214339967
09214339610
09214339166
09214338526
0921433642
09214336325
09214334117
09214333708
09214332582
09214328804
0921432776
09214327139
09214326474001962
09214325204
09214324195
09214324160
09214323932
09214323373
09214322864
09214322165
09214321161
09214317094
092143170
092143153
09214314569
0921431301
0921431097
09214310458
09214309093
09214308511
09214307696
09214307400
09214306997
09214305989
09214305905
09214305229
09214303921
09214303520
092142999
092142998
09214298544
09214298315
09214297888
09214297314
09214295006
09214292332
09214291665
092142913115
09214290938
09214290756
09214290736
09214288871
09214286092
09214284154
09214283321
09214282659
09214282441
092142798
09214279388
092142768
09214275906
09214274932
0921427359
09214273173
09214273072
092142717136
09214271
09214269446
09214268615
0921426820
09214268062
092142660614
09214264745MARKHALQO6
09214264185
092142625
09214260935
09214260768
09214260297
09214259841
09214259421
09214259197
09214256515
09214254513
09214253586
09214252917
09214252604
09214251997
0921425161
09214249860
09214249711
09214248834
09214247906
09214247306
09214246784
09214246293
09214244603
09214241031
09214240727
09214239576
09214239234
09214238626
09214238
09214235892
09214234006
092142339
09214231644
09214229631
09214228993
09214228587
0921422821
09214225418
09214224558
0921422426
09214222345
09214222296
09214221532
0921422
09214219217
09214219022
09214218367
09214217690
09214217625
09214216424
09214216166
09214215803
09214214990
09214213842
09214213036
09214212692
09214212101
09214211155
09214210jude
09214210016
092142098
09214207125
09214206884
09214206242
09214204231
09214201913
09214201806
092142018
09214201061
09214197797
092141954312
09214195266
09214195006
09214192781
09214192665
0921419224
0921419177
09214191640
09214191526
092141913
09214191167
09214189593
09214188569
09214187442
09214187030
09214186484
09214185023
0921418446
0921418413
09214182805
09214182641
09214182183-9
09214182142
0921418170
09214180937
09214179563
09214179539
092141779
09214177231
09214176553
09214175741
09214173747
09214173240
09214171331
09214169821
09214169020
09214165893
09214165206
09214164377
09214163677
0921416277
09214160772
09214160209
0921415939
09214158999
0921415879
09214157255
09214157058
09214156688
09214155929
09214155873
09214151779
09214149989
09214148615
092141483120
09214146301
09214144808
09214144486
0921414033
09214140254
09214139951
09214139278
092141380
09214137023
09214136961
092141368/425
09214135486
09214135164
09214131691
09214130751
092141288
09214127811
09214127380
09214127021
09214126409
09214124048
09214123104
09214122527
09214121365
09214121
09214120108
09214119517
09214117334
09214116692
0921411566
09214114746
09214114538
09214112804
09214111008
09214108
09214107879
09214107868]
09214106667
09214106321
09214103149
09214102605
092141021
09214099542
09214098103
09214098007
09214097225
09214096173
0921409432
09214092613
09214092350
092140916
09214087669
09214086704
09214083930
0921408383
0921408372
09214081912
09214080061
09214079903
09214077575
09214074967
09214073563
09214071495
09214068203
09214064724
0921406320
09214062939
09214062019
092140620
09214060566
09214060077
09214059937
0921405926456823
0921405926
09214056209
09214055294
09214054732
09214054538
09214053734
09214053296
09214049021
092140475
09214046200
09214044612
09214043067
092140415
09214040973
09214040724
09214040232
09214039597
09214039486
09214038653
09214037915
0921403670
09214035771
09214035521
09214035211
09214033692
09214032785
0921403
09214029156
09214029120
09214028957
09214027260
09214026435
09214025545
09214025442
09214025183
09214022701
09214019793
09214019470
09214015795
09214012034
09214011976
09214010294
09214008284
09214008060
09214007942
09214004784
09214004756
09214004755
09214001655
09214001087
092140
09213999318
09213998900
092139974
092139959011
09213995263
09213994909
09213993769
09213990749
09213990166
09213986846
09213985607
0921398335
09213981951
09213981472
09213981356
09213979546
092139790
09213977298
09213972228
09213970630
0921397
0921396977
09213968574123
09213968389
09213966339
09213963126
0921396209
0921396208
09213961334
09213959559
09213959532
092139580697
0921395731
09213955947
0921395457
09213953941
0921395383
09213952741
0921395188
09213951123
092139504
09213945844
09213945148
09213943881
09213942363
09213941875
09213939
09213938997
09213938813
09213934884
09213934069
09213933214
09213932002
09213931802
09213931630
09213928164
09213927011
0921392590
092139250
09213923613
092139213438
09213920976
09213918090
09213913381
09213911359
09213910132
09213909571
09213901989
09213898904
09213898152
09213896508
09213896
09213894751
09213894256
09213893241
0921389324
09213892108
09213891882
092138915
09213891128
09213891089
0921388881
09213884869chen
09213884728
09213877690
09213876891
09213875245
0921387313
09213872387
09213871932
09213871856
09213870831
09213870
09213867950
09213867811
09213866418
0921386369
09213862525
09213860648
09213859731
09213858294
09213856954..++
09213856954
0921385695
09213856925
09213853244
09213852861
09213852354
09213851876
0921385041
09213849089
09213846030
09213844001
09213837970
09213836304
09213836
09213835529
09213833jbl
09213832795
09213832
09213830338
09213827116
09213825803
0921382382
09213822081
09213819966
092138199
09213815333
09213812917
09213810501
09213809923
09213806075
09213805942
09213803299
092138
092137966
09213796171
09213794499
09213794435
09213793715
09213793179
09213788762
09213787164
0921378501
09213784702
09213780614
09213779578
09213779267
09213778726
09213778406
09213773949
09213773809
09213772502
09213771625
09213771426
09213768899
0921376619
09213765132
092137650
09213761956
09213760777
0921376066
092137604
09213760285
09213759312
092137582803
09213757906
09213755354
09213754173
09213753900
092137523
09213751737hnifipp14308
09213750182
09213748156
09213747896
09213746898
09213745688
09213744825
09213742523
09213742004
09213739335
09213738393
09213737
09213735835
09213730740
0921372689
092137248721
09213724872
09213713097
09213712935
09213712161
0921371
0921370a
09213707595
09213705006
09213704066
09213703113
09213701405
09213698521
09213697970
09213695983
0921369596
09213695037
09213692489
09213692426jhan
09213691256
09213690406
09213690228jc
09213690217
09213690007
0921368891
09213688644
09213688442
09213687250
09213680016
092136789154
09213677512
09213677434
09213677357
09213675855
09213673412
0921367324
092136727771
09213670106
09213670084
092136691012783tvbs
092136684
09213667418
0921366521
092136640
09213662793
0921366268
09213660070
092136584
09213657690
092136568454
09213655574
0921365402541
09213653789
09213653564
09213652715
092136515
09213650696
09213649906
09213647567
09213644734
09213643700
0921364203
0921364122
09213640614jv
0921364028
09213639793
09213639715
0921363803
09213636616
0921363644
09213636356
09213636087
09213635336
09213632260_1811
09213631855
092136278
09213627214
09213623117
09213623080
092136167485
0921361658
09213611534
09213606756
092136067
09213606596
09213604366
09213604113
09213603362
09213601884
09213601840
0921360152
09213601433
09213599837
0921359944
09213599330
09213598959
09213597217
09213596317
09213596198
09213596001
09213594298
09213593401
09213590493
0921359029
09213589943
09213589716
092135894
09213588619
09213588425
0921358794
0921358761509284464552
09213583312
09213581359
09213579268
09213578865
0921357869
09213576487
09213575944
09213575446
0921357544
09213575150
09213574831
09213574328
09213574173
09213574034
09213572181
09213567127
09213566497
09213566103
09213566091
09213565902
0921356529
09213565
09213564827
0921356367
092135630
09213561864
09213561426
09213560571
0921356
09213558134
09213557805
092135573
0921355648
09213554637
09213552049
0921355176
09213548674
09213548100
09213547646
0921354674
09213545688
09213543119
09213542645
09213542591
09213537009
09213534772
09213532693
09213532605
09213530942
09213530233
09213526073
09213524915
09213524601
09213523295
09213523203
09213520861
09213520055
09213518429
09213515
09213514127
09213514026
0921351129819
09213510875
09213510862
09213506349
09213505155
092135047
09213503878
09213503524
09213502613
09213501830
09213501322
092135012
09213500151
092134q
09213499320
0921349857
09213497410
09213497269
09213497225
09213496797
09213496615
09213495798
09213494312
09213488005
0921348629
09213481760
09213477221
09213473487
09213473309
09213472538
09213471559
0921347
09213469673
0921346950
09213469429
09213468402
09213466323
09213466204
09213465461
09213464251
09213457160
09213456564
09213456
09213453742
09213453148
09213452380
0921345236
09213451077
09213448207
09213448164
0921344669
0921344548
09213443376
09213442148
092134395
09213438110
0921343774
09213436108
09213436
09213435378
09213434240
09213434153
09213431575
092134285
09213428
09213427502
09213425976
09213423449
09213421881
09213421722
09213419779
09213418192
0921341084
09213409114
09213409106
09213408552
09213407105
09213406894
09213406528
09213403085
09213402504
09213398605
09213397453
09213397301
092133965481
09213392092
0921338897
0921338699
09213384551
09213383906
09213382773
09213381001
092133807
09213380595
09213378175
09213375
09213374586
09213373960
09213373913
09213373385
09213372373
09213371739
09213371326
09213370491
09213369099
09213368732
0921336645789
0921336629
09213365543
09213365354
0921336133
09213360039
09213359212
09213358408
09213356013
092133553
09213353951
09213348159
09213348154
09213345617
09213343891
0921334325
0921334177
09213340919
092133393
09213335532
09213334898
09213330977
09213330
09213322130
09213317749
09213316431
0921331578
09213315692
09213311889
0921331132
09213311260
09213310578
092133089
09213305204
092133039205
09213303071
09213298662
09213291541
0921328602
092132854
09213283355
09213277244
0921327680
0921326981
09213269662
09213269298123
09213269166
09213266772
09213264040
09213263415
09213263065
09213262175
09213261959
09213259573
09213259261
092132587479
092132561
0921325223
09213252
09213251286jellygladys
09213251286
09213250850
09213249289
0921324927karlitadayanna@
09213246839
09213245856
09213237713
09213236779
0921323644
09213233902
09213233838
09213233291
0921323325
09213232960
09213230890
0921323056
09213229947
09213229823
09213228214
0921322645
09213225608
09213225480
09213225396
09213224602
09213223913
09213223089
09213222795
09213221293
0921322013
09213219145
09213218921
09213218017
092132166
0921321654
09213216209
09213215133
09213214-topher
09213213950
09213212293
092132122854
09213211788
09213211428
09213211308
0921321092
0921321
0921320841
09213208114
09213207231
09213205562
09213205435
09213205063
09213204857
092132042219
09213203036
09213202537
092132012001
09213200396
09213198655
092131985
09213198381
0921319759
09213197477
09213196750
09213194509
09213194321
092131929137
09213190932
09213190859
09213190485
09213188511
09213187220
09213186608
09213186361
09213186
092131847
09213183675
09213179580
09213178889
09213178164
09213177925
09213172968
09213172826
09213172809
09213171940
09213171817
09213170777
09213170757
09213169903
09213167639
09213166131
0921316534
09213165241
09213165179
092131642
09213164013
09213164
09213163202
09213163102
09213162650
092131621288123
09213161500
0921316144
09213159415
09213158824
0921315882
09213158617
09213157263
09213156958
09213153970
092131537
09213153245
09213152615
09213151906
092131511919355
092