
088770patty
08877
088769691
088766454
08876592
088765633
088765103
088764691
088763453
088761956
088761950
088761762
088761430
088760702g
088760539
088760
0887571368
088756
0887547573v
088754445
08875377
08875314
088752515
088752302299
088751436
0887510538
088750701
0887504745
08875
088749006d
088748q
0887480199
08874589
0887456572
088742685
0887415157
088741488
08873p
0887396266
088739517089
088738856
088737715
08873671
088736471
088736
088734584
088731
088730759
088730605
088730533
088729255
088729
088727361
088726989a
08872683
088726417
088726
088725930
088725255
088724440
0887236
088723
088722490
08872239
088722272
088721793
0887206
088720403
08871995
0887197
088718947
088717181
088717
08871562
088714462
088714326
088712340
088711419
088711
08871098
08870997
088709390
088708030
088708
08870783
088707688051485
088707129
0887070g
088707005
088705
0887036970
088701506
0887
0886mj
0886mette
0886gx7
0886bonita
0886a997
0886FAU
08869717
088697
088696806
088696582
088695
0886949
088693917
0886925223
088690t
0886904611
0886903079
088689500
088688846
088688844
088688596
0886884009
088687153
08868686
088686
08868539
088685329
088684761
088683821j
088683370
0886831336
088682749
088682
088677168
088676605
088676
08867590
088674111
088671944
08867035504
08867
08866vyncj
088669948
088669412
088668866
088666154
0886644max
088663954
088663588
088663264
0886625672
0886625060165522909088232223
088662108
088661657
0886616
088661115
088660653
08866
088659424
088658403
088657105
0886566756
088656386
088656059
088656
088655868
088655861
088653919
088653
0886515600
088647017
0886459309
0886458046
08864532371
0886452165
0886445537
0886437716
0886437332
08864345
0886432105
0886429635
0886428931
088642779
0886424704
0886420760
0886420238
0886416284
0886415242
088641516
0886406741
0886405702
0886404615
0886394934
0886391046
0886388
0886384607
0886383502
0886375848
0886374465
088637080
0886364417
088636210
0886361
0886347435
0886346maria
0886345190
088633466
08863304915
0886325998
088632079
0886319591
088630
08863
088629907
0886289277
088627
0886269531
088626053
088626023123
088625547
08862548370
088625069
088624
088620455
0886200602
08862
08861alg
08861986gandala
0886198431
0886198162
0886197052
0886196746
0886192973
088619143
088619
0886187671
0886186391
0886186007
0886183031
0886182689
0886181193
0886181034
0886176617
0886176546
0886171162
0886168515
0886167482
0886165587
0886162822
0886162500
0886162
0886160013
088616
0886153116
0886150376
0886148907
088614458
088614311
0886137306
088613600
0886131537
0886131484
0886130256
088613
0886129008
0886127741
0886126641
0886124864
0886124460
088612358
0886122163
0886121532
0886120960
088612
0886118910
0886118107
0886117601
0886116892
0886111920
088610795
0886106168
08861041446
0886102406
088610114
0886101123
088610
088609299
088607578
088606301
088605869
08860457
088604
088603315
088603294
088603092
088603
088600674
088600194
0886**b
0886
0885trinida8321
0885rockyou
0885may21.
0885jim
0885h9288c
0885gc
088598995123
088597245
088597113
088597
08859489
088594320
0885926010
088592
08859113
088589935
088589368
0885889595
0885885888
088588430
088588248
088588
088587851
088586480
08858642
088585872
088584923
08858455045
088583616
088582514
08858249
088582396
0885823
088580148987
088580
088579
088577805
088577
088575834
08857521
0885747285
0885736
088573310
088572193
088570
08857
088568
088567253
088566
08856425
0885637911
088563
088560970
088560896
0885606003
088560254
0885601488
088560
0885588552
08855880
088558717
088558357
088557739
08855746
088556763
088556688
088556644
088556581
088555949
088555405
0885543021
088554044
088554
088553851
088553
0885522
088550970
08855013162
088548832
088547110236
08854647
08854572
088544774
0885440218
088544017
08854278650
088542687
088541194
088540833
08854010
08854
08853aniev
088538623
088538556z
0885385
0885384473dna
088538256
088537983
0885371
0885342115
088534
088533509
0885333580902
088532778
088531331
088530317
088530261
088530
088528
088527940
088527653
088525942
0885251769
088525070
088524m
088524339
088524
0885218920
088521784
0885217802
0885216
088521453
088521253
088520846
088519497
08851939
08851880
08851876
088518374
088517810
088515998
088515
08851037
08851
088509442
08850931181
088509176
08850890391
08850885
088508684001
088506593
088506244
08850599
088504510
088502014
08850010509
08850
0885
0884POL21
088499518
088499
088498213
088497
0884942
088491746
088491
088490003
088490
088489
088487526
088486800
088486430
088486165
088485548
0884830162
088482
088481810
08848000
088479702321321
088479702
0884785984
088476001
0884743387
088470675
088470
08846po
088467
0884665475
08846523127
088463981
0884596243
088458188
08845589f
08845589
0884530
0884512052
088450832
0884504941889238
088450301
08845
08844rivej
088449546
0884485
088448
088447495
088446
088443154
088442651
0884425
088442140
08844203
088442
088441130
08844
088439819
08843816
08843801
088438
088437828sa
088437826
0884374al
088436452
08843535
088435106
088434612
088433995
088430
088429177
088428376
0884261
088425
088424464
088423536
088422808
088422611
088421
088420663
088419430
08841864330
08841810
0884170
08841656
088416538
088415
088414020
088412436500
088412
088411
0884109
088410876
08841066
08840884
088408412
088408
08840795
088407724
088406
08840549290
088404152
0884037164
088402617
0884002
0884
0883fien
0883d3b3
0883c115
0883agtdv
08839katherine
088399600
088398
0883979200
088396513
088393521
088391034
0883901836
088385211ronald
088384828
088384338
088384
08838380
0883836
0883832
088383
088381944
088381658
088381304
088381
088380883
0883808
08838
088379847
0883796
08837957388
088376452
088372
08837
08836485
0883635
088362380
08836159532
0883609260
088358224
088357676
088357519
0883555082
088354136
088353055
088352505
088351361135
0883512
0883500678
0883481129
088348
0883471
088347
088346838
088345770
0883453601
088345
0883435034
088343472
0883426715
088341864
088340
0883370
088335
088334360
088334166
08833322
0883320509
08833171
0883310378
088330
088328273
088327814
0883271523
08832667
088326498
0883248709
088324852
088324770
088324276
088323688
0883236769
088323228
088323
0883214212
0883213099
088321088
088318914
088318770
088316936089
088316936088
088316367
088316050
08831563
0883124
0883123m
088311803
0883115202
0883113412
088311234
08831049
088310110
08830955
0883093425
0883078632
088307
088306719
0883063
08830609
0883057739
0883050056
088304567
0883045253
0883045122
088304503
088303412
0883029274
0883024494
0883024192
088302407
0883012
0883009848
08830094
088300765
088300763
0883004194
0883002526
088300
0882ycdak
0882mel
0882kate
0882iwdsp
0882990m
088297
088295118
088293380
08829114
088290959
088290554
08829
088289048
088288474
088287971
088287635
088287584
088285755
088284894
088284533
088284
088283240
0882831351
088283
0882819
088281438
088280
088279n
088279764
088278
088275897
088275779
088275362
088273
0882725596
08827237586
088272
0882714922
0882713435
0882696
088269229851081
088268aj
08826524
08826521170
088265
0882647420
088263
088260259
088260186
08826
0882581j
0882560477
088256
0882553252
088255088
088254886
088254417
088251729
0882514
088251204
08825089
08825080
0882504628
0882500123
08824ofapx
08824aaysf
088249623
0882489
088247
088246398
088246143
088245961
088244040
088243608
0882434837
08824323501
0882427
088241979
088240651g
088238359
088238
088237
08823608570128318949
088235
088234949
0882341s
08823391
0882332731
088231633
08823144590125902968
0882311448
08823106521987
0882308823
0882300105010
08823
08822giggle
088229797
088229
0882289894
0882286635
0882282955
0882281285
088227918rojo
0882275
088226426
088226344
0882261903
08822521
088225
08822415
088224092
08822403
088223261
08822321
088222417
088221584
088221443
088221182
088221133
0882209355
088220899li
0882206829
088220260
088219645
0882196354
088219
088218988
0882184903
088218
088217983
088217
08821683
088216769
088216269
088212246
088212
088211804
088210kj00
088210200
0882095400
0882095047
0882094253
0882094167
088208e
088208003
08820785
088206974
088205335
088202
088201200CTA
088201
08820
0881scdc
0881lot
0881aiko
08819962539
088199493
08819945439
0881993
0881987
0881976
088196742
088196
088195520
088195054
088193965
08819321906
088193190
088193
088192332
08819214478
08819095883
08819063191
08819
0881888
0881885
0881882j
088188216
0881881
08818701
088187
088186601
088186283
088185741
08818485
08818342
08818251076
088181464
0881814
088180613
08818030
08818
08817949
088179305
0881791
088179098
088177293
088176183
088175427
088174256133
088171148
088168383
088167436
088166635
088165633
088165210
0881649
088164131
0881633
088163
08816218926
08816000832
0881598736
0881593
08815890ago
08815880
0881586
0881583
088158
0881578
088157632
088157615
088157417
088157
088156100
08815525403
08815506047
088154891
08815469513
088153534
088153504h
0881521227
088151814
088151
0881504060
0881498902
08814795
08814790
088147354
0881467133
0881461986
08814556856
0881453189
08814491
088143003
0881399
08813592
08813549013
088135136
08813507475
0881343
088134
088133122100
08813268056
0881326
08813175703
088131
088130969
08812848772
088128245
088128
08812798260
088127531
088127151
088125073
0881244916
0881243715
088124365
0881231
0881225715
088122515
088122399
088122
0881215302
0881213639
0881213135
08812116
08812111828
0881209801
088120921
08812055578
088120439
0881203418
0881199
0881192663
08811828
08811795
0881177891
088117
0881169205
0881168006
08811676093
0881156687
088115202
0881147
08811430
088113446
0881134094
08811186
08811178
088111
0881105561
0881101091
0881100447
088109885
0881097
088109624
08810881
088108514ba
088106703
088104220996
0881038100
088103
08810137
088101
0881006
0881002429
0880sum
0880sapo
0880ma
0880lomeli
0880li
0880jay
0880escala
0880erirah
0880barba69
0880aug
0880a6
0880_jassie_
0880Juan2416
088099460
0880987
08809715
0880966912453247
088096
08809524
088094818
088094370
088093461
088093
0880908700
0880908250
08809000
08808wp
0880897200
0880894955
088089
088088544
088088452
088088088
088088038
088087314
088086
088084107
0880832758487
088082194
088080208
088080181
08808008
08808
088079963
088079057
08807893
088077643
088077
08807699
0880769
088076842
088076799
088076434
088075
088073852
08807233214
0880713654
0880711146
088071
0880709110
0880704525
0880702663
088070228
0880692
0880691200
0880691035
08806910
088068786
0880687523
08806870
088068
088066692
0880666
088066
08806575
088065503
088064565
08806456
088064158
088063255
088063085
088061467
0880606006
088060494
088059814carolina
088059
088058940
0880588
088058472
088057kh
0880576
088057225
0880555
088054
088053100
088051705
088051373
088051303
088051053
088050
08805
088047395
088044329
088043174
0880421664
088042
088040097
08803826
088037419
088037
0880359656
0880359205
088035788
08803578
0880356603
088035444
088034649
088034603
08803420
0880334560
0880326745
0880325739
0880320086
0880316492
0880315100
0880311860
0880311
0880306368
088030
08802a
0880298692
0880298628
0880294874
0880292637
088029209
08802908
088028940
088028
088027028
0880265*
0880263
088026208
088025721
08802525
08802513
08802479
08802474
088024535
088024290
08802402
088024
088023731
088023715
08802332
088022730
088022435
0880219455
0880217568
08802166
08802106
0880205
0880204
08802
08801990950
088019239
08801923596nook
08801905
088019037
088019
088018690
0880179858
088017795
088017263
088016545
08801638
088015597
088015081
0880144799
088014
0880139813
088013022
08801296
0880124938
0880124479
088012279
088012157
08801200712
088012
08801123
0880102235
08801
088009ok
0880093
088008810883
088008800880
088008006
08800773
088007530
088007486
0880070
088007
088006215
08800550
088005143
088005
08800411
08800401
088003696
088002763
088002693
088002043
088002
0880015029
088001105
0880008
087xd786
087von
087thd
087shoes087
087sammie
087salsta4
087rahim
087pom2439069
087nj494@
087mol
087mile
087m32w
087luvArMzKito
087lucky
087lucie
087lbw
087kjs
087kinaffe
087k3790966e
087jack
087home
087goHm3006632
087fiona
087der
087deeiscool
087dad
087coqui
087christmas
087biw2109720
087ann125
087ahmad
087abc
087_6555057
087JunOh
0879ross
0879ipk
0879dnezm
0879coco
0879LT
0879Jon26
0879ANGIE
0879999756
0879999480
0879999335
0879999175
0879999037
0879998995
0879998730
0879998589
0879998379
0879998310
0879998203
0879997966
0879997915
0879997785
0879997678
0879997335
0879997129
0879997059
0879997036
0879996925
0879996901
0879996807
0879996786
0879996739
0879996179
0879996151
0879995675
0879995450
0879995329
0879995145
0879995070
0879994940
0879994725
0879994711
0879994302
0879994020
0879993976
0879993936
0879993595
0879993329
0879993142
0879993033
0879992914
0879992858
0879992850
0879992751
0879992626
0879992519
0879992365
0879992274
0879992239
0879992174
0879991994
0879991841
0879991806
0879991589
0879991360
0879991249
0879991190
0879991087
0879991068
0879990687
0879990603
0879990388
0879990345
0879990136
0879989576
0879989569
0879989338
0879988831
0879988599
0879988548
0879988059
0879987695
0879987373
0879987266
0879987230
0879986169
0879986156
0879985910
0879985883
0879985777
0879985660
0879985308
0879985071
0879984397
0879983964
0879983233
0879982866
0879982686
0879982352
0879982341
0879982
0879981265
0879980651
0879980419
0879980386
0879979929
0879979579
0879979550
0879979377
0879978984
0879978768
0879978529
0879978185
0879978067
0879978055
0879977622
0879977585
0879977545
0879977359
0879977269
0879977062
0879976960
0879976920
0879976845
0879976765
0879976703
0879976509
0879976342
0879975950
0879975829
0879975747
0879975600bin
0879975600BIN
0879975573
0879975406
0879974990
0879974741
0879974571
0879974173
0879974076
0879974051
0879973986
0879973961
0879973827
0879973795
0879973575
0879972969
0879972713
0879972636
0879972535
0879972477
0879972393
0879972262
0879972257
0879971862
0879971848
0879971542
0879971418
0879971183
0879970746
0879970734
0879970396
0879970139
0879970136
0879970098
087997
0879969899
08799698810879966909
0879969790
0879969719
0879969690
0879969496
0879969105
0879969032
0879968949
0879968657
0879968628
0879968374
0879968209
0879968192
0879967987
0879967920
0879967520
0879967509
0879967336
0879967323
0879967209
0879967163
0879967060
0879966841
0879966341
0879965729
0879965696
0879965321
0879964980
0879964777moc
0879964741
0879964349
0879963759
0879963748
08799632006
0879962871
0879962794
0879962170
0879961956
0879961841
0879961607
0879961580
0879960565
0879960340
0879960339
0879960214
0879960181
0879960135
0879959710
0879959661
0879959499
0879958958
0879958835
0879958784
0879958344
0879958313
0879958257
0879957949
0879957760918
0879957717
0879957641
0879957592
0879956439
0879956341
08799562903
0879956192
0879955887
08799556090800169981
08799555888
0879955588
0879955522
0879955419
0879955215
0879954515
0879954322
0879954226
0879953637
0879953554
0879953383
0879952741
0879952671
0879952393
0879952261
0879952119
0879951871
0879951480
0879950895
0879950752
0879950718
0879950701
0879950486
0879950431
0879950343
0879950226
0879950207
0879950177
0879950107
0879949950
0879949317
0879949235
0879948915
0879948802
0879948788
0879948633
0879948198
0879947961
0879947957
0879947859
0879947852
0879947791
0879947790
0879947720
0879947281
0879947278
0879946903
0879946725
0879946632
0879946575
0879946375
0879946245
087994557
0879945542
0879945234
0879944877
0879944726
0879944549
0879944355
0879943074
0879943025
0879942996
0879942588
0879942422
0879942340
0879942199
0879941996
08799419411
0879941436
0879941271
0879941196
0879941127
0879940845
0879940792
0879940562
0879940557
0879940458
0879940254
0879939864
0879939773
0879939768
0879939744
0879939359
0879939332
0879939080
0879938912
0879938900
0879938748
0879938678
0879938411
0879938395
0879938232
0879938168
0879938047
0879937817
0879937506
0879937115
0879937010
0879936982
0879936859
0879936358
0879936017
0879935664
0879935569
0879935085
0879934948
0879934909
0879934630
0879934629
0879934562
0879934420
0879934227
087993418
0879933995
0879933936
0879933785
0879933557
0879933445
0879933354
0879933
087993259
0879932575
0879932557
0879932448
0879932333
0879932326
0879932269
0879932084
0879932048
0879931970
0879931829KANLAM
0879931810
0879931175
0879930546
0879930373
0879930368
0879930106za
0879929567
0879928595
0879928195
0879928086
0879927948
0879927301
0879927228
0879926834
0879926801
0879926618
0879926001
087992562
0879925421
0879925412
0879924806
0879924760
0879924
0879923414
0879922702
0879922575
0879922502
0879922391jj
0879922314
0879921589
0879921565
0879921402
0879921400
0879921148
0879921007
0879920994
0879920867
0879920566
0879920545
0879920232
0879920149087945
0879920087
0879920014
0879919891
0879919788
0879919588
0879919290
0879918876
0879918664
0879918653
0879918030
0879917515
0879917308
0879917209
0879916900
0879916806
0879916610
0879916128
0879916120
0879916067
0879915981
0879915469
0879915215
0879915080
0879914948
0879914821
0879914789
0879914776
0879914480
0879914428
0879914136
0879914117
0879913899
0879913860
0879913657
0879913256
0879912996
0879912885
0879912569
0879912463123
0879912370
0879911983
0879911927
0879911828
0879911687
0879911418
0879911096
0879910532
0879909972
0879909875
0879909740
0879909425
0879909122
0879909102
0879908361
0879907984
0879907895
08799075
0879907201
0879907121
0879907115
0879906768
0879906730
0879906227
0879906104
0879906004
0879905922
0879905864
0879905818
0879905743
0879905736
0879905706
0879905422
0879905045
0879904998
0879904972
0879904843
0879904136
0879904003
0879903849
0879903716
0879903523
0879903520
0879903125
0879902869
0879902757
0879902671
0879902540
0879902435
0879902246
0879902145
0879901699
0879901634
0879901346
0879901318
0879900966
0879900745
0879900479
0879900296
0879900168
0879900076
08798favqr
0879899989
0879899968
0879899868
0879899702
0879899614
0879899518
0879898973
0879898867
0879898849
0879898845
0879898432
0879898304
0879897990
0879897551
0879897272
087989721627
0879897165
0879896660
08798964
0879896191
0879895333
0879895261
0879895258
0879895171
0879894850
0879894511
0879893972
0879893691
0879893237
0879893141
0879893103
0879893068
0879892637
0879892528
0879892527
0879892078
0879892038
0879891693
0879891396
0879890312
0879890284
0879890066
087989
0879889969
0879889806
0879889496
0879889440
0879889338
0879888992
0879888826
0879888632
0879888502
0879888419
0879888330
0879888241
0879888105
0879888044
0879887990
0879887928
0879887605
0879887412
0879887399
0879886758
0879886135
0879885790
0879885697
0879885429
0879885412
0879885007
0879884545
0879883926
0879883869
0879883867
0879883494
0879883422
0879883379
0879883038
0879882939
0879882809
0879882737
0879882321
0879882109
0879881947
0879881782
0879881508
0879881439aofnan
0879881334
0879881263
0879881253
0879881153
0879880965
0879880409
0879880045
0879880030
0879879561
0879879510
0879879509
0879879465
0879879321
0879878856
0879878178
0879878099
0879877799
0879877303
0879876763
0879876406
0879876230
0879875953
0879875465
087987498971
0879874903
0879874695
0879874649
0879874472
0879874307
0879873708
0879873384aim
0879872885
0879872096
0879871955
0879871786
0879871424
0879871144
0879871133
0879870407
0879870236
0879869655
0879869020
0879868774
0879868277
0879868275
0879867800
0879867563
0879867540
0879867330
0879866887
0879866575
0879866442
0879866391
0879866237
0879866199
0879865924
0879865782
0879865233
0879865163
0879864933
0879864702
0879864515
0879864351
0879864088
0879862585
0879862270
0879861691
0879861117
0879861044
0879861006
0879860651
0879860352
0879860230
0879860157
0879860144
087986
0879859801
0879859212
0879859168
0879859003
0879858920
0879858284
0879857593
0879856757
0879856679
0879856380
0879855662
0879855140
0879855112
0879855082
0879854993
0879854717
0879854657
0879854568
0879854321
0879853236
0879853077
0879853069
0879853032
0879852724
0879852704
0879852614
0879852500
0879852397
0879852363
0879852349
0879852076
0879852020
0879851330
0879850991
0879850353
087985
0879849909
0879849816
0879849798
0879849088
0879848905
0879848480
0879848243
0879848230
0879848222
0879847714
0879847507
0879847287
0879847195
0879846942
0879846900
0879846863
0879846722
0879846636
0879846460
0879845358
0879845258
0879844886
0879844624
0879844532
0879843367
0879843291
0879843014085230
0879842163
0879842157
0879841579
0879841513
0879841228
0879841209
0879841195
08798400400
0879840025
087984
0879839932
0879839800
0879839659
0879839608
0879839542
0879839295
0879839199
0879839062
0879837954
0879837451
0879837003
0879836973
08798367888
0879836633
0879836010
0879835964
0879835591
0879835532
0879835482
0879835391
0879834513
0879834249
0879833832
0879833220
0879832814
0879832515
0879832418
0879831815
0879831311
0879830858
0879830607
0879830412
0879830349
0879830015
0879829261
0879828973
0879828957peezak
0879828957
0879828944
0879828937
0879828291
0879827708
0879826876
0879826598
0879826055
0879825972
0879825383
0879824943
0879824903
0879824744
0879824365
0879824322
0879824218
0879824115
0879823108
0879823036
0879822029
0879821318
0879821070
0879820807
0879820336
087982
0879819919
0879819858
0879819849
0879819458
0879819130
0879818940
0879818877
087981850
0879817887
0879817783
0879817746
0879817559
0879817490
0879817475
0879817214
0879816943
0879816878
0879816349
0879816178
0879815749
0879815735
0879815701
0879815391
0879815167
0879815038
0879814289
0879813369
0879813352
0879813252
0879813176
0879813088
0879812726
0879812692
0879812425
0879812322
0879811665
0879811421
0879811185
08798106669
0879810365
0879810262
0879810158
087981
0879809713
0879809705
0879808949
0879808533
0879808305
0879808277
0879807334
0879807318
0879806536
0879806342
0879806310
0879805939
0879805705
0879805402
0879805097
0879804839
0879804643
0879804460
0879804271
0879803939
0879803617
0879803251
0879803222
0879803208
0879802997
0879802992
0879802674
0879802324
0879802016
0879801o86
0879801470
0879801066
0879800866
0879800585
0879800398
0879800390
0879800299
0879800234
0879800175/
08798
0879799928
0879799921
0879799750
0879799722
0879799611MOOp
0879799334
0879798924
0879798373
0879798230
0879798201
087979795
0879797564ninGno
0879797479
0879797418
0879797330
0879797277
0879797268
0879797177
0879796968
0879796680
0879796426
0879796139
0879796097
0879795874
0879795819
0879795775
0879795376
0879795212
0879795006
0879794602
0879794377
0879794370
0879794083
0879793955
0879793952
0879793923oab
0879793679
0879793452
0879793423
0879793134
0879792815
0879792151
0879791531
0879791329
0879791143
0879791031
0879791009
0879790494
0879790171
0879790118
0879789649
0879789615
0879789532
0879788309
0879788285
0879787886
0879787212
0879786731
0879786652
0879786578
0879786341
0879786244
0879786207
0879785923
0879785877
0879785674
0879785504
0879784867
0879784596
0879784384!!
0879783832
0879783715
0879783637
0879783383
0879783263
0879783199
0879783093
0879782653
0879782245
0879781877
0879781755
0879781548
0879781378
0879781375m
0879780997
0879780613
0879780568
0879780121
0879780093
0879780054
087978
0879779957
0879779872
0879779770
0879779593
0879779569
0879779202
0879779118bow
0879779095
0879779063
0879778931
0879778910
0879778847
0879778721
0879778058
0879777897
0879777825
0879777760
0879777729
0879777673
0879777620
0879777112
0879776866
0879776797
0879776252
0879775887
0879775715
0879775651
0879775465
0879774933
0879774820
0879774287
0879774200
0879773958
0879773386
0879773156
0879773102
0879772708
0879772615
0879772281
0879772011
0879771732
0879771475
0879771137
0879771060
0879771059
0879770953
0879770122
0879770050
087977
0879769564
0879769531
0879768965
0879768704
0879767785
0879767783
0879767682
0879767483
0879767374
0879767307
0879767150
0879766930
0879766786
0879766657
0879766622
0879766301
0879765856
0879765059
0879764717
0879764675
0879764303
0879764197
0879764069
0879764021
0879763822
0879763611
0879763401
0879763353
0879763318
0879763181
0879762805
0879762102
0879761902
0879761603
0879761540
0879761491
0879761328
0879761322
0879761008
0879760841
0879760661
0879760163
087976005
0879759989
0879759680
0879759607
0879759374
0879759089
0879758139
0879757933
0879757748
0879757390
0879757
0879756905
0879756590
0879756409
0879755655
0879755551
0879755100
0879754844
0879754663
0879754629
0879754476
0879754215
0879754117
0879754061
0879753918
0879753917
0879753735
0879753105
0879753005
0879752969
0879752690
0879752639
0879752505
0879752395
0879752302
0879752024
0879751967
0879751319
0879751176
0879751096
0879751042
0879750781
0879750778
0879749774
08797494
0879749052
0879748719
0879748022
0879747566
0879747543
0879747118
0879746423
0879746169
0879745998
0879745778
0879745585
0879745286
0879745062
0879744512
0879744491
0879744404
0879744217
0879744164*
0879744036
0879743670
0879742725
0879742697
0879742494
0879742100
0879741505
0879741491
0879741072
0879740779
0879740739
0879740724
0879740618
0879740392
0879740143
087974
0879739635
0879739333
0879739330
0879739047
0879738759
0879738693
0879737878
0879737791
0879737471
0879736685
0879736234
0879735819
0879735797
0879735461
0879735360
0879735131
0879733803
0879733567
0879733242
0879733162
0879732272
0879731438
0879731415
0879730864
0879730761
0879730448
0879730206
08