38
0876010923
0876010886
0876010822art
0876010713tn
0876010639
0876010546
0876010107
0876010055
0876009813
0876009735
0876009628
0876009616
0876009493
0876009429
0876009253
087600898722
0876008958
0876008949
0876008938
0876008733
0876008731
0876008560
0876008443
0876008295
0876008288
0876008258
0876008225
0876008218
0876008054fas
0876007805
087600736121
0876007345
0876007183
0876007101
0876007071
0876007029
0876006956
0876006926
0876006846
0876006813
0876006628
0876006613
0876006566
0876006553
0876006509
0876006233
0876006164
0876006133
0876006082
0876006020
0876005939
0876005751
0876005636
0876005568
0876005402
0876005311
0876005128
0876005110
0876005004
0876004909
0876004761
0876004717
0876004467
0876004300
0876004296
0876004212
0876004098
0876004089
0876003806
0876003792
0876003436
0876003344
0876003305
0876003101
0876002889
0876002648
0876002353
0876002249
0876002228
0876002137
0876002122
0876001728
0876001715
0876001577
0876001487
0876000956
0876000843
0876000754
0876000657
08760005047
0876000504
0876000370
0876000331
0876000179
087600
08760
0876+366367
0876+36
0875wyhra
0875sol
0875mf
08759998993299
0875999708
0875999671
0875999657
0875999649
0875999281
0875999233
0875998334
0875997249
0875997076
0875996992
0875996966
0875996567
0875995652
0875995632
0875995546
0875995351
0875995290
0875994921
0875994637
0875994268
0875994005
0875993237
0875993117
0875993051
0875992675
0875992327
0875991646
0875991572
0875991300
0875991183
087599100789
0875990959
0875990871
0875990554
0875990544
0875990467
08759902
0875989375
0875989208
0875989147
0875989060
0875988801
0875987946
0875987707
0875987249
0875987093
0875987027
0875987026
0875986418
0875985989
0875985873
0875985372
0875984938
0875984708
0875984610
0875984262
0875983982
0875983727
0875983701
0875982774
0875982702
0875982139
0875981717
0875981631
0875980893
0875980656
087598
0875979852
0875979328
0875979229
0875979207
0875978048fang
0875977745
0875977197
0875976995
08759765291622
0875976497
0875976399
0875976040
0875975741
0875975440
0875975416
0875975085
0875974763
0875974546
0875974542
0875974107
08759738885
0875973708
0875973572
0875972955
0875972712
0875972446
0875972326
0875972008
0875970979
0875970075
0875969989
0875969926
0875969671
087596886
0875968781
0875968469
087596784485
0875967667
0875967211
0875966431
0875966069
0875965996
0875965886
0875965769
0875965541
0875965435
08759645398157
0875964381
0875963876
0875963508
0875963370
0875962737
0875962381
0875962321
0875961847
0875961818
0875961638
0875960931
08759607
0875959761
0875959566
0875959212
087595863
0875958117000000
0875957598
0875957085
0875956827
0875956644
0875956335
0875955951
0875955788
08759550
0875954744
0875954642
0875954417
0875953503
0875953051
0875953010
0875952986
0875952973
0875952906
0875952551
0875952520
0875952464
0875952379
0875952003
0875951687
0875951561
0875951496
0875951395
0875951336
0875950991
0875950782
0875949810
0875949380
0875949087
0875948447
0875947945
0875947811
0875947573
0875947281
0875947104
0875946317
0875946123
0875945675
0875945458
0875945096
0875944941
0875944218
0875943464
0875943183
0875942786
0875942724
0875942348
0875941839
0875941654
0875941419
0875940968
0875940672
0875940467
0875940453
0875940382
0875940338
0875939982
0875939539
0875938970
0875938819
0875938726
0875938648
0875938404
0875938182
0875937966
0875937861
0875937809
0875937780
0875937712
0875937556
0875937461
0875937396
0875936922
0875936207
0875936
0875935548
0875935423
0875934430
0875934403
0875934010
0875933985
0875933677
0875933075
0875933038
0875932606
0875932497
0875932470
0875932389
0875932128
0875931887
0875931813
0875931484
0875931448
0875931182
0875931012
0875930756
0875930559
0875930368
0875930005
087593
0875929810
0875929493
0875929479
0875929134
0875928896
0875928334
0875928154
0875927780
0875927614
0875927371
0875926542
0875926474
0875925902
0875925624
0875923926
0875923661
0875923251
0875923211
0875922996
0875922947
0875922929
0875922414aaa
0875922219
0875922128
0875921915nam
0875921728
0875921677
0875921145
0875920708
0875920686
0875920367
0875919935
0875919441
0875919085
0875919025
0875918240
0875918219
0875917994
0875917297
0875917057
0875915910
0875915837
0875915582
0875914696
0875914259
0875913360
0875913355
0875913308
0875912834
08759127439
0875912600
0875912309
0875912283
0875911995
0875910567
0875910512
0875910450
0875909558
0875909007
0875908876
0875908789
0875907609
0875907287
0875907247
0875906269
08759058tx
0875905893
0875905881
0875905837
0875905834
0875905440
0875905166
0875904938
0875904837
0875904736
0875904386
0875903271
0875903168
0875902942
0875902796
087590278523
0875902057
0875901987
0875901108
08759011
0875901058
0875900966
0875900759
0875900664
0875900651
0875900633
0875900413
0875900387
0875900267
0875900077
087590
0875899706
0875899144
0875898920
0875897970
0875897539
0875897450
0875897440
0875897297/*-+
0875896499
0875895716
0875895674
0875895425
0875895287
0875894952
0875894841
0875894778
0875894041
0875893650
0875892897
0875890840
0875890398
0875889099
0875888942
0875888891
0875888724
0875888641
0875888536
0875888499
0875888392
0875888219
0875886916
0875886391
0875885832
0875885669
0875885635
0875885606
0875885124
0875885090
0875884873
0875884292
0875883953
0875883824
0875883801
0875883761
0875883700
0875883193
0875883188
0875883108
08758830
0875882655
0875882493
0875882487
0875882145
0875881432
0875880964
087588
0875879846
0875879820
0875879580
0875879518
0875879481
0875879342
0875879296
0875879036
0875879011
0875878724
087587868
0875878482
0875878398
0875878395
0875878156
0875878126
0875878035
0875877812
0875877796
0875877785
0875877736
0875877409
0875877219
0875877130
0875876929
0875876737
0875876131
0875876099
0875876064
0875875910
0875875805
0875875169
0875874735
0875874709
0875874524
0875874450
0875874166
0875873763
0875873637
0875873603
0875873288
0875873262
0875873144
0875872888
0875872877
0875872467
0875872181
0875872030
0875871992
0875871958
0875871107
0875870936
0875870216
087587
0875869915
0875869890
0875869608
0875868896
0875868710
0875868680
0875868608
0875868578
0875868481
0875867535
0875866973
0875866512
0875865751
0875865747
0875865722
0875865414
0875864859
0875864833
0875864764
0875864738
0875864587
0875864261
0875864131
0875864055
0875863904
0875863396
0875863121
0875862152
0875861687
0875861518
0875861148
0875861125
0875861100
0875860739
0875860734
0875860682
0875860628
0875860502
0875860345
0875860330
0875860205
0875860118
0875859556
0875859508
0875859497
0875859238
0875859115
0875859048
0875858980
0875858816
0875858662
0875858557
0875858445
0875858444
0875858328
0875858299
0875858150
0875858122
0875858037
0875857959
0875857548
0875857141
0875856399
0875855978
0875855730
0875855670
0875855405
0875855224
0875855194
0875855130
0875855074
0875854316
0875854268
0875854166
0875853868
0875853837
0875853775
0875853446
0875853191
0875853175
0875853077
0875852994
0875852906
0875852850
0875852218
0875851568
0875851320
0875851299
0875851083
0875851063
0875851011
0875850917
0875850820
0875850709
0875850473
0875850469
0875850295
0875850052
0875849982
0875849518
0875849288
0875849010
0875848788
0875848424
0875848265
0875847719
0875847707
0875847668
0875847659
0875847547
0875847468
0875847410
0875847127
0875847037
0875846838
0875846515
0875846140
0875846042
0875845897
0875845842
0875845539
0875845177
0875845140
0875845103
0875845101
0875844849
0875844640
0875844388
0875844337
0875843850
0875843446
0875843432
0875843136
0875842934
0875842889
087584276619
0875842737
0875842359
0875842245
0875841669
0875841631
0875841455
0875841262
0875841015
0875840708
0875840507
0875840073
0875840023
0875839716
0875838446
0875838081
0875838072
0875837743
0875837598
0875837502
0875837434
0875837404
0875836906
0875836783
0875836704
0875836577
0875836548
0875836412
0875836094
0875836050
0875835943
0875835938
0875835423
0875835193
0875835081
0875834892
0875834680
0875834656
0875834566
0875834298
0875834175
0875834128
0875833723
0875833626
0875833422
0875833393
0875833291
0875832740
0875832711
0875832197
0875832134
0875831695
0875831502
0875831443
0875831194jjj
0875830909
0875830772
0875830623
0875830525
0875830470
0875830278
087583
0875829330
0875828806
0875828790
08758287888
0875828788
0875828682
0875828482
0875828440
0875828121
0875827887
0875827608
0875827405
0875827333
0875827205
0875826795
0875826669
0875826293
0875825527
0875825503
0875824974
0875824806
0875824647
0875824607
0875824534
0875824046
0875823939
0875823838
0875823687
0875823585
0875823350
0875823161
0875822855
0875822828
0875822595
0875821811
0875821379
0875821325
0875819914
0875818862
0875818789
0875817458
0875816630
0875816332
0875816280
0875815977
0875815902
0875815650
0875815585
087581558
0875815158
0875815023
0875814842
0875814540ray
0875813832
0875813601
0875813591
0875813584
0875813167
0875812727
0875812669
0875812301
0875812198
0875811833
0875811706
0875811254
0875811027
0875811025
0875810706
0875810610
0875810385
08758103488
0875810327
0875810230
0875810007
0875809672
0875809146
0875808971
0875808397
0875807954
0875807405
0875807355
0875807110
0875806931
0875806885
0875806860
0875806723
0875806239
0875806071
0875805633
0875805215
0875805132
0875805066
0875804958
0875804201
0875804130
0875804035
0875803823
0875803776
0875803641
0875803470
0875803423
0875803133
0875803104
0875803081
0875802982
0875802311
0875802280
0875802276
0875802246
0875802050
0875802002
0875801769
0875801651
0875801520
0875801170
0875801057
0875801016
0875800861
0875800823
0875800048
0875799895
0875799597
0875799075
0875799016
0875798995
0875798770
0875798735
0875798419
0875798415
0875798398
0875798330
0875797814
0875797512
0875796902
0875796813
0875796708
087579661
0875796343
0875796331
0875795405
0875795215
0875795203
0875795176
0875795067
0875794979
0875794881
0875794799
0875794495
0875794378
0875794316
0875794055
0875794046
0875793946
0875793850
0875793805
0875793464
0875793273
0875793168
0875792795
0875792766
0875792721
0875792636
0875792407.....
0875792345
0875792076
0875792074
0875791703
0875791466
0875790924ka+
0875790739
0875789960
0875789878
0875789434
0875789010
0875788557
0875788244
0875788158
0875787990
0875787718
0875787570
0875787179
0875786934
0875786911
0875786127
0875785896
0875785575
0875785387
0875785298
0875785227
0875785081
0875785053
0875784982
0875784758
0875784139
0875783695
0875783363
0875783360
0875783019
0875782788
0875782756
0875782551
0875782534
0875782403
0875782109
0875782107
0875782059
0875782058
0875781878
0875781725
0875781253
0875780772
0875780683
0875780567
0875780415
0875780267
0875780189
0875779480
0875779160
0875778976
0875778867
0875778791
0875778722
0875778365
0875778195
0875777875
0875777709
0875777404
0875777380
0875777276
0875776849
0875776658
0875776215
0875776156
0875776105
0875775801
0875775592
0875775575
0875775186
0875775181mam
0875774997
0875774560
0875774289
0875774278
0875774252
0875774043605
0875774008
0875773730
0875773585
0875773568
0875773483
0875773391
0875773361
0875773098
0875772936
0875772879
0875772826
0875772645
0875772506
0875772501
0875772464
0875772370
0875772331
0875772048
0875771953
0875771929
0875771797
087577162stefy
0875771329
0875771325
0875771262
0875770785
0875770725
0875770702
0875770619
0875770439
0875770433
0875770314
0875770248
0875770194
0875770034
0875769948
0875769772
0875769703
0875768681
0875768368
0875768204
0875767748
0875767027
0875766785
0875766573
0875766402
0875766330
0875765557
0875765427
0875765332
0875765241
0875765063
0875764789
087576456
08757644804859
0875763820
0875763750
0875763354
0875763328
0875763248/28837
0875763199
0875763084
0875762808
0875762676
0875762365
0875761582
0875761269
0875760912
0875760250
0875759822
0875759742
0875759510
0875759112
0875759103
0875758850
0875758766
0875758632
0875758604
0875758591
0875758546
0875758158
0875758014
0875757893
0875757370
0875757282
0875757185
0875756995
0875756912
0875756585
0875756511
0875756142
0875756085
0875755788
0875755763
0875755749
0875755427
0875755385
0875755297
0875754742
0875754569
0875754479
0875754454
087575444
0875754291
0875754185
0875754081
0875753727
0875753587
0875752939
0875752923
0875752256
0875751574
0875751200
0875751148
0875750985
0875750847
0875750596
0875750355
0875750242
0875749916
0875749377
0875748909
0875748801
0875748741
0875748620
0875748478
0875748401
08757481095432
0875747972
0875747644
0875747636
0875747625
0875747478
0875747377
0875747215
0875747088
0875746626
0875746552
0875746350
087574605
0875745905pp
0875745865
0875745793
0875745768
0875745467
0875745098
0875745001
0875744829
0875744565
0875744471
0875743936
0875743674
0875743586
0875743530
0875743225
0875743010
0875742799
0875742460
0875742390
0875742387
0875742318
0875742253
0875742205
08757419965539
0875741861
0875741686
0875740727
0875740474
0875740092
0875740035
0875739763
0875739207
0875739192
0875739170
0875739129
0875738985
0875738857
0875738243
0875737830
0875737284
0875737211
0875737130
0875737115
0875736790
0875736351
0875735415
0875735272
0875734922
0875734915
0875734849
0875734797
0875734599
0875734423
0875733787
0875733717
0875733662
0875733590
0875733464
0875733387
0875733383
0875733184
0875732731
0875732181
0875732158
0875731903
0875731788
0875731606
0875731014
0875730977
0875730376
0875730333
0875730185
0875729980
0875729808
0875729503
0875728809
0875728785
0875728076
0875728012
0875727787
0875727677
0875727491
0875727380
0875727273
0875726620
0875726606
0875726074
0875726052
0875725971
0875725924
0875725798
0875725590
0875725269
087572523
0875724844
0875724744
0875724483
0875724073
0875723914
0875723790
0875723734
0875723538
0875723255
0875723181
0875722770
0875722280
0875721885
0875721431
0875721425
0875721296
0875721276
0875721130
0875721127
087572072
0875720145
0875720100
0875719860
0875719333
0875719305
0875719220
0875719095
0875719011
0875718295
0875718279
0875717691
0875717562
0875717206
0875716796
0875716782
0875716746
0875716606
0875716603
0875716562
0875716377
0875716094
0875715791
0875715745
0875715395
0875715282
0875715227
0875714793
0875714211
0875714100
0875713914
0875713800
0875713792
0875713577
0875713417
0875712757
0875712659
0875712123
0875712070
0875712
0875711978
0875711977
0875711955
0875711885
0875711690
0875711589
0875711562
0875711293
0875711017
0875711007
0875710748
0875710288
0875709557
0875709135
0875708796
0875708757
0875708013
0875707843
0875707589
0875707340
0875706986
0875706800
0875706216
0875705703
0875705526
0875705342
0875705319
0875705210
0875705075
0875704765yim
0875704733
0875704585
0875704503
0875704347
0875703915
0875703625
0875703518
0875703124
0875702941
0875702165
08757
087569h
0875699962
0875699915
0875699603
0875699311
0875699187
0875698962
0875698941
0875698718
0875698546
0875698541
0875698402
0875698401
0875698377
0875698375
0875698355
0875698253
0875697958
0875697715
0875697604
0875697552
0875697509
0875697454
0875697450
0875697267
0875697260
0875696912
0875696892
0875696454
0875696087
0875695805
0875695631
0875695323
0875695312
0875695284
0875695184
0875694593
0875694590
0875693979
0875693501
0875693460
0875693371
0875693274
08756929311
0875692925
0875692758
0875692737
0875692695
0875692650pang
0875692641
0875692451
0875692450
0875692407
0875692037
0875691980
0875691461
0875691382
0875691206
0875690918
0875690349
0875690315
0875690247
08756900480875690047
0875690015
0875689988
0875689859
0875689834
0875689387
0875689234
0875689151
0875688940
0875688861
0875688292
0875687907
0875687148
0875687132
0875687103
0875686970
0875686852
0875686851
0875686745
0875686512
0875686499
0875686390
0875686180
0875686172
0875686066
0875685870
0875685079
0875685062
0875685046
0875685042
0875685012
0875684884
0875684853
0875684837
0875684724
0875684588
0875684302
0875684211
0875684140
0875684126
0875683951
0875683947
0875683843
0875683815
0875683724
0875683580nuer
0875683483
0875683476
0875683279
0875683093
0875683071
0875683013
0875683011
0875682981
0875682938
0875682924
0875682915
0875682862
0875682861
0875682841
0875682833
0875682810
0875682604
0875682185
0875681682
0875681422
0875681360
0875681291
0875681242
0875681207
0875681152
0875680995
0875680913
0875680548
0875680142
0875680089
0875679945
0875679890
0875679883
0875679880
0875679864
0875679853
0875679811
0875679805
0875679757
0875679722
0875679651
0875679620
0875679543
0875679463
0875679169
0875678862
0875678601
0875678511
0875678252
0875678184
0875677798
0875677689
0875677686
0875677506
0875677425
0875677420
0875677378
0875677251
0875677154
0875677089
0875676714
0875676711
0875676674
0875676583
0875676526
0875676371
0875676347
0875676256
0875676149
0875676054
0875675980
0875675762
0875675428
0875675068
0875675066
0875675033
0875674981
0875674957
0875674908
0875674832
0875674829
0875674789
0875674781
0875674780
087567464344
0875674585
0875674579
0875674532
0875674503
0875674409
0875674392
0875674283
0875674168
0875674159
0875673908
0875673854
0875673769
0875673576a
0875673515
08756734631994
0875673371
0875673236
0875673021
0875673020
0875672919
0875672767
0875672358
0875672294
0875672140
0875672106
0875672102
0875672055
0875672
0875671957
0875671917
0875671803
0875671722
0875671703
0875671688
0875671673
08756716427
0875671627
0875671593
0875671544
0875671528
0875671306
0875671093
0875671055
0875671042
0875671016
0875670849
0875670777
0875670694
0875670512
0875670499
0875670476
0875670468
0875670335
0875670169
0875670080
0875670050
0875669891
0875669837
0875669701
0875669694
087566969
0875669589
0875669461
0875669304
0875669175
0875669090
0875669061
0875669048
0875668561
0875668518
0875668385
0875668286
0875668257
0875668234
0875668079
0875667884
0875667883
0875667807
0875667803
0875667690
0875667636
0875667635
0875667599
0875667583
0875667460
0875667393
0875667037
0875666972n
0875666939
0875666849
0875666722
0875666717
0875666519
0875666426
0875666366
0875666323
0875666240
08756659255
0875665852
0875665810
0875665808
0875665773
0875665749
0875665718
0875665695
0875665691
0875665290
0875665273
0875665272
0875665134
0875665034
0875665032
0875665030
0875664906
0875664839
0875664741
0875664672
0875664502
0875664250
0875664211
0875664200
0875664170
0875664151
0875663793
0875663746
0875663526
0875663509
0875663448
0875663256
0875663236
0875663207
0875663185
0875663140
0875663118
0875663086
0875663067
0875663038
0875662959
0875662920
0875662824
0875662765
0875662735
0875662722
0875662674
0875662614
0875662560
0875662501mikp
0875662049
0875661793
0875661730
0875661572
0875661533
0875661472
0875661409
0875661324
0875661306
0875661145
0875661001
0875660904
0875660899
0875660859
0875660804
0875660787
0875660765
0875660762
0875660116
0875660107
0875659726
0875659655
0875659455
0875659269
0875659242
0875659171
0875659041
0875658948
0875658947
0875658733
0875658663
087565866
0875658630
0875658579
0875658417
0875657750
0875657306
0875657284
0875657242
0875657191
0875657140
0875656751
0875656616
0875656525
0875656157
0875655990
0875655864
0875655838
0875655823
0875655733
0875655732
0875655620
0875655515
0875655271
0875655082
0875654963
0875654920
0875654803
0875654798
0875654518
0875654512
0875654472
0875654352
0875654294za
0875654251
0875654234
0875654097
0875653952
0875653767
0875653724
0875653690
0875653420
0875653225
0875652544
0875652415
0875652392
0875652314
08756523111
0875652300
0875652206
0875652086
0875651941
0875651939
0875651811
0875651744
0875651624
0875651595
0875651424
0875651409
0875651262
0875651253
0875651191
0875651052
0875650996
0875650960
0875650922
0875650807
087565052221
0875650513
0875650502
0875650397
0875650213
087565003
0875649838
0875649484
0875649474
0875649413
0875649412
0875649206
0875649203
0875649082
0875649064
0875648657
0875648526
0875647892
0875647735
0875647607
0875647584
0875647526
0875647427
0875647382
0875647341
0875647245
0875647208
0875647151
0875647105
0875647027
0875646870
0875646691
0875646690
0875646523
0875646517
0875646297
0875646194
0875646061
0875645932
0875645684
0875645407
0875645377
0875645267
08756452010875635201
0875645200
0875645021
0875644983
0875644908
0875644898
0875644350
0875644284
0875644056
0875643941
0875643929pook
0875643920
0875643635
0875643560
0875643435
0875643384
0875643376
0875643324
0875643132
0875643077
0875643014
0875643010
0875642725
0875642645
0875642505
0875642500
0875642446
0875642339
08756420bau
0875641748
0875641506
0875641447
0875641358
0875641345
0875641195
0875641182
0875641128
0875641030
0875640929
0875640781
0875640733
0875640729
0875640304
0875640251
0875640215
0875640211
0875640194
0875640156
0875639416
0875639154
0875638660
0875638562
0875637781
0875637613
0875637385
0875637369
0875637218
0875637061
0875636998
0875636977
0875636904
0875636818
0875636698
0875636579
0875636576
0875636174
0875636153
0875636080
0875636063
0875635953
0875635938
0875635932
0875635838
0875635570
0875635464
0875635385
0875635037
0875635006
0875634974
0875634972
0875634921
0875634891
0875634616_
0875634331
0875634312
0875634246
0875634069fon
0875633919
0875633780
0875633719
0875633592
0875633404
0875633008
08756328950875642895
0875632822
0875632793
0875632707
0875632532
0875632357
0875632327
0875632321
0875632090
0875632004
0875631977
0875631937
0875631928
0875631847
0875631686
0875631592
0875631588
0875631577
0875631557
0875631288
0875631263
0875631258
0875631231
0875631015
0875630818
0875630792
0875630733
0875630580
0875630539
0875630436
0875630429
0875630280
0875630271
0875630244
0875630064
0875629798
0875629553
0875629465
087562945
08756294305555
0875629240
0875628987
0875628974
0875628880
0875628859
0875628796
0875628722
0875628337
0875627738
0875627671
0875627603
0875627442
0875627281
0875626912
0875626825
0875626680
0875626118
0875626044
0875625983
0875625894
0875625801
0875625788
0875625660
0875625609
0875625237
0875625219
0875625117
0875625008
0875624977
0875624953
0875624742
0875624558
0875624523
0875624520
0875624278
0875624266
0875623884
0875623856
0875623599
0875623528
0875623106
087562302
0875622868
0875622855
0875622830
0875622797
0875622567
0875622509
0875622483nn
0875622097
0875622056AOM
0875622047
0875621910
0875621907
0875621890
0875621780
0875621454
0875621368
0875620935
0875620867
0875620864
0875620796
0875620740
0875620686
0875620487
0875620393
0875620346
0875620181
0875620065
087562
0875619987
0875619901
0875619684fk;
0875619678
0875619649
0875619554
0875619464
0875619267
0875619240
0875619155
0875618884
0875618818
0875618809
0875618775
0875618764
0875618610
0875618524
0875618515
0875618429
0875618400
0875618387
0875618179
0875618025
0875617740
0875617521
0875617258
0875616899
0875616693
0875616515
0875616497
0875616480
0875616290
0875616132
087561609
0875616015
0875615886
0875615635
0875615623634
0875615421
08756151563
0875615032
0875614881
0875614734
0875614700
0875614550
0875614187
0875614101
0875614006
0875613765
0875613713
0875613570
0875613569
0875613464
0875613449
0875613407
0875613403
0875613397
0875613150
0875613102
0875613091
0875613045
0875613017
0875612995
0875612970
0875612936
0875612897
0875612770
0875612737
0875612624
0875612422
0875612172
0875612071
0875611960
0875611910
0875611779
0875611738
0875611714
0875611663
0875611454
0875611435
0875611334
0875611147
0875611106
0875611086
0875611070
0875611024
0875610702
0875610692
0875610686
0875610626
0875610468
0875610457
0875610177
0875609690
0875609550
0875609295
0875608946
0875608676
0875608140
0875607677
087560764
0875607372
0875606968
0875606315
0875605632
08756054988
0875604987
0875604974
0875604632
0875604520
0875604393
0875603147
0875603021
0875602972
0875602174
0875601184
0875601060
0875601004
0875600265
0875599967
0875599951
0875599950
0875599698TVxq
0875599618
0875599466
0875599258
0875599073
0875599052
0875598748
0875598600
0875598518
0875598478
0875598373
0875597975
0875597810
0875597410
0875597335
0875596229
0875594951zx
0875594873
0875594495
08755943619
0875594218
0875593876
0875593149
0875593123
0875592981
0875592391
0875592344
0875592004
0875591609
0875591569
0875590633
0875590591
0875590580
0875589819
0875589738
0875588991
0875588764
0875588242
0875588186
0875587658
0875587607
0875587062
0875586573
0875586540
0875585324
0875585316
0875584871
0875584821
0875583863
0875582955
0875582830
0875582740
0875582557
0875582353
0875581880
0875581809
0875581203
0875581084
0875580490
0875579736
08755795
0875579458
0875579180
0875579109
0875578767
0875578737
0875578680
0875578427
0875578130
0875578027
0875577805
0875577697
0875577675
0875577517
0875577424
0875577277
0875576501
0875576351
0875576209
0875575905
0875575082
0875574508
0875574410
0875574216
0875574199
0875573534
0875573270
0875573250
0875572952
0875572939
0875571699
0875571227
0875571140
0875570479
0875570131
0875569506
0875569392
0875569144
0875568904
0875568590
0875568416
0875568298
0875567815
0875567326
0875567264
0875567139
0875566912
0875566725
0875566579
0875565795
0875564541
0875564310
0875564170
0875563077
0875562684
0875561747
0875561342
0875561154
0875560947
0875560861
0875560619
0875560249
087556
0875559639
0875558970
0875557473
0875556788
087555666
0875556164
0875553822
0875552265
0875551385
0875550578
0875549855
0875549852
0875549733
0875549082
0875549049
0875548697
0875548640
0875548