0898185255
0898184544
0898184533
0898183615
0898183505
0898183358
0898183299
0898183040
0898182845
0898182629
0898182592
0898182437
0898182160
0898182012
0898181005
0898180718
0898180297
0898179778
0898179699
0898179324
0898178638
0898178393
0898178119
0898178036
0898177937
08981779
0898177363
0898175810
0898175707
0898175634
0898175455
0898175252
0898175134
0898175099
0898174733
0898174398
0898174102
0898173919
0898173042
0898172967
0898172650
0898172565
0898172202
0898172041
0898171681
0898171664
0898171191
0898171019
0898170790
0898168634
08981682380
0898168086
0898167535
0898167249
089816713
0898165239
0898163655
0898162601
0898162547
0898161863
0898161732
0898161709
0898161358
0898160742
089816
0898159670
0898159283
0898159032
0898158060
0898157304
0898155783
0898155689
0898155503
0898155392
0898154787
0898154128
0898153017
0898152986+
0898152167
0898151783
0898151355
0898150204
0898150021
089815
089814892478
0898148650
0898148577
08981478843
0898146188
0898144724
0898144314
0898143830
0898143728
0898143080
0898142548
0898142513
0898141712
0898141157
0898140396
0898140173
0898139862bo
0898139588
0898138129
0898137677
0898137407
0898137050
0898135506
0898135279
0898135110
0898134423
0898134105
0898132055
0898130969
0898130449
0898130380
0898129135
089812911
0898128850
0898128601
0898128233
0898126954
0898125430
0898123324
0898121727
0898121315
0898121273
0898119585
0898119473
0898119334
0898118894
0898118541
0898118217
0898118180
0898118089
0898117930
0898117472
089811737
0898116941
0898116471
0898116375
0898115905
0898115849
0898115641
0898115383
0898115237
0898114769
0898114531
089811448
0898113765
0898113744
0898113007
0898112879
0898112698
0898112275
0898112185
0898111590
0898107413
0898105445
0898105291
0898105198150434
0898104790
0898104707
0898104487
0898103991
0898102910
0898102458
0898102304
0898101511
0898101229
0898100091
089810
08981
0898099700
0898099600
0898099053
0898098997
0898098960
0898098800
0898098765
0898098724
0898098560
0898098331
0898098055
0898097883
0898097640
0898097297
0898097164
0898097065
0898096967
0898096913za
0898096828
0898096262
0898096248
0898096033
0898095887
0898095679
0898095399
0898094640
0898094624
0898094350
0898093580
0898093487
0898093466
0898093140
08980930444
0898092957
0898092182
0898091895
0898091868
0898090330
0898090090
08980898a
0898089717
0898089107
0898088959
0898088877
0898088519
0898088177
0898088165
0898087918
0898087882
0898087851
0898087498
0898087337
0898087130
0898086767
0898086723
0898086174413
0898086075
0898085906
0898085794
0898085075
0898084908
0898084714
0898084094
0898083972
0898083933
089808320
0898082923
0898082729
0898082696
0898082651
0898082558
0898082442
0898082248
0898082215
0898082204
0898081956
0898081892
0898081460
0898081446
0898081296
0898080845
0898080797
0898080668
0898080603
0898080245
0898079945
0898079824
0898079507
0898079442
0898079366
0898078260
0898078121
0898077077
0898076424
0898075797
0898075579
08980750
0898074789
0898074123
0898073319
0898072663
0898072120
0898071455
0898070926
0898070602
0898070391
0898069319
0898069180
0898069144
0898069026
0898068747
0898068740
0898068259
0898068117
0898068036
0898067649
0898067485
0898066869
0898065313
0898064818
0898064675
0898064554
0898064027
0898063743
0898063318
0898062942
0898062388
0898062285
0898062260
089806216801032535
08980610831234
0898060871
0898060844
0898060586
089806
0898059921
0898059844
0898059680
0898059435
0898059319
0898058736
0898058508
0898058292
0898058267
0898057914
0898057664
0898056903
0898056724
0898056696
08980566872
0898056680
0898056296
0898054506
0898054203
0898054175
0898054044
0898053685
0898053186
0898052629
0898052547
0898052545
0898052454
0898051911
0898051869
0898051860
0898051656
0898051385
0898051268
0898051101
0898050983
0898050866
0898050813
0898050185
0898049915
0898049851
0898049670
0898049581
0898049566
0898049309
0898049080
0898049003
0898048971
0898048584
0898048577
0898047899
0898047729
08980471848
0898046822
08980465341
0898045923
0898045590
0898045272
0898044927
0898044808
0898044685
0898044414
0898044402
0898044
0898043883
0898043352
0898042833
0898042730
0898042210
0898042173
0898041996
0898041988
0898041879
0898041714
08980414819
0898041396
089804104
0898040516
0898039902
08980398605
08980398
0898039770
0898039361
0898039307
0898038887
0898038331
0898038128
0898037943
0898037927*****
0898036974
0898036933
0898036750
0898036512
0898036279
0898035933
0898035922
0898035733
0898035554
0898035369
0898035318
08980345448
0898034538
0898034500
0898034197
0898034049
0898034003
08980338910
0898033637
0898033315
0898033026
0898033017
0898032797
0898032565
0898032496
0898032055
0898031954
0898031570
0898031519
0898031494
0898031341
0898031337
0898031262
0898031144
0898030711
0898030687nachat
0898030261
0898029698
0898029302
0898029159
0898029140
0898028914
0898028414
0898028189
0898028086
0898026896
0898026455
0898026453
0898025992
0898025727
0898025660
0898025600
08980256
0898025536
0898025400
0898025132aom
0898025085
0898024377
0898023610
0898023589
0898023364
0898022769
0898022107
0898022015
0898021837
0898021502
0898020601
0898020489
0898019729
0898018054pet
0898017967
0898017945
08980177985
0898017063
0898016786
0898015304
0898015127
089801501
0898013631
0898012176
0898011762
0898011747
0898010454
0898009882
0898009517
0898009469
0898009415
0898009337
0898009047
0898009001
0898008678
0898008586
0898008505
0898007871
0898007835
0898007499
0898007451
0898006861
0898006603
0898006544
0898006432
0898006284
0898005495
0898005394
0898005369
0898005285
0898005266**
0898005062
0898004841
0898004768
0898004659
0898004606
0898004568
0898004557
0898004029
0898003396
0898003221
0898003087
0898003058
0898003020
0898002679
0898002580
0898002339
0898001829
0898001712
0898001602
0898001529
0898001201
0898001080
0898000852
0898000808
0898000651
0898000545narak
0898000479
08980001064
0898
0897|681
0897t4
0897slj
0897nmvifu
0897judy
0897chow
0897ann
0897999534
0897999166
0897999026
0897998821
0897998808
0897998659
0897998085
0897997956
0897997671
0897997638
0897997538
0897997395
0897997306
0897997087
0897996955
0897996807
0897996728
0897996547
0897996531
0897996514
0897996337
0897996135
0897995872
0897995803
0897995700
0897995345
0897994829
0897994426
0897994338
0897993777
0897993541
0897993530
0897993238
0897993235
0897993226
0897992731
0897991825
0897991680
0897990979
0897990822
0897990721
0897990330
0897990206
0897990137
089799
0897989469
0897989034
0897988902
0897988596
0897988182
0897988058
0897987806
0897987619
0897987295
0897987269
0897986374
0897986299
0897986154
0897985994
0897985852
0897985535
0897985467
0897985188
0897984293
0897984248
0897984157
0897983936
0897983931
0897983777
0897983533
0897983382
0897982967
0897982737
0897982446
0897982317
0897982210
0897981690
08979803338
0897980266
0897980231
0897980080
089798
0897979881
0897979782
0897979781
0897979372
0897978868
0897978751
0897978486
0897977799
0897977690
0897977547
0897977446MoNt2318
0897977280
0897977177
0897976700
0897976610
0897976414
0897976235
0897975332
0897975258
0897975231
0897974787
0897974707
0897974694
0897974686cama
0897974686
0897974586
0897974368
0897974198
0897973781
0897973633
0897973452
0897973254
0897972996
0897972542
089797199
0897971837
08979718120
0897971198
0897970941
0897970403
0897970258
0897970106
089797
0897969998
08979699
0897969116
0897969055
0897968541
0897968404
0897967715
0897967357
0897967008
0897966614
0897966412
0897966362
0897966274
0897966141
0897965964
0897965342
0897965304
0897964889
0897964792
0897964559z
0897963960
0897963873
0897963749
0897962701
0897962590
089796249620240
0897962481
0897962243
0897962096
0897961104
0897960941
0897960232
0897960025
0897959700
0897959468
0897958856
0897958806
0897958467
0897958133
0897958
08979579960
0897957579
0897957554
0897957502
0897957477
0897957294
0897957270
0897957074
0897956919
0897956774.
0897955835
0897955586
0897955417
0897954973
0897954144
0897953491father
0897953428
0897953214
0897952619
0897952499
0897952325
0897952261
0897951889
0897951752
0897951530
0897950910
0897950403
0897949911
0897949072
0897948449
0897948155
0897947960
0897947492
0897947174
0897946757
0897946523
0897946375
0897945760
0897945610
0897945153
0897945149
0897945001
0897944943
0897944689
0897943491
0897943244
0897943057
0897942822
0897942703
0897941739
0897941671
0897940858
0897940556
089794
0897938834
0897938713
0897938509
0897937932
0897937552
0897937179
0897937043
0897936982
0897936755
0897936619
0897936494
0897936269
0897935731
0897935121
0897934431
0897932563
0897932247
0897931702
0897930130
08979301
089793
0897929900za
0897929696
0897929692
0897929666sine
0897929527
0897929479
0897928969
0897928542
0897928223
0897928155
0897928106
0897927848
0897927602
0897927423
0897927185
0897927095
0897926430
0897926220
0897926144
0897925933
0897925806
0897924458
0897924450
0897924277
0897923997
0897923973
0897923691
0897923018
0897922925
0897922827
0897922738
0897922325
0897922237
0897921747
0897921715
0897921430
0897921204
0897920876
08979204858
0897920483
0897920292
0897919405
0897919212gang
0897919139
0897919101
0897919035
0897918810
0897917712
0897917700
0897916433
0897916292
0897915952
0897914904
0897914803
0897914653
0897914181
0897913878
0897913866
0897913838
0897913296
0897912821
0897912741
0897912723
0897912378
0897912172
0897912016
0897911751
0897911702
0897911323
0897911262
0897911209
0897910910
0897910427
0897910403
089791
0897909439
0897909220
0897908557
0897907671
0897907658
0897907232
0897906818
0897906699
0897906686
0897906408
0897905947
0897905874
0897905649
0897905478nok
0897904563
0897904425
0897904160
0897903526
0897903156
0897902939
0897902856
0897902306
0897902243
0897901954
0897901424
0897901410
0897901314
089790115
0897900877
0897900420
0897900375@tam
0897900279
0897900182
0897900155
0897900080
089789p
0897899967
0897899643
0897899636
0897899525
0897899297
0897898989
0897898613
0897898147
0897897870
0897897864
0897897782
0897897622
089789757
0897896461
0897896360
0897896254
0897896113
0897895886
0897895756
0897894412
0897894214
0897893982
0897893895
0897893149
0897893116
0897892911
0897892744
0897892343
0897892260
0897892199
0897891429
0897891167
0897890978
0897890830
0897890579
0897890303
0897890271
0897890088
0897890058
0897888162
0897887834
0897887641
0897886995
0897886895
089788596
0897885537
0897885234
0897884643
0897884188
0897883678
0897883595
0897883073
0897883048
0897882999
0897882960
0897881823
0897881509
0897881452
0897880522
0897880446
0897880323
089788
0897879989
0897879965
0897879904
0897879871
0897879729
0897879656
0897879198
0897879130
0897878896
0897878715
0897878652
0897878562
0897878558
0897878455
0897878415
0897878287
0897878209
0897877589
0897877406
0897877356
089787724
0897877228
0897877194
0897877077
0897876951
0897876863
0897876760
0897875772
0897875696
0897875642
0897875595
0897875353
089787534
0897874954
0897874654
0897874445
0897874410
0897874403
089787419
0897874034
0897873936
0897873902
0897873854
0897873535
0897873235
0897872931
0897872616
0897872551
0897872213
0897871987
0897871690
0897871505
0897871167
0897871003
0897870935
0897870890
0897870877
0897870584
0897870547
0897870115
0897869839
0897869496
0897869173
0897868886
0897868683
0897868566
0897868535
0897868430
0897867698
0897867686
0897867631
0897867564534231
0897867509
0897867356
0897867331
0897867159
0897867069
0897867022
0897866539
0897866147
0897866123
0897865482
0897864858
0897864652
0897864604
089786453
0897864145
0897863615
0897863362
0897862731
0897862052
0897861242
0897860852
0897860770
0897860700
0897860581
0897860541
0897860307
0897860090
08978595845
0897859480
0897859331
0897859021
0897858753
0897858710
0897858284
0897857510
0897856971
0897856262
0897855859
0897855545
0897855538
0897855452
0897855352
0897855055*
0897852888
0897852333
0897852186
0897851910
08978519
0897851632
0897851539
0897850876
0897850868
0897850775
0897850629
0897850153
0897849661
0897849537
0897849466
0897849220
0897848926
0897848638
0897848498
0897848282
0897847902
0897847552
0897847144
0897847080
0897846826
0897846620
0897846385
0897845744
0897845487
0897845300
0897843978
0897843912
0897843513
0897843477
0897843422
0897843185
0897843119
0897843015
0897842995
0897842378
0897841953
0897841355
0897841151
0897840902
0897840140
0897839782
089783853415
0897838352
0897838271
0897837678
0897837499
0897837078
0897837033
0897836942
0897836438
0897836333
0897835784
0897835711
0897835404
0897835174
0897835122
0897834994
0897834658
0897834576
0897833233
0897833218
0897832218
0897832199
0897832022
0897831906
0897831125
0897831078
0897830987
0897830714
0897830625
0897830166
0897829299
0897829265
0897829222
0897829030
0897828956
08978284
0897828254
0897828130
0897827598
0897827233
0897827039
0897826722
089782651a
0897826125
0897825747
0897824815
0897824053
0897823539
0897823421
0897823062
0897822787
0897822330
089782228
0897821749
0897821552
0897821383
0897821287
0897820339
0897820086
089782
0897819847
0897819811
0897819532
0897818623
0897818572
0897818422
0897818260
0897818147
0897817879
0897817266
0897817194
0897816084
0897816034
0897815860
0897815691
0897815094
0897814706
0897814528
0897814213
0897814134
0897813610
0897813462
0897813061
0897812719
0897812637
0897812585
0897811970
0897811628
0897811375
0897810939
0897810935
0897810634
0897810214
0897810094
089780n
089780_ever
0897809233
0897808791
0897808649
0897808612
0897808444
0897808360
0897808202
0897807915
0897807735
0897807564
0897807538
0897807127
0897806692
0897806389
0897806175
0897805964
0897805688
0897805621
0897805166
0897804714
0897804624
0897804531
0897803960
0897803083
0897802814
0897802047
08978017217
0897801409
0897801154
0897801137
0897800993
0897800823
0897800818
0897800542
0897800287
089780
08977pinky
089779992716
0897799658
0897799493
0897799385
0897799365
0897799200
0897799177
08977990016
0897798905
0897798556
0897798488
0897798483
0897797905
0897797891
0897797889
0897797701
0897797674
0897797639
0897797581
0897797433
0897797319
0897797220
0897797007
0897796893
0897796731
0897796703
0897796411
0897795925
0897795747
0897795664
0897795184
0897795011nui
0897794917
08977943466690
0897794132
0897793971
0897792794
0897792421
0897792111
0897791525
0897790792
0897789988
0897789811
0897789056
0897788878
08977887706524230262
0897788759
0897788307
0897788130**
0897788044
0897788018
0897787421
0897787338
0897787221456
0897787090
0897786930
0897786750
0897786701
0897786275
0897786246
0897785210
0897784927
0897784692
0897784461
0897784025
0897783345
0897779471
0897779216
0897779030
0897778745
0897778662
0897778551
0897778184
0897778005
0897776620
089777659
0897776390
0897775822
0897774880
0897774838130136
0897774814
0897774758
0897774061
0897774044
0897773927
0897773892
0897773822
0897773693
0897773459tai
0897773156
0897772518
0897772183
0897771918
0897771822
0897771787
0897771680
0897770983
0897770245
0897769742
0897769243
0897769103
0897769038
0897768915
0897768503
0897768145
0897767996
0897767571
0897766922
0897766588
0897766530
0897766518
0897766355
0897766107
0897766034
0897766012
0897765990
0897765958
089776491
0897764854
0897764775
0897764755
0897764727
0897764606
0897763973
0897763811
0897763666
0897763405
0897763355
0897763148
0897763087
0897762214
089776181
0897761564
0897761375
0897761357
0897761354
0897761005
0897760969
0897760818
0897760429
0897760345
0897760246
0897760184
0897760045
089776
0897759884
0897759883
0897759256
0897759250
0897759212
0897759117
0897758636
0897758081
0897757905
0897757776
08977576949
0897757550
0897757176
0897757011
0897756567
0897756412
0897756155
0897755855
0897755511
0897755449
0897755256
0897755120
0897754822
0897754689
0897754641
0897754558
0897754495
0897754217may
0897754138
0897753678
0897752937
0897752386
0897752335
0897752141
0897751853
0897751346
0897751235
0897750703
0897750348
0897749911
0897749705
0897749628
0897749422
0897749332
0897749297
08977485500
0897748540
0897748402
0897748183
0897747598
0897747140
0897747124
0897746827
0897746784
0897746592
0897746157
0897746112
0897745706
0897744827
0897744800
0897744663
0897744561
0897744544
0897744183
0897744095
0897742954
0897742592nun
0897742282
0897742170
0897741524
089774147
0897741259
0897741156
0897740621
0897740412
0897740019+
0897739958
0897739401
0897739226
0897738826
08977387769
0897738260
0897738127
0897737501
0897737471
0897737340
0897737233
0897736895
0897736756
0897736201
0897735937
0897735865
0897735557
0897735278
08977348790
0897733798
0897733535
0897733385
0897733286
0897733080
0897732546
0897732530
0897732452
0897732295
0897732049
0897731903
0897731780
0897731649
0897731460
0897731371
0897730668
0897730172
0897729991
0897729778
0897729534
0897729371
0897728856
0897728659
0897727776
0897727630
0897727484
0897727483
0897726748
0897726737
0897726407
0897725899
0897725803
0897725722
0897725665
0897725290
0897725258
0897724811
0897724512
0897723923
0897723733
0897723453
0897723211
0897723055
0897722611
0897722212
0897722049
0897721681
089772
0897719427
0897719377
0897718895
0897718545
0897718482
0897718438
0897717587
0897716917
0897716871
089771684
0897716681
0897716634
0897715936
08977152910
0897715274
089771519410
0897715184
0897714187
0897714156
0897713882
0897713506
0897713437
0897713378taey
0897713045
0897712514
0897711953took
0897711846
0897711728
0897711588
0897711352
0897711316
0897710998
0897710468
0897710255
0897710191
0897710005
0897709145
0897707814
0897707683/123
0897707144
0897706730
0897706282
0897705864
0897705362
0897705355
0897705353
0897705251
0897705203
0897705186
0897704990
0897704497
0897704146
0897703500
0897703402
0897703129
0897702770
0897702506
0897702176
0897701931
0897701413
0897700236
08976zjjoi
0897699944
0897699868
0897699356
0897699299
0897699012
0897698961
0897698043
0897697557
0897697553
0897697536
0897696918
0897696441
0897695829
0897695826
0897695604
0897694717
0897694417
0897694307
0897694072
0897693962
0897693916
0897693163
0897692869
0897692675
0897692453
0897691508
0897691440
0897691212
0897691129
089769112
0897690680
0897690467
0897689920
0897689700
0897689524
0897688930
0897688896
0897688580
0897688176
0897688143
0897687679
0897687655
0897687590
0897687546
0897687412
0897686558
0897685869
0897685752
0897685455
0897685213
0897685011
089768448
0897684394
0897684261
0897683933
0897683915
0897682724
0897682366
08976823111
0897681793
0897681753
0897681744
0897680738
0897680585
0897679926
0897679766
0897679723
0897679446
089767869
0897678579/
0897678094
0897678042
0897677666
0897677659
0897677048
0897676911
0897676781
0897676454
0897675851
0897675745
0897675524
0897675378
0897675212a
0897674106
0897674092
0897673904
0897673583
0897673475
0897673453
0897672812
0897672159
0897670870
0897670868
0897670671
0897670239
0897670043
0897669906
0897669889
0897669607
0897669189
0897668901
0897668811
0897668764
0897668687
0897668596
0897668231
0897668220
0897668120
0897668052
0897667729
0897667675
0897667624
0897667569
0897667181
0897666299
0897666
0897665408
0897665321
0897665204
0897664792
0897664714
0897664701
0897664487
0897664212
0897663288
0897662936
0897662459
0897662451
0897662428
0897661326
0897661291
0897661118
0897660150
089766
0897659190
0897659108
0897658606
0897658098
0897657710
0897657582
0897657516
0897657376
0897657085
0897656819
0897656080
0897655958
0897655817
0897655609
089765550
0897655172
0897655044
0897655019
0897654761
0897654365
0897653805
0897653584
0897653440
0897652416
0897652265
0897652200
0897652108
089765169710
0897651526
0897651490
0897651309
0897650805za
08976505
0897650317
089765
0897649763
0897649329
0897649310
0897649062
0897648952
0897648945
0897648902
0897648737
0897648665
089764859
0897648330
0897647776
0897647665
0897647654
0897647149
0897646646
0897646585
0897645618
0897645321
0897645271
0897645117
0897645116
0897644975
0897643849
0897643576
0897643213AMN
0897643207
0897643077
0897642848
0897642290
0897642259
0897641953
0897641516
0897641319
0897641170
0897640664
0897640156
0897639577
0897639422
0897637686
0897637681
0897637626
0897637088
0897636921
0897636796
0897636773
08976366934
0897636482
0897636453
0897636374
0897635338
0897634813
0897634452
0897634344
0897633764
0897633383
0897633142
0897632788
0897632355
0897632154
0897632033
0897631773
0897631384
0897631111
0897630504
0897630212
0897630155
0897629866
0897629764
0897629341
0897629183
0897629079
0897628584
0897627945
0897627880
0897627281
08976271
0897626956
0897626929
0897626841
0897626780
0897626654
0897626372
0897625891
0897625857
0897625626
0897625050
0897624870
0897624062
0897623988
0897623006din
0897622989
0897622961
0897622633
0897622555
0897622457
0897622448
0897622016
0897621910
0897621898
0897621682
0897621605
0897620940
0897620296
0897619518
0897619490tom
0897618250
0897617712
0897617581
0897617322
0897616599
0897616506
0897616468
08976164310
0897616423
0897615839
0897615008
0897614651
0897614571
0897614543
0897614507
0897613891EvE
0897613342
0897612881
0897612716
0897612367
0897612251
0897611970
0897611922
0897611631
0897611414
0897611333
0897611280
0897611203
0897611059
0897610876
0897610312
0897610172
0897609994
0897609966
0897609419
0897608246
0897607722
0897606099
0897606062
0897605396
0897605308786
089760428
0897604274
0897604142
0897604005
0897603780
0897602733
0897602078
0897601370
0897601192
0897601153
0897600332
089760
0897599881
0897599798
0897599648
0897599343
0897599304
0897599061
0897598915
0897598743
0897597915
0897597883
0897597798
0897597697
0897597243
0897597165
0897596140
0897595797
0897595769
0897595441
0897595425
0897595254
0897595166
0897594821
0897594796
0897594462
089759398123
0897593435
0897593353
0897592919
0897592851
0897592775
0897592155
0897591748
0897591512
0897591440
0897591236
0897591186
0897590777
0897590435
0897589628
0897589624
0897589460
0897589424
0897589001
0897588862
0897588710
0897588572
0897588233
0897587981
0897587865
0897587815
0897587759
0897587727
0897587693
0897587676
0897587284
0897587223
0897587154
0897587020
0897586997
0897586968
0897586801
0897586639
0897586476satan666
0897586476dstsn666
0897586476
0897585557
0897585553
0897585455
0897585402
0897585224
0897584637
0897584622
0897584459
0897583870
0897583567
0897582890
0897582328
0897581909
0897581882
0897581729
0897581668
0897581614
0897581210
0897581042
0897580606
0897579950
0897579920
0897579847boy
0897579679
0897579668
0897579513
0897579409
0897579384
0897579099
0897578878
0897578752
0897578561
0897578475
0897578467
0897578450
0897578438
0897578119
0897577948
0897577945
0897577883
0897577766
0897577742777
0897577143
0897576986
0897576633
0897575948
0897575895
0897575738
0897575529
0897575244
0897574942
0897574877
0897574775
0897574469
0897574285
0897574254
0897573839
0897572607
0897572473
0897572246
0897572110
0897571971
0897571913
0897571835
0897571788
0897571457
0897571102
0897570982
0897570761
0897570442
0897569626
0897568975
0897568559
0897568557
0897567970
0897567425
0897566856
0897566568
0897566560
0897566327
0897566263
0897566171
0897566130
0897565943
0897565664
0897565266
0897565264
0897565098
0897564875
0897564569
0897564388
0897564346
0897564342
0897564314
0897563966
0897563928
0897563623
0897563412
0897563210
0897563072
0897563015
0897562946
0897562875my
0897562819
0897562340
0897561726
0897561136
0897561120
0897561077
0897561063
0897560854
0897560541
0897559805
0897559590
0897559362
0897559030
0897558661
0897558512
0897558411
0897558013
0897557785
0897557768
0897557724
0897557271pam
0897557233
0897556806
0897556155
0897556144
0897556077
0897555932
0897555670
0897555633
0897555445
0897554975
0897554904
0897554804
0897554619
0897554473
0897553366
0897553305
0897553266
0897553251
0897553244
0897553041
0897552946
0897552628
0897552542
089755254
0897552249
0897552181
0897552041
0897551898
0897551865
0897551764
0897551692
0897551686
0897551661
0897551020
0897550905
0897550902
0897550645
0897550148
089755
0897549975
0897549547
0897549403
0897549169
0897548959
0897548747
0897548437
0897548253
0897547904
0897547875
0897547849
0897547827
0897547771
0897547582
0897547574
0897547048
0897546966
0897546639
0897546474
089754628
089754625308975462530838001731
0897546127
0897545444
0897545238
0897545192
0897544900
0897544606
089754403
0897543644
0897543460za
0897543326
0897542653
0897542042
0897541849
0897541039
0897540715
089754045
0897539690
0897539353
0897539035
0897539013
0897539001
0897538722
0897538441
0897538342
0897538220
0897537937
0897537885
0897537802
0897537735
0897537536
0897536599
0897535863
0897535790
0897535691
0897535272
0897534929
0897534866
0897534525
0897533839
0897533640
0897533377
0897533240
0897533168
0897533146
0897532811
0897532651
0897532117
0897532082
0897531985
0897531894
0897531645
0897531597
0897531435
0897531411
0897531239
0897530921
0897530743
0897530623
0897530526
0897529751
0897529621
0897529500
0897529308
0897529212
0897529190
0897529047
0897528727
0897528702
0897528326
0897528312
0897528033
0897527780
0897527652
0897527541
0897527508
0897527340
0897527335
0897527052
0897526593
0897526440
0897525897
0897525849
0897525827
0897525408
0897525406
0897525223
0897525162
0897525129
0897525092
0897524766
0897524666
0897524571
089752446