0
089244854
0892448196
0892447548
0892447399
0892447011
0892446963
0892446906
0892446831
0892446630
0892446141
0892444934
0892444701
0892444403
0892444381
0892443804thitirat
0892443582
0892443194
0892443189
0892443086
08924424532601
0892441878
0892441083
0892439969
0892439436
0892438874
0892437168
0892437020
0892436700
0892435185
0892435072
0892435068
0892435021
0892434596
0892434139
0892433836
0892433020
0892432219
0892431247
0892431144
0892430750
0892430514
089243
0892429646
0892429255
0892429024
0892428970
089242851710735
0892428263
0892427817
0892427787
0892427727
0892427447
0892427248
0892427064
0892426738
0892426715
0892426287
0892425929
0892425827
0892425471
0892425188
0892425043
0892424918
0892424876
0892424875
0892424717
0892424212
0892424119
0892424083
0892424065
0892424
089242384mg&
0892422889
0892422637
0892422527
0892422341
0892422294
08924221702
0892421948
0892421837
0892421819
0892421570
0892421298
0892421274
0892421024
0892420406
0892420278Cream
0892420011
0892419224
0892418243
0892418028
0892416869
0892415922
0892415869
089241530
0892415228
0892415101
0892414201
0892413813
0892413422
0892413365
0892412741
0892412710
0892412247
0892412202
0892412082
0892411775
0892410985
08924100470
0892410015
089241
0892409941
08924098155
0892409694
0892409217
08924085736
0892407806
0892407444
0892407289
0892407127
0892406956
0892406835
0892406742
0892406469
0892406252
089240590031
0892405301
0892405288
0892404917
0892404802
0892404578
0892404261
0892403816
0892403692
0892403569
089240351
0892402532
0892402517
0892402323
08924021
0892401807
0892401634
0892401306
0892400991
0892400638
0892400457
0892400086
0892400020
089240
08924
08923jinm
0892399563
0892399379
0892399234
0892397964
0892397540
0892396944
0892396842
0892396591
0892396301
0892395902
0892395713
0892395682
0892395465
0892395049
0892395026
0892395005
0892394855
0892394655
0892394267
0892393967
0892393395
0892393256
0892392999
0892392982
0892392793
0892392633
0892392383
0892392070
0892390924
0892390654
0892390304
0892390299
0892390235
0892390109
0892390028
0892388071
0892387856
0892387635
0892387249
0892387034
0892386975
0892386816
0892386782
0892386480
0892386108
0892386061
0892386025
0892385425
0892385122
0892385112
0892384063
0892384017
0892383637
0892382990
0892382271
0892382260
0892382253
0892382043
0892381988
0892381953
0892381823
0892381239
0892381195
0892380767
0892380588
0892379958
0892379754
0892379505
0892379428
0892379334
0892379104
0892378998
089237891544893
0892378899
0892378890
089237883
0892378806
0892378449
0892377971
089237761
0892377468
0892377408
0892377302
0892377207
0892377162
0892377100
0892376790
0892376789
0892376397
0892376142
0892375747
0892374853
0892374416
0892374364
0892373622
0892373317
0892373261
0892373232
0892373133
0892372360
0892372116
0892372084
0892370703
0892370588
0892370496
0892370367
0892370355
0892369924
0892369023
0892368450
0892368417
0892368199
0892367925
0892367853
0892365765
0892365478
0892365468
0892365025
0892365004
0892364110
0892363930
0892363895
0892363809
0892363464
0892363051
0892363020
0892362897
0892362805
0892362535
0892361958
0892360508
0892360258
0892359791
0892359557
0892359322
0892359116
0892359002
0892357979
0892357923
0892357549
0892356521
0892356100
0892356023
0892355528
0892355441
0892355327
0892355002
0892354974
0892354812
0892354690
0892354372
0892354225
0892353740
0892353330
0892352946
0892352887
0892352828
0892352367
0892352306
0892351674
0892351277
0892350607
0892350273
0892350216
0892350031
0892349703
0892349393
0892349104
0892349089
0892348968
0892348394
0892348336
0892348295
0892347990
0892347935
0892347823
0892347764
0892346798
0892346727
0892346357
0892346235
0892346157
0892346+282
0892345990
0892345964
0892345623
0892345594
0892345103
0892345064
0892344596
0892344242
0892344200
089234390291
0892343863นา
0892343693
0892343461
0892343417
0892342902
0892342769
0892342684
0892342590
0892342521
0892342124
0892342080
0892341796
0892341103
0892340991
0892340947
0892340685
0892340511
0892340336
0892340104
089234
0892339923
0892339885
0892339835
0892339117
0892338939
0892338899
0892338797
0892338259
0892337892
08923376274
0892337098
0892336773
0892336096
0892335748mp
0892335700
0892335585
0892335578
0892335501
0892335361
0892334695
0892334530
0892334362
0892334261
0892334108
0892334085
0892333839
0892332544
0892332381
0892332087
0892332027
0892331801
08923317
089233136
0892331235
0892331045
0892330574
0892330316
0892329759
0892329630
0892328414
089232828412345
0892328259
0892328146
0892327734
0892327580
0892327528
0892327452
0892327394
0892327227
0892326570
0892326459
0892326228
0892325595
0892325414
0892325346
0892325041
0892324917
0892324738
0892324643
0892324535
0892324275
0892324267
0892324172
0892323093
0892322994
0892322794
0892322777
0892322213
0892322015
0892321984
0892321511
0892321232_xp
0892321077
0892320831
0892320789
0892320440
0892320381
0892320370
0892320133
0892320095
0892320078
089232
0892319713
0892318024
0892318/606
0892317790
0892316775
0892316648
0892315928
0892315897
0892315877
0892315597
0892315539*
0892315539
0892315068
0892314603
0892314322
0892311944
0892311411
0892311315
0892310965
0892310925
0892310785
0892310339
089231
0892309990
0892309698
0892309506
0892309492
0892309008
0892308384
0892307585
0892307245
089230704
0892306971
0892306949
0892306778
0892306686
0892306471
0892306461
0892306421
0892306004
0892305900
0892305244
0892305088
0892305056
0892304945
0892304620
0892304591
0892304437
0892303834
0892303800
0892303551
0892303548
0892303231
0892303079
0892302952
0892302872
0892302805
0892302670
0892302535
0892301834
0892301823
0892300923
0892300782
0892300328
0892299301
0892299299
0892298780
0892298737
0892298495
0892298371
0892298354
0892296942
0892296515
0892295384
0892295046
0892294647
0892294540
0892294081
0892293715
0892293404
0892293274
0892292457
089229245
0892292088
0892292070
0892291959
0892291669
0892291383
0892291374
0892291299
0892291274
0892291048
0892290919
0892290380
0892290079
089229
089228pink
08922899565
0892289102
0892289006
0892288973
08922884402226
0892288092
0892287683
089228757
0892287287
0892287070
0892286898
0892286676
0892285981
0892285768
0892285694
0892285633
0892284702
0892284441
0892283721
0892283632
0892282772
0892282631albbla
0892282623
0892282281
0892282209
0892282207
0892282036
0892281868
0892281834
0892281255
0892281058
0892280765
0892280153
089228
08922798968
08922798295
0892279556
0892278538
0892278342
0892278270
0892278227
0892278191
0892278182
0892277691
0892277277
0892277177
0892277079
0892276897
0892276648
0892276045
0892276001
0892275902
0892275811
0892275750
0892275402
0892275190
0892275155
0892274815
0892274658
0892273990
0892273609
0892273462
0892273151
0892273034
0892272989
089227280
0892272781
0892272342
0892271246
0892270616
0892270316
0892269872
0892269260
0892269006
0892268885
0892268248
0892268168
0892267347
0892267014
0892267002
0892266496
0892266418
0892265994
0892265880
0892265183
0892265025
0892264933
0892264831
0892264760
0892264682
0892264133
0892263917
0892263848
0892263608
0892263354
0892263327
0892263190251995
0892263157
0892263095
0892262708
0892262682
0892262488
0892262452
0892262242
0892262107
0892262023
0892261807
0892261599
0892261534
0892261351
0892261226
0892261110
0892260746
0892260631
0892260416
0892260235
0892260152
0892259801
0892259295
0892258836
08922587443336
0892258488
0892257596
0892257591
0892257534
0892257417
0892257246
0892257201
0892257173
0892256997
0892256886
0892256642
0892256316
0892256284
0892256142
0892256034
0892256014
0892255590
0892255568
089225554
0892252959
0892252735
0892252724
0892252373
0892252351
0892252107
0892251993
0892251767
0892251673
0892249923
0892249422
0892249239
089224781
0892247727
0892247554
0892247409
0892247243
0892246713
0892246553
0892246169
08922461202006
0892245579
0892245369
0892244948
0892244868
0892244855
0892244184
0892243553
0892242718
0892242263
0892241490
0892241377
0892241243
0892240910
089224087
0892240806
0892240797
0892240774
0892240490
0892240414
0892240022
089224
0892239942
0892239745
0892238822#*
0892238380
08922383
0892238107
0892238090
0892238063
0892238020
0892237278
0892236556
0892236555
0892236470
0892236425
0892236142
0892234755
0892234576
0892234411
0892234401
0892234322
0892234021
0892233753
0892233360
0892233151
0892233016
089223288
0892232811
0892232722
0892232699
0892232358
0892231539
0892230830
0892230714
0892230707
0892230510
0892230500
089223
0892229676
0892229622
0892229530
0892229351
0892229227
0892228577
0892228345
0892228135
0892227893
0892227257
0892226914
0892226785
0892226366
0892226116
0892226067
0892225922
0892225100
0892225048
0892225004
0892224993
0892224650
0892224074
0892223939
0892223753
0892223686
0892223566
0892223029
0892222917
0892222771
0892222756
0892222640
0892222147
0892221836
0892221597
0892221566
0892221256
089222110
0892221009
0892220629
0892220319
0892220120
0892219748
0892219218
0892218565
0892216692
0892215919
0892215643
0892215566
0892215255
0892215188
0892215111
0892214739
0892214536
0892213678
0892212746
0892212368
08922117258391
0892211309
0892210464
0892210310
0892210286
08922102529
0892209875bank
0892209839
0892209401
0892209237
0892208920
0892208557
0892208524
0892207367
0892207314
0892206823
0892206702
0892206632
0892205674
0892205352
0892204628
0892203703
0892203689
0892203594
0892203414
0892203215
0892203148
0892203108.
0892202997
0892202996
0892202886
0892202881
0892202722
0892202687
0892202605
0892202473
0892202085
0892201405
0892201321
0892201172
0892200844
0892200178
0892200105
0892200104
08922
0892199933
0892199624
08921996
0892199387
0892199305
0892199074
0892198587
0892198159
0892197729
0892197658ni
0892197223
0892196991
0892196846
0892196433
08921962421
0892196210
0892195500
0892195434
0892195059
0892193862
0892193817
0892193798
0892193741
0892193633
08921935213
0892192989
0892192285
0892192201
0892191845
0892191510
0892191436
0892190795
0892190700
0892190617
0892190319
0892190030
089219*0418
0892189388
0892188803
08921881294
0892187994
0892187723
0892187693
0892187641
0892187456
0892186828
0892186653
0892185799
0892185420
0892185234
0892184900
0892184781
0892184577
0892183994
0892183860
0892183822
0892183137
0892181846
0892181545
0892181201
0892181145
0892181001
0892180897
0892180344
089217ebrio
0892179191
0892179072
0892178316
0892178017
0892177610
0892177581
089217750
0892177447
0892177181
0892176978
0892176822
0892176534
0892175762
0892175614
0892175186
0892174563
0892174535
0892174473
0892174277
0892173836
0892173316
0892173250
0892172664
0892172302
0892171162
0892171135
0892170984
0892170933
0892170290
0892169016
0892168123
0892168071
0892168004
0892167907
0892167527
089216675
0892166633
0892166355
0892166286
0892166237
0892166039
0892166029
0892165679
0892165636
0892165226
0892164776
0892164642
0892164475
0892164398tk
0892164248
0892164187
0892163866
0892163696
0892163074
0892162894
0892162788
0892162199
0892161121
0892161111
0892161044
089216
0892159603
0892158810
0892158581
0892158069
0892157575
0892157548
0892156282
0892155806
0892155798
0892155506
0892155216
0892155021
0892154521
0892154495
0892154380
0892154321
0892154151
0892153179
0892152166
0892152008
0892151126
0892150769
0892150545
0892149966
0892149480
0892148520
0892148316
0892147871
0892147562
0892147459
0892147284
0892146862
0892146566
0892146497
0892146333
0892146305
0892146300
089214618
0892145967
0892145693
0892145453
0892145409
0892144842
0892144465
0892144381
0892144201
0892144126
0892143808
0892143664
0892142905
0892142613
0892142280
0892141911
0892141332
0892141117
0892140986
0892140963
0892140875
0892140732
0892140717
0892140577
0892140461
0892140143
0892139604
0892139442
0892139409
0892139223
0892138503
0892137778
0892137517
0892137237
0892137012
0892136950
0892136505
0892136158
0892136085
0892136007
0892135381
0892134940
0892134822
0892134734
0892134630
0892134499
0892134193
0892133989
0892133553
0892133163
0892132634
0892132416
0892132293
0892132189
0892131919
0892131333
0892131190
0892131046
0892130931
089213088089
0892130830
0892130384
0892130201
0892129857
0892129760
0892128535
0892128237
0892128177
0892127929
0892127080
089212679
0892126348
0892126008
0892125661
0892125484
0892125124
0892124978
0892124500
0892123949
0892123743
0892123453
0892123445
0892123035
0892122947
0892122877
0892122245
0892122152
0892122136
0892121808
0892121793
0892121694
0892121611
0892121522
0892120937
0892120804
0892120747
0892120515
0892120393
0892120202
0892120010
089212
0892119958
0892119807
0892119800
0892119453
0892118989
0892118493
0892118352
0892118000
0892117859
089211783
0892117687
0892117402
0892117247
0892116957
0892116796
0892115583
0892115436
0892115334
0892115191
0892114918
0892114847
0892114190
0892114150
0892113651
0892113611
0892113491
0892113058
0892113037
0892112829
0892112216
0892112133
0892112111
0892112097
0892112027
0892111094
0892111072
0892110801
0892110323
089211
0892109375
0892109306
0892109227
0892108792
089210863
0892108621
0892108280
0892108107
0892108068
0892107264
0892106616
0892106615
0892106216
0892106064
0892106052
0892105507
0892105290
0892105173
0892105162
0892105002
0892104570
0892104556
0892104478
0892104470
0892104378
0892104258
0892104128
0892103682
0892103393
0892103117
0892102801
0892102745
0892102463
0892101561
0892101054
08921
0892099869
0892099441
0892099295
0892099258
0892099244
0892099098
0892099010
0892098973
0892098157
0892098088
0892098050
0892097882
0892097205_
089209647
0892096380
0892096123
0892095711
0892095264
0892095179
0892094851
0892094682
0892094090
0892093595
0892093435
0892093430
0892093230
0892092821
0892092667
0892092283
0892092142
0892092067
0892091738
0892091724
0892091308
0892091124
0892090508
0892090449
0892090220
0892090183
0892090074
0892089887
0892089151
0892088865
0892088791
0892088599
0892088576na
0892088077
0892084415
0892084252
0892083487
0892083248
0892083031
0892083009
0892082136
0892082028
0892080093
0892079447
0892079365
0892079324
0892079266
0892078979
0892078944
0892078896
0892078868
0892078626
089207779
0892077160
089207669
0892076668
0892076545
0892076291
0892075314
08920748964
0892074541
0892074274
0892074240
0892073914
0892073660
0892073444
0892073379
0892073317
0892072911
0892072312
0892072052
0892071663
0892071438
0892071067
0892070918
0892070862
0892070721
0892070503
0892070420
0892070090
0892068062
0892067382
0892066617
0892066195
089206433
0892063851
0892061333
0892060731
089206
0892059334
0892056975
0892056905
0892056709
0892056696
0892056423
0892056290
0892056021
0892054464
0892054417
0892053110
0892052973
0892052338
0892052295
0892051692
0892051236
0892050969
0892050535
08920505
08920502
0892050031
089205
089204830
0892048269
0892047849
089204739
0892047292
0892046447
0892045697
0892044479
0892044307
0892044115
0892043035
0892042882
0892042635
0892042342
0892040692
0892039467ax
0892039179
0892038622
0892038443
0892038225
0892038082
0892037765
0892037457
0892037403
089203662
0892035840
0892035541
0892035129
0892034675005
089203429
0892032504
0892032274
0892032064
0892031919
0892031830
0892031079
0892030667
0892030470
0892030280
0892030279
0892029413
0892029071
0892028035
0892028002
0892026930
0892025175
0892024928
0892024719
089202454
0892024389
0892024291
0892024086
0892023521
0892022408
0892021399
0892021023
0892020920
0892020916
0892020861
0892020661
0892020289
089202+6436
089202
089201713
0892017021
0892016732
0892016502
0892016321
0892014630
0892014475
0892013091
0892012411
0892011996
0892011513
0892010035
0892009891
0892009789
08920097661414
0892009550
0892009462
0892009361
0892009017
0892008915
0892008872
0892008701
0892008659
0892008007
0892007883
0892007215
0892005053
0892004930
0892004881
0892004387
0892003995
0892003736
0892003341
0892003209
0892003107
0892002119
0892001152
089200106
089200
08920
0891wetjb
0891solomon
0891orsame
0891oanad
0891nueng
0891mfr
0891leon
0891katunca4
0891holly
0891dq20
0891bk
0891ardem
0891aA45
0891a
0891999862
0891999478
0891999194
0891998933
0891998766
0891998223
0891998111
0891998055
0891997895
0891997360
0891997058
0891996981
089199669808520
0891996359
0891996216
0891996060
0891995908
0891995610
0891995549
0891995371
0891995320
0891995242
0891994709
0891994459
0891994233
0891993669
0891993593
0891993530
0891993360
0891993324
0891993290
0891993176
0891993
0891992951
0891992797
0891992776
0891992750
0891992636
0891992544
0891992531
0891992425
0891992386
0891992365
0891992164
0891991723
0891991663
0891991547
0891991220
0891991178
0891991027
0891990994
0891990903
0891990003
0891989919
0891989854
0891989562
0891988784
0891987336
0891987334
0891987241
0891987
0891986848
0891986711
0891986288
0891986003
0891985878
0891985553
0891985326
0891985203
0891985152
0891985034
0891984944
0891984428z
0891984370
0891984325
0891984226
0891983949
0891983800
0891983657
0891983311
0891983024
0891982803
0891982722
0891982485
0891982212
0891982173/~~007
0891981523
0891981388
0891980860
0891979768
0891979230
0891978399
0891978109
0891978
0891977896
0891977335
0891977245
0891976226
0891976132
0891976112
0891975940
0891975679
0891974697
0891974461
0891974370
0891973742
0891973650
0891973291
0891973258
0891973064
0891971761
0891971426
0891971271
0891971125
0891971099
0891970843
0891970671
0891969741
0891969723
0891969429
0891969291
0891969147
0891968454
0891968274
0891967728
0891967592
0891967421
0891966955
0891966833
0891966737
0891966150
0891966043
0891965957
0891965843
089196576927214
08919656
0891965
0891964840
0891964731
0891964690
0891963967
0891963546
0891963525
0891963332
0891963148
0891962732
0891962401
0891962315
0891961967
0891961933
0891961671
0891961566
0891961262
0891961230
0891960108
0891959116b
0891959110
0891958919
0891958854
0891958669
0891958431
0891958411
0891958366
0891958050
0891958001
0891957908
0891957448
0891955778
0891955299
0891953989
0891953600
0891953317
0891952707
0891951572
0891951007
0891950940
0891950921
0891950823
0891950711
08919506190847004427
0891950119
0891950043
0891949298
0891948863
0891948370
0891947793
0891947782
0891947577
0891947429
0891947266
0891946890
089194686*9
0891946737
0891946719
0891946696
0891946663
0891946447
0891946259
0891946032
0891946002
0891945924
0891945599
0891945085
0891945035
0891944980
0891944697
0891944276
0891944102
0891943361
0891943313
0891943048
0891942949
0891942893
0891942450
0891942334
0891942003
0891941998
0891941985
0891941485
0891941482
0891941379
0891940791
0891940491
0891940386
0891940192
0891940182
0891940162
0891939753
0891939581
0891939233
0891939179
0891939029
0891938910
0891938075
0891937471
0891936906
0891936560
0891936442
0891936373
0891936078
0891935787
0891935622
0891935621
0891935554
0891935504
0891935194
0891935159
0891935069
0891934742
0891934515
0891934507
0891934424
0891934214
0891934054
0891933775
0891933322
0891933257
0891933204
0891932619
0891932328
0891932258
0891931855
0891931513
0891931404
0891931298
0891931183
0891931000
0891930393
0891929882
0891929591
0891929547
0891929383
0891929351
0891929329
0891929210
0891928483
0891928469
0891928425
0891928362
0891928064
0891927656
0891927529
0891927467
0891927178
08919270899
0891927024
0891926954
0891926592
0891926037
0891925739
0891925702
0891925225
0891925214
0891924880
0891924768
0891924467
0891924394
0891924064
0891924023
08919238385
0891923737
0891923577
0891923551
0891923536
0891923458
0891922609
089192260
0891922139
0891922069
0891921620
0891921170
0891920681
0891920260
0891919439
0891919049
0891918880
0891918750
0891918722
0891918700
0891918430
0891918292
0891918128
0891918080
0891917762
0891917706
0891917627
0891917594
0891917273
0891917015
0891916660
0891916629
0891916589
0891916486
0891915638
0891915483
0891915263
0891915152
0891915065
0891915028
0891914959
0891914831
0891914778
0891914553
0891914295
0891914010
0891913406
08919128811
0891912537
0891912397
0891911732
0891911660
0891911576
0891911511
0891911327
0891911236
0891911191
0891911023
0891910625
0891910622
0891910382
0891910180
0891910143
0891910107
0891909740
0891909557
0891909545
0891909481
0891908632
0891908001
0891907996
0891907772
0891907525
0891906509
0891906209
0891905776
0891905169
0891905113
0891904850
0891904761
0891904005
0891903013
0891902528
089190248014271429
0891902430
0891901540
0891900939
0891900781
0891900730
0891900652
0891900557
0891900526
0891900483
0891900384
0891900224
089190
08919*15782
08919
0891899402
0891899385
0891899147
0891898556
0891898483
0891897652
0891897161
0891896623
0891896617
0891896550
0891896043
0891895837
0891895195
0891895129
0891895016
0891894869
0891894730
0891894589
0891894367
0891894293ka
0891894092
0891894074
0891894004
0891893955
0891893686
0891893619
0891893314
0891893083
0891891180
0891890657
0891890532
0891890371
0891890080
0891890008
0891889745
0891889700
0891889530
0891889292
0891889096
0891889030
0891888702
0891888434
0891888224
0891887883
0891887839
0891887819
0891887738
0891887677
0891887587
0891887425
0891887347
0891887001
0891886810
0891886792
0891886046
0891885826
0891885211
0891885019
0891884907
0891884744
0891884198
0891884039
0891883945
0891883471
0891883117
0891883068
0891882792
0891882735
0891882549
0891882381
0891882359
0891882219
0891882013
0891881780
0891881724
0891881698
0891881580
0891881010
0891880994
0891880627
0891880141
0891880130
089188
0891879972
0891879367
0891879238
0891879104
0891878885
0891878787
0891878676
0891878618
0891878539
0891878490
0891878181
0891878180
0891877868
0891877838
0891877704
0891876916
0891876853
0891875921
0891875244
0891873813
0891873731
0891873063
0891872487
0891872279
0891871996
0891871832
0891871193
0891870986
0891870896
0891870705
0891870046
089187
0891869495
0891869181
0891868157
0891867870
0891867378
0891867224
0891867163
0891866472
0891866048
0891865219
08918643011379
0891863725
0891863676
0891863433
0891862978
0891862708
0891862511
0891862128
0891861313
0891859830
0891859415
0891859195
0891859106
0891858985
0891858326
0891858267
0891858220
0891857730
0891857556
0891857399
0891857052
0891856816
0891856717
0891856660
0891856657
0891856418
0891856105
0891856023
0891855527
0891855030
0891854848
0891854699
0891854335
0891853897
0891853672
0891853575
0891853513
0891853433
0891853240
0891852868
0891852685
089185192402
0891851661
0891851193
0891851118
0891849344
0891848523
0891848354
0891848140
0891848028
0891847603
0891847530
0891847077
0891847073
0891846675
0891846489
0891846299
0891845954
0891845580
0891845460
0891845056
0891845008
0891844831
0891844180
0891844075
0891843992
0891843614
0891842943
0891842930
0891842886
0891842744
0891842475
0891842442vivi
0891842325
0891842114
0891841391
0891841299
0891840954
0891840725
0891840586
0891840298
0891840272
0891839419
0891839132
0891839042
0891838772
0891838688
0891838644
0891838531
0891838345
0891838141
0891838099
08918374721122
0891837223
0891837071
0891837056
0891836635
0891836624
0891836495
0891835797
0891835764
0891835668
089183564702
0891835525
0891835407
0891835378
0891835151
0891835029
0891834912
0891834508
0891834462
0891834345
0891834274
0891833503
0891833356
0891833129
0891833040
0891832956
0891832503
0891832250
0891831900
0891831742
0891831182
08918311
0891830627
0891830372
0891830289
0891829076
0891828629
0891828495
0891828275
0891828243amam
0891828132
0891827669
0891827512
0891827403
0891827280
0891827222
0891826880
0891826763
0891825215
0891824688
0891824678
0891824080
0891824077
0891824063
0891823311
0891823024
0891822893
0891822018
0891821856
0891821580
0891821300
0891820485
089182
0891819837
0891819812
0891819663
0891819519
0891819454
0891819199
0891819060
0891818244
0891818144
0891817687
0891817567
0891817535
0891817428
0891817327
0891816952
0891816665
0891816227
0891815498
0891815077
0891815044
0891814952
0891814902
0891814600
0891814599
0891814597
0891814582
0891814105
0891814021
0891813847
0891813711
0891813661
0891813498
0891813010
0891812901
0891812667
0891812438
0891812239
0891812230
0891812040
0891811650
0891811516
0891811481
0891811318
0891811248
0891810878
0891810855
0891810718
0891810391
089181
0891809967
089180965209
0891809652
0891809585
0891809288
0891809267
0891808383
0891808274
0891808047
0891808005
0891807891
0891807846
0891807686
0891807138
0891806959
0891806935
0891806727
0891806497
0891806425
0891805792
0891805741
0891805672
0891805478
0891804922
0891804897
0891804763
0891804685
0891803759
0891803296
0891803212
0891803090
0891803058
0891802949
0891802880
0891802796
0891802541
0891802254
0891802162
0891801969
0891801916
08918019
0891801538
0891801500
0891801057
0891801
0891800949
0891800868
0891800674
0891800336
0891800303
0891800034
0891799937
0891799710
0891799462
0891799357
0891799009
0891798563
0891798307
0891798267
0891798214
0891798073
0891798008
0891797722
0891797527
0891797283
0891796728
0891796644
0891795953489921
0891795815
0891795693
0891795620
0891795599
0891795586
0891795303
0891795191
0891795166
0891795003
0891794688
0891794647
0891794604
0891794442
0891794092
0891794006
0891793795
0891793461
0891793388
0891793269
0891793071
0891792916
0891792312
0891792122
0891791997
0891791090
0891790450
0891790081
0891789765
0891789705
0891789693
0891789119
0891788817
0891788574
0891788558
0891787581
0891787323
089178