17
0878554077
0878553964
0878553834
0878553781
0878553221
0878552982
0878552923
0878552600
0878552428
0878551877
0878551511
0878551349
0878551329
0878551239
0878550991
0878550975
0878550932
0878550583
0878550002
0878549707
0878549506
0878549194
0878549015
0878548734
0878548692
0878548589
0878547382
0878547345
0878547090
0878546967
0878546636
0878545774
0878545673
0878545576
0878545103
0878544877
0878544856
0878544757
0878544679
0878543700
0878543634
0878543551
0878543500
0878543256
0878542411
0878542327
0878541960
0878541895
0878541689
0878541501
0878540953
0878540864
0878540506
0878539964
0878539472
0878538975
0878538887
0878538808
0878538550
0878538097
0878537021
0878536858
0878536826
0878536349
0878536211
0878535719
0878535506
0878535381
0878535224
0878535109
0878535070
0878534794
0878534780
0878534339
0878533723
0878533421
0878533230
0878533197
0878532927
0878532136
0878532123
0878531712
0878531631
0878531548
0878531372
0878531324
0878531064
0878531007
0878530577
0878530511
0878530377
087853
087852jp
0878529977
0878529521
0878529400
0878529392
0878529315
0878529265
0878529117
0878528975
0878528669
0878528424
0878528176
0878527644
0878527584
0878527424
0878526928
0878526851
0878526611
0878526506
0878526373
0878526082
0878525229
0878525032
0878525016
0878525002
0878524887
0878524667
0878524266
0878524236
0878524189
0878524029
0878523978
0878523936
0878523838
0878523747
0878522744
0878522720
0878522211
0878522207
0878522197
0878522031
0878521977
0878521696
087852154
0878521445
0878521249
0878520900
0878520899
0878520845
0878520086
0878520
0878519979
0878519502
0878519451
0878519122
0878519104
0878519073
0878518984
0878518891
0878518840
0878518519
0878518505
0878518368
0878518293
0878518177
0878517614
0878517305
0878516952
0878516798
0878516237
0878516107
0878515707
0878515661
0878515586
0878515211
0878515175
0878515131
0878514585
087851366470
0878513428
0878513201
0878513186
0878513014
0878512882
0878512752
0878512635
0878512158
0878512023
0878511454
0878511409
0878511361
0878511356
087851132096
0878510401
087851014349
0878510120
0878510007
0878509978
0878509698
087850966
0878509512
0878509322
0878508954
0878508937
0878508919
0878508869
0878508725
0878508605
0878508589
0878508575
0878508572
0878508091
0878507820
0878507577
0878507360
0878507039
0878506905
0878506842
0878506429
0878505967
0878505930
0878505912
0878505845
0878505671
0878505577
0878505380
0878505011
0878504802
0878504752
0878503908
0878503447
087850305322
0878502912
0878502411
0878501824
0878501313
0878501025
0878500850
0878500666
0878500227
0878500142
087850
0878499666
0878499259
0878499213
0878499203
0878498496
0878498216
0878497764
0878497205
087849707
0878496596
0878496518
0878496428
0878496247
0878496121
0878496039
0878495915
0878495811
0878495791
0878495494
0878494054
0878493357
0878493180
0878492668
0878492495
0878492215
0878492029
0878491995
0878491762
0878491542
0878491471
0878490866
0878490374
0878490221
0878489935
0878489778V
0878489626
0878489587
0878489348
0878489344
0878489180
0878489160
0878489112
0878489100
0878488919
0878488803
0878488669
0878488476
0878488422
0878488198
0878488088
0878487989
0878487908
0878487845
0878487645
0878487589
0878487419
0878487167
0878487128
0878487059
0878486865
0878486700
0878486679
0878485961
0878485768
0878485544
0878485474
0878485410
0878485153
0878485121
0878485102
0878484981
0878484978
0878484967
0878484684
0878484598
0878484546
087848443
0878484101
0878484069
0878483948
0878483940
0878483437
0878482927
0878482893
0878482887
0878482883
0878482877
0878482434
0878482430
0878482146
0878481956
0878481609
0878481519
0878481301
0878481183666
0878481183
0878481096
0878481092
0878480958
0878480760
0878480688
0878480099
0878479917
0878479754
0878479565
0878479368
0878479313
0878478780
0878478742
0878478712
0878478675sss
0878478399
0878478252
0878477926
0878477625
08784775180000
0878477425
0878477273
0878476975
0878476742
0878476670
0878476647
0878476022
0878475672
0878475599
0878474917
0878474432
0878474209
0878474172
08784736
0878473587
0878473068
0878472851
0878471727
0878471500
0878471100
087847107
0878470699
0878470516
0878470369
0878470240
087847
0878469185
0878469125
0878468754
0878468499
0878468364
0878468281
0878467210
0878467067
0878466469
0878466447
0878466416
0878466044
0878466011
0878465265
0878465087
0878464901
0878464466
0878464401
0878464375
0878464345
0878464029
0878464017
0878463688
0878463161
0878462886
0878462814
0878462241
0878462189
087846185
0878461611
0878461106
0878460797
0878460663
087845Jk
0878459954
0878459894
0878459881
08784597
0878458956
0878458651
0878457110
0878456913
0878456673
0878456377
0878456183
08784560400
0878455744
0878455434
0878455422
0878455383
0878454477
0878454290
0878454287
0878454122
0878454001
0878453861
0878453634
0878453458
0878453239
0878453028
0878452522
0878452289
0878452233
0878452232
0878451870
0878451576
0878451422
0878451300
0878451297
0878451293
0878451054
0878451026
0878450529
0878450413
0878450213
0878450020
0878449731
0878449726
0878449644
0878449575
0878449570
0878449263
0878449214
0878449172
0878449055
0878448612
0878448570
0878448429
0878448284
0878448146
0878447361
0878447345
0878447320
0878447311
0878447285
0878447213
0878447065
0878446765
0878445808
0878445541
0878445120
0878444921
0878444762
0878444733
0878444479
0878444234
0878443878
0878443554
0878443376
0878443031
0878442740
0878442344
0878442281
0878442270
0878442194
0878441296
0878441165
0878441127
0878440995
0878440702
0878440522
0878440434
0878440193
0878440119
0878440074
0878439869
0878439611
0878439544
0878439476
0878439160
0878438974
0878438905
0878438825
0878437609
0878437536
0878437451
0878436452
0878436368
0878435991
0878435629
0878435536
0878435022
0878434841
0878434714
0878434187
0878434007
0878433680
0878433303
0878432422
0878431983
0878431863aom
0878431484
0878431375
0878431184
0878430841
0878430739
0878430313
0878430237
0878429913
0878429462
0878429379
0878429296+
0878429262
0878428823
0878428534
0878427988
0878427882
0878427805
0878427448bo
0878427287
0878427177
0878426724
0878426599
0878426168
0878425750
0878425684
0878425177
0878424957
0878424931
0878424919
08784245
0878424369
0878424153
0878424108
0878423509
0878423451
0878423427
0878423324
0878423019
0878423001
0878422827
0878422425
0878422344
0878421988
0878421965
0878421846
0878421663
0878421269
0878420713
0878420447
0878420408
0878419550
0878419495
0878419478
0878419065
0878418996
0878418674
0878418660
0878418309
0878418259
0878418221
0878418159
0878417209
0878416779
0878416616
0878416483
0878416402
0878416314
0878416242
0878416169
0878416026
0878415751
0878415288
0878414703
0878414431
0878414217
087841360519
0878413215
0878412908
0878412704
0878412053
0878411801
0878411435
0878411349
0878411259
0878411169
0878410507
0878410344
087841017124942
087841
0878409932
0878409850
0878409071
0878408610
0878408578
0878408097
0878407871
0878407652
0878407644tey
0878407044
0878406281
0878405870
0878405798
0878405592
0878404490
0878404208
087840405
0878403969
0878403752tom
0878403361
0878403303
0878403095
0878402597
0878401837
0878401822
0878401772
0878401412
0878400687
0878400382
0878400284
0878400015
0878399758
0878399441
0878399238
0878399011
0878398792
0878398628
087839857337
0878398369
0878397934
0878397763
0878397543
0878397220
0878396952
0878396946
0878396920
0878396829aom
0878396416
0878396377
0878396362
087839569
0878395565
087839537
0878395323
0878395096
0878394874
0878394830
0878394511
0878394423
0878394124
0878393960
087839394853
0878393373
0878393270
0878392417
0878392195
0878392048
0878391911
0878391565
0878391375
08783912
0878391050
0878391022
0878390446
087839028619
0878390
087839
0878389906
0878389740
0878389502
0878389086
0878389069
0878389016
0878388980
0878388934nle
0878388518
0878388398
0878388180
0878387973
0878387959
0878387751
0878387399
0878387254
0878386943
0878386374
0878385939
0878385807
0878385394
0878385307
0878385118
0878385016
0878384568
0878384559
0878384404
0878383740
0878383570
0878383246
0878382680
0878382641
0878382549
0878382125359
0878381912
0878381647
0878381413
0878381286
087838
0878379950
0878379822
0878379760
0878379614
0878379066
0878378929
0878378926
0878378750
0878378670
0878378360
0878378335
0878378091
0878377943
0878377360
0878377246
0878376821
0878376424
0878375888
0878375709
0878375699
0878375490
0878375298
0878375114
0878374928
0878374758
0878374711
0878374218
0878373761
0878373491
0878373191
0878373049
0878372999
0878372924
0878372916
0878372234
0878371754
0878371743
0878371654
0878371597
0878371268
0878370402
0878370254
0878369673
0878369464
0878369329
0878369169
0878367843
0878367108
0878366877
0878366862
0878366851
0878366432
0878366200
0878365845
0878365192
0878365162
0878364879
0878364146
0878363369
0878363231
0878362777
0878362624
0878362067
0878362050
0878361747
0878361722
0878361651
087836163802
0878361631
0878360970
0878360699
0878360214
0878359635
0878359489
0878358861
0878358691
0878358286
0878358123
0878357017
0878356118
0878356047
0878355427
0878355383
0878355159
0878355113
0878354380
0878354276
0878353694
0878353621
0878353223
0878353155
0878352520
0878351942
08783518
0878351751
0878350534
0878350530
0878350383
0878350010
0878349457
0878348838
0878348434
0878347808
0878346028
087834573334
0878345669
0878344640
0878344430
0878344309
0878343464
0878343313
0878343274
0878342898
0878342207
08783416123
0878341538
0878341212
0878341183
0878340911
0878340735
0878340133
0878339796poo&pao
0878339796
0878339360
0878339167
0878338044
0878337737
0878337175
0878336817
0878336641
0878336364
0878336334
0878335952
0878335733
0878335351
0878335157
0878334997
0878334913
0878334789
0878334701
0878334635
0878334510
0878334335
0878334291
0878333516
0878333129
0878332707
087833238402645
0878332319
0878332138
08783321
0878331561
0878331345
0878331046
0878331028
087833064331
0878330602
0878330535
0878330158
0878330108
0878329974
0878329647
0878329378
087832922160
0878328971
0878328360
0878328278
0878327596
0878327354
0878327303
0878326734
0878326614
0878326252
0878326180
0878325965
0878325578
0878325061
0878325037
0878324847
0878324632
0878323163
0878322898
0878322319
0878322169
087832181700
0878321407
0878320929
0878320192
0878320122
087831a
0878319744
0878319451
0878319125
0878319026
0878318700
0878318211
0878316931
0878316677
0878316357
0878316066
0878315867
0878315690
0878315468
0878315347
0878314412
0878314353
0878314069
0878313995
0878313961
0878313439
0878313001
0878312508
0878312419
0878312017
0878311975
0878311707
0878311519
0878311227
0878311150
0878310775
087831010994
0878310025
0878309912
0878309870
0878309372
0878309293
0878308882
087830886
0878308294
0878308140
0878307956
0878307803
0878307586
0878307380
0878306983
0878306960
0878306014
0878305097
0878304771
0878304230
0878304128
0878303969
0878303909
0878303557
0878303234
0878303167
0878302770
0878301940
0878301640
0878300834
08783004
0878300145
08783
0878299979
0878299664
08782992387069
0878299033
0878298834
0878298704
0878298499
087829746968
0878296803
087829639579
0878296004
0878295682
0878295476
0878293922
0878293695
0878292820
0878292457
0878291800
0878291683
0878290347
087829
0878289785
0878289543
0878288909
0878288820
0878288720
0878288698
0878288131
0878287992
0878287496
0878287488
0878287420
0878286841
0878286366
0878286338
0878285997
0878285438
0878284748
0878284233
0878284020
0878283771
0878283750
0878283366
0878282726
0878282528
0878282262
0878282114
0878282091
0878281512
0878281025
0878280640
087827M
0878279959
0878279949
0878279917
0878279736
0878279631
0878279604
0878279485
0878279429
0878278332
0878278191
0878278172
0878277757
0878277722
0878276595
0878276564
0878276309
0878275175
0878274889
0878274575
0878274093
0878273943
0878273796
0878273769
0878273768
0878273588
0878273247
0878272870
0878272717
0878271270
0878271076
0878270407
0878270064
0878269690
0878268666
0878267722
0878267013
0878266690
0878266356
0878266186
0878266129
0878265986
0878265577
0878265439
0878265123
0878265057
0878264815
0878264726
0878264572
0878264465
0878264211
0878263930
0878263879
0878263812
0878263215
08782632
0878262773
0878262460
0878262454
0878262010
0878260299
087826
0878259670
0878259329
0878258576
0878258552
0878258176
0878258122
0878257242
0878256849
0878256738
0878256016
0878255992
0878255874
0878255824
0878255757
0878255012
0878254741
0878254062
0878253670
0878253665
0878252302
0878252298
0878251630
0878251305
0878251044
0878249687
0878249446
0878249132
0878249057
0878248612
0878248454
0878248375
0878248362
0878248066
0878247465
0878247350
0878247322
0878246851
0878246328
0878246288
0878245744024626
0878245636
0878245472pueng
0878244381
0878243944
0878243898
0878243790
0878243392
0878243066
0878243
0878242906619
0878242614
0878242541
0878241929
0878241554
0878241096
0878240018floy
0878238513
0878238359
0878238153
0878238096
0878237892
0878237846
0878237719
0878237454
0878237307
0878236885
0878236153
0878234733
0878234598
087823447436
0878233531
0878233395
0878232796
0878232298
0878232093
0878232016
0878231456
0878231198
0878230199
0878230165
0878230040
087823
0878229702
0878229566chada
0878229256
0878228953
0878228775
0878228768
0878228658
0878228343
0878228192
0878228021
0878227847plawii
0878227727
0878227298
0878227130
0878226993
0878226841
0878226691
0878226302
0878226184
0878226070
0878225333
0878224986
0878224899p p46
0878224871
0878224837
0878223922
0878223802
0878223364
0878223263
0878222724
0878222561
0878222535
0878222530
0878222509
0878221630
0878221423
0878221271
087822111701
0878221089
0878219969
0878219793
0878219706
0878219671
0878218575
0878218394
0878218341
0878217215
0878217199
0878216232
0878216146
0878216113
0878215842
0878215645
0878215009
0878215007
0878214722me
0878214464
087821379
0878213581
087821241404
0878212305
0878212170
0878211770
087821140675
0878211364
0878211236
087821029119
0878209909
0878208952
0878208644
0878208612
0878208060
0878208023
0878207869
0878207490
0878206844
0878206544
0878206294
087820614
0878205808
0878204697
0878204628
0878204605
0878203778
0878202717
0878202275
0878202202
0878201860
0878200599
0878200481
0878200099
0878200082
08781l
0878199978
0878199851
0878199842
0878199733
0878199497
0878199020
0878198712
0878198223
0878198115
0878197465
0878197183
0878195163
0878194490
0878194101
0878193897
0878193808
0878193549
0878193177
087819221511
0878191989
0878191466
0878191453
0878191156
0878191086
0878190794
0878190503
0878190316
0878189865
0878189116
0878189108
0878188994
0878188686
0878188091
0878187863
0878187737
0878187711
0878187052
0878186928
0878186317
0878185830
0878185777
0878185675m
0878185389
0878185300
0878184823
0878184211
0878184036
0878183695
0878183308
0878183291
0878183212
0878182887
0878182849
0878182659
0878182230
0878182136
0878181989
0878181889
0878181712
0878181700
0878181655
0878181587
0878181403
0878181181
0878180605
0878180232
0878179700
0878179584
0878179581
0878179370
0878179308
0878178955
0878178797
0878178690
0878178681
0878178517
0878178073
0878177680
0878177366
0878177339
0878177099
0878176718
0878176650
0878175547
0878175427
0878174823
0878174007
0878173554
0878173108
0878171911
0878171747
0878171608
0878171471
0878170840
0878170627
0878170017
087817
0878168744
0878168595
0878168544kik
0878168472
0878168069
0878168043
0878167671
0878167578
0878167104
0878166052
0878165333
0878165223
0878164868
0878164756
0878164552
0878164527
0878164450
0878164041
0878163353
0878163221
0878163157
0878162351
0878162209
0878161972
0878161781
0878161778
0878161517
0878161126
0878160467
0878160298
087816
0878159448
0878158949
0878158556
0878158403
0878158165
0878157786
0878157612
0878157347
0878157228
0878157211
0878157146
0878156910
087815673
0878156692
0878156560
0878156469
0878156379
0878156126
0878155905
0878155391
0878155102
0878154974
087815485
0878154604
0878154151mo
0878153758
0878153682
0878151602
0878151541
0878151035
0878151028
0878150466
0878150094
0878149907+
0878149751
0878149321
0878147789
0878147577
0878147411
0878147200
0878146801
0878146799
0878146784
0878146767
0878145913
0878145634
0878145506
0878145218
0878145131
0878144968
0878144667
0878144593
0878144453
0878144438
0878144322
0878144296
0878144132
0878143659
0878142432
0878142424
0878141871
0878141681
0878141443
0878141424
0878140893
0878140860
0878140458
0878139907
0878139849
0878139731
0878138587
0878138262
0878138070
0878137835
0878137683
0878137232
0878135908
0878135866
0878135543
0878135306
0878134881
0878134240
0878133166
0878132280
0878132028
0878131500
0878130985
0878130872
0878130736
0878130562
0878130323
087813
0878129226
0878128773
0878128740
0878127831
0878127427
0878127326
0878127088
0878127071
0878126941
0878126798
0878126771
0878126729
0878126620
0878125753
0878125747
0878125612
0878125466
0878125437
0878125285
0878124250
0878124192
0878123894
087812385118
0878123752
0878123598
0878123449
0878122980
0878122429
0878122093
087812208346
0878121915
0878121854
0878121845
0878121579
0878121530
0878121003
0878120763
0878120652
0878120566
0878120348
0878120346jaw
0878120160
0878120064
0878119779
0878119348
0878118817
0878118123
0878117763
0878117236
0878117144
0878116918
0878116914
0878115407
0878115350
0878115289
0878115154
0878114915
0878114741
0878113178
0878113136
0878112922
0878112778@
0878112737dewey
0878112234
0878111802
0878111698
0878111520
0878110992
0878110921
0878110836
0878110830
08781102
0878110165
0878109757
0878108827
0878108477
0878108312
0878108256
0878108248
0878108055
0878107536
0878107357
0878107312
0878107251
0878107238
0878106758
0878106752
0878106355
0878105357
0878105349
0878104996
0878104764
0878104590
0878103748
0878103393
08781031
0878102841
0878101114
0878101041
0878099445
0878099007
0878098995
0878098975
0878098899
0878098753
0878098574
0878098525
0878098384
0878098168
0878098134
0878097900
0878097272
0878096960
0878096945
0878096764
0878096409
0878096201
0878096113
0878095928
0878095467
0878095141
0878093453
0878092834
0878092750
0878092709
0878092574
0878092523
0878091911
0878091341
0878090583
0878090431
087809
087808Stampza
087808993
0878089692
0878089557
0878089041
0878088981
0878088494
0878088164
0878087793
0878087172
0878087139
0878087080
0878086mr
0878086984
0878086867
0878086857sam
0878086460
0878086212
0878085930
0878085601
0878085439
0878084107
0878083978
0878083953
0878083235
0878083144
0878082788
0878082563
0878082006
0878081896
0878081642
0878081555
0878081300
0878080911
0878080782
0878080524
0878080251
0878080118
0878080084
0878080016
0878079986
0878079870
0878079625
0878079199
0878078948
0878078758
0878078722
0878078580
0878078334
0878077626
0878077315
0878076244
0878076177
0878074488
0878074357
0878074046
0878073960
0878073735
0878073324
0878072326
0878071962
0878071674
0878071655
0878070765
0878070678
0878070528
0878070409
087807
0878069622
0878069621
0878069356
0878069290
0878068911
0878068341
0878068170
0878067999
0878067895
0878067647
0878067533
0878067227
0878066910
0878066677
0878066372
0878066010
0878065786
0878065675
0878065366corrib1
0878064983
0878064913
0878064803
0878064800
0878064075
0878063840
0878063309
0878062717
0878062494
0878061670
0878061588
0878061414
0878061338
0878060657
0878060409
0878059808
0878059765
0878059612
08780593481
0878059272
0878059022
0878058703
0878058629
0878058010
0878057872
0878057675
0878057595
0878057018
0878056827
0878056550
0878056078
0878055687
0878054557g[viNFmi
0878054556
0878054464
0878053870
0878053798
0878052961
0878052156
0878052085
0878051894
0878051594
0878051192
0878050582
0878050348
0878050077
0878049940
0878049937
0878049935
0878049562
0878049393
0878049387
0878049195
0878048994
0878048890
0878048609
0878048083
0878047963
0878047877
0878047234
0878046655
0878046557
0878046533
0878045815
0878045191
0878044882
0878044645
0878044631
0878044242
0878043620
0878043500
0878043081
0878042924
0878042358
0878042191
0878041973
0878041455
0878041227
0878041172
087804113208780411
0878040471
087804
0878039713
0878039504
0878038821
0878038808
0878038589
0878038295
0878038169
0878038060
0878038047
0878037819
0878036980
0878036502
0878036462
0878036217
0878035680
0878035503
0878035413
0878034747
0878034288
0878033824
0878033520
0878033419
087803339
0878033152
0878032059
0878031641
0878031457
0878031199
0878031003
0878030680
0878030621
0878030408
0878029121
0878028837
0878028679
0878028658
0878028007
0878027950
0878027930
0878027870
0878027710
0878027281
0878027127
0878026964
0878026680
0878026130
0878025942
087802594
0878025260
0878025142
0878023558
0878023368
0878023353
0878023346
0878022738
0878022410
0878022303
08780222745290
0878021937
0878021284
0878020014
0878019967
0878019277
0878018814
0878018481
0878017908
0878017852
0878017
0878016969
0878016252
08780149
0878014746
0878014078
0878014074
0878013711
0878013688
0878013636
0878013635
0878013412
0878013096
0878012287
0878011977
08780118761
0878011337
0878011132
0878010903
087801039
087801
0878009875
0878009803
0878009552
0878009484
0878009440
0878009097
0878008866
0878008771
0878008735
0878008441
0878008284
0878007838
0878007220
087800717630665
0878007044
0878006258
0878005932
0878005612
0878005250
0878005015
0878004681
0878004679
0878004559
0878004247
0878004123
0878004062
0878003730
0878003097
0878003090
0878002978
0878002125
0878001567
0878001455
0878001304
0878000995
0878000618
0878000531
0878000427
0878000248
0878000118
0878000
087800
08780
0877paola
0877p-=
0877dafax
0877cucherito
0877cas
0877999873
0877999809
0877999775
0877999565
0877999301
0877999201
0877998995
0877997989
0877997949
0877997648
0877997277
0877997252
0877997243
0877997223
0877996916
0877996904
0877996426
0877996367
0877996343
0877996306
0877996284
0877996280
0877996196
0877996040
0877996020
0877995900
0877995069
0877994992
0877994957
0877994744
087799432603561
0877994142
0877994051
0877993747
0877993657
0877993497
0877993259
0877993227
0877993018
0877992804
0877992636
0877992303
0877991972
0877991451
0877991341
0877991251
08779911
08779910449
0877990872501370015
0877990763
0877990570
0877990531
0877990513
0877990512
0877990465
0877990365
0877990145
0877990030
087799*0287
087799
0877989935
0877989879
0877988892
0877988207aeiw
0877987945
0877987802
0877987468
0877987422
0877987146
0877987131
0877986774
0877986708
0877986629
0877986321
0877985728
0877985512
0877985205
0877984981
0877983946
0877983617
0877983527
0877982861
0877982446
0877982316
0877981896
0877981826
0877981677
0877981647
0877980914
0877980910
0877980826
0877980450
0877980106
0877980100
0877979757
0877979721
0877979603
08779793557139
0877978979
0877978853
0877978504
0877978255
0877977651
0877977062
0877976867
0877976694
0877976032
0877975997
0877975613
0877975541
0877975200
0877975003
0877974998
0877974968
0877974616
0877974610
0877974322
0877973709
0877973674
0877973512
0877973468
0877973466
0877973392
0877973341
0877973227
0877973221
0877972898
0877972302
0877971802
0877971519
0877971137
0877970863
0877970155
087797
08779690144
087796770
0877967620
0877967603
0877967375
0877967196
0877966991
0877966879
0877966828
0877966370
0877966349
0877966234
0877965956
0877965347
0877964757
0877964612
087796366
087796320333
0877963083
0877962891
0877962872
08779627688788
0877962668
0877962585jan
0877962004
0877961879
0877961844
0877961452
0877961231
0877961182
0877960570
0877960343
0877960266
0877960029
0877959418
0877959002
0877958974
0877958815
0877958488
0877957884
0877957798
0877957370
0877956821
0877956715
0877956667
0877956071
0877955932
0877955722
0877955587
0877955515
0877955132
0877954934
0877954846
0877954695
0877954474
0877954313
0877954235
0877954018
0877953862
0877953292
0877953006
0877953
0877952854ali
0877952567
0877952503
0877952193
0877952067
0877951955
0877951335amm
08779512
0877951098
0877950891
0877950759
0877950591
0877950400
0877950147
0877950009
0877949804
0877949733
0877949319
0877949295
0877949131
0877949029
0877948879
0877948687
0877948681
0877948393
0877948308
0877948289
0877947785
0877947535
0877946616
0877946255
0877946084
0877944808
0877944330
0877944282
0877943977
0877943644
0877943191oppmtvvfds
0877942951
0877942645
0877942617
0877942552
0877942441
0877942352
0877942266
0877942214
0877941310
0877941237
0877941204
0877941020
0877940923
0877940745
0877940527
0877940207
0877939665
0877939529
0877939270
0877939069
0877939062
0877938372
0877938303
0877938144
0877937616
0877937300
0877936790
0877936630
0877936606
0877935859
0877935820
0877935711
0877934366
0877933933
0877933285
0877933004
0877932848
08779324
0877932326
0877932291
0877932184
0877932175
0877931886
0877931859
0877931856
0877931778
0877931751
08779313
0877931224
0877930994
0877930973
0877930761
0877930508
0877930500
0877929209
0877928935
0877928698
0877928694
0877928326
0877927904
08779278322
0877927416
0877927248
0877926920
0877926560
0877926248
0877926186
0877925733
0877925094
0877925078698
0877924993
0877924910253606
0877924531
0877924335
0877924164
0877923846
0877923714
0877923677
08779235622
0877923292
0877923237
0877923196
0877922965
0877922865
0877922852
0877922322
0877922263
0877922084
0877922058
0877922023
0877921654
0877921357
0877921150
0877921108
0877921025
0877920806
0877920777
0877920576
0877920249
0877919943
0877919932
