10
0898935843
0898935282
0898935224
0898935110
0898935003
0898934709
0898933368
0898933313
0898933136
0898931994
0898931708
0898931701aum
08989309077
0898930097
0898929908
08989291485
0898928682
0898928594
0898927941
08989271228
0898926654
0898926627
0898925632
0898925515
0898925321
08989242895
08989240012
0898923896
0898923869
0898923559koro
0898923205
0898923160
0898923078
0898922664
0898922641
0898922119
0898921320
0898921273
0898921191
08989209697
089892
08989195235
0898919491
0898919156
0898918798
0898917411
0898917005
0898915866
0898915791
0898915549
0898915118
0898914195
0898914109
0898913656
0898913418
0898913396
0898913198
0898912876
0898912476
0898912290
0898911990
0898911525
089891
0898909845
0898909415
0898908763
0898907263
0898906680
0898905578
0898905296kob
0898904878
0898904667
0898903720
0898903223
0898903160
0898902843
0898902489
0898902407
0898902019
0898901827
0898901441
0898901142
0898901040
0898900818
0898900732
0898900290
0898899434
0898899289
0898899132
0898899058
0898898720
0898898609
0898898588
089889844
0898897391
0898897170
0898897027
0898896488
0898896463
0898896424
0898896398
0898895975
08988958326
08988957447
0898895695
0898895598
0898895595
0898895574
0898895376
0898894467
0898894415
0898894005
0898893989
0898893897
0898893720
0898893554
0898893543
0898893263
0898892071
0898891861
0898891786
0898891753
0898891684
0898891531
0898891516
0898891431
0898891397
0898891137
0898890995
0898890924
0898890656
0898890631
0898890419
0898890145
089889
0898889768
0898889545
0898889456
0898889344
0898889310
0898889005
0898888962
0898888804
0898888781
0898888530
0898888290
0898888180
089888818
0898888029
08988879604
0898887843
08988874709
0898886994
0898886437
0898885965
0898885831
08988849880
0898884887
08988847501
0898884362
089888435
0898883846
0898883715
0898883535
0898883440
0898883034
0898882861
0898882269
0898882096
0898882094
0898881719
0898881696
0898881581
0898881547
0898881510
0898881291
0898881024
0898880945
089888085
0898880817
0898880584
0898880583
0898880439
0898880393
0898880260
08988802428
0898880143
0898880086
0898880076
089888006
0898879887
0898879368
0898878726
0898878702
0898878469
0898878107
0898877899
0898877761
0898877117
089887654
0898876177
089887608
0898875912
0898875758
0898875574
0898875392
0898875290
0898875285
0898874978
0898874622
0898874577
0898874325
0898874153
0898873841
0898873462
0898872502
0898872459
0898872123
0898872080
0898871972
0898871333
0898870241
0898870153
089887
0898869917
0898869739
0898869435
0898869387
0898869346
0898869185
0898868297
0898867104
0898867065
0898866821
0898866599
0898866591
0898866449
0898866401
0898866008build
0898865886
0898865813
0898865755
0898864424
08988642481
0898864202
0898863199
0898863083
0898862811
0898862547
0898862017
0898861604
0898861288
08988606670890896488
0898860578
0898860484
0898859818
0898859811
0898859590
0898859100
0898858183
0898857534
0898857220
0898857157
0898856654
0898856545
0898856512
089885623
0898856023
0898855826
0898855792
0898855652
0898855481
0898855466
0898855177
0898854841
0898854288
0898854118
089885368
0898853639
0898852585
0898852338
0898852264
0898852215
0898851916
0898851786
0898851005
0898850931
0898850863
0898850860
0898849923
0898849814
0898849541
0898849518
0898849330
0898848796
0898848649
0898848469
0898848161
0898847940
0898847910
0898847586
0898847362
0898847115
0898846113
0898845646
0898845628
0898845410
0898845044
0898844763
0898844493
08988433321
0898843278
0898842523
0898842484
0898842395
0898842065
089884190419
0898841889
0898841822
0898841682
089884151
0898839528
0898839257
0898839083
0898839027
089883880
0898838475
0898838444
0898838373
0898838230
0898838171
0898837769
0898837657
0898837587
0898837068
08988367628
0898836121
0898835885
0898835389
0898835257
0898834711
0898834311
0898834190
0898833861
0898833809
0898833663
0898833439
0898833230
0898833210
0898832959
0898832409
0898832148
08988321399
0898831944
0898831833
0898831762
0898831439
0898831293
0898831049
0898830866
0898830850
0898830718
0898830699
0898830638
0898829931
0898829115
0898828908
0898828728
0898828561
0898828323
0898828248
0898827955
0898827682
0898827280
0898826955
0898826045
0898825731
0898825622
0898825468
08988252289
0898824901
0898824888
0898824582
0898824559
0898824086
089882371
0898823536
0898823519
0898823105
0898823026
0898822846
0898822608
0898822597
08988223299
0898822309
0898822057
0898821889
0898821448
0898821371
0898821151
0898820855
0898820541
0898819661
0898819320
0898818847
0898818564
0898818188
0898817969
0898817910
0898817277
0898816732
0898816344
0898816335
08988161223
0898815946
0898815817
0898815627
0898814527
0898814484
0898813205
0898813113
0898813111
0898812730
0898812697
0898812592
0898812588
0898812549
0898812509321
0898812405
0898812378
0898812348
0898812343
0898812191
0898812183
08988117648
0898811514
0898811175
0898811056
0898810721
0898810341
0898810245ok
0898809890
089880977
0898809705
0898809669
0898809455
0898809390
0898809329
0898809311
0898809309
0898809221
0898808853
0898808638
0898808484
0898808427
0898808351
0898808216
0898808067
0898808026
0898807976
0898807899
0898807897
0898807864
0898807565
08988075293
0898807355
0898807282
0898806714
0898806568
0898805933
089880590
0898805772
0898805680
08988052642
0898805125
0898804946
08988046158
0898804138
0898804041
0898803936
0898803885
0898803840
0898803609num
0898803609
0898803571
0898803294
0898803
0898802495
0898802380
0898801527
0898801036
0898800890
089880087
0898800807
0898800783
0898800399
089880
08987999188
0898799918
0898799572
0898799261
0898798733
0898798627
0898798577
0898798156
0898798120
0898797735
0898796816
0898796725
0898796411
0898795210
0898794549
0898794199
08987939230831603385
0898793896
0898793857
0898793510
0898793135
0898792366
0898792009
0898791993
0898791931
0898791334
0898791314
0898791236
0898790777
0898790197
0898790174
089879
0898789782
0898789496
0898789477
0898789391
0898789290
0898789054
0898788576
0898788103
0898788095
0898788067
0898787692
0898787231
0898787015
0898786695
0898786624
0898786030
0898785033
08987847
0898784194
0898783713
0898783041
0898782480
0898782296
0898780992
0898780861
0898780185
089878
0898779712
0898779371
0898779167
0898779122
0898778959
0898778724
0898778685
0898778090
0898777718
0898777250
0898776683
0898776606
0898776458
0898776142
0898775984
0898775933
0898775881
089877576
0898775616
0898775422seen
0898775417
0898775181
0898775169
0898774883
08987746045
0898774344
0898774290yuy
0898774005
0898773650
0898773599
089877299
0898772955
0898771897
0898771700
0898771686
0898771476
0898771415
0898771214
08987700706
089877
0898768864
0898767265
0898766652
0898765432
0898765430
0898765378
0898762904
0898760542
0898759943
0898759741
0898759628
0898759474
0898758757
0898758755
08987585320
0898758377
0898757784
0898757303
0898756576
0898756437
0898756421
0898755961
0898755576
0898755221
0898754887
0898754697
0898754561
0898754113
0898753692
0898753153
0898752888
0898752668
0898752139
0898752135
0898751887
0898751199
0898750187
0898750131
0898750078
0898750045
0898750028
0898749735
0898748987
0898748213
0898747934
0898746250
0898745373
0898743987
0898743969
0898743774
0898743568
0898743120
0898742703
0898742681
0898742329
0898742321
0898741765
0898741672
0898739893
0898739189
0898737563
0898737105
0898736581
089873641
0898736277
0898735185
089873456731
089873316
0898733024tumlung
0898732949
0898732665
0898732363
0898731220
0898730514
0898730087
0898729604
0898729537
0898729251
0898728506
0898728223
0898728173
089872772
0898727397
0898727262
0898726469
0898726301
0898726171
0898725843
089872527
0898725253
0898725101
0898724731
0898724258
0898724004
0898723918
0898723776
0898723437
0898723154
0898723143
0898722569
0898722531
0898722271
0898722265
0898722033
0898721944
0898721559
0898721099
0898720937
0898720520
0898720322
0898720111
0898720058
0898719450
0898718821
0898717858
0898717286
0898717115
0898716740
0898715052
08987142440
0898713402
0898713211
0898712653
0898711809
0898711733
0898711656
0898711408
0898711138
089871
0898705930
0898704781
0898704422237788
0898704267
0898703407
0898702834
0898702525mom
08987000938
08987
0898698668
0898698338
0898697954
0898697672
0898697619
08986974
0898696946
0898696872
0898696850
089869656*9
0898695893
08986952942
0898695189
0898694220
0898693747
0898693679
0898693603
0898693438
0898693140
0898692922
089869209589
0898692079
0898690314
089868hr
0898688975
0898688879
0898688657
0898688406
0898687739
0898687378
0898687327
0898687211
08986872008
08986871650
0898686843
0898686634
0898686553
0898686329
0898686119
0898686104
0898685924
0898685830
0898685644
0898685060
0898685054
0898684667
0898684540
0898684016
0898683034
089868266
0898682629
0898682353
0898681900
0898681880
0898681596
0898681546
0898681543
0898681518
0898681410
0898681372
0898681349
0898680282
0898680059
0898679893
0898679796
0898679613
0898679573
0898679387
0898679215
089867908
0898678659
0898678248
0898678132
0898677767
0898677552
0898676801
0898676772
0898676581
0898676126
0898676121
0898675895
0898675637
0898675412
0898675377
0898675146
0898674926
0898674635
0898673735
0898673551
0898673536
0898672846
0898672812
0898672660
0898672569
0898671526
0898671410
0898671120
0898671049
0898670895
0898670837
0898670169
0898669628
0898669455
0898669221
0898668431
0898668378
0898668112
0898666558
0898666065
0898665945
0898665922
0898665453
0898664929
0898664580
0898664231
0898663846
0898663284
0898663271
0898662536
0898662462
0898661953
0898661434
08986614099
089866138
0898661374
08986606115
089866
0898658862
0898658752
0898658750
0898658432
0898658069
089865651
0898656438
089865493
0898654476
0898654324
0898654249
0898654185
0898653658
089865349
0898653022
0898652590
0898652465
0898652448
0898651869
0898651711
0898651470
0898651142
0898651
0898650930
0898650627
0898650108
0898649982
0898649968
0898649569
0898649394
0898649317
0898649290
0898649166
0898648744
0898648276
0898648139
0898647125
0898646095
0898645896
0898645756
0898645554
0898645393may
0898645363
0898645296
0898644688
0898644618
0898644603
0898644071dosza
0898643752
0898643601
0898643517
0898643378
0898642646
0898642419
0898642102***
0898641752
0898640086
0898638825
0898638764
0898637362
0898637032
0898637016
0898636944
0898636120
0898635998
0898635458mew9501
0898635215
0898634703
0898634493
0898634325
0898634175
0898633855
0898633670
0898633382
0898633295
089863329255555
0898633138
0898633057
0898632811
0898632445
0898632442
0898632191
0898632100
0898631842
0898631479
0898631023
0898630948
0898630921
0898630776
0898630189
0898630154
089863
0898629914
0898629891
0898629861
0898628752
0898628696
0898628644
0898628463
0898628375
0898628357mo
0898628216
0898627838
0898627750
0898627576
0898627514
0898626978
0898626210
0898625552
0898625145
0898624946
0898624840
0898624726
0898624335
0898624082
0898623947
0898623596
0898623533
0898623009
0898622987
0898622802
0898622526
0898622374
0898622334
0898622107
0898621967
089862155
0898621443
0898621382
0898621147
0898619868gam
0898619300
0898618985
0898618913
0898618270
0898618062
0898615863
0898615838
0898615555
089861459
0898614408
0898613836
0898613333
0898612877
0898612500
0898611903
0898611706
0898611468
0898608934
0898608891
0898608761
0898608244
0898607868
0898607799
0898607402
0898606885
0898606323
0898606094
0898606038
0898606011
0898605834
0898605822
0898605610
0898605339
0898604989
0898604587
0898604546
0898604085
0898603462
0898603175
0898602975
0898602892
0898602488
0898602115
0898601735
0898601666
0898601221
0898600924
0898600681
089860
08986
0898599975
0898599958
0898599601
0898599381
0898599087
0898599061
0898598558
0898598313
0898598187
0898596947
0898596865
0898596230
0898596077
0898595664
089859564
0898595546
0898595543
0898595480
0898595262
0898594780
0898594753
0898594595
0898594123
0898594006mp
0898593876
0898593326
0898593320
0898593033
0898592892
0898592720
0898592545
0898592491
0898592483
0898592105
0898591595
0898591438
0898591123
0898590706
089859
0898589934
0898589899
0898589788
0898589682
0898589346
0898589131
0898588995
0898588283
0898588040
0898587994
0898587839
0898587171
0898586713
0898586550
0898586451
0898585456
0898585119
0898584860
0898584689
0898584636
0898584296
0898584018
0898583281
0898582915
0898582887
0898582742
0898582741
0898582661
0898582461
0898582378
0898582076
0898581928
0898581916
0898581913
0898581438
0898581386
0898580956
0898580852
0898580762
0898580346
0898579660
0898579564
0898579539
0898579514
0898579336
0898578843
0898578524
0898578496
0898578448
0898577990
0898577977
0898577855
0898577486
0898577191
0898576382
0898576136
0898576121
0898575673
0898575640
0898575295
0898575211
0898574881
0898574722
0898574306
0898573812
0898573562
0898573352
0898573230
0898572819
0898572799
0898572757
0898572686
0898572571
0898572498
089857211910
0898572014
0898571712
0898571547
0898571405
0898571010
0898570887
0898568678
0898567554
0898567023
0898566913
0898566636
0898565250
0898564242
0898563741
0898563571
0898563442
0898563366
0898563314
0898563239
0898563139
0898562623
0898562190
0898561747
0898561284
0898561160
0898559818
0898559515
08985593836
0898559155
0898558749
0898558606
0898558084
0898557701
0898557140
0898557112
0898557023
0898556310
0898556224
0898556112
0898555860
0898555635
0898555626
0898555623
0898555591
0898555568
0898555472
0898555314
0898555161
0898554502
0898554151
0898554113
0898554028
089855339
0898552802
0898552383
0898552153
0898552033
0898551925
0898551832
0898551535
0898551318
0898550941
089855
0898549841
0898549782
0898549581
0898549089
0898548955
0898548950
0898548214
0898547989
0898547872
0898547645
0898547534
0898547378
0898547087
0898547031
0898546997
0898546693
08985461659
0898546022
0898545711
0898545691
0898545620
0898545562
0898545337
0898545292
0898544803
0898544207
0898543839
0898543779
0898543632
0898542845
0898542249
0898541322
0898541264
0898541171
0898541123
0898540682
0898540481
0898540329
0898540215
0898539996
0898538486
0898538418
0898537893
0898537741
089853765429527
0898537625
0898537539
0898537014
0898536669
0898536569
0898535569
0898535197
0898535122
0898534482
0898534277
0898534260
0898534211
0898533474
0898533159
0898532788
0898532770
0898532132
089853151856110
0898531264
0898531091
0898530920
0898530366
0898530107
089852941920072530
0898529396
0898529274
089852912
0898528765
0898528519
0898528496
0898528424
0898528065
0898528024
0898528002
0898528001
0898527987
0898527947
0898527477
0898527335
0898527147
0898527127
0898527126
0898526852
0898526720
0898526559
0898526359
0898526122
0898525890
0898525739
0898525582
0898525375
0898525255
0898525030
0898524784
0898524657123
0898524652
0898524573
0898524425
0898524041
0898524040
0898523176
0898523126
0898523108
0898522851
0898522600
0898521929
0898521643
0898521312
0898521102
0898520838
0898520715
0898520395
0898519826
0898518655
0898518544
0898518517
0898517817
0898517667
0898517464
0898517456
0898517442
0898517382
0898517051
0898516213
0898515968
0898515004
0898514985
0898514961
0898514779
0898514485
0898513313
0898512975
0898512789
0898512732
0898511885
0898511870
0898511631
089851
0898509101
0898508504
0898507696
0898507149
0898506884
0898506284
0898506262
0898505245
0898504836
0898504731
0898503048
0898503022
0898503001
0898502850
0898501611
0898501594
0898501126
08985
0898499554
0898499497
0898499439
0898499426
0898499379
0898498852
0898498372
0898498001
0898497986
0898497639
0898497098
0898497025
0898496939
0898496824
0898496405
089849620
0898495710
0898495652
0898494915
0898494768
0898494343
0898494340
0898494029
0898493728
0898493686
0898493466
0898493357
0898493142
0898492554
0898492118
0898491754
0898491615
0898491056
0898490774
0898490206
0898490135
08984899710898489971
0898489772
0898489665
0898489572
0898488974
0898487508
0898486787
0898486311
0898485884
0898485507
0898484838
0898484836
0898484259
0898483977
0898483728
0898483159
0898482912
0898482860
0898482700
0898482675
0898482422
0898482294
08984822452
0898482035
0898481953
0898481794
0898481569
0898481315
0898481229
0898481217
0898480868
0898480832
0898480814
0898480227
0898480224
0898480122moo
0898478506
0898478352
0898478213
0898477950
0898477848
0898477499
0898477378
0898476598
0898476581
0898476577
0898476480
0898476383
0898475655
0898475454
0898474860
0898474563
0898474427
0898473902
0898473026
0898472264
0898471983
0898471023
0898470877
0898470873
089847
0898469537
0898469315
0898469065
0898467915
0898467243
0898465225
0898464571
08984640
08984620
0898461911
0898461010
0898459718
0898459491
0898458025
0898457990
0898457783@Tubtab
0898457693
0898457450
0898457426
0898456981
089845605
0898455823
0898455070
0898455051
0898454995
0898454899
0898454736
0898454311
0898454123
0898453466
08984533nut9
0898453082
0898452230
089845102
0898450750poii_
0898449872
0898449593
0898449274
0898449164
0898449152
0898448597
0898447852
0898447596
0898447210
0898447137
0898447030
0898446774
0898446339
0898445235
0898444326
0898443980
0898443577
0898442929
0898442856
0898442664
0898442428
0898442144
0898441026
0898439833
0898439806
0898439725
0898439544
0898439438
0898438575
0898437203
0898437107
0898437044
0898437002
0898436729tay
0898436696
0898436555
0898435025
0898435007
0898434228
0898433943
0898433844
0898433714
0898433617
0898433544
0898433537
0898433291
0898433190042489489
0898433104ta408
0898432832
0898432688
0898432526
0898432428
0898432389
0898432209
0898432089
0898431868
0898431574
0898431007
0898430562
0898430353
0898430312
0898430171
0898430031
0898429988
0898427973
0898427690
0898427368
0898426800
0898426244
0898425707
0898424975
0898424898
0898424692
0898424162
0898423397
0898423125
0898423089Durn
0898422951
0898422076
0898421420
0898420991
0898420957
0898420911
0898420786
0898420706
0898420551
0898420261
0898420139
0898419748
0898419508
0898418892
0898418849
0898417987
0898417986
0898415989
0898414795
0898414743
0898413967
0898413951
0898413689
0898413515
0898412206
089841191
0898411777
0898411268
0898411093
0898408696
0898408614
0898408532
0898407638
0898406477
0898405179
0898404261
0898403909
0898403489
0898403049
0898402019
0898401477
0898400956
0898400492
0898400366
0898400276
08984
0898399937
0898399892te
0898399760
0898399594
0898399555
0898398910
0898398867
0898397206
0898397127
0898396222
0898396037
0898395814
0898395539
0898395458
0898394991
0898394669
0898394564.na
0898394488
0898393994
0898393838
0898393634
0898393141
0898393007
0898392456
0898392309
0898391815tha
0898391789
0898391731
0898391217
0898391012
0898390263
0898388830
0898388668
0898387995
0898387272
0898387233
0898386502
0898386194
0898385785
0898385724
0898385718
0898385457
0898385242
0898385142
0898384094
0898383889
0898383814
0898383580
0898383350
0898383257
0898383195
0898382861
0898382706
0898382339
0898381811
0898381618
0898381553
0898380886
0898380750
0898380742
0898380652
0898380220
0898379979
0898379209da
0898378367
0898377958
0898377858
0898377356
0898377156
0898375215
0898375090
0898375044
0898373894
0898373751
0898373706
0898373621
0898373247
0898372566
0898372155
0898371013
089837
0898369892
0898368770
0898368203
0898367348
0898366251
0898365579
0898365385pop
0898365327
0898365047
0898364726
0898364612
0898364463
0898364342
0898363859
0898363780
0898363449
0898362758
0898361090
0898360917
0898360702
0898360361
0898359494
0898359377
0898359154
0898358579vat
0898357903
0898357420
0898357305
0898357298
0898357263
0898356899
0898356849
0898356718
0898355613
0898355573
0898355527
0898355040
0898355016
0898354955
0898354700
0898354650
0898354617
0898354535
0898354447
0898354192
0898354078
0898353762
08983531181146
0898353106
0898352600
0898352555
0898351984
0898351805
0898351700
0898351504
0898351076
0898350982
0898350840
0898350731
0898350658
0898350493
0898350447
0898350254
0898350114
08983500258
0898349826
08983495
0898349103
0898348803
0898348674
0898347512
0898347485
0898346123
0898346020
0898345699
0898345536
0898345351
0898345282
0898344356
0898344322
0898344200
0898343544
0898343059
0898342983
0898342924
0898341914
0898341362
0898340niki
0898340987
0898340598
08983403
089834
0898338790
0898338712
0898338639
089833857
0898338267
0898338214
0898337789
0898337461
0898336883
0898336475
0898336338
0898334426
0898334249
0898334168
0898333825
0898333757
0898333754
0898333659
0898333621
0898333363
0898333360
0898333290
0898332656
0898332599
0898332551
0898331663
0898331639
08983310187
0898330663
0898329406
0898328933
08983288
0898328771
0898328508
0898327877
0898327561
0898327338
0898326917
0898325820
0898325730
0898324566
0898323683
0898322655
0898322265
0898322237
0898321737
0898320285
0898320152
089832
0898319836
0898318764
0898318582
0898317909
0898314576
0898314190
0898314125
0898313523
0898313370
0898312181
0898312180
0898309860
0898309369
0898308960
0898308625
0898307579
0898307563
0898307436
0898307233
0898306816
0898306384
089830604
0898306009
0898304268
0898304233
0898303877
0898303622
0898303506
0898302164
0898301662
0898301595
0898301484
0898300791
0898300434
0898300385
0898300288
089830
0898299726
0898299633
0898299021
08982987120859160050
0898298400
0898297929
0898297915
0898297432
0898297350
0898297287
0898297
08982969577
0898296820
0898296612
0898296252
0898295934
0898295933
0898295575
0898295234
0898295065
0898294766
0898294435
0898294430
0898294214
0898294079
0898294052
0898294028
0898293968
0898293612
0898293201
0898293058
0898292894
0898292883
0898292072
0898290767
0898290339
0898290063
0898289575
0898288787
08982885
0898288186
0898288071
0898288
0898287830
0898287073
0898287069
0898287062
0898287010
0898286375
0898285707
0898285632
0898285631
0898284722
0898284617
0898284533
0898284528
0898284186
0898283938
0898283846
0898283506
0898283401
0898283350
0898282527
0898282355
0898282084
0898281926
0898281888
0898281723
0898281465
0898281461
0898281234
0898280463
0898280449love
0898280393
0898280058
0898280032
089828
0898278496
0898278463
0898277985
0898277352
0898275736
0898275152
0898275030
0898274581
0898274134
0898274034
0898273995
0898273553
0898273097
0898272529
0898272068
0898271639
0898271483
0898271247
0898270411
0898270340
0898268849
0898268780
0898268730
0898268311
08982673201
0898266674
0898266151
08982659144
0898265227
0898265060
0898263615
0898263577
0898263537
0898263391
0898263250
0898263230
0898262896
0898262873
0898262775
0898262385
0898262085
08982619648936
0898261822
0898261500
0898261407
0898261331
0898260391
0898259992
0898259853
0898259804
0898258770
0898258677
0898258154
0898257067
0898256954
08982569182113
0898256752
0898256437
0898256332
0898255313
0898255042
0898254880
089825462424310
0898254539
0898254232
0898253781
0898253539
0898253343
0898253017
0898252235
0898251850
0898251611
0898251353
0898251152
0898250704
0898248758
0898248696
0898248543
0898247836mama
0898247579
0898247214
0898246559
0898246317
0898246207
0898246195
0898245699
0898245411
0898245144
0898245120
0898244974
0898244967
0898244716
0898244439
0898244092
0898243802
0898243358s
0898243207
0898243113
08982424718
0898241884
0898241287
0898241211
0898241180
0898241173
08982410178
0898240964
0898240866
0898240789
0898240582
0898238533
0898238489
0898238312
0898237399
0898236104
08982359861
08982358458
0898235719
0898235558
08982355
0898235467
0898235213
0898234795
0898234745
0898234587
0898233761
0898233417
0898233257
0898232872
0898232590
0898232172
0898232147
0898231810
0898231072
0898230929
089823
08982296995
0898229589
089822953x
0898229252
0898229142
0898228999
0898228986
0898228961
0898228731
0898228719ken
0898228608
0898228568
0898228453
0898228177
0898228038
0898227820
0898227677
0898227336
0898226653
0898226102
0898225937
0898225848
0898225789
0898225611
0898225504
0898225383
0898225304
0898225261
0898224845
0898224598
0898224457
0898223913
0898223688
0898223669
0898223564
0898222512
08982225
0898221214
0898220862
0898220838
0898220612
0898220473
0898220127
0898220083
089822
0898219876
0898219818
0898219286
0898218543
08982180313
089821775
0898217680
0898217404
08982174
0898217385
0898217064
0898216967
0898216725
0898216616
0898216167
0898215923
0898215688
0898215623
0898215491
0898215074
0898214858
0898214794
0898214416
0898214245
0898213028
0898212981
0898212828
0898212422
0898212324
0898211971
0898211854
0898211799
0898211319
0898211197
0898211152
0898210790
0898210597
0898210531
0898208689
0898208423
0898208220
0898208072
0898207703
0898207619
0898207598
0898206433
0898206036
0898205957
0898205955
0898205893
0898205549
0898205179
0898204299
0898204238
0898204201
0898203447
0898203412
0898202632
0898201633
0898200789
0898200734
0898200722
0898200403
0898200318
0898199901
0898199855
0898199544
0898199340
089819864
0898198372
0898198343
0898198199
0898197503
0898196639
0898196467
0898195937
0898195615
0898195235
0898195146
0898194692
0898194691
0898194420
0898194195
0898193754
0898193616
0898193129
0898192923
0898192596
0898192104
0898191830
0898191782
0898191720
0898191218
0898191088
0898190762
089818shoe
0898189866
0898189735
08981894077
0898189332
0898188583
0898188293
0898188172
0898188165
0898188115
0898187876
0898187292
0898187226
0898186407
0898185750
0898185720
0898185528
0898185339
