0877919881
0877919701
0877919640
0877919569
0877918945
0877918700
0877918577
0877918483
0877918152
0877917913
0877917612
0877917080
0877917032
0877916924
0877916842
0877916146
0877916101
0877916002
0877915997arm
0877915874
0877915145
0877915078
0877914516
0877914029
0877913168
0877913158
0877912740
0877912597
0877912447
0877912147
0877911077
0877910848
0877910389
0877910285
0877910162
0877910056
0877909700
0877909424
0877909083
0877909074
0877909049
0877909044
0877908729
0877908702
0877908659
0877907952
0877907936
0877907880
0877907856
0877907670
0877907426zaa
0877907378
0877907342
0877907164
0877906956
0877906056
0877904204
0877904202
0877904029
0877903922
0877903512
0877903505
0877903234
0877903119
0877902975
0877902640
0877902628
0877902576
087790242
0877902213
0877902060
0877902056
0877901914
0877901877
08779013320831368163
0877901194
0877900950
0877900903
0877900773
0877900625
0877900577
0877900485
0877900373
087790
0877899929
0877899478
0877899291
0877899266
0877899006
0877898757
0877898745
0877898669
0877898579
0877898569
0877898144
0877898007golf
0877897891
0877897758
0877897673
0877897647
0877896882
0877896676
0877896380
0877896356
0877895596
0877895584
0877895367
0877895031
0877894839
0877894814
0877894638
0877894541
0877894462
0877894369
0877894314
0877894169
0877894074
0877893636
0877893472
0877893383
0877893132
0877892998
0877892540
0877892489
0877892472
08778923862
0877892371
0877892028
0877891687
0877891619
08778915766
0877891528
0877891505
0877891251
0877890797
0877890521
0877889969
0877889897
0877889874
0877889517
0877889398
0877889221
0877889181
0877889121
0877888935
0877888534
0877888431
0877888404
0877888375
0877887988
0877887952
0877887858
0877887728
0877887676
087788756321
0877887272
0877887231
0877887188
0877887002
0877886949
0877886942
0877886801
0877886540
0877886123054
0877886086
0877886008
0877885631
0877885528
0877885451
0877885437
0877885087
0877884945
0877884941
0877884784
0877884634
0877884627
0877884388
0877884234
0877884150
0877884036
0877883576
0877883511
0877883458
0877883242
0877883240
0877883203
0877883123456
0877883056
0877882661
0877882560
0877882554
0877881882
0877881787
0877881623
0877881615
0877881486
0877881450
0877881310
0877881290
0877881101
0877881037
0877880974
0877880807
0877880665
0877880583
0877880578
08778801090
0877880109
0877880068
0877880053
087788
0877879678
0877879527
0877879432
0877878991
0877878872
0877878772
0877878761
0877878450
0877878086
0877878064
0877878039
0877877873
0877877823
0877877738
0877877251
0877877161
0877877158
0877877066
0877876837
0877876650
0877876521
0877875736
0877875602
0877875447
0877874825
0877874530
0877874369
0877874368
0877874223
0877874139
0877874064
0877874052
0877873980
0877873957
0877873929
0877873912
0877873505
0877873421
0877873306
0877872953
0877872615
0877872507
0877872327
0877872050
0877871
0877869808
0877869802
0877869632
0877869556
0877869463
0877868962
0877868395
0877868366
0877868331
0877867868
0877867697
0877867548
0877867529
0877867443
0877867434
0877867279
0877867174
0877867064
0877867049
0877867039
0877866842
0877866778
0877866685
0877866066
0877866001
0877865976
0877865255
0877865220
0877865141
0877864723
0877864662
0877864655
0877864620
0877864590
0877864551
0877864041
0877863807
0877863786
0877863683
0877863579
0877863274
0877863200
0877863134
0877863067
0877862761
0877862431
0877862363
0877862202
0877862067
0877861803
0877861548
0877861422
0877861192
0877861083
0877860830
0877860705
0877860625
0877860599
0877860530
0877860352
087786
0877859982
0877859640
08778596003
0877859121
0877858580
0877858429
0877858338cat
0877858317
0877858190
0877858111
0877857846
0877857718
0877857635
0877857624
0877857541
0877856980
0877856797
0877855857
0877855784
0877855773
0877855668
0877855570
0877855185
0877854981
0877854423
0877854072
0877853791
0877853549
0877853524
0877853288
0877852971
0877852791
0877852685
0877852539
0877852529
0877852524
0877851278
0877851092
0877850447
0877850385
0877850368
0877849986
0877849810
0877849772
0877849543
0877849399
0877848730
0877848727
0877848717
0877848680
0877848589
0877848552
0877848299
0877848088
0877847662
0877847407
0877847344
0877847194
0877847146
0877847077
0877846782
0877846650
0877846601
0877845978
0877845964
0877845808
0877845692
0877845079
0877845012
0877844967
0877844887
0877844697
0877844659
0877844601
0877844566
0877844517
0877844301
0877844244
0877844190
0877844032
0877843953
0877843835
0877843780
0877843295
0877842566
0877842527
08778424789
0877842465
0877842240
0877841838
0877841674
0877841415
0877841408
0877841297
0877841240
0877841214
0877841006
0877840903
0877840774
0877840230
0877840130
087784
0877839832
0877839611dee
0877839220
0877839109
0877838972
0877838489
0877838371
0877838030
0877837830
0877837698
0877837576
0877837300
0877837068
0877836941
0877836850
0877836821
0877836421
0877836370
0877836304
0877836145
0877836079
0877836013
0877835851
0877835842
0877835774
0877835435
0877834733
0877834713
0877834186
0877834161
0877833966
0877833923
0877833829
0877833778
0877833700
0877833279
0877833031
0877832789
0877832360
0877832202
0877832192
0877832087
0877831913
0877831832
0877831218
0877831086
0877831023
0877830837
0877830652
0877830388
0877830191
0877830056
0877830035
0877829860
0877829852
0877829805
0877829499
0877829268
0877829190
0877829040
0877828961
0877828716
0877828197
0877827875
0877827734
0877827600
0877827386
0877827353
0877826894
0877826686
0877826359
0877826313
0877826250
0877826210
0877826176
08778257450za
0877825697
0877825596
0877825576
0877825509
0877824326
0877824296
0877824237
0877824182
0877824039
0877823862
0877823742
0877823587
0877823569
0877823507
087782337332
0877823307
0877823137
0877822963
0877822823
0877822813
0877822667
0877822471
0877822404
0877822344
0877822230
0877821867
0877821476
0877820876
0877820589
0877820338
087782
0877819760
0877819272
0877818746
0877818728
0877818661
0877818382
0877818188
0877818172
0877818066
0877817999
0877817989
0877817982
0877817814
0877817346
0877817341
0877817263
0877816990
0877816871
0877816762
0877816678
0877816634
0877816518
0877815769
0877815758
0877815442
0877815186
0877814800
0877814500
0877814163
0877813726
087781372
0877813527
0877813412
0877813164
0877813104
0877813076
0877812758
0877812188
0877812118
0877811935
0877811813
0877811717
0877811701
0877811353
0877811261
0877811220Boy
0877811121
0877811080
0877810709
0877810665
0877810587
087781013312662
087781
0877809962
0877809931
0877809920
0877809805
0877809748
0877809478
0877809383
0877809084
0877808992
0877808119
0877808032
0877807838
0877807658
0877807490
0877807410
0877807359
0877807090
0877806871
0877806828
0877806798
0877806697
0877806689
0877806673
0877806629
0877806288
0877806130
0877806080
0877805879
0877805653
0877805646
0877805469
0877805203
0877805109
0877804513
0877804182
0877804006
0877803824
0877803710
0877803394
0877802942
0877802844
0877802520
0877802501
0877802469
0877802456
0877802076
087780020tefa
0877799847
08777998
0877799597
0877799580
0877799567
0877799504
0877799364
0877799303
0877799194
0877799082
0877799017
0877798849
0877798712
0877798603
0877798509
0877798486
0877798321
0877798234
0877798188
0877798169
0877797909
0877797901
0877797851
0877797840
0877797756_32
0877797714
0877797587
0877797565
0877797382
0877797379
0877797004
0877796951
0877796897
0877796600
0877796505
0877796346
0877795944
0877795537
0877795529
0877795453
0877795338
0877795277
0877795047
0877794974
0877794933
0877794801
0877794631
0877794186
0877794177
0877794010
0877793902
0877793893
0877793850
0877793795
0877793733
0877793603
0877793566
0877793358
0877792847
0877792703
0877792570
0877792487
0877792359
08777922291
087779221654
0877792044
0877791997
0877791811
0877791682
0877791646
0877791435
0877790460
0877789879
0877789659
0877789607
0877789510
0877789416
0877789110
0877789008
0877788853
0877788826
08777888
0877788756
0877788191
0877788046
0877787974
0877787242
0877787027
0877786693
0877785828
0877784259
0877784153
0877784102
0877783989
0877783729
0877783667
0877783508
0877783462
0877783229
0877783221
0877783053
0877782928
0877782810
0877782652
0877782622
0877782544
0877782463
0877782370
087778204611
0877782018
0877781973
0877781961
0877781935
0877781738
0877781423
0877781169
0877781091
0877781002
0877780919
0877780877
0877780495
0877780459
0877780411
0877780285sut
087778
0877778559
08777783045
0877777777
08777777
0877777
087777
0877769727
0877769656
0877769648
08777695551
0877769477
0877769470
0877769291
0877769132
0877769038
0877768800
0877768700
0877768697
0877768192
0877767998
0877767924
0877767877
0877767695
0877767660
0877767648
0877767616
0877767571
0877767562
0877767548
0877767500
0877767483
0877767269
0877767261
0877767066
0877767017
0877766866
0877766839
0877766795
0877766601
0877766562
0877766525
0877766476
0877766389
0877766268
0877766245
0877766123
0877765933
0877765786
0877765503
0877765501
0877765273
0877765188
0877765056
0877765038
0877764954
0877764816
0877764598
0877764530
0877764514
0877764395
0877764146
0877763694
08777636390
0877763513
0877763432
0877763344
0877763269
0877763132
0877763044
0877762119
0877761471
0877761309
0877761287
0877761120md
0877761074
0877761045
0877760533
087775HMR
0877759934
0877759847
0877759811
0877759776
0877759771
0877759693
0877759542
0877759477
0877759424
0877759087
0877759077
0877759074
0877758876
0877758771
0877758573
0877758559
0877758515
0877757963
0877757723
0877757668
0877757587
0877757392
0877757391
0877757236
0877756667
0877756523
0877756237
0877755924
0877755766
0877755690
0877755685
0877755538
0877755477
0877755446
0877755417
0877755370
0877755258
0877755122
0877754899
0877754647
0877754247xxx
0877754216
0877754007
0877753878
0877753668
0877753546
0877753465
0877753454
0877753121
0877752989
0877752891
0877752818
0877752694
0877752380
0877752375
0877752330
0877752214
0877752185
0877752060
0877751985
0877751768
0877751712
0877751668
0877751024
0877750940
0877750883
0877750697
0877750535
0877750462
0877750422
0877750201
0877750151
0877750105
0877750070
0877750069
0877749786
0877749300
0877748997
0877748986
0877748878
0877748865
0877748785
0877748650
0877748584
0877748562
0877748369
0877748253
0877748183
0877748037
0877748019
0877747967
0877747950
0877747937
0877747894
0877747476
0877747423
0877747297
0877747296
0877747252
087774698
0877746937
0877746814
0877746783
0877746744
0877746644
0877746405
0877746128
0877745884
0877745722
0877745597
0877745350
0877745177
0877745052
0877744991
0877744841
0877744831
0877744600
0877744541
0877744501
0877744432
0877744300
0877744199
0877744160
0877744131
0877744020
0877744018
0877743966
0877743495
0877743321
0877743272
0877742801
0877742736
0877742363
0877742330
0877742314
0877742289
0877742280
0877742071
0877742021
0877741767
0877741688
0877741472
0877741451
0877741168
0877741089
0877740928
0877740916
0877740424
0877740375
0877740218
0877740038
0877740029
0877740013
0877739817
0877739351
0877739284
0877739228
0877738422
0877738364
0877738275
0877738132
0877737981
0877737796
0877737753
0877737652
0877737616
0877737276
0877737268
0877737261
0877737194
0877736014
0877735831
0877735730
0877735650
0877735482
0877735330
0877734889
0877734813
0877734745
0877734336
0877734239
0877734233
0877734133
0877733959
0877733817
0877733707
0877733683
0877733645
0877733405
0877733208
0877732931
0877732871
0877732866
0877732558
0877732445
0877732296
0877731989
0877731869
0877731741
0877731738
0877731713
0877731453
0877731087
0877731055
0877730883
0877730420
0877730258
0877729758
0877729597
0877729520
087772819
0877728073
0877727965
0877727824
0877727687
0877727439
0877727404
0877727388
0877727327
0877727044
0877726964
0877726922
0877726895
0877726808
0877726806
0877726773
0877726564
0877726396
0877726230
0877726195
0877725877
0877725102
0877724785
0877723907
08777229
0877722783
08777224792320
0877721917
0877721830
0877721732
0877721727
0877721665
0877721534
0877721204
0877720811
0877720235
0877719758
0877719441
0877719137
0877718942
0877718816
0877718724
0877718490
0877718307
0877718048
0877717998
0877717954
0877717784
0877717756
0877717458
0877717454
0877717378
0877717375
0877717335
0877717278
0877717167
0877717163
0877717158
0877717108
0877717008
0877716731
0877716584
0877716455
0877716331
0877716088
0877716058
0877715195
0877715029
0877714909
0877714742
0877714600
0877713323
0877713254
0877712694
0877712624
0877712602
0877712210
0877711918
0877711645
0877711442
0877710946
0877710942
0877710676
0877710639
0877710592
0877710163
0877710075
0877709894
08777098894
0877709878
0877709865
0877709713
0877709627
0877709556
0877709356
0877709340
0877709298
0877709275
0877708843
08777087913
08777087882
0877708582
0877708417
0877708209
087770818
0877708136
0877708081
0877707996
0877707992
0877707815
0877707727
0877707593
0877707530
0877707438
0877707178
0877707114
0877706787
0877706628
0877706588
0877706368
0877706089
0877705791
0877705784
0877705759
0877705746
0877705677
0877705641
0877705631
0877705469
0877705351
0877705330
0877705129
0877705099
0877705094
0877705066
0877705032
0877704947
0877704908
0877704827
0877704776
0877704621
0877704544
0877704523
0877704370bas
0877704254
0877704238
0877704179
0877704154
0877704074
0877703884
0877703774
0877703730
0877703572
0877703520
0877703367
0877703236
0877702993
0877702936
0877702783
0877702562
0877702523
0877702401
0877702277
0877702021
0877701972
0877701832
08777018311
0877701647
0877701490
0877701435
0877701330
0877701243
0877701174
0877701136
0877701126
0877700840
0877700818
0877700575
0877700540
0877700429
0877700408
0877700389
0877700102
087770
08776xmzdt
0877699523
0877699266
0877699020
0877699018
0877698907
0877698791
0877698782
0877698745
0877698634
0877698557
0877698326
0877698255
0877698238
0877698200
0877698140tuiza
0877697986
0877697949
0877697933
0877697761
0877697413
0877697379
0877697237
0877696869
0877696705
0877696610
0877696473
0877696396
0877696371
0877696205
0877696162
0877695722
0877695655
0877695630
0877695452
0877695410
0877695386
0877695171
0877694855
0877694683
0877694671
0877694608
0877694461
0877694401
0877694382
0877694354
0877694260
0877694211_za
0877694180
0877694027
0877693954
0877693909
0877693900
0877693803
0877693774
0877693746
0877693696
0877693652
0877693629
0877693392
0877693379
0877693364
0877693358
0877693295
0877693283
087769321700
0877693129
0877692942
0877692800
08776927501
0877692738
0877692645
0877692537
0877692445
0877691876
0877691823
0877691784
0877691739
0877691630
0877691531
0877691315
0877691233
0877691160
0877691140
0877691123
0877690960
0877690435
0877690408
0877690334
0877690320
0877690249
0877689863
0877689802
0877689758
0877689293
0877689150
0877688910
0877688907
0877688782
0877688716
0877688705
0877688703-
0877688616
0877688584
0877688273
0877688272
0877688178
0877687934
0877687913
0877687908
0877687886
0877687818
0877687750
0877687713
0877687642
0877687586
0877687258
0877687219
0877687216
0877687187
0877687120
0877686760
0877686727
0877686618
0877686528
0877686444
0877686252
0877686144
0877685865
0877685799
0877685736
0877685706
0877685686
0877685668
0877685620
0877685564
0877685413
0877685316
0877685185
0877685152
0877685095
0877685081
0877685058
0877685010
0877685003
08776849810877694981
0877684683
0877684641
0877684614
0877684538
0877684487
0877684240
0877684205
0877684185
0877684178
0877684122
0877684044
0877684023
0877683852
0877683721
0877683454
0877683358
0877683319
0877683302
0877683189
0877683188
0877683097
0877682976
0877682794
0877682743
0877682722
0877682648
0877682618
0877682537
0877682478
0877682465
0877682314.
087768231
0877682245
0877682095
0877682059
0877681934
0877681808
0877681801
0877681550
0877681546
0877681541
0877681350
0877681067
0877680996
0877680835
0877680731
0877680653
0877680587
0877680579
0877680571
0877680414
0877680245
0877680232
0877679950
0877679886
0877679357
0877679145
0877678730
0877678595
0877678500
0877678194
0877678155
0877678108
0877677927
0877677679
0877677672
087767762
0877677613
0877677449
0877677384
0877677201
0877676811
0877676628
0877676554
0877676216
0877675600
0877675591
0877675539
0877675109
0877674802
0877674532
0877673266
0877672405
0877672316
0877672207
0877672065
0877672031
0877671974
0877671923
0877671379
0877671270
0877671134
0877670733
0877670472
0877670435
0877669831
0877669826
0877669820
0877669516
0877669497
0877669464
0877669463
0877669316
0877669259
0877668946
0877668920
0877668718
0877668646
0877668561
0877668507
0877668148
0877668110
0877668064
0877667987
0877667970
0877667932
0877667879
0877667768
0877667755
08776675990877677599
0877667515
0877667496
0877667458
0877667316
0877667241
0877667206
0877667201
0877667084
0877666986
0877666698
0877666550
0877666485
0877666235
0877665858
0877665846
0877665547
0877665522
0877665174
0877665165
0877665029
0877665003
0877664841
0877664781
0877664629
0877663245
0877662968
0877662809
0877662642
0877662590
0877662083
0877662066
0877661516
0877661285
0877661137
0877661129
0877661122
0877661120
0877660923
0877660857
0877660718
0877660559
0877660516
0877660311
0877660274
0877660114
0877660060
0877660050
0877659758
0877659517
0877659496
0877658795
0877658511
08776584045
087765835
0877658274
0877657561
0877657420
0877657001
0877656831
0877656791
0877656575
0877656547mui
0877656028
0877655521
0877655425
0877655423
0877655273
0877654467
0877653515
0877653394
0877653305
0877653126
0877651767
0877651148
087765
0877649266
0877648089
0877647990
0877647971
0877647658
0877647488
0877646597
0877646500
0877646438
0877646312
0877646305
0877646183
0877646072
0877646017
0877645953
0877645346
0877644877
0877644172
0877644075
0877642955
0877642925
087764264808
0877642641
0877642517
0877642382
0877642265
0877642055
0877641714
0877641655
0877641025xx
0877640601
0877640554
0877640314
0877640182
0877640105
0877639958
0877639883
0877639480
0877639
0877638617
0877638253
0877638221
0877638215
0877638038
0877637812
0877637320
08776362550877636255
0877636081
0877636026
0877635865
0877635831
0877635672
0877634792
0877634429
0877634377
0877634372
0877634342
0877634260
0877634238
0877634059
0877633838
0877633348
0877633040
0877632972
0877632355
0877632314
0877632179
0877631980
0877631936
0877631424
0877631357
0877631050
0877630813
0877630508
0877630214
0877630126
0877629836
0877629397
0877629070
0877628892
0877628751
0877628636
0877628447
0877627833
0877627724
0877627475
0877627099
0877626366a
0877625779
0877624910
0877624670
0877622548
0877622544
0877621571
0877621435
0877620938
0877620936
0877620884
0877620701
0877620542
0877619578
0877619365
0877619325
0877618710
0877618632
0877618285
0877618129
0877617923
0877617916
0877617687
0877617164
0877616414
0877616065
0877615971
0877615752
0877615731
0877615503
0877615278om
0877614702
0877614587
0877614569
0877614354
0877613905
0877613242
0877613102
0877613056
0877612827
0877612685
0877612648
0877611680
0877611617
0877610758
087761055
087761045
0877610218
0877609512
0877609359
0877609280
0877608599
0877608234
0877607057
0877606917eve
0877606300
0877605158
0877605123
0877605060
08776038833637
0877603580
0877603533
0877603505
0877603277
0877602606
0877602082
0877601836
0877601572
0877601552
0877601354
0877601259
0877601245
0877601130
0877600716
0877600710
0877600360
0877600109
08776
0877599909
0877597596
0877597338
0877597033
0877597004
0877596510
0877596364
0877596270
0877596239
0877595945
0877595865
0877595618
0877595574
0877595402
0877595235
0877595157
0877595056
0877594998
0877594822
0877594727
0877593886
0877593680
0877593453
0877593358
0877592897
0877592885
0877592371
0877591819
0877591587
0877590834
087759082908790479726
0877590537
0877590457
0877589873
0877589701
0877589602
0877589076
0877588982
0877588112
0877587554
0877587343
0877586618
0877585874
0877585850
0877585653
0877585228
0877584356
0877584327
0877584290
0877583594
0877583540
0877583403
0877583334
0877583031
0877582892
0877581994
0877581960
0877581543
0877581521
0877581371
0877580541
0877580480
0877579919
0877579577
0877579516085193
0877579508
0877579500
0877579117
0877578861
0877578843
0877578519
0877576896
0877576346
0877576307
087757629
0877576208
0877575977
0877575967
0877575781
0877575598
0877574023
0877573790
0877573739
0877573728
0877573483
0877573421
0877573343
0877572738
0877572735
0877572235
0877572191
0877572148
0877571905
0877571368
0877570611
087757--
087757
0877569907
0877569878
0877569762
0877569605
0877569266
0877568941
0877568939
0877568840
0877568507
0877568224
0877567017
0877566800
0877566466
0877566140
0877565842za
0877565792
0877565705
0877565452
0877565369
0877565104
0877564804
0877564688
0877563661
0877563570
0877563213
0877562900
0877562726
0877562716
0877562238
0877561982
0877561763
0877561333
0877561227
0877560809
0877560800
0877560788
0877560358
0877559969
0877559742
0877558950
0877558201
0877558160
0877558041
0877557849
0877557834
0877557802
0877557593
0877557551
0877557322
0877556990
0877556505
0877556318
0877556
0877555868
0877555803
0877555576
0877555035
0877554438
0877554257
0877554149
0877554120
0877553581
0877553522
0877553477
0877553383
0877553306
0877553241
0877553211
0877553031
0877552834
0877552816
0877552661top
0877552603
0877552382
0877551863
0877551492
0877551338
0877551113
0877550665
0877550299
0877550252
0877549997
0877549640
0877549338
0877548919
0877548518
0877547784
0877547182iydo6Ud
0877547151
0877546936
0877546487
0877546425
0877546400
0877546236
0877545638
0877545554
0877545251
0877544801..
0877544107
0877543963
0877543780
0877543026
0877542220
0877541967
0877541958
0877541759
0877541039
0877540717
0877540685
0877540668
0877540624
0877540609
0877540542
0877540368
0877540263
0877540036
0877539969
0877539803
0877538804
0877538227
0877538173
0877537540
0877537376
0877537370
0877536562
0877536502
0877535988
0877535723
0877535185
0877535097
0877534601
0877534288
0877533997
0877533741
0877533713
0877532413
0877531487
0877531326
0877530899
0877530530
0877530408
0877529355
0877529267
0877528329
0877528296
0877527700
0877527674
0877527467
0877527394
0877527221
0877527137
0877527103
0877526895
0877526351
0877526239
0877526078
0877526004
0877525979
0877525741
0877525431
0877524773
0877523390
0877523181
0877523178
0877522236
0877522075
0877521936_0878877915
0877521713
0877521518
08775200
0877519436
0877519211
0877518962
0877517906
0877517813
0877517513
0877516934
0877516759
0877516148
0877516062
0877515823
0877515322
0877515269
0877515108
0877515050
0877514965
0877514575
0877514156
0877513677
0877513647
0877513255
0877513133
0877512819
0877512449
0877511794
0877511632
0877511473
0877510118
0877509449
0877508726
0877508405
0877508308CLOE
0877507871
0877507732
0877507710
0877507701
0877507679
0877507560
0877507225
0877507160
0877506871
0877506864
0877505831
0877505733
0877505451
0877505336
0877504369
0877503571
0877503507
0877503446
0877503404
0877503
0877502416
0877502368
0877502358
0877502060
0877501985
0877501850
0877501591
0877501489ammrakwut
0877501431
0877501201
0877501123
0877501017
0877500820
0877500724
0877500706
0877500540
0877500449
0877498865
0877497912
087749698
0877496188
0877495922
0877495846
0877495766
0877495303
0877493583
0877492468
0877492068
0877491938
0877491889
08774918
0877491682
0877491626
0877491581
0877491535
0877491511
0877491490
0877491478
0877491008
0877490803
0877490790
0877490613
0877490503
0877490499
0877490482
0877490475
0877490388
0877490266
0877490142
0877490069
0877489403
0877488806
0877488722
0877487619
0877487047
0877486683
08774863845
0877485830
0877485723
0877485628
0877485371
0877485313
0877485159
0877485046
0877485030
0877484838
0877484102
0877483203
0877482343
0877482021
0877482001
0877481528
0877481483
0877481440
0877481431
0877481338
0877481311
0877481258
0877480945
0877480412
0877480160
0877480130
0877480049
0877480046
0877479503
0877479216
0877479175
0877479095
0877479021
0877478907
0877478620
0877478504
0877478412
0877478410
0877478312
0877478277
0877478257
0877478122
0877478081
0877478065
0877478051
0877477985
0877477853
0877477753
0877477732
0877477723
0877477697
0877477660
0877477644
0877477488
0877477432
0877477427
0877477412
0877477392
0877477374
0877477329
0877477289
0877477277
0877477237
0877477230
0877477221
0877477192
0877477099
0877477071
0877477011
0877476975
0877476939
0877476885
0877476715
0877476643
0877476624
0877476599
0877476537
0877476517
0877476374
0877476359nd
0877476310
0877476295
0877476271
0877476199
0877476153
0877475785
0877475761
0877475738
0877475711
0877475642
0877475636
0877475516
0877475348
0877475168
0877475110
0877475090
0877475018
0877475008
0877474988
0877474984
0877474887
0877474841
0877474820
0877474808
0877474794
0877474772
0877474768
0877474757
0877474738
0877474737
0877474427
0877474192
0877474155
0877474153
0877473989
0877473974
0877473882
0877473825
0877473815
0877473789
0877473774
0877473751
0877473714
0877473697
0877473639
0877473635
0877473548
0877473529
0877473340
0877473294
0877473197
0877473073
0877473029
0877473025
0877472967
0877472959
0877472951
0877472936
0877472928
0877472922
0877472917
0877472872
0877472864
0877472842
0877472818
0877472761
0877472650
0877472603
0877472542
0877472386
0877472240top
0877472198
0877472188
0877472184
0877472159
0877472003
0877471973
0877471969
08