15
0874467257
0874466948
0874466839
0874466437
0874465563
0874465364
0874465266
0874465029
0874465005
0874464767
087446431
0874464099
0874463893
0874463657
0874463198
0874463079
0874463020
0874462771
0874462431
0874461968
0874461935
0874461419
0874461016
0874460554
0874460525
0874460193
0874459548
0874459473
0874459411
0874459335
0874459063
0874458496
0874458414
0874458128280832
0874457809
0874457444
0874457245
0874457100
0874457020
0874456802
0874456697
0874456527
0874456335
0874455949
0874455919
0874455867
0874455677
0874455635
0874455585
0874455135
0874455109
0874454766.
0874454487
0874454232
0874453703
0874453318
0874453255
0874453038
0874452500
0874452258
0874452253
0874452060
0874451833
0874450513
0874450219
0874450108
087445
0874449930
0874449715
0874449633
0874449296
0874449198
0874448900
0874448488
0874448250
0874448249
0874447899
0874447774
0874447750
0874447720
0874447691
0874447422
0874447418
0874447294
0874447224
0874446998
0874446572
0874446536
0874446532
0874446447
0874446247
0874446099
0874446077
0874445859
0874445593
08744455
0874445429
0874445080
0874444832
0874444821
0874444753
0874444701
0874444579
0874444427
0874444320
0874444249
0874444166
0874444047
0874443650
0874443437
0874443139
0874443136
0874443047
0874442800
0874442768
0874442664
0874442466
0874442450
0874442380
0874442212
0874442028
0874441967
0874441927
087444161
0874441534
0874441497
0874441431
0874441254
0874440652
0874440082nop
0874440057
0874439515
0874439316
0874438996
087443882400
0874438320
0874438244
0874438209
0874438113
0874438008
0874437892
0874437663
0874437658
0874437051
0874436983
0874436957
0874436712
0874436535
0874436466
0874436044
0874435900
0874435446
0874435371
0874434928
0874434381
0874434372
0874434310
0874434269
0874434099
0874433841
0874433696
0874433668
0874433606
0874433558
0874433557
08744333762
0874433353
0874433271
0874432987
0874432902
0874432749
0874432573
0874431825
0874431714
0874431668
0874431603
0874431237
0874431163
0874430762
0874430348
0874430167
087443
0874429858
0874429642
0874429228
0874429181
0874428850
0874428660
0874428378
0874428062
0874427718
0874427704
0874427507
0874426071
08744258623681
0874425445
0874424549
0874424436
0874424308
0874424306
0874424234
0874424032
0874423824
0874423744
0874423539
0874423054
0874422867
0874422845MM
0874422493
0874422241
0874421996
0874421657
0874420922
0874420820
0874420780
0874420375
0874419955f
0874419814
0874419511
0874419422
0874419416
0874419399
0874419122
0874417400
0874417387
0874417164
0874416987
0874416840
0874416285
0874416102
0874415414
0874415158
0874414942
0874414935
0874414893
0874414779
08744145
0874414414
0874414389
0874414280
0874414111
0874414014
0874413407
0874413318
0874412852
0874412133
0874412114
0874412110
0874411977
0874411944
0874411916
0874411791
0874411504
0874410988
0874410797
0874410362
0874410232
0874410229
0874409415
0874409402
0874409311
0874409259
0874409059
0874408823
0874408744
0874408544
0874408300
0874408283
0874408187
0874407914
0874407761
0874407604
0874407270
0874407206
0874406966
0874406800
0874406734
0874406637
0874405779
0874405655
0874405418
0874405004
0874404924
0874404843
0874404611
0874404541
0874404420
0874404312
0874404170
0874403669
0874403626
0874403571
0874403174
0874403140
0874402840
0874402624
0874402488
0874402458
0874402327
0874402243
0874402073
0874401785
0874401692
0874401521
0874401425
0874401372
0874401258
0874400811
0874400103
0874400040
0874400005
0874399763
0874399635
0874399315
0874399058
0874398925
0874398670
0874398176
0874397943
0874397578
0874397538
0874397402
0874397092
0874397091
0874397047
0874396335
0874396084
08743956271428
0874395124
0874394632
0874394340
0874393735
0874393658
0874393560
0874393455
0874393274
0874393165
0874392175
0874392047
0874391961
0874391143
0874391138
0874390877
087438q
0874389038
0874388369
0874387947
0874387853
0874387239
0874387196
0874386832
0874386811
0874386796
0874386058
0874385991
0874385130
0874383763
0874383423
0874383076
0874382169
0874380901
0874379974
0874379818
0874379446
0874379261
0874379143
0874379001
0874378635
0874378606
0874378250
0874377001
0874376630
0874376473
0874376217
0874375707
0874375637
0874375615
0874375475
0874375468
0874375105
0874374702
0874373979
0874373897
0874373797
0874373749
0874373036
0874372993
0874372720
0874372617
0874372324
0874372313
0874372247
0874371887
08743716822103
0874371667
0874371311
0874371270
0874370953
0874370917
0874370878
0874370872
0874370559
0874370489
0874370250
08743701560401
0874368259
0874368248
0874367839
0874367371
0874366979
0874366675
0874366638
0874366607
0874366488
0874365781
0874365410
0874365060
0874364608
0874364519
0874363719
0874363639
0874363316
0874362117
0874361780
0874361750
0874361676
0874361667
0874361048
0874360278
0874359625
0874359500
0874358893
0874358655
0874358359
0874358312
0874357233
0874356959
0874356855
0874356641
0874356056
0874356009
0874356001
087435562
08743551493481
0874354938
0874354849
0874354839
0874354540
0874354389
0874354388
0874354290
0874353643
0874353567
0874352412
0874352161
0874349975
0874349964
0874349260
0874348549
0874348451
0874348002
0874347925
0874347798
0874347436
0874346863
0874345628
0874344263
0874344211
0874344137
0874343891
0874343882
0874343641
0874342979
0874342868
0874342634
0874342218
0874341299
0874341014
0874340605
0874340230
0874339785
0874339694
0874339613
0874339442
0874339280
0874339259
0874339137
0874338898
0874338866p
0874338633
0874338521
0874338519
0874338392
0874338176
0874338038
0874337740
0874337728
0874337714
0874337440
0874337288
0874337130
0874337074
0874336658
0874336450
0874336432
0874336304
08743361711
0874335758
0874335489suparnee
0874335320
0874335235
0874334834
0874334305
0874334220
0874334192
0874334150
0874334026
0874333386
0874333225
087433321
0874333182
0874333137
0874333100
0874332994
0874332985
0874332826
0874332599
08743323627
0874332144
0874332033
0874332001
0874331413
0874331334
0874331143
0874331133
0874330645
0874330549
087433
0874329596
0874329531
0874329405
0874329223
0874329125
0874328527
0874328516
0874328438
0874327946
0874327730
0874327539
0874327527
0874327047
0874326498
0874326216
0874325952
0874325872
0874325871
0874325798
0874325543
0874325196
0874325177
0874325171
0874324617
0874324422
0874324311
0874323941
0874323698
0874323474
0874323344
0874323130
0874323115
0874323113
08743228632
0874322466
0874322262
0874321649
0874321537
0874321265
0874321103
087432100
0874320965
0874320793
0874320790
0874320240
0874318850
0874318655
0874318639
0874318136
0874317222
0874316878
0874316460
0874316144
0874315531
0874315103
0874315047
0874314874
0874314641
0874314631
0874314451
0874314364
0874313831
0874313274
0874313235
0874313173
0874313144
0874312975
0874312820
0874312095
0874312057
0874311835
0874310924
0874310678
087431057519509
087431020
0874310103
087431
0874309553
0874309496
0874309157
0874309022
0874308268
0874308039
0874307674
0874307601
0874306629
0874306482
0874306199
0874306083
0874306049
0874305860
0874305740
0874305724
0874305073
0874304977
0874304376
0874304177
0874303564
0874303401
0874303060
0874302985
0874302557
0874302484
0874302357
0874301984
0874301797
0874301558
0874301315
0874301078
0874300867
0874300176
0874299758
0874298939
0874298356
0874297900
0874297885
0874297372
0874297088
0874296824
0874296450
0874296196
0874295980
0874295904
0874294875
0874294741
0874294665
0874294597
0874294475
087429330
0874293244
0874293241
0874292978
0874292497
0874292479
0874291577
0874291576
0874291006
0874290942
0874288679
08742885120
0874288510
0874287298
0874286673
0874286225
0874285834
0874285785
0874285201
0874284830
0874284214
0874284121
08742837302
0874283668
0874283058
0874282531
0874281940
0874281465
0874281314
0874281180
0874280747
0874280380
087428019
0874280167
0874279690
0874278893
0874277760
0874277554
0874277350dekdek
0874277239
0874277218
0874277198
0874277101
0874276899
0874276780
087427674
0874275818
0874275667
087427516861/12
0874274528
0874274490
0874274272
0874274001
0874273793
0874273539
0874273524
0874273326
0874272860
0874272708
0874272430
0874272161
0874272145
0874272011
0874271841
0874271369
0874270884
0874270764
0874270576
0874270472
0874270435
0874270434
0874270417
0874270333
0874270301
0874270147
0874270081
0874270017
0874269591
0874269388
0874269250
0874268482
0874268309
0874268296
0874268236
0874268120
0874267909
0874267731
0874267638
0874267630
0874267336
0874265990
0874265425
0874265091
0874265056
0874264912
0874264837
0874264826
0874264557
0874263517
0874263299
0874262899
0874262788
0874262298
0874262219
0874262100
087426208
0874261580
0874261453
0874260754
0874260694
0874260579
0874260509
0874259818
0874258967
0874257674
0874256986
0874256709
0874256653
0874256587
0874256509
0874256493
0874256412
0874255977
087425593
0874255821
0874255485
0874255328
0874255057
0874255043
0874254673
0874254558
0874254554
0874254299
0874253771
0874252176
0874251824
08742515
0874251201
0874251038
0874250840
0874250791ann
0874250790
0874250691
0874250301
0874250271
0874250067
0874249950
0874249607
0874249604
0874249587258
0874249438123
0874249391
0874249276
0874249097
0874248773
0874248482
0874248445
0874248235
0874248176
0874248063
0874247718
0874247581
087424728
0874247020
0874246977
0874246756
0874246602
087424622
0874246087
0874245968
0874245698
0874245338
0874245228
0874245101
0874244733
0874244397
087424436
0874244109
0874243788
0874243738
0874243720
0874243545
0874243120
0874242989
0874242746
0874242639
0874242403
0874242376
0874242249
0874241972
0874241279
0874241047
0874241045
0874240900
0874240799
0874240503
0874240256
0874240097
0874240087
0874240083
0874239704
0874239355
0874239181
0874239
0874238898
0874238843
0874238733
08742380
0874237694
0874237038
0874236966
08742366420055
0874236349
08742362
0874235879
0874235261
0874235096
0874234989
087423493
0874234640
0874234530
087423430
0874234075
0874233628
0874233473
0874233303
0874233180
0874233046
0874233013
0874232989
0874232857
0874232263
0874231699
0874231697
0874231619
0874231537
0874231240
0874231216
0874230733
0874230464
0874229992
0874229839
0874229743
0874229017
0874228862
0874228727
0874228722
0874228108
0874227277
0874227221
0874227147
0874227108
0874227096
0874227029
0874226808
0874226793
0874226711
0874226703
0874226387
0874224895
0874224893
0874224494
0874224335
0874223990
0874223872
0874223439
0874223340
0874223242
0874222897
0874222544
0874222178
0874221999
0874221976
0874221597
0874221405
0874221296
0874221295
0874221215
0874221206
0874221192
0874221131
0874221040
0874220690
0874220645
0874220506
0874220482
0874220182
0874220150
0874219868
087421972
0874219668
0874219490
0874219214
0874219213
0874219153
0874219141
0874219035
087421902
0874218969
0874218815
0874218490
0874218131
0874217647
0874217547
0874217453
0874217368
0874217077
0874217067
08742161630831459455
0874216154
0874216059
0874215794
0874215684
0874215656
0874215054
0874215015
0874214923
0874214626
0874214509
0874213966
0874213901
0874213794
0874213668
08742133914
0874213369
0874213325
08742131720874213172
0874213027
0874212550
0874212381
0874211706
0874210880
0874210703
0874210586
0874210377
0874210097
0874209858
0874209784
0874208810
0874207981
0874207958
0874207613
0874207509
0874207490
0874207401
0874206691
0874206544
0874206406
0874206166
0874206079
0874205434
0874204451
0874204221
0874203889
0874203476
0874202882
0874202284
0874200916
0874200380
0874200256
0874200228
0874200201
087420
0874199658
0874199418
0874199239
0874199143
0874199142
0874198801
0874198800
0874198745
0874198518
0874198498
0874198277
0874198087
0874197986
0874197830
0874197284
0874197249
0874197185
0874196938
0874196713
0874196512
0874196356
0874196291
0874196072
0874195577
0874195482
0874195400
0874195250
0874195179
0874194895
0874194808234
0874194088
0874194076
0874193930
0874193833
0874193807
0874193564
0874193135love
0874192994
0874192948
0874192611
0874192572
0874192327
0874192272
0874192051
0874191976
0874191805
0874191546
0874191123
0874191006
0874190260
0874190241
0874190224
0874190139
0874190119
0874190032
0874189918
0874189816
087418970
0874189605
0874189600
0874189504
0874189196
0874188361
0874188343
0874187258
0874186036
0874185788
0874185769
0874185688
0874185161
0874184474
0874184456
0874184204
0874183968
0874183495
0874183455
0874183432
0874183270
0874183188
0874183055
0874182783
0874182754
0874182526
0874182131
0874182056
0874181772
0874181761
0874181641
0874181592
0874181577
0874181071
0874180839
0874180702
0874180674
0874180176
0874179649bboy
0874179496
0874179332
0874179255
0874179147
0874179117
0874178596
0874178302
0874178272
087417798011964
0874177944
0874177740
0874177729
0874177460
0874177428
0874177187
0874177153
0874176642
0874176014
0874175832
0874175549
0874175533
0874175051
08741748
0874174683
0874174550
0874174534
0874174367
0874174077
0874173147
0874173140
0874172809
0874172097
0874169937
0874169886
0874169740
0874169458
0874169277
0874169014
0874168535
0874168470
0874168157
0874167978
0874167695
0874167609
087416744
0874167133
0874167118
0874166991
0874166925
0874166794
0874166559
0874166409
0874165351
0874164207
0874164166
0874164127
0874164121
0874163969
0874163958aod
0874163925
0874163806
0874163296
0874163123
0874162934
0874162886
0874162411
0874162037
0874162022
0874161649
0874160795
0874160432
0874160098
0874159590
0874159532
0874159173
0874158001
0874157648
0874157422
0874157313
0874157087
0874156632
0874156572
0874156561
0874156351
0874155485
0874155444
0874155354
0874155212
0874154655
0874154424
0874154248
0874154057
0874153632
0874153
0874152328
0874151279
0874150407
0874150290
0874150235
0874149981
0874149687
0874149597
0874149474
0874149205
0874148917
0874148891
0874148744
0874148466
0874148243
0874148089
0874147936
0874147842
0874147671
0874147251
0874147163
0874147151
0874146887
0874146875
0874146828
0874146594
0874146441
0874145857
0874145692
0874145379
0874145286
0874144543
0874144337
0874144180
087414402
0874143984
0874143891
087414343200
0874143405
0874143319
0874143224
0874143217
087414313
0874142929
0874142138
0874142018
0874141786
0874141728
087414155
0874141224
0874141165
0874140976
0874140968
0874140734
0874140639
0874140484
0874140211
087413mixming1880
0874139326
0874138962
0874138287
0874138217
0874137539
0874136879
0874136711
0874136704
0874136699
087413536612345
0874135203
0874135133
0874134649
0874134592
0874134499
0874134476
0874134462
0874134075
0874134061
0874133810
0874133740
0874132676
0874132311
0874131554
0874131374
0874131223
0874131150
0874130742
0874130341
0874130241
0874129854
0874128084
087412732
0874125332
0874125153
0874125123
0874124508
0874124280
0874124278
0874124083
0874123973
0874123911
0874123889
0874123667
08741236
0874123572
0874123445
0874123436
0874122805
0874122631
0874122329
0874122087
0874122038
0874122027
0874121568
0874121385
0874121311
0874121310
0874121152
0874120743
0874120373
0874120364
0874120330
0874120146
087412
0874119867
0874119709
0874119560
0874119410
0874119285
0874118830
0874118608
0874118551
087411844
087411820
0874117925
0874116499
0874116458
0874116452
0874116012
0874115723
0874115591
0874115420
0874115305
0874115284
0874115231
0874114410
0874114328
0874114197
0874114176
0874114160
0874113776
0874113651
0874113489
0874113061...339
0874113040
0874112902
0874111784
0874111746
0874111735
0874111600
0874111424
0874111307
0874111298
0874111138
0874110803
087411050
0874110117
0874109219
0874108940
0874108870
0874108614
0874108567
0874108366
0874107992
0874107960
0874107932
0874107905
0874107628
0874107414
0874107377
0874107237042398378
0874107210
0874107188
0874106446
0874106064
0874105959
0874104993
0874104751__2008
0874104288
0874104103
0874103221
08741031850860486682
0874103049
0874102482
0874102275
0874101687
0874101286
0874101140
0874100608
0874100411
0874100352
087410026
0874099883
0874099871
0874099706
0874099328
0874099085
0874098909
0874098701
0874098075
0874098025
0874097968
0874097595
0874097528
0874097476
0874096908
0874096655
0874096625
0874096609
0874096541
0874096473
0874096401
0874096378
0874096212
0874095602
0874095434
0874095354
0874095021
0874094566
0874094433
0874093938
0874093778
0874093211
0874093090
0874092946
0874092470
0874092322
0874091853
0874091682
0874091570
0874091430
0874090956
0874090549Tor07
0874090088
0874090059
0874089696
0874089571
0874089561
0874089235
0874089167
0874089003
0874088818
0874088609
0874088414
0874088188
0874086310
0874086243
0874086120
0874085929
0874085855
0874085463
0874085421
0874085226
0874084867
0874084366
0874084339
0874084023
0874083987
0874083431
08740834
0874083219
0874083071
0874082828
0874082177
0874081987
0874081410
0874081142
0874080997
0874080958
0874080898
0874080828
0874080664
087408046
0874080421
0874080340
0874080309
0874080281jaman
0874080251
0874080132
0874080086
0874080085
0874080084
0874079968
0874079922
0874079909
0874079902
0874079774
0874079725
0874079721
0874079480
0874079216
0874079088
0874078863
0874078617
0874078611
0874078546
0874078527
0874078514
0874078168
0874078104
0874078048
0874077923
0874077638
0874077521
0874077514
0874077496
0874077351
0874077184
0874077102
0874077100
0874076973
0874076972
0874076684
0874076605
0874076484
0874076379
0874076378
0874076356
0874076340
0874076332
0874076078
0874076074
0874075975
0874075914
0874075643
0874075639
0874075510
0874075221
0874075159
0874074963
0874074689
0874074623
0874074547
08740744848adaga
0874074094
0874073904
0874073726
0874073617
0874073460
0874073410
0874073228
0874072942
0874072716
0874072656
0874072363
08740722034
0874072115
0874071949
0874071902
0874071136
0874070912
0874070901
0874070077
0874070035
087407
0874069906
0874069568
0874069478
0874069212
0874069104
0874069103
0874069054
0874069011
0874068845
0874068832
0874068753
0874068749
0874068696
0874068662
0874068489
0874068432
0874068424
0874068396
0874068342
0874068315
0874068311
0874068216
0874068013
0874067954
0874067838
0874067760
0874067585
0874067567
0874067548
0874067327
0874067135
0874066963
0874066465
0874066392
0874066377
0874066270
0874066188
08740661832034
0874065945
0874065819
0874065759
0874065700
0874065661f
0874065628
0874065479
0874065447
0874065414
0874065316
0874065202
0874064987
0874064986
0874064875
0874064756
0874064626
0874064527
0874064524
0874064396
0874064283
0874064281
0874064268
0874064218
0874064108
0874064012
08740637828
0874063725
0874063710
0874063668
0874063527
0874063498
0874063487
0874063409
0874063408
0874063318
0874063309
0874063275
0874063084
0874062946
0874062735
0874062504
0874062400
0874062199
0874062166
0874062096
0874061926
0874061843
0874061787
0874061682
0874061574
0874061524
0874061518
0874061372
0874061325
0874060561
0874060560
0874060413
0874060250
0874059958
0874059956
0874059801
0874059625
087405894
0874058840
0874058189
0874057928
0874057273
0874057170
0874057145
0874056943
0874056797
0874056705
0874056209
0874056128
0874055941
0874055779
0874055730
0874055620
0874055327
0874055313
0874054976
0874054858
0874054506
0874054146
0874054113
0874054033
0874053322
0874053298
0874052832
0874052807
0874052356
0874052308
0874051980
0874051616
087405155
0874051268
0874051027
0874050949
0874050905
0874050615
0874050551
0874050350
0874050098
0874050071.
0874050040
087405
0874049549
0874049097
0874049011
0874048741
0874048053
0874047m
0874047798
0874047514
0874047500
0874047418
0874046800
0874046624
08740464380815606717
0874045971
0874045970
0874045625hotmail
0874045338
0874044614
0874044267
0874044263
0874044143
0874044077
0874044074
0874044037
0874043573
0874043541
0874043255
0874042715
0874042688
0874042638
0874042456
0874042332
0874042169
0874041763
0874041752
0874041507
0874041013
0874040925
0874040794
0874040750
0874040683
0874040634
0874040520
0874040327
0874040164
0874040117Tt7
0874040078
0874040021
087404
0874039662
0874039233
0874039227
0874039104
0874039002
0874038706
0874037608
0874037377
0874037307
0874037146
0874037135
0874036859
0874036222
0874035993
0874035607
0874035199
0874034872
0874034812
0874034770
0874034369
0874034109
0874033999
0874033742
0874033576
0874033464
0874032300
0874031495
0874030966
0874030075
0874030050
087403
0874029865
0874028800
0874028598
0874028400
0874028380
0874028292
0874028252
0874028231
0874027871
0874027801
0874027754
0874027735
0874027712
0874027302
0874027247
0874027204
0874026474
0874026441
0874026345
0874026203
0874025992
0874025452
0874025357
0874025334
0874024732
0874024649
0874023970
0874023806
0874023375
0874023043
0874022838
0874022577
0874022549
0874022356
0874021724
0874021424
0874021415
0874021153
0874021126
0874020687
0874020220
0874020199
0874020122
0874019464
0874018340
0874018223
0874018038
0874017938
0874017855
0874017851
0874017107
0874016941
0874016909
0874016816
0874016792
0874016384
0874016316
0874015170
0874014796
0874014761a
0874014599
0874014345
0874014104
0874014098
0874014085
0874014059
0874013932
0874013438
0874013415
0874013409
0874013384
0874012379
0874012259
0874011795
0874011434
0874011384
0874011338
0874011334
0874011295
0874011139
0874011022
0874011002
0874010607
0874010256
0874010020
0874009929
0874009902
0874009847
0874009543
0874009381
0874009016
0874008028
0874007896
0874007831
0874006927
0874006892
0874006414
0874006152
0874006029
0874005962
0874005784
0874005691
0874005531
0874005403
0874004590
0874004439
0874004303
0874004159
0874004081
0874003904
0874003808
0874003653
0874003574
0874003117
0874002920
0874002343
0874002138
0874001490
0874001340
0874001103
0874000425
0874000345
0874000319
0874000161
0874000105
0874000
0874
0873rvm
0873lba
0873jess88
0873OYJB
08739ozrum
0873999838
0873999634
0873999458
0873999445
0873999329
0873999282
0873999091
0873998955
0873998145
0873998132
0873998025
0873997976
0873997958
0873997890
0873997658
0873997351
0873997308
0873996663
0873996642
0873996071
0873995901
0873995830
0873995392
0873995296
0873995165
0873995144
0873995076
0873994791
0873994766
0873994719
0873994535
0873994010
0873993808
0873993597
0873993540
0873993273
0873993237
0873992906
0873992686
0873992393
0873992371
0873992074
0873991339
0873991172
0873991135
0873990976
0873990914
0873990766
0873990410
087399009
0873990025
0873989895
0873989509
0873989491
0873989202
0873988940
0873988819
0873988624
087398851
0873988336
0873988188
0873987919
0873987739
0873987528
0873987352
0873987220
0873987112
0873986985
0873986796
0873986340
0873986268
0873986256
0873986067
08739860546
0873985929
0873985578
0873984692
0873984061
0873983950
0873983881
0873983722
0873983397
0873983136
087398216854/109
0873982030
0873981728
0873981481
087398
0873978975
0873978939
0873978868
0873978845
0873978741
0873978272
0873978009
0873977746
0873977
0873976965
0873976637
0873976604
0873976570
0873976450
0873976412
0873976258
0873976126
0873976089
0873976005
0873975838
0873975704
0873974861
0873974810
0873974516
0873974475
0873974325
0873973633
0873973527
0873973181
0873973085
0873972822
0873972672
0873972544
0873971162
0873970239000
0873970019
0873969828
0873969720
0873969670
0873969512
0873969308
0873969086
0873968846
087396883321
0873968622
0873968480
0873968184
0873967703
0873967435
0873967404
0873967180
0873966899
0873966373
0873966150
0873965856
0873965804
0873965174
0873964773
0873964750
0873964735
0873964145
0873963468
0873963445
0873963351
087396245
0873962365
0873961979
0873961956
0873961851
0873961738
0873961711
0873961456
0873961439
0873961177
0873961161
0873960527
0873960500
0873960434
0873960292
0873959582
0873959519
0873959456
0873959123
0873958939
0873958598
0873958310
0873958062
0873956419
0873956329
0873956206
0873955997
0873955934
0873955903
0873955826
0873955615
0873955603
0873955378
0873955278
0873955128
0873954920
0873954484
0873954216
0873954062
0873953905
0873953824
0873953813
0873953788
0873953596
0873952658
0873952630
0873952560
0873951782
0873951548
0873951296
087395110
0873950886
0873950825087
0873950641
0873950143
0873950016
0873950013
087395
0873949631
0873949428
0873949415love
0873948801
0873948580
0873948236
0873948149
08739479632101
0873947404
0873947105
08739470868
0873946678
0873946487za
0873945755
0873945488
0873945440
0873944489
0873943510
0873943490
0873943440
0873943307
0873942800
0873942712
0873942541
0873942407
0873942340
0873942107
0873942075
0873941576
0873941259
0873941035
0873940815
0873940453
0873940433
0873940288
0873940184
0873940140
0873939593
0873939139
0873938991
0873938913
0873938413
0873937923
0873937803
0873937602
0873937144
0873937048
0873936589
0873936569
0873936299
0873936131
0873936024
0873935961
0873935510
0873935423
0873935194
0873935168
0873935024
0873934429
0873933991
0873933616
0873933030
0873932908
0873932904
0873932751
0873932566
0873932406
0873932298
0873931965
0873931831
0873931503
0873930904
0873930822
0873930347
0873930172
0873929810ii
0873929691
0873929644
0873929426
0873929345
0873929238
0873929044
0873928733
087392866u
0873928156
0873927742
0873927704
0873927077
0873926977
0873926697
0873926382
0873926266
0873926255
0873926246
0873925812
0873925767
0873925568
0873925166
0873924944
0873924790
0873924087
0873923644
0873923585
0873923549
0873923294
0873923254
0873923058
0873922921
0873922136
0873920905
0873920766
0873920574
0873920483
08739204