3335095
0873335007
0873334820
0873334781
0873334744
0873334604
0873334599
0873334275
0873334163
0873334021
0873333903
0873333734
0873333527
0873333079
0873332531
0873331906
0873331650
0873330631
087333
087332lLD
087332LD
0873329897
0873328801
0873328304
0873327723
0873327648
0873327476
0873327407
0873327405
0873326986
0873326470
0873326326+
0873326027
0873325693
0873325267
0873324969
0873324859
0873324491
0873324268
0873324179
0873323745
0873323723
0873323618
0873323369
0873323238
0873322791
0873322647
0873322522
0873322135
0873321840
0873321552
0873321434
0873321394
0873321342
0873320716
0873320661
0873320652
0873320442
087331n
0873319976
0873319607
0873319348
0873319132
0873318909
0873318879
0873318819
0873318687
0873317844
0873317681
0873317321
0873317293
0873316892
0873316469
0873316239
0873315802
0873315027123
0873314831
0873314272
0873314113
0873313573
0873313070
0873312941
0873312670
0873312584
0873312474
0873312451
0873312133
0873312058
0873312050
0873311921
0873311514
0873311095
0873311081
0873310731
0873310674
0873310238
0873309105
0873308672
0873308608
087330848
0873308314
0873308002
08733077391
0873307629m
0873307081
0873306713
0873306617
0873306316
0873306282
0873305982
0873305808
0873305664
0873305322
0873305305
0873305214
0873304911
0873304380
0873303922
0873303219
0873302771
0873302730
0873302481
0873302212
0873302118
08733019321
0873301771
087330152087334428
0873301401
0873301294
0873301192
0873300484
0873300449
0873300346
0873300160
0873300121
087329AsA
0873299965
0873299930
0873299838
0873299575
0873299
0873298723
0873298685
087329860
0873298488
0873298390
0873298386
0873298325
0873297863
0873297448
0873296686
0873296063
0873295586
0873295210
0873294047
0873293698
0873293650
0873293362
0873292025
0873290885
0873290709mooh
0873290121
0873290116
0873289357
0873289338
0873287772
0873287739
0873287191
0873286680
0873286545
0873286291
0873286281
0873286214
0873285758
0873284240
0873284187
0873284024
0873283963
0873283708
0873283215
0873282679
0873282019
0873281858
0873281414
0873281236
0873281174
0873280984
0873280354
0873280054
087328
0873279768
0873279532
0873279149
087327903
08732787825
0873278432
0873278316
0873278287
0873277254
0873277009
0873276575
0873276557
0873276520
0873276420
0873276265m
0873276241
0873276207
0873275900
0873275758
0873275334
0873275253
0873274756
0873274627
0873273915
0873273232
0873272635
0873272617
0873272432
0873272137
0873272136
0873272045
0873271903
0873270556
0873270263
0873270201
0873269875
0873269233
0873268972
0873268847
0873268672
0873268393
0873268319
0873267259
0873266845
0873266813
0873266727
0873265114
0873264943
0873264750
0873263963
0873263059
0873262960
08732629
0873262572
0873262503
0873262123
0873262033
0873262010omsin
0873261795
0873261780
0873261662
0873261587
0873260630
0873260394
0873260321
0873260089
087325998504
0873259979
0873259317
0873259224
0873259215
0873259208
0873258483
0873258453
0873258267
0873257642
0873257240
0873257160
0873257115
0873256603
0873256598
0873255769
0873255667
0873255416
0873255194
0873254542
0873254161
0873253946
0873253117
0873252919
0873252509
0873252204
08732522
0873251187
0873250403
0873250232
0873249522
0873249451
0873249229
0873248654
0873248203
0873248141
0873247096
0873247094
0873245891
0873245137
0873245074
0873245048
0873244776
0873244471
0873244256
0873243744
0873243375
0873243062
0873242132
0873241870
0873241437
0873241320
0873241277
0873241156
0873240962
0873239849
0873239552
0873239395
0873238862
0873238560
0873238329
0873237983
0873237907
0873237518
0873237359
0873237005
0873236807
0873236445
0873236399
0873235925
0873235707
0873235598
0873235510
08732347
0873234691
0873234476
0873234331
0873234320
0873234302
0873234229
0873234164
0873234043
0873233896
0873233678
0873233605
0873232970
0873232764
0873232609
0873232530
0873232356
0873232304
0873232185
0873232157
0873231421
0873231305
0873230658
0873230320-
0873229932
0873229871
0873229611
0873229245
0873229093
0873229057
0873228722
0873228418
0873228086
0873228015
0873227741
0873227602
0873227433
0873227059
0873226925
0873226689
0873226126
0873225465
0873225313
0873224632
0873224484
0873223688
0873223065
0873222995
0873222623
0873222533
0873222176
0873221811
0873221247
0873220617
0873220605
0873220430
0873220386
0873220273
0873220195
0873220103
0873220087
0873219935
0873219858
0873219705
0873219469
0873218933
0873218801
0873218722
0873218372
0873218078
0873217730
0873217721
0873217066
0873216955
0873216765
0873215982
0873215593
0873215258
0873214802
0873214745
0873214288
0873213550
0873213502
0873213200
0873212645
0873212297
0873211765
0873211691
0873211466
0873211160
0873210811
0873210085
087321
0873209450
0873208972
0873208551
0873208285
0873208067
0873207996
0873207902
0873207548
0873207501
0873206421
0873205014
0873204800
0873204787
0873204608
0873203533
0873203501
0873202892
0873202274
0873202254
0873201930
0873201810
0873201313sat
0873200923
0873200647
0873200541
0873200324*
0873200054
087320
08732
0873199961
0873199799
0873198861
0873198773
0873198675
0873198156
0873198083
0873197769
0873197624
0873197545
0873197345
0873197316
0873196768
0873196388
0873196330
0873195971
0873195759
0873195569
0873195521
0873195419
0873195154
0873194846
0873194812
0873194720
0873194677
0873194511
0873194075
0873193948
0873193918
0873193706
0873193422
0873193175
0873193006
0873192637
0873192571
0873192357
0873192095
08731919
0873191848
0873191255
0873190837
0873190506
0873190166
087319
0873189936
0873189851
0873189058
0873188806
0873188803
0873188719
0873188598
0873188549
0873188400
0873187824
0873187623
0873187253
0873186806
0873186779
0873185814
0873185700lizy
0873185651
0873184935
0873184842
0873184794
0873184254
0873184110
0873183664
0873183175
0873183114
0873183090
0873182908
0873182887
0873182883
0873181959
0873181761
0873181750
0873181668
0873181277
0873181187
0873181088
0873180613
0873180210
087318
0873179036
0873178680
0873178591
0873178461
0873177901
0873177864
0873177679
0873177256
0873177218
0873177166
0873177104
0873177066
0873176429
0873176371
0873175135
0873174668
0873174549
0873174426
0873173618
0873173133
0873172897
0873172231
0873172137
0873169845
0873169787
0873169277
0873168393
0873168056
0873167796
0873166722
0873166631
0873166054
0873165988
0873165643
0873165343
0873165063
0873165062
0873165024
0873164763
0873164272_n
0873164093
0873164002
0873163654
0873163526
0873162789
0873162788
0873162621
0873162602
0873162560
0873162402
0873162360
087316216
0873161918
08731618147
0873161814
0873161350
0873161288
0873160667
0873160458
0873160448
0873160028
0873159824
0873159594
0873158925
0873158535
0873158239
0873157814
0873157635
0873157423
0873157417
0873157313
0873157271
0873157217
0873157118
0873156374
0873156195
0873156194
0873156094
0873156043
0873155610
0873155154
0873154968
0873154957
0873154705
0873154668
0873154139
0873154068
0873153938
0873153928
0873153905
0873153813
0873153530
0873153455
0873153322
0873153122
0873153045
0873152512
0873152011
0873152009
0873151898
0873151878
0873151760
0873151698
0873151685
0873151595
0873151458
0873151354
0873151240
0873151230
0873151228
0873151174
0873151121
0873150914
0873150868
0873150827
0873150648
0873150623
0873150441
0873150412
0873150195
0873150194
08731501702
0873150079
087315
0873149815
0873149782
0873149642
0873149606
0873149590
0873149589
0873149537
0873149460
0873149375
08731493040
0873149216
0873149150
0873149138
0873148853
087314872526
0873148704
0873148678
0873148639
0873148569
0873148469
0873148184
0873148086
0873147877
0873147702
0873147601
0873147565
0873147431
0873147387
0873147374
0873147322
0873147263
0873147239
0873147215
0873147151
0873147135
0873147044
0873147012
0873146945
0873146758
0873146744
0873146730
0873146722
0873146705
0873146582
0873146567
0873146566
0873146411
0873146396
0873146325
08731462
0873146194
0873146176
0873146112
0873146058
0873146001
0873145948
087314587p
0873145820
0873145817
0873145709
0873145653
0873145430
087314535150
0873145319
0873145243
0873145084
0873145053
0873144947
0873144883
0873144877
0873144840
0873144589
0873144585
0873144563
0873144506
0873144450
0873144436
0873144252
0873144221
0873144160
0873144051
0873143966
0873143965
0873143867
0873143617
0873143614
0873143536
0873143450
0873143393
0873143307
0873143248
0873143189
0873143154
0873143127
0873143059
0873143007
0873142976
0873142957
0873142941
0873142860
0873142554
0873142532
0873142467
0873142302
0873142048
0873142021
0873141984
0873141829
0873141799
0873141712
0873141701
0873141494
0873141484
0873141483
0873141385
0873141325
0873141185
0873141011
0873140970
0873140938
0873140855
0873140599
0873140335
0873140247
0873140194
0873140171
0873140121
0873140097
0873139624
0873139495
0873138662
0873138647
0873138293
0873138042
0873137760
0873137645
0873137251
0873137220
0873137199
0873137045
0873136882
0873136805
0873136716
0873136562
0873136560
0873136227
0873136202
0873136126
0873136035
0873135726
0873135624
0873135619
0873135595
0873135591
0873135437
0873135281
0873135205
0873135178
0873134677
0873134613
0873134360
0873134225
0873134063
0873133811
0873133582
0873133361
0873133322
0873133297
0873132939
0873132869
0873132783
0873132636
0873132550
0873132495
0873132363
0873132200
0873132039
0873132010
0873131865
0873131598
0873131519
0873131282
0873131185
0873131096
0873131095
0873130667
0873130604
0873130418
0873130316
0873130292
087313
0873129386
0873129338
0873129194
0873128897
0873128286
0873128028
0873127990
08731279605
0873127787
0873127426
0873127418
0873127338
0873127124
0873127026
0873126918
0873126452
0873126301
0873126047
0873126024
0873125789
0873125768
0873125584
0873125267
0873125189
0873124804
0873124744
087312468
0873124462
0873124371
0873124077
0873123508
0873123229
0873123218
0873123009
0873122904
0873122881
0873121372
0873121247
0873120718
0873120322
0873120139
0873120107
0873120034
0873119507
0873119376
0873119138
0873119067
0873118994
0873118935
0873118911
0873118897
0873118552
0873118431
0873118328
0873118236
0873118096
0873117874
0873117643
0873117435
0873117392
0873116659
0873116548
0873116536
0873116073
0873115696
0873115693
0873115480
0873115464
0873115171
0873115133
0873115045
0873115003
0873114911
0873114908
0873114822
0873114742
0873114649
0873114628
0873114439
0873114399
0873114381
0873113919
0873113531
0873113433
0873113397
0873112671
0873112575
0873112558
0873112522
0873112459
0873112178
0873112140
0873112138
0873112124
0873112074
0873111609
0873111481
0873111431
0873111410
0873111375
0873111367
0873111334
0873111323
0873111287987
0873111167
0873111131
0873110667
0873110583
0873110353
0873110346
0873110208
0873110164
0873110075
087311
0873109shifaz
0873109694
0873109629
0873109477
0873109271
0873109265
0873108959
0873108860
0873108731
0873108451
0873108420
0873108193
0873108040
0873107991
0873107909waw
0873107746
0873107705
0873107703
0873107339
0873107240
0873107220
0873107196
0873107148
0873107031
0873106902
0873106810
0873106469
0873106416
0873106354
0873105449
0873105308
0873105224
0873105209
0873104781
0873104541
0873104178
0873104069
0873103959
0873103938
0873103859
0873103645
0873103226
0873102981
0873102732
0873102643
0873102475
0873102093
0873102007
0873101969
0873101411
0873101311
0873101182
0873101078
0873100758
0873100629
0873100521
0873100453
0873100265
0873100113
08731
0873099949
0873099709
0873099544
0873099220
0873099031
0873098523
0873098437
0873098420
0873098411
0873098380
0873098350
0873098093
0873097851
0873097679
0873097259
0873097010
0873096890
0873096828
0873096684
0873096680
0873096407
0873096266
0873095831
0873095683
0873095501
0873095250
0873095109
0873095099
0873094956
0873094940
087309491853
0873094579
0873094240
0873094098
0873094063
0873094034
0873093831
087309375212345
0873093241
0873093229
0873093101
0873093035
0873092546
0873092457
0873092344
0873092187
0873092099
0873091867
0873091636
0873091559
0873091540
0873091184
087309106
0873090796
0873090466
0873090037
087309
0873089959
0873089802
0873089800
0873089420
0873089305
0873089033
0873089003
0873088670
0873088566
0873088293546186
0873088208
0873088178
0873088057
0873087975
0873087810
0873087736
0873087640
08730873
0873087172
0873086356
0873085886
0873085872
0873085657
0873085411
0873085405
0873085103
0873084966
0873084933
0873084561
0873084554
0873084534
0873084346048224318
0873084311
0873083749
0873083559
0873083367
0873082807
0873082444
0873082373
0873082301
0873082050
0873082047
0873081883
0873081337
0873081260
0873081145
08730811259
0873080984
0873080766
0873080245chinjing
0873080239
0873080182
0873079398
0873079211
0873079032
0873078931
0873078907
0873078852
0873078846
0873078813
0873078773
0873078661
0873078511
0873078405
0873078382
0873077735
0873077708
0873077676
0873077460
0873077208
0873077159
0873077085
0873076964
0873076927
0873076924
0873076801
0873076784
0873076739
0873076678
0873076231
08730760190
0873075925
0873075918
0873075123
0873075114
0873075088
0873075026
0873074786
0873074537
0873074427
0873074064
0873073484
0873073305
0873073272
0873073173
0873072962
0873072784
0873072772
0873072664
0873072614
0873072171
0873071533
0873071419
0873071330
0873071246
0873071121
0873071002
0873070993
0873070823
0873070781
0873070722
0873070344
0873070267
087307
0873069862
0873069701
0873068906
0873068099
0873068054
0873067955
0873067690
0873067670
0873067592
0873067237
0873067213
0873067188
0873067151
0873066937
0873066434
0873066164
0873065899
0873065889
0873065770
0873065675
0873065165
0873064939
0873064933
0873064858
0873064726
0873064602
0873064510
0873063874
0873063587
0873063521
0873062766
0873062580
0873062427
0873062217
0873061990
0873061988
08730618660875715753
0873061686
0873061674
0873061276
0873061274
0873061074
0873060858
0873060637
0873059415
0873059061
0873058911
0873058642309
0873057751
0873057317
0873057057
0873056505
0873056396
0873054534
0873054533
0873054418
0873054412
0873054237
0873053980anna
0873053799
0873053475
0873053235
0873053174
0873052807
0873052292
0873051862_ooy
0873051861
0873051775
0873051516
0873051500
0873051246
0873051169ize
0873051169
0873050661
0873050354
0873050315
0873049924
0873049896
0873049753
0873049709
0873049664
0873049659
0873049643
0873049467
0873049326
0873049219
0873049171
0873049060
0873049042
0873049007
0873048982
0873048922
0873048802
0873048801
0873048702
0873048342
0873048294
0873048285
0873048284
0873048238
0873048044
0873048032
0873048012
0873047902
0873047868
0873047858
0873047854
0873047853
0873047848
0873047809
0873047693
0873047660
0873047580
0873047564
0873047480
0873047467
0873047036
0873047004
0873046993
0873046981
0873046946
0873046945+087304694
0873046913
0873046816
0873046813
0873046791
0873046742
08730465133156403780
0873046406
0873046248
0873046244
087304623
0873046120
0873046036
0873045979
0873045962
0873045940
0873045563
0873045292
0873045247
0873044795
0873044644
0873044395
0873044128
0873044026
0873043921
0873043896
0873043801
0873043670
0873043439ohm
0873043348
0873043270
0873043099
0873042993
0873042843
0873042779
0873042729
0873042684
0873042682
0873042638
0873042637
0873042478
0873042401
0873042400
0873042269
0873042180
0873042179
0873042144
0873042086
0873042084
0873042073
0873042051
0873042042
0873042007
0873041982
0873041956
0873041927
0873041824
0873041782
0873041713
0873041655
0873041516
0873041503
0873041380
0873041280
0873041275
0873041179
0873041145
0873040992
0873040859
0873040757
0873040611
0873040171
0873040060
0873039908
0873039861
0873039774
0873039747
0873039738
0873039649
0873039572
0873039548
0873039145
0873038982
0873038952
0873038948
0873038916
0873038613
0873038556
0873038524
0873038321999
0873038321
0873038163
0873038030
0873037919
0873037890
08730378801
0873037783
0873037782
0873037642
0873037375aun
0873037286
0873037211
0873037188
0873037075
0873036949
0873036939
0873036931
0873036848
0873036595
0873036494
0873036320
0873036279
0873036174
0873036162
0873036073
0873036038
0873035987
0873035974
0873035950
0873035940
0873035916
0873035821
0873035750
0873035473
0873035472
0873035460
0873035398
0873035375
0873035322
0873035290
0873035289
0873035269
0873035262
0873035256
0873035255
0873035228
0873035216
0873035048
0873034716
0873034616
0873034588
0873034563
0873034490
0873034468
0873034463
0873034349
0873034215
0873034157
087303401612300
0873033900
0873033779
0873033615
087303360910
0873033601
0873033585
0873033390
087303325
0873033087
0873033070
0873032970
0873032802
0873032547
0873032546
0873032543
0873032521
0873032513
0873032435
0873032414
0873032349
0873032230
0873032202
0873032087
0873032015
0873032010
0873031915
0873031645za
0873031618
0873031588
0873031485
0873031484
0873031235
0873031055
0873031054
0873031049
0873030609
0873030477
0873030469
0873030200
0873030185
0873030027
0873029895
0873029829
0873029678
0873029615
0873029484
0873029299
0873028994
0873028894
0873028671
0873028198
0873027656
0873027600
0873027537
0873027180
0873026625
0873026621
0873026311
0873026279
0873025542
0873025530
087302551
0873025442
0873025411
0873025203
0873024870
0873024839
0873024458
087302429
0873024091
0873024037
0873023693
0873023478
0873023423
0873023013
0873022618
0873022616
0873022524
0873022314
0873022234
0873021645
0873021575
0873021400
0873021195
0873020589
0873020515
0873020313
0873019873
0873019863
0873019812
0873019537
0873019525
0873019087
0873018830
0873018679
0873018618
0873018565
0873018464
0873018437
0873018287
0873018041
0873017594
0873017517
0873017496
0873017489
0873017316
0873016915
0873016729
0873016091
0873015981
0873015496
0873015278
0873015227
0873015219
0873015153
0873014833
0873014699
0873014377
0873014251
0873013960
0873013900
0873013858
0873013645
0873013326
0873013016
0873012838
0873012728
0873012710
0873012403
0873011986
0873011903
0873011675
0873011429
0873011280
0873011276
0873011030
0873011
0873010879
0873010833
0873010587
0873010501
0873010213
0873010188
0873010118
0873010108
087301
0873009872
0873009287
0873009279
0873009187
0873009100
0873009035
0873009032
0873008943
0873008789
0873008494
0873008440
0873008402
0873008071
0873007958
0873007914
0873007677
0873007665
0873007661
0873007249
0873007217
0873007207
0873007151
0873007084
0873006675
0873006670
0873006476
0873006195
0873005693
0873005625
0873005621
0873005480
0873005378
0873005041
0873004997
0873004966
0873004844
087300422912345
08730042291234
0873004194
0873004088
0873004060
0873004056
0873003907
0873003884
0873003879
0873003802
0873003374
0873003369
0873003306
0873003140
0873002585
0873002565
0873002460
0873002182
0873002107
0873001527
0873001402
0873001256
0873001025
0873000881
0873000760
0873000701
0873000647
0873000642
0873000596
0873000528
0873000430318
0873000393
0873000360
0873000330
0872vatosLOCOS
0872vatorapero-.
0872ty
0872qzoah
0872angel
0872999687
0872999608
0872999462
0872999450
0872999123
0872998826
0872998789
0872998345
0872998309
0872997844
0872997595
0872997466
0872997135
0872996839
0872995549
0872995140
0872995093
0872994869
0872994637
0872994516
0872994478
087299433
0872994157
0872993343
0872993146
0872992895
0872992690Dagmara
0872992553
0872992217
0872992209
0872992076
0872991691
0872991683
0872991460
0872991450
0872991323*me
0872991273
0872991201
0872991135
0872991121
0872991052
0872990632
0872990318
087299
0872989842
0872989118
08729890872
0872988785
0872988752
0872988089
0872987983
0872987800
0872987518
08729871888
0872987105
08729870440
0872986995
0872986983
0872986973
0872986590
0872986029
0872986001
0872985996
0872985609
0872985204
0872984961
0872984869
0872984747
0872984598
0872984473
0872983414
0872983395
0872983353
0872983054
0872982909
0872981445
0872981404
0872981401
0872980923
0872980560
0872980248
0872980155
0872979738
0872979438
0872979294
0872978928
0872978905
0872978607
0872978546
0872978357
0872978227
0872978138
0872977738
0872977256
0872976905
0872976756
0872976640
0872976583
0872976554
087297637
0872976276
0872975909
0872975831
0872975747
0872975649
0872975468
0872975425
0872975387
0872975093
0872975074
0872974616
0872974299
0872974208
0872974115
0872973890
0872973767
0872973721
0872972984
0872972660
0872972304
0872971773
0872971629
0872971494
0872971123
0872971070
0872971031
0872970494
0872970482
0872970190
0872970100
0872969685
0872969566
0872969447
0872969329
0872968708
0872968641
0872968394
0872968194
0872967660
0872966561
0872966363
0872966248
0872966123
0872966008
0872965993
0872965379
0872965185
0872965023
0872964834
0872964808
0872964649
0872964561
0872964475
0872963994
0872963794
0872963230
0872962451
0872962435
0872962430
0872962351
0872962181
0872962104
0872961644
0872961619
0872961323
0872961312
0872961120
0872961109
0872961076
0872960239
0872960172
0872960078
0872959703
0872959424
08729591455
0872958846
0872958265
0872958042
0872957567
0872957536
0872957375
0872957240
0872956807
0872956733
0872956556
0872956224
0872956015
0872955944
0872955568
0872955340
0872955327
0872955238
0872955224
0872954510
0872954472
08729542021115
0872954180
0872953657
0872953612
0872952570
0872952367
0872952362
0872952172
0872952-7
0872951998
0872951717
0872951679
0872951633
0872951631
0872951355
0872950973
0872950740
087295051555555
0872950417
0872950240
0872949457
0872949087
0872948650
0872948612
0872948581
0872948339
0872948258
0872947740
0872947428
0872946614
0872946448
0872946056
0872945830
0872945531
0872945471
0872945337
0872945185
0872945014
0872944262
0872944155
0872943980
0872943281
0872942961
0872941988
0872940992
0872940106
0872939717
0872939322
0872939235
0872939228
0872939219
0872939160
0872939121
0872939113
0872939040
0872939037
0872938153
0872937767
0872937627
0872937338
0872937293
0872936516
0872936145
0872935809
0872935612
0872935366
0872935267
0872935098
0872935069
0872934841
0872934063
0872933979
0872932283
0872931649
0872931554
0872931368
087293101
0872930914
0872930721
0872930085
0872930072
087293
0872929462
0872929428
0872929032
0872928348
0872928247
0872927787
0872927760
0872927457
0872926051
0872926035
0872925752
0872925429
0872924831
0872924136
0872924098
0872924066
0872923780
0872923566
0872922732
0872922528
0872921817
0872921443
08729212290
0872921195
0872920847
0872920795
0872920690
0872920602
0872920105
0872919819
0872919611
0872919512
0872919149
0872918873
0872918661
0872918656
0872918603
0872918203
0872917912
0872917475
0872917240
0872916921
0872916087
0872915825
0872915708
0872915682
0872915642
0872915482ok
0872915452
0872915441
0872915417
0872914941
0872914507
0872914036
0872913965
087291351
0872913352
0872912949
0872912834
0872912795
0872912429
0872912246
0872911731
0872911470189
0872911131
0872910455
0872910334
0872910045
0872909735
0872908807
0872908805
0872908502
0872907985
0872907980
0872907289
0872906627
0872905904
0872905778
0872905746
0872904969
0872903899
0872903891
0872903890
0872903826
0872903519
0872903326
08729029006
0872902190
0872901171
0872901088
0872900936
0872900875
08728ompja
0872899928
08728997398054
0872899131
0872898890
0872898864
0872898748
0872897829
0872897169
0872897042
0872897028
0872896828
0872896
0872894958
0872894700
0872894038
0872893833
0872893613
0872892893
0872892325
0872892
0872891692
0872891345
0872890494
0872890109
0872890085
0872890044
0872889658
0872889241
0872888709
0872888178
0872887915
0872887786
0872887707
0872887463
0872887332
0872886933
0872886348
0872886326
0872885960
0872885447m
0872885386
0872885193
0872885145
0872885143
0872884951
0872884883
0872884681
0872884388
0872884260
0872883889
0872883821
0872883395
0872882881
0872882650
0872882392
0872882321
0872881407
0872881399
0872881379
0872881307
0872881301
0872881207
0872880881
0872880108.
0872880097
0872879552
0872879548
0872879124
0872878970
08728788099
0872878439
0872878350
0872877087
0872876732
0872876719
0872876563
0872876087
0872875899
0872875828
0872875300
0872875057
0872874656
0872874514
0872874153
0872874043
0872874014
0872873818
0872873653
0872873206
0872873038
0872872853
0872872693
0872872518
0872871898
0872871800
0872871712
0872871515
0872871067
0872870948
0872870883
0872870827
0872870651
0872870527
0872869987
0872869732
0872869655
0872869361
0872868648
0872868402
0872868300
0872868268
0872868091
0872868085
0872867400
0872867181
0872865905123
0872865642
0872865529
0872865422
0872865188
0872864935
0872864842
0872864819
0872864635
0872864002
0872863889
0872862722
0872862673
0872862209
0872861959
0872861890
0872861763
0872861283
0872861077
0872860250
087286
0872859935
0872859450
0872859224
0872859214
0872859074
0872858707
087285793628
0872857839
0872857836
0872857137
0872856991
0872856582
0872856509
0872856401
0872856387
0872855531
0872855474
0872854350
0872854338
0872854293
0872854195
0872854118
0872854098
08728539
0872853526
0872852920
0872852831
0872852830
0872852478
0872852213
0872851645
0872851485
0872849858ta
0872849440
0872849329
0872849302
0872848845
0872848670
0872848387
0872847844
0872847656
0872847452
0872847387
0872847086
0872846542
0872846476
0872846291
0872846165
0872846090
0872845276
0872845184
0872844845
0872844799
0872844324
0872843328
0872843155
0872843
0872842178
08728420289
0872841536
0872841255
0872841068
0872839966
0872839896
0872838300
0872838210
0872838132
0872837544
0872837291
08728359
0872834869
0872834778
0872834720
0872834716