3
0859075122
0859075011
0859074988
0859074846
0859074766
0859074711
0859074210
0859074147
0859073945
0859073279
0859072631
0859072296
0859072286
0859072233
0859071654
0859071425
0859071278
0859071246
0859071210
0859070966
0859070740
0859070630
0859070479
0859070229
0859069835
0859069319
0859069205
0859069060
0859068834
0859068373
0859068340
0859068186
0859068080
0859067673
0859067623
0859067551
0859067330
0859066810
0859066785
0859066762moo
0859065871
0859065797
0859065426
0859064778
0859064331
0859064199
0859063830
0859063722
0859063706
0859063700
0859063438
0859063006
0859061786
0859061761
0859061366
0859061123
0859061121
08590608
0859059792
0859059689
0859059549
0859059511
0859059480
0859059410
0859059374
0859059004
0859058297
0859058104
0859057124
0859057065
0859057003
0859056641
0859056560$$$
0859056469
0859056186
0859056101
0859055709
0859055618
0859055014
0859054396
08590543711
0859054186
0859053950
0859053928
0859053810
0859053807
0859053696
0859053625
0859053567
0859053559
0859053187
0859053186
0859052956
0859052699
0859052313
0859052246
0859052107
0859052103
0859052040
0859051728
0859051646
08590515510
0859051511
0859051271
0859050897
0859050626
0859050484
0859050453
0859050405p
0859050396
0859050192
0859050094
085905
0859049802
0859048822
0859047679
0859047477
0859047287
0859047192
08590471529047152
0859047054
0859046754
0859046606
0859046506
0859046194
0859045858
0859044709
0859044610
0859044028
0859044015
0859043433
0859043379
0859043008
0859042866
0859042776
0859042300
08590419887
085904162
0859041593
0859041353
0859040947
0859040944
0859040942
0859040593
0859040507
0859040488
0859040180
0859039912
0859039342
0859038637
0859038510
0859038270
0859038030
0859037613
0859037543
0859037498
0859037325
0859037272
0859037104
0859036896
0859036449
0859036423
0859036292
0859035820
0859035735
0859035728
0859035358
0859034946
0859034843
0859034819
0859034788
0859034761
0859034435
0859034081
0859033563
0859033026
0859032866
0859032330
0859031753
085903150
0859031018
0859030700
0859030669
0859030410
0859030374
0859030357
0859029795
0859029681
0859029553
0859029280
0859029110
0859029055
0859029005
0859028867
0859028856
0859028249
0859027675
0859026762
08590266760842181769
0859026212
0859025995
0859025810
0859025524
0859025383
0859025339
0859025088
0859024596
0859024229
0859024210
0859024065
0859023589
0859023209
0859022975
0859022892
0859022813
0859022276
0859022251
0859022164
0859022011
0859020733
0859020552
0859020348
0859020208
085902004
0859019510
0859019474
0859019249
0859018922
0859017923
0859017492
0859017482
0859016287
0859016090
0859015784
0859015739
0859015569
0859015146
0859014945
0859014903
0859014142
0859014072
0859013820
0859013694
0859012538
0859012524
0859012429
0859012354
0859012122
0859012119
0859011977
0859011740
0859011686
0859011563
0859011511
0859011382
0859011252
0859011188
0859011062
0859011020
0859010663
0859010651
0859010457
0859010157
0859010086
085901
0859009836
0859009718
0859009645
0859009541
0859009210
0859009092
0859009029
0859008963
0859008888
0859008679
0859008531
0859008082
0859007987
0859007775
0859007707
0859007679
0859007367
0859007196
0859006087
0859006004
0859005998
0859005920ae
0859005855
0859005527
0859005427
08590053941
0859005195
0859005011
0859004975
0859004969
0859004688
0859004633
0859004486
0859004382
0859003977
0859003476
0859003410
0859003057
0859003010
0859002887
0859002657
0859002079
0859001715
0859001576
0859001554
0859001495
0859001477
0859000775
0859000701
0859000429
0859000317
0859000048
085900
08590-A
08590
0859.73615
0858tltoyota
0858ccimf
0858alejandro
08589rye4e
085899THQ
085899N
0858999990
0858999765
0858999538
0858999151
0858999085
0858999050
0858998931
0858998512075310308
0858998395
0858998267
08589982630858998263
0858998091
0858997549
0858997542
0858997292
0858997134
0858997052
0858996970
0858996931
0858996310j
0858996066
0858996065
0858995906
0858995827
0858995743
0858995730
0858995524
0858995404
0858995012
0858994729
0858994521
0858994460
0858994327
0858993970
0858993935
0858993764
0858993521
0858993192
0858993027
0858993019
0858992954
0858992672
0858992408
0858992389
0858991684
08589916701
0858991523
0858991503
0858991362
0858991325
0858991179
085899108
0858990862
0858990462
0858990395
0858990235
0858989809
0858989728
0858989617
0858989609
0858989302
0858989213
0858988797
0858988641
0858988298
0858988130
0858988088
0858988002
0858987730
0858987587
0858987545
0858987518
0858987436
0858987403
0858987331
0858987059
0858986786
0858986029
0858985965
0858985948
0858985524
0858984847a
0858984564
0858984515
0858984320
0858984274
0858984266
0858984211
0858983988
0858983972
0858983955
0858983775
0858983360za
0858983183
0858982868
0858982582
0858982511
0858982343
0858981195
0858980805
0858980452
085898
0858979471
0858979426
0858979362
0858979239
0858978717
0858978647
0858978509
0858978499
0858977839
0858977532
0858977508
0858977046
0858977
08589766020858976602
0858976502
0858975896
0858975776
0858975540
0858974858
0858974710
0858974594
0858973910
0858973572
0858973461
0858973119
0858973034
0858972975
0858972895
0858972804
0858972656
0858972633pia
0858972579
0858971886
0858971612
0858971508
0858971504
0858970539
085897
0858969827
0858969217
0858968348
085896816
0858968127
0858967951
0858967729
0858967509
0858967203
0858967175
0858967035
0858967027
0858966989
08589669143
0858966751
0858966594
0858966409
0858966272**b
0858965940
0858965822
0858965525
0858965314
0858965026
0858964937
0858964562
0858964296
0858964085
0858963921
0858963766
0858963739
0858963616
0858963607
0858963449
0858963210555
0858962935
0858962907
0858962661
0858962385
0858962158
0858962123
0858961994
0858961862
0858961693
0858961606
0858961550
0858961442
0858961322
0858960911
0858960845
0858960786
0858960704
0858960696
0858960665
0858960605
0858960351
0858960297
0858960019
08589595.0
0858959387
0858959284
0858958990
0858958976
0858958462
0858958398
0858957918
0858957845
0858957724
0858956696
0858956613
0858956010
0858955472
0858955425
0858955348
0858955176
0858954768
0858954415
0858954360
0858954298
0858954064
0858953909
0858953753
0858953644
0858953576
0858953402
0858953330
0858953102
0858952893
0858952859
0858952813
0858952727
0858952604
0858952564
0858952272
0858952065
0858951944
0858951897
0858951878
0858951584
0858951564
0858951530
0858951436
0858951348
0858951200
0858951192
0858950629
0858950607
0858950411
0858950377
0858950223
0858950142
0858950012
085895
0858949769
0858949542
0858949459
0858949197
0858948885
0858948609
0858947731
0858947614
0858947274
0858946638
0858945978
0858945803
0858945776
0858945693
0858945272
0858945174
0858944698
0858944619
085894448
0858944308
0858944003
0858943373
0858943339
0858943270
0858943172
0858942614bell
0858942499
0858942118
0858941748
0858941263
0858940413
0858940319
0858940224
085894
0858939826
0858939774
0858939767
0858939685
0858939653
0858939567
085893951
0858938809
0858938505
0858938373
0858938119
0858938058
0858937968
085893777
0858937175
0858936974
0858936234
0858936052
0858935849
0858935457
0858934923
0858934635
0858934383
0858934069
0858934056
0858933816
0858933215
0858932890
0858932864
0858932673
0858932252
0858932176
0858932043
0858931781
0858931513
0858931413
0858931247
0858930991
0858930901
08589298k
0858929739
0858929582
0858929454
0858929364
0858929310
0858929301
0858929274
0858929210
0858929195
0858928843
0858928453
0858927974
0858927909
0858927833
0858927693
0858927507
0858927101
0858926704
0858926700
0858926638
0858926496
0858925874
0858925100
0858925040
0858923778
0858923725
0858923243
0858923181
0858922819
0858922796
0858922713
0858922595
0858922578
0858922487
0858922485
0858922424
0858921760
0858921607
0858921558
0858921443
0858921290
0858920471
085892
0858919459
0858919167
0858919103
0858918915
0858918638
0858918192
0858918186
0858918090
0858917974
0858917942
0858917710
0858917660
0858917332
0858917300
0858916593
085891643
0858916164
0858916141
0858915423
0858915326
0858914769
0858914674
0858913805
0858913747
0858913529
0858913055
0858912858
0858912763
0858912665
0858912655
0858912609
0858912526
0858911440
0858911291
0858911038
0858911022
0858910774
0858910754
0858910714
0858910641
0858910420
0858910386
085891005
0858909945
0858909525
0858909495
0858909291
0858909086
0858908856
0858908739
0858908692
0858908485
0858908193
0858908188
0858908145
0858908105
0858907918
0858907627
0858907564
0858907307
0858907129
0858906903
0858906604
0858906476
0858906366
0858906068
0858905895
0858905382
0858905308
0858904823
0858904701
0858904026
0858903544
085890309
0858902939
0858902596
0858901918
0858901678
0858901348
0858901244
0858901207
0858901074
0858900429
0858900216
0858900212
0858900160
08589
0858899787
0858899697
0858899228
0858899190
0858899078
0858898899
0858898875
0858898814
0858898658
0858898379
0858898355
0858898089
0858898048
0858897981
0858897948
0858897922
0858897902
085889786
0858897454
0858897373
0858897178
0858896750
0858896701
0858896677
0858896653
0858896581
0858896375
0858896328
0858896294
085889560
0858895238
0858894491
0858894438
0858894406
0858894058
0858893888
0858893451
0858893411
0858892662
0858892644
0858892540
0858892505
0858891828
0858891481
0858891356
0858890877
0858890809
0858890706
0858890034
0858889906
0858889863
0858889753
0858889670
0858889534
0858889338
0858889188
0858889174
0858888984
0858888919
0858888725
0858888703
085888820793110
0858888186
0858888026
0858887682
0858887544
0858887312
0858887197
0858886940
0858886796
0858886619
0858886598
0858886279
085888626
0858886037
0858885689
0858885161
085888409
0858883188
0858882877
0858882837
0858882796
0858882655
0858882355
0858882126
0858881689
0858881605
0858881462
0858881006
0858880892
0858880881
0858880777898
0858880750
0858880528
0858880393
0858880380
0858880155
0858880144
0858880054
0858879909
0858879512
0858879330
0858878989
0858878982
0858878883
0858878820
0858878771
0858878191
0858878189
0858878100
0858878012
0858877804
0858877541
0858877469
0858877370
0858876952
0858876898
0858876864
0858876663
0858876292
0858875699
0858875600
0858875598
0858875445
0858875401
0858875279
0858875002
0858874818
0858874526
0858874356
0858874200
0858874186
0858874106
0858873687
0858873586
0858873492
0858873310300632
0858873307
0858873062
0858873015
0858872826
0858872721
0858872523
0858872478
0858872458
0858872450
0858872393
0858872374
0858872324
0858872229
0858872098
0858871794
0858871724
0858871511123
0858871213
0858871151
0858871088
0858870967
0858870630
0858870579
0858870578
0858870223
0858870214
0858870094
0858869607
0858869598
0858869553
0858869465
0858869241
0858869179
085886900837
0858868843
0858868597
0858868519
0858868167
0858868034
0858867949
0858867810
0858866989
0858866949
0858866925
0858866892
0858866890
0858865572
0858865139
0858865034
0858864985
0858864863
0858864776
0858864563
0858864484
0858863884
0858863331
0858862911
0858862778
0858862764
0858862249
0858862154
0858861564
0858861479
0858861309
0858861288
0858860702
0858860422
0858860364
0858860063
0858860036
0858860031star
0858859843
0858859770
0858859434
085885920311
0858858785
0858858747
0858858671
085885864251
0858858605
0858858510
0858858378
0858858308
0858858201
085885818645
0858858097
0858857956
0858857754
0858857685
0858857673
0858857664
0858857656
0858857341
0858857317
0858857185
0858856978
0858856591
0858856572
0858855930
0858855295
0858855253
0858855039
0858854946
0858854914
0858854858
0858854700
0858854647
0858854609
0858854430
0858854418
0858853949
0858853540
0858853451
085885340160
0858853295
0858852550
085885239655
0858852335
08588522333
0858852077
0858851923
0858851913
0858851866
0858851668
0858851623
0858851602
0858851600
0858851273
0858851164
0858850257
0858850100
0858850090
0858850082
0858850066
0858849987
0858849904
0858849885
0858849851
0858849834
0858849596
0858849374
0858849276
0858849216
0858849091
0858848894
0858848765933744
0858848664
085884857607
0858848471
0858848300
0858848263
0858847658
0858847334
0858847186
0858846269
0858845744
0858845717
0858845642
0858845546
0858845455
0858844940
0858844885
0858844448
0858844256
0858844046
0858843943
0858843891
0858843883
0858843826
0858843142
0858842359
0858842269
0858842224
0858842209
0858842201
0858840821
0858840194
0858840042
0858840020
0858839186
0858838983
0858838887
0858838634
0858838518
0858838505
0858838411
0858838382
0858838349
0858838210
0858838165
0858837871
0858837867
0858837572
0858837152
0858836819
0858836639
0858836202
0858836164
0858836044
0858835899
0858835682
0858835608
0858835537
0858835393
0858834982
0858834849
0858834594
0858833837
0858833706
0858833550
0858833290
0858833225
0858833199
0858832889
0858832848
0858832239
0858831617
0858831412
0858831076
0858830553
0858830286
0858829985
0858829688
0858829598
0858829417
0858829010
0858828993
0858828646
0858828468
0858828287
0858828232
0858828186
0858827810
0858827676
0858827417
0858827337
0858826782
0858826446
0858826169
0858826015
0858825910
0858825722
0858825519
0858825354
0858825163
0858825022
0858825001
0858824730
0858824392
0858824294
0858823923
0858823789
0858823556
0858823553
0858823537
0858823426
0858823374
0858823211
0858823200
0858823113
0858822757
0858822749
0858822520
0858822428
0858822364
0858822026
0858821983
0858821834
0858821617
0858821261
0858821037
0858821005
0858820979
0858820726
0858820693
0858820467
0858820423
0858820229
0858819755
08588197389
0858819498
0858819169
0858818944
0858818904
0858818706
0858818705
0858818696
0858818501
0858818284
0858817954
0858817687
0858817651
0858817247
0858817118
0858817100
0858817081
0858816702
0858815179
0858815116
0858815086
0858815035
0858814693
0858814156
0858814127
0858813918
0858813698
0858813697
0858813482
0858813362
0858813347
0858813207
0858812995
0858812938
0858812827
08588127995
0858812797
0858812735
0858812669
0858812645
0858812612
0858812316
0858812291
0858812237
0858811908
0858811862
0858811684
0858811612
0858811605
0858811409
0858811291
0858811217
0858810983
0858810738
0858810668
0858810579
0858810526
0858810443
0858810267
0858810241
0858810031
0858809918
0858809911
0858809824
0858809484
0858809154
08588090664910214
0858808992
0858808911
0858808835
0858808607
0858808461
0858808360
0858808323
0858808039
085880802645
0858808011
0858807801
0858807761
0858807395
0858807175
085880627769
0858806277
0858806261
0858806101
085880584474
0858805550
0858804639
0858804577
085880433846
0858804292
0858804212
0858804075
085880388
085880387914
0858803556
0858803380
0858803375
0858803207
0858802750
0858802234
0858801854
0858801677
0858801156
0858800953
0858800616
0858800574
0858800323
0858800206
0858800193
0858799929
0858799341
0858799175
0858798861
0858798775
0858798753
0858798444
0858798374
0858798319
0858797911
0858797901
0858797475
0858797471
0858797245
0858797168
0858796678
0858796637
0858796396
0858796368
0858795990
0858795733
0858795282
0858795192
0858795050
0858794880
0858794502
0858794410
0858793812
0858793724
0858793510
0858793223
0858792740
0858792681
0858792192
0858792094i
0858791727
0858791402
0858790800
0858790418
0858790406
0858790322
0858790238
0858790198
0858789962
085878992352
0858789853
085878966446
0858789654
0858789578
0858789387
0858789350
0858789100
085878910
0858789007
0858788063
0858788040
0858787853
0858787720
0858787694
0858787448
085878744
0858787123
08587870557
0858786928
0858786900
0858786832
0858785652
0858785239
0858785129
0858784964
0858784835
0858784754
0858784684
0858783753
08587835362846
0858783353
0858783332za
0858783135
085878304
0858782971
0858782878
0858782268
0858781876
0858781807
0858781619
0858781246
0858780981
0858780979
0858780955
0858780715
0858780529
0858780514
0858780261
0858780155
08587800801227
085878
0858779857
0858779801
0858779774
0858779135
0858779013
0858779
0858778969
0858778915
0858778894
0858778502
0858777990
0858777827
0858777617
0858777330
0858777206
0858777135
0858777028
0858777025
0858776995
0858776928
0858776836
0858776819
0858776696
0858776306
0858776248
0858776154
0858776090
0858776079
0858775950
0858775876
0858775822
0858775738
0858775479
0858775427
0858775321
0858775101
0858774989
0858774959
0858774884
0858774713
0858774621
0858774161
0858773897
0858773610
0858773452
0858773217
0858773114
0858771585
085877145
0858771366
0858771353
0858771289
0858771013
0858770767
0858770482
0858770396
0858770247
0858770052
0858770047
0858769744
0858769733
0858769240
0858769212
0858769155
0858768855
0858768788
0858768736
0858768579
0858768292
0858768026
0858768013
0858767970
0858767758
0858767592
0858767053
0858766430
0858766390
0858765938
0858765878
0858765482
085876535
0858765296
0858765284
0858765128
0858764655
0858764606
0858764164
0858764148
08587641094
0858764048
0858763913OIL
0858763143
0858763070
0858762932
0858762669
0858762563
0858762339
0858762296
0858761276
0858761063
0858760251
0858760224
0858760020
0858759918
0858759500
0858759407
0858759364
0858758873
0858758646
0858758622
0858758605
0858758491
0858758430
0858758375
0858758371
0858758284
0858758179
0858758161
0858758034
0858757801
0858757800
0858757462
0858757127
0858757022
0858756926
0858756769
0858756752
0858756612
0858756487
0858756280
0858756142
0858756106
0858754992
0858754742
0858754512
0858754014
0858753960
0858753492
0858753192
0858752744
0858752494
0858752492
0858752364
0858751949
0858751775
0858751617
0858751485
0858750727
0858750557
0858750492
0858750400
0858750370
0858750337
0858750313
0858750154
0858750084
0858749959
0858749691
0858749525
0858749365
0858749245
0858749030
0858748845
0858747875
085874787
0858747603
0858747585
0858747513
0858747325
0858747314
0858747227
0858747171
0858747043
0858746110
0858745734
0858745568
0858745557
0858744981
0858744702
0858744604
0858743698
0858743478
0858743056
0858742785
0858742678
0858742545
0858742396
0858742284
08587421322
0858741957
0858741931
0858741896
0858741823
0858741805
0858741205
0858741063
0858740921
0858740758
0858740671june
0858740390
0858740126
0858740073
0858739804
0858739649
0858739603
0858738825
0858738678
0858738607
0858738385
0858737520
0858737370
0858737346
0858736646
0858736534
0858736476
085873645
0858736384
0858736297
0858736191
0858736061
0858735774
0858735610
0858735362
0858735110
0858734819
0858734404
0858734394
0858734316
0858734284
0858734019
0858733947
0858733913
0858733875
0858733834
0858733781
0858733712
0858733442
0858732871
0858732454
0858732242
0858731773
0858731427
0858731264
0858730632
0858730570
0858730452
0858730171
0858730043
0858729895
0858729705
0858729686
0858729681
0858729415
0858729121
0858729100
0858729019
0858728899
0858728584
0858727964
0858727785
0858727454
0858727378
0858727267
0858727075
0858727065
0858726978
0858726817
0858726667
0858726558
0858726272
0858725216
0858724825
0858724602
0858724243
0858723645
0858723546
0858722754
0858722491
0858719940
0858719765
0858719652
0858719557
0858719348
0858719289
0858719264
0858719062
0858718849
0858718614
085871832
0858718319
0858718199
0858718188
0858718
0858717903
0858717899
0858717868
0858717526
0858716340
0858716313
0858716238
0858715938
0858715836
0858715303
0858715277
0858714508
0858713940
0858713860
0858713836
0858713450
0858713401
0858713348
0858713320
0858713292
0858712438
0858711789
0858711723
0858711397
0858711294
0858710593
0858710369
0858710354
0858710047
0858709919
0858709854
0858709846
0858709779
0858709759
0858709670
0858709404
0858709290
0858708919
0858708577rsv
0858708535
085870844
0858708355
0858708340
0858707905
0858707641
0858707494
0858707468
0858707239
0858707232
085870709
0858707051
0858707016
0858706494
0858706424
0858706326
0858706216
0858706200
0858706189
0858705087
0858705064nimna
0858704942
0858704492
0858704273
0858704272
0858703894
0858703874
0858703364
0858703230
0858702823
0858702652
0858702241
0858702003
0858701917
0858701838
0858701390
0858701051
0858700965
0858700938
0858700875
0858700819
0858700719
0858700595
0858700536
0858700514
0858700380
0858699807
0858699478
0858699446
0858699445
0858699007
0858698950
0858698501
0858698452
0858698160
0858698107
0858698072
0858697878
0858697604
0858697083
0858697032
0858696908
0858696892
0858696745
0858696435
0858696378
0858696307
0858696245
0858695849
0858695734
0858693961
0858693567
0858693507
0858693460
0858693448
0858693416
0858693410
0858693353
0858693304
0858693114
0858693050
0858692787
0858692752
0858692634
0858692582
0858692486
0858692358
0858692302
0858692225
0858691334
0858691158
0858691146
0858691125
0858690772
0858690699
0858690211
08586898604298
0858689859
0858689040
0858688639
0858688619
0858688616
0858688139
0858688
0858687994
0858687980
0858687955
0858687660
0858687642
0858687176
0858687028
0858686846
0858686844
0858686742
085868673106
0858686081
0858685880
0858685589
0858685317
0858685311
0858685213
0858685022
0858684679
0858684237
0858683855
0858683707
0858683641
0858683595
0858683233
085868275732
085868273794
0858682726
0858682518
0858682360
0858682336
0858682213
0858682098
0858681944
0858681778
0858681775
0858681774
0858681589
0858681582
0858681527
0858681268
0858681222
0858681082
0858681076
0858680976
0858680871
0858680810
0858680669
085868059312
0858680564
0858680559
0858680421
0858680230
0858680205
0858680024
0858679990
0858679545
0858679332
0858679303*
0858679107
08586784671
0858678428
0858678203
0858678198
0858677318
085867625
0858675964
0858675782
0858675759
0858675446
0858675349
0858675301
0858675194
0858674923
0858674915
0858674842
0858674571
0858674430
0858674080
0858673870
0858673727
0858673509
0858673428
0858672685
085867243978
0858672005
0858671990
0858671762
0858671752
0858671749
0858671686
0858671506
0858671446
0858671439
0858671368
0858671069
0858670876
0858670704
085867063180
0858670126
0858669919
0858669291
0858669055
0858668994
0858668979
0858668922
0858668835
0858668599
0858668467
0858668142
0858668057
0858667702
0858667602
0858667515
0858667294
0858667290
0858666695
085866660
08586664361
0858666360
0858666311123
0858666224
0858666191
0858666163
0858666101
0858666049
0858665960
0858665870
0858665787
0858665784
0858665717
0858665696
0858665596
0858665376
0858665333
0858665320
0858664982
0858664933
0858664928
0858664597
0858664559
0858664535
0858664271
0858664152
085866401951
0858664015
0858664010
0858663907
0858663877
0858663714
0858663561
0858663511
085866331
0858663262010533
0858663080
0858662761
0858662686
0858662494
0858662376
0858662327
0858662143
0858661994
0858661842
0858661595
0858661564
0858661157
0858660712
0858660590
0858660502
0858660284
0858660105
0858659845
0858659838
0858659832
0858659807
0858659779
0858659526
0858659482
08586593652
0858659068
0858658952
0858658813
0858658772
0858658511
0858658481
0858658262
08586582466
0858658022
0858657951
0858657887
0858657730
0858657288
0858657269
0858657180
0858656975
0858656967
0858656894
0858656551
0858656530
0858656481
0858656337
0858656301
0858656283
0858656151
0858655956
0858655863
0858655763
0858655117
0858655095
0858654712
0858654692
0858654629
0858654565
0858654407
0858654328
0858654289
0858654200
0858654186
0858654182++
0858653495
0858653350
0858653236
0858653145
0858653008
0858652927
0858652917
0858652900
0858652817
0858652801
0858652704
0858652555
0858652287
0858652253
0858652189
0858651687
0858651494
0858651461
0858651326
0858651278
085865123976
0858651234
0858651088
0858651074
0858651063
0858650974
0858650761
0858650326
0858650280
0858650074
0858650008
0858649899
0858649871
0858649579
0858649319
0858649127
0858648891
0858648806
0858648650
0858648634
0858648613
08586485754
0858648421
0858648308
0858648254
0858648251
0858648141
0858647564
0858647545
0858647537
0858647428
0858647276
0858647207
0858646253
0858645764
0858645002
0858644967
0858644746
0858644124
0858643923
0858643900
0858643813
0858643812
0858643742
0858643681
0858643457
0858643369
0858642448
0858642416
0858642383
0858642152
0858642072
0858642029
0858642017
0858641697
0858641691
0858641661
0858641287
0858640466
0858640235
0858640123
0858640094
085864006200
08586400
085864
0858639662
0858639560
0858639493
0858639469
0858639332
0858639263
0858639262
0858639103
0858638832
0858638819
0858638784
0858638750
0858638689
0858638540
0858638392
0858637936
0858637547
0858637416
0858637403
0858637340
0858636973
0858636971
0858636945
0858636876
0858636534
0858636404
0858636279
0858636017
0858635957999
0858635839
0858635715
0858635425
0858635309*
0858635179
0858634800
0858634686
0858634568
0858634473
0858634190
0858633781
0858633236
0858633225
0858633096
0858633093
0858632912
0858632905
0858632772
0858632765
0858632680
0858632271
0858632046
0858632007
0858631991
0858631904
0858631722
0858631696
0858631596
0858631291
0858631241
0858630696
0858630635nid
0858630434
0858630386
0858630213
0858629912
0858629550
0858629524
0858629485
0858629071
0858628755
0858628267
0858628150
0858627770
0858627746
0858627320
0858627035
0858627006
0858626540
085862649540
0858626455
0858626393
0858626285
0858626106
0858626033
0858625548
0858625481
0858625371
0858625076
0858625039
0858625030
0858624986
0858624848
0858624793
0858624684
0858624414
0858624230
0858624100
0858624052
0858623973
0858623953
0858623928
0858623463
0858623320mo
0858623306
0858623127
0858622975
0858622691
0858622635
0858622463
0858622454
0858622420
085862191
0858621657
0858621445
0858621322
0858620514
08586