2
0869897928
0869897242
0869897013
0869896978
0869896160
0869896055
0869895866
0869895381
0869894620
0869894596
0869894547
0869894447
0869894418
0869894299
0869894132
0869894077
0869893406
0869892919
0869892853
0869892585
0869892534
0869892230
0869892081
0869891286
0869891094
0869890823
0869890628
0869890487
0869890214
0869889710
0869889666joe
0869888706
0869888220
0869888133
0869888047
0869887370
0869887278
0869887044
0869886996
0869886911
0869886848
0869885843
0869885725
0869885615
0869884195
0869884190
0869884104
0869884
0869883901
0869883754
0869883633
0869883136
0869882429
0869882364
0869882290
0869881703
0869881513
0869881459
0869881281
0869881201
0869881171
0869880858
0869880475
0869880126
0869880062
0869879818
0869879369
0869878909
0869878814
0869878688
0869878637
0869878530
0869878446
0869878010
0869877980
0869877747
0869877722
0869877288
0869877208
0869876969
0869876938
0869876934
0869876208
0869876151
0869876125
086987602088
0869875547440301
0869875348
0869875261
0869875236
0869875125
0869874594
08698743998
0869874306
0869874204
0869874095
0869874010
0869873478
0869873429
0869873371
0869873232
0869872986
086987253
0869872400
0869871902
0869871862
0869871443
0869871316
0869871293
0869871275
0869871246
0869870725
0869870704
0869870688
0869870434
0869870068
0869869860
0869869597
08698691062
0869868819
0869868004
0869867591
0869867517
0869867445
0869867298
0869866649
0869866602
0869866414
0869865961
0869865958
0869865939
0869865515
0869864956
0869864188
0869864166
0869864164
0869864049
0869863806
0869863682
0869863442
0869863342
0869862724
0869861983
0869861158
0869860864
0869860765
0869860687
0869860626
0869860610
0869860325
0869860252
0869860208
0869860068
0869860022
086986
0869859957
0869859949
0869859923
0869859444
0869858644
0869858469
0869857672
0869857489
0869857408
08698571833
0869856921
0869856667
0869856591
086985608
0869855989
0869855803
0869855636
0869855632
0869855188
0869855093
0869855052
0869854724
0869854708
0869854019
0869853320
0869853144
0869853084
0869852539
0869852463
0869851883
0869851722
0869851589
0869851391
0869851187
0869851121
0869850911
0869850727
0869850450
0869850064
0869849766
0869849679
0869848959
0869848894
086984876
0869848404
0869848139
0869848127
0869847570
0869846946
0869846928
0869846895
0869846701
0869846246
0869844589
0869843417
0869842565
0869842187
0869842039
0869841250
0869841195
0869841021
0869841
0869840870
0869840794
0869840514
0869840506
08698404089
0869840400
0869840381
0869840331
0869839996
0869839943
0869839501
0869839356
0869839233
0869838545
0869838283
0869838009EED
0869837383
0869837003
0869836873
0869836668
0869836444
0869835739
0869835501
0869835141
0869834624
0869833975
0869833770
0869833688
0869833460
0869833192
0869833073
0869832396
0869832364
0869831605
0869831020
0869830493
0869830266
0869829777
086982952
0869829396
0869829349
0869829329
0869828845
0869828812
0869828019
0869827911
0869827876
0869827857
0869827765
0869827667
0869827404
0869827340
086982681
0869826785
0869826635603
0869826393
0869824747
0869824578
0869824515
0869824432
0869823840
0869823719
0869823599
0869823482
0869823186
0869823161
0869822624
0869822171
0869821995
0869821815
0869821736
0869821525
0869821254
0869821140
0869821057
0869820876
0869820604
0869820489
0869820445
0869820426
0869820051
0869820015
086982
0869819954
0869819466
0869818941
0869818530
0869818163
0869817830
086981782
0869817776
0869816746
0869816659
0869816310
0869815777
0869815723
0869815683
0869815366
0869815349
086981474
0869814704
0869814635
0869814524
0869814501
0869814381
0869814290
0869813947
086981390925
0869813719
0869813690
0869813473
0869813275
0869812894
0869812531
0869812326
0869812246
0869812139
0869811393
0869810864
0869810851
0869810612
0869810481
0869810195
0869809414
0869809400
08698089958
0869808931
0869808646
0869808380
0869808312
0869808093
086980736
0869806992
0869806987
0869806727
0869806631
0869805802
0869805748
0869805509
086980539
0869805336
0869804821
0869804760
0869804152
0869804132
0869803559
0869803474
0869803117
0869803015
0869802977
0869802523
0869802416l
0869801809
0869801733
0869801375
0869801188
0869800272
0869800199
0869800194
0869800183
0869800131
0869800070
0869800047
0869799848
0869799806
0869799357
0869798893
0869798248
0869797711
0869797097
0869796041
0869795885
0869795778
0869795728
0869795452
0869795393
0869795015
0869794808
0869794610
0869794086
0869793977
0869793509
0869793493
0869793263dodong
0869793140
0869792736
0869792609
0869792187
0869792138
0869791921
0869791912
0869791722
0869791435
0869791070
086979030
0869790259
0869789707
0869788805
0869788625
0869788496
0869788478
0869788310
0869788213
0869787761
0869787718
0869787530
0869787257
0869786859
0869786662
086978651
0869786304
0869785634
0869785287
0869784690
0869784579
0869784362
0869784179
0869784
0869783944
0869783839
0869783223
0869782632
0869782566
0869782257
0869780824846
086978050
0869779959
0869779540
0869779288
0869779141
0869778889
0869778062
0869777381
0869776863
0869776772
0869776383
0869776030
0869775574
0869775397
0869775343
0869774736
0869773978
0869773977
0869772327
0869771521
0869771493
0869771451
0869771
086977
0869769128
0869768990
0869768849
0869768631
0869768577
0869768496
0869767981
0869767803
0869767767
0869767576
0869767337
0869767234
0869767051
0869766600
0869766572
0869766204
0869765755
0869765002
086976400
0869763787
0869763137
0869762738
0869762542
0869762331
0869762274
0869762132
0869761179
0869761039
0869760674
0869760243
0869760220
0869760141
0869760023
0869759094
0869758047
0869757690
0869757237
0869757213
0869757055
0869756944
0869756631
0869755807
0869755470
0869755156
0869754956
0869754704
0869754646
0869754412
0869754341
0869753550
0869752511
0869752054
0869752032
0869751874
0869751845
0869751569
0869751466
0869751269
0869751026
0869750972
0869750961
0869750841
0869750439
0869749798
0869749456
0869748645
0869748039
0869747891
0869747812
0869747811
0869747659
0869747468
0869747308
0869747077
0869746643
0869746441
0869746303
0869746281
0869745572
0869745380
0869744905
0869744688
086974324
0869742683
0869742603
0869742064
0869741836
0869741721
0869741604
0869741583
0869741517
0869741399
0869741248
0869741212
0869741132
0869740618
0869740198
0869739681
0869739615
0869739431
0869739006
0869738900
0869738639
0869738555
0869737869
0869737305
0869737004
0869736719
0869736683
0869736371
0869735913
0869735757
0869735153poo
0869735055
0869735049
0869734
0869733780
0869733481
0869732412
0869732199
0869731908za
0869731821
0869731422
0869730848
0869730752
0869730283
0869729608
08697292775
0869729259
0869729157
0869728857
0869728800
0869728662
0869727668
0869727394
0869726587
0869725917
0869725167
0869724648
0869724573
0869723888
0869723034
0869722968
0869722804
0869722456
0869722400
0869722001
0869721969
0869721368
0869721335
0869720887
0869720378
0869720233
0869720194
0869720077
0869718983
0869718580
0869718013
0869717670
0869717513
0869717202
0869716655
0869716473
0869715735
0869715067
0869715009
0869714730
0869713836
0869713740
08697135582512
0869712303
0869712276
0869712256
0869710665
0869710629
0869710399
0869709951
0869709836
0869709714
0869709671
086970948
0869709408
0869709099
0869708655
0869708616
0869708443
0869708358
0869707995
0869707484
0869706754
0869706672
0869706570
0869706548
0869706454
0869706304
0869705734
0869705703
0869705435
0869705423
0869705204
0869704188
0869703861
0869703776
0869703731
0869703640
0869703163
0869703100
0869702920
0869702545
0869702091
0869701866
0869701773
0869701544
0869701222
0869700735
0869700356
0869699803
0869699772
0869699539
0869699261
0869699106
0869699004
0869698963
0869698940
0869698922
0869698805
0869698697
0869698565
0869697951
0869697851
0869697751
0869697498
0869697213
0869696969
0869696731
0869696722
0869696654
0869696321
08696961762718
0869696070
0869695660jam
0869695651
0869695378
0869695284
0869694983
0869694943
0869694332
0869694169
0869694077
0869693832
0869693776
0869693645
0869693259
0869693048
0869693014
0869692965
0869692897
0869692694
0869692671
0869692348
0869692022
0869691894
0869691787
0869691667
0869691649
0869691426
0869690969
0869690872
0869690715
086969069
0869690490
0869690222
0869690043
0869690021
0869689464
0869689248
0869689216
0869689044
0869688681
0869688419
0869688371
0869688114
0869687842
08696877850869677294
0869687303
086968712
0869686983
0869686765
0869686751
0869686237
0869686022
0869685749
0869685640
0869685614
0869685262
0869685095
0869684896
0869684649
0869684647
0869684635
0869684458
0869684148
0869684126
0869683986j
0869683644
0869683285
0869683236
0869683165
0869683156
0869683073
0869682815
0869682703
0869682067
0869682009
0869681427
0869681097
0869681012
0869680844
0869680374
0869680052
0869679844
0869679798
0869679665
0869679651
0869679567
086967912098
0869679092
0869679064
0869678925
08696788321
0869678600
0869678597
0869678262
0869678257
0869678054
0869677760
0869677556
0869677494
0869677075
0869676651
0869676534
0869676372
0869676349numtan
0869676349
0869676075
0869675899
0869675679
0869675572
0869675330
0869675237
0869675140
0869674821
0869674753
0869674739
0869674593
0869674375
0869674095
086967401
0869673981
0869673975
0869673678
0869673565
0869673476
0869673324
0869673244
0869673170
0869673116
0869673016
0869672772
0869672118
0869671978100501
0869671839
0869671480
0869671407
0869670629
0869670479
0869670413
0869670133
0869669926
0869669815
0869669490
0869669463
0869669411
08696689299
0869668857
0869668851
0869668590
0869667893
0869667736
0869667713
0869667657
0869667623
0869667065
0869666948
0869666752
0869666505
0869666286
0869665604
0869665544
0869665504
0869665443
0869665404
0869665392
0869665257
0869664668
0869664414
0869663853
0869663743
0869663594
0869663560
0869663406
0869663392
0869662998
0869662577
0869662553
0869662371
0869662280
0869661900
0869661844
0869661666
0869661621
0869661346
0869660883
0869660773
0869660667
0869660564
0869660545
0869660519
0869660441
0869659949
0869659866
0869659197
0869659095
0869658612
0869658297
0869658276
08696581
0869657839
0869657726
0869657681
0869657201
0869657017
0869657016
0869656987
0869656933
0869656746
0869656656
0869656417
0869656229
0869656005
0869655997
0869655994
0869655623
0869654939
0869654630
0869654471
0869654069
0869653441
0869653435
0869653167
0869653128
0869652529
0869652429
0869652333
0869652176
0869652093
0869651999
0869651807
0869651770
0869651302
0869650744
0869650660
0869650253
0869650118
086965009
0869649866
0869649816
0869649566
0869649499
0869649457
0869649351
0869648748
0869648738
0869648464
0869648447
0869647161
0869647157
0869647067
0869646788
0869646778
0869646006
0869645968
0869645290
0869645157
0869645051
0869644582
0869643850
0869643780
0869643722
0869643056
0869641971
0869641228
0869640820
0869640737
0869640694
0869640425
0869640411
0869640227
0869639512
0869639366
0869638632
0869638546
0869637980
0869637958
0869637550
0869637525
0869637324
0869637315
0869637280
0869637277
0869636219
0869635992
0869635891
0869635738
0869635646
0869635593
08696348489
0869634396
0869634235
0869634189
0869633969
0869633782
0869633769
0869633460
0869633444
0869633284
0869633210
0869633132
0869633118
0869632955
0869632935
0869632238
0869632184
0869632158
0869631711
0869631562
0869631399
0869631251
086963114
0869630966
0869630532
086962986
0869629758
0869629610
0869629603
0869629229
0869629134
0869629048
0869628764
0869628711
0869628673
0869628655
0869628310
0869628064
0869627792
0869627683
0869627678
0869627449
0869627371
0869627176
0869627155
0869626813
0869626690
08696266
0869626573
0869626569
0869626539
0869626379
0869626212
0869626063
0869625949
0869625700
0869625516
0869625262
0869625172
0869624989
0869624857
0869624467
0869623572
0869623499
0869623361
0869623308
0869623112
0869623027
0869622970
0869622945
0869622359
0869622329
0869622229
0869621096
0869620862
0869620339
0869620298
0869620273
0869619522
0869619051
0869618833
0869618693
0869618662
0869618514za
0869618167
0869618111
0869617525
0869617451
0869616627
0869616560
0869616478
0869616071
0869615720
0869615461
0869615336
0869615331
0869614992
086961491
0869614527
0869614498
0869613776
0869613769
0869613734
0869613665
0869613622
0869613133
0869612713
0869612408
0869612029
0869611505
0869611443
0869611335
0869610955
0869610946
0869610936
0869610910
0869610642
0869609926
0869609616
0869609401
0869609203
0869609130
0869608890
0869608772
0869608529
0869608299
0869607807
0869607696
0869607515
0869607086
0869606858
0869606488
0869606468
0869606110
0869605828
0869605282
08696050
0869604976
0869604523
0869604288
0869604237
0869604204
0869604120
0869604099
0869603861
0869603354
0869603093
0869602696
0869602686
0869602612
0869602068
0869601920
0869601741
0869601222
0869601043
0869601012
0869600688
0869600634
0869600495
0869600426
08696002
086960015
08696
0869599983
0869599750
0869599715
0869599607
0869599543
0869599480
0869599358
0869599316
086959883
0869598519
0869598174
0869597453
0869596683
0869596439
0869596420
0869596402
0869596048
0869595967
08695959586
0869595567
0869595100
0869595017
0869594886
0869594615
0869594282
0869593447
0869593446
0869593341
0869593024
0869592635
0869592625812
0869591941
0869591827
0869591588
0869591427
0869590281
0869590114
0869590010
086959
0869589739
0869589683
0869589520
086958929
0869588866
0869588191
0869587912
0869587778
0869587401
0869587376
0869587298
0869587124#78/1
08695870
0869586672
0869586298
0869586270
08695856157
0869585559
0869585386
0869585286
0869584973
0869584936
0869584904
0869584809
08695847
0869583230
0869582317
0869582218
0869582083
0869581529
0869581518
0869581349074648848
0869581236
0869581063
0869580604
0869580298
0869579970
0869579933
0869579844
0869579801
0869579515
0869579510
0869579189
0869579065
0869579046
0869578717
0869578540
0869578003
0869577797
0869577411
0869577209
0869576928
0869576684
0869576640
0869576351
0869576342
0869576273
0869576028
0869575845
0869575759
0869575576
0869575483
0869574921
0869574658
0869574362
0869574341
0869574295
0869574189
0869573739
0869572939
0869572396
0869572273
0869572225
0869571890
0869571854
0869571852
0869571584
0869570843
0869570824
0869570786
0869570692
08695702
0869570094
0869570087
0869570031
086957
0869569996cfhear
0869569990
0869569113
0869568930
0869568876
0869568462
0869567877
0869567697
0869567389
0869566891
086956684
0869566448
0869565772
0869565264
0869565257
0869565055
0869564832
0869564696
0869564650
0869564626
0869563634
0869563606
0869563174
0869563089
0869562813
0869562004
0869561886
0869561803
0869561772
0869561742
0869561597
0869561327.com
0869561251
0869561176
0869561074
086956105
0869560973
0869560935
0869560560
0869560270
0869560176
086956
0869559956
0869559894
0869559788
0869559647
0869559511pdt
0869559505
0869559461
0869559434
0869559417parn
0869559350
0869559336
0869559298
0869559232
0869559129
0869558856
0869558553
0869558444
086955828031191
0869557960
0869557907
0869557632
0869557611
0869557533
0869557172
0869557031
0869556470
0869556215
0869556
0869555822
0869555696
0869555689
0869554982
0869554648
0869554585
0869554160
0869554028
0869553940
0869553933
0869553566
0869553199
0869553184
086955280
0869552786
0869552674
0869552628
0869552487
0869551975
0869551972
0869551872
0869551859
0869551144
0869550793
0869550695
0869550644
086955
0869549933
0869549663
0869549561
0869549396
0869549295
0869548769
0869548591
0869548580
0869548489
0869548389
0869548267
0869548252
0869548125p
0869547768
0869547412
0869547280
0869547259
0869547202
0869546765
0869546349
0869546046
0869545773
0869545248
0869544404
0869544057
0869543630
0869543379
0869543353
0869542652
0869542271
0869542206
0869542156
0869542067
0869541624
0869541270
0869541268
086954097
0869540965
0869540799
0869540708
0869540566
0869540372
0869539650
0869539611
0869539377
0869538566
0869538526
0869538473
0869538230
0869538003
0869537850
0869537501
0869537394
0869537241
0869537
0869536505
0869536094
0869535903
0869535748
0869535739
0869535675
0869535295
0869535002
0869534070
0869533833
0869533788
0869533500
0869533375
0869533257
0869533117
0869533081
0869532995
0869532425
0869532130
0869531678
0869531531
0869530631
0869530284
0869530015
0869530014
0869529095
0869528722
0869528563
0869527856
0869527630
0869527149
0869526904
0869526775
0869526737
0869526443
0869525898
0869525355
0869525292
0869525033
0869524904
0869524244_phoo
0869524172
0869523965
0869523538
0869523527
0869523495
0869523305
0869523040
0869522570
0869522285
0869522248
0869522169
0869522085
0869522064
0869521735
0869521734
0869521659
0869521619
0869521617
0869520706
0869520693
0869520104
0869520006
0869519985
0869519644
0869519578
0869519412
0869519370
0869518999
0869518894
0869518699
0869518349
0869518269
0869518
0869517957
0869517423
0869517190
0869517011
0869516838
0869516640
0869516545
0869516331
0869516325
0869516227
0869516119
0869515774
0869515269
0869514845
0869514649
0869513488
0869512677
0869512514
0869512391
0869512232
0869512143
0869512115
0869511931
0869511889
0869511869
0869511403
0869510673
0869510454
0869510383
0869509940
08695098381729
0869509667
0869508892
0869508874
0869508777
0869508602
0869508453
0869508398
0869508266
0869508134
0869507851
0869507249
0869507061
0869506922
0869506913
0869506659
0869506375
0869506268
0869506122
0869505728
0869505688
0869505453
0869505447
0869505440
0869504592
0869504475
0869504072
0869503884
0869503839
0869503808
0869503745
0869503651
086950331
0869502883
0869502558
0869502501
0869502196
0869502041
0869501687
0869501363
0869501094
0869500855
0869500713
0869500644witchfairy
08694a
0869499608
0869499468
0869498935
0869498860
08694987979
0869498651
0869498628
0869498456
0869498336
0869498249
0869497986
0869497104
0869496900
0869496760
0869496177
0869495460
0869495198
0869494982
0869494966
0869494866
0869494832
0869494544
0869494317
0869494035
0869492750
0869492624
0869492289
0869492140
0869492064
0869491981
0869491971
0869491908
0869491577
0869491528
0869491509
0869491211
0869491076
0869490870
0869490698
0869490589
0869490260
0869490061
0869489764
0869489605
0869489260
0869489114
08694888
0869488565
0869488523
0869488369
0869488300
0869488201
0869487746
0869487202
0869486920
0869486623
0869486470
0869486414123
0869486320
0869485600
0869485574
0869484873
0869484511
0869484132
0869484028
0869483809
0869483478
0869482843
0869482625
0869482585
0869482506
0869482471
0869482146
0869481784
0869481756
0869481233
0869481083
0869480940
0869480770
0869480764
0869480468
0869480451
0869479330
0869479095
0869479025
0869478673
0869478615
0869478367
0869478327
0869478125
0869477933
0869477762
0869477602
0869476901
0869476671
0869476227
0869476137
0869475363
0869475297
08694750
0869474715
0869474118
0869473893
0869473547
0869473403002
0869473403
0869473165
0869472700
08694726
0869472232
0869471948
0869471667
0869471499
0869471266
0869470873
0869470324
086947
0869469554
0869469439
0869469103
0869468942
0869468477
0869467810
0869467566
0869467350
0869467036
0869466988
0869466653
0869466215555
0869466150
0869465811
0869465636
0869465634
0869465625
0869465514
0869464827
0869464456
0869463570
0869463044
0869462816
0869462605
0869462148
0869462126
0869462044
0869461793
08694616333
0869461134
0869460452
0869460391
0869460187
0869459195
0869458793
0869458614
0869458533
0869458426
0869458201
0869457929
0869457765
0869457521
0869457106
0869457090
0869456729
0869456715
0869456340
0869456332
0869455458
086945529810/1.281000
0869454875
0869454755
0869454710
0869454701
0869454511
08694545
0869454363
0869453994
0869453953
0869453767
0869453688
0869453613
0869453421
0869453371
0869453129
086945270
0869452649
0869452644
0869452610
0869452541
0869452509
0869451789
0869451514
0869451356
0869451338
0869450695
0869449621
0869449320
0869449108
0869449011
0869448806
0869447757
0869447413.
0869447405
0869446860
0869446724
0869446634
0869446578
0869446406
0869446389
0869446131
0869445848
0869445770
0869445571
0869445391
0869445192
0869445167
0869444823
0869444625
0869444401
0869444260
086944422
0869444178
0869442785
0869442668
0869442635
0869442622
0869442591
0869442344
0869442339
0869442205
0869441924
0869441908
0869441563
0869441524
0869441394
0869441130
0869441104
0869441101
0869441083
0869440800
0869440160
0869439y
0869439893
0869439510
0869439433
0869439412
0869438919
0869438785
0869438276
0869438248
0869438167
0869437779
0869437439
0869437420
0869436880
0869436435
0869436408
0869436207
0869436171
0869435851
0869435838
0869435762
0869435557
08694352102
0869435202
0869434868
0869434849
086943482
0869434763
0869434677
0869434526
0869434413
08694341
0869434074
0869434049
0869433887
0869433153
0869432791
0869432551
0869431646
0869431399
0869431128
0869430406
086943
0869429962
0869429682
0869429664
0869429319
0869429142
0869428892
0869428639
0869428468
0869428020
0869427578
0869426923
0869426916
0869425641
0869425574
0869425465
0869425443
0869425138
0869425027
0869424501
0869424249
0869424237
0869423994
0869423967
0869423908
0869423494
0869423312
0869423132
0869423119
0869423021
0869422792
0869422383
0869422188
0869421461
0869420924
0869420806
086942
0869419309555
0869419226
0869419041
0869418033
0869418009
0869417984
0869417880
0869417820
0869416774
0869416600
0869416522
0869416064
0869415983
0869415965
0869415697
0869415614
0869415015
0869414910
0869414115
0869413974
0869413433
0869413379
0869413097
0869412567
0869412349
08694123
0869412219
0869412158
0869412011
0869411985
0869411094
0869410877
08694108
0869410423
0869410266
0869410214
0869410068
086941
0869409944
0869409813
0869409719
0869409291
0869409247
0869409184
0869408625
0869407868
0869407366
0869406943
0869406902
0869406724
0869406716
0869406447
0869406118
0869405937
0869405248
0869405178
0869405115
0869405030
0869404991
0869404865
0869404715
0869404656
0869404
0869403719
0869403548
0869402993
0869402749
0869402659
0869401796
0869401768
0869401406
0869401339
0869401273
0869401272
0869401128
0869401083
0869400904
0869400829
0869400561
0869400515
0869400433
0869400259
086940
0869399819
0869399682
0869399192
0869399183
0869399153
0869399047
0869399034
0869398978
0869398870
0869398522
0869397902
0869397855
0869397745
0869397573
0869397300
0869397213
0869397116
0869397037
0869396980
0869396788
086939636
0869396306
0869396102
0869395680
0869395655
0869395540
0869395502
0869395403
0869394803
0869394671
0869394254
0869394172
0869394112
0869393923
0869393572
0869393436
0869393303
0869393022
0869392919
0869392646
0869392306
0869392086
0869392065
0869391759
0869391531
0869391529
0869391176
0869390842
0869390771
0869390751
0869390681
0869390554
0869390304
0869390027
0869389586
0869389530
0869389179
0869388988
0869388807
0869388457
0869388412
0869388337
0869387736
0869387611
0869387574
08693874125
0869387273
0869387054
0869387004
0869386878
0869386828
0869386782
0869386732
0869386404
0869386368
0869386221
0869386216
0869386123
0869385598
0869385414
0869385404
0869384791
0869384592
0869384201
0869384123
0869383798
0869383650
0869383572
0869383477
0869383241
0869383234
0869383168
0869383148
0869382657
0869382574
0869382456
0869382163
0869382111
0869381910
0869381856
0869381677
0869381569
0869381186
0869381054
0869380885
0869380624
0869380547
0869380308
0869379712
0869379608
0869379223
0869379120
0869379013
0869378854
0869378726
0869378274
0869378235
0869378033
0869377944
0869377818
0869377436
0869376641
0869376065
0869375628
0869374617
0869374562
0869374443
0869374374
0869374373
0869374336
0869374191
0869373779
0869373680
0869373570
0869373438
0869373271
0869372876
0869372865
0869372839
0869372596
0869372412
0869372217
0869371946
0869371941
0869371933
0869371786
0869371575
0869371533
0869371229
0869371062
0869370873
0869370676
0869370165
0869369830
0869369663
0869369635
0869369262
0869369060
0869369024
0869368978
0869368732
0869368408
0869367958
0869367342
0869366793
0869366767
0869366652
0869366342
0869365890
0869365749
086936409
0869363211
0869363166
0869363113
0869362436
0869362287
08693622540
0869362085
0869361937
0869361883
0869361623
0869361581
0869361213
0869361206
0869361179
0869361034
0869360655
0869360317
0869360238
0869360185
0869360150
0869359909
0869359875
0869359848
0869359825
0869358892
0869358503
0869358399
0869358296
0869357873
0869357816
0869357759
0869357370
0869357367
0869357328
0869357326
0869357234
0869357054
0869357046
0869356841
086935682
0869356732
0869356436
0869355957
0869355806
0869355805
0869355607
086935546
0869355413
0869354991
0869354810
0869354792
0869354733
0869354662
0869354508
0869354497
0869354025
0869353914
0869353380
0869352718
0869352711
086935225
0869352115
0869351975
0869351698
0869351687
0869350723
0869350430
0869350040
0869349687
0869349349
0869349128
0869349089
0869348743
0869348640
0869348466
0869348418
0869348275
0869347717
0869347688
0869347684
0869347314
0869346929
086934688
0869346841
0869346773
0869346289
0869345662
0869345501
0869344965
0869343985
0869343669
0869343536
0869343470
0869343213
0869342715
0869342431
0869342318
0869342285
0869341782
0869341108
0869341002
0869340955
0869340914
0869340651
0869340498
0869340423
0869340403
0869340224
0869340071
086934
0869339985
0869339941
0869339677
0869339425
0869339226
0869338753
0869338679
0869338526
086