9338429
0869338161
0869338131
0869338061
0869337939
0869337671
0869337614
0869337425
08693374247
0869337424
0869337166
0869337048
0869336989
0869336450
0869336143
0869335971
0869335765
0869335760
0869335629
0869335419
0869335280
0869335157
0869335038
0869334999
0869334749
0869334686
0869333965
0869333926
0869333752
0869332962
0869332954
0869332809
0869332685
0869332210
0869332206
0869331932
0869331711
0869331709
0869331558
086933141414
0869331257
0869331100
0869330881
0869330574
0869330343
0869330269
0869329658
0869329650
0869329576
0869329301
0869329142
0869328744
0869328645
0869328277
0869327451
0869327291
0869326809
0869326691
0869326064
0869325770
0869325417
0869325139
0869325137
0869325015
0869324802
0869324472
0869324471
0869324415
0869323931
0869323572
0869323482
0869323450
0869323448
0869322707
0869322704
0869322665
0869322664
0869322310
08693221
0869322054
0869321812
0869321271
0869320922
0869320825
0869320781
0869320720
0869319965
0869319907
0869319756
0869319675
0869319490
0869319319
0869318723
0869318712
0869318682
0869318621
0869318455
0869318244
0869318206
0869318154
0869318102
0869318093
0869318085
0869318000
0869317417
0869317233
0869317189
0869317097
0869317
0869316888
0869316484
0869316418
0869316335
0869316301
0869316
0869315581
0869315168
0869315107
0869314822
0869314816
0869314499
0869314439
0869314417
0869314396
0869314358
0869314205
0869314119
0869313927
0869313920
0869313501
0869313136
0869313034
0869312638
0869312629
0869312446
0869312200
0869312050
0869311403
0869311338
0869311285
0869311098
0869310970
0869310728
0869310629
0869310606
086930avril
0869309983
0869309846
0869309645
0869309603
0869309186
0869309086
0869308248
0869308091
0869307863
0869307764
0869307460
0869307038
0869306724
0869306683
0869306413
0869306220
0869305961
0869305489
0869304878
0869304483
0869304163
0869304162
0869304013
0869303977
0869303925
0869303911
0869303872
0869303722
0869303699
0869303424
0869303400
0869302984
0869302942
0869302921
0869302750
0869302576
0869302467
0869302272
0869302230
0869302190
0869302153
0869301935
0869301851
0869301680
0869301642
0869301516
0869301496
0869300945
0869300871
0869300833
0869300478
0869300405
0869300372
0869300352
0869300298
0869300213
086930
0869299685
0869299450086208
0869299350
0869299220
0869298737
0869298663
0869298542kiza
0869298307
0869298058
0869297899
0869297663
0869297340
0869297276
0869297241
0869296875
0869296860
0869296832
0869296737
0869296614
0869296604
0869296568
0869296352
0869295979
0869295699
0869295554
0869295196
0869294965
0869294558
0869294415
0869294260
0869293987
0869293947
0869293560
0869292705
0869292648
0869292386
0869292216
0869291556
086929150
0869291193
0869290992
0869290679
0869290627
0869290579
0869290325
0869290298
0869290132
0869289973
0869289921
0869289826
0869289503
0869289413
0869289258
0869288701
0869288659
0869288304
0869288177
0869287234
0869286634
0869286353
0869286307
086928602
0869285307
0869285292
0869285179
0869285019
0869285017-0
0869284757
0869284653
0869284051
0869284032
0869283966
0869283949
0869283323
0869283208
0869283134
0869283111
0869283102
0869282921
08692826
0869282510
0869282420
0869282112
0869282073
0869281816
0869281622
0869281482
0869281450
0869281375
0869281231
0869281137
0869281038
0869280851
0869280269
0869280087
0869280056
0869279838
086927966
0869279303
0869279232
0869278659
0869278648
0869278519
0869278416
0869278224
0869278121
0869277920
0869277802
0869277674
0869277670
0869277667
0869277415
0869277020
0869276946
0869276879
0869276694
0869276590
0869276513
0869276331
0869276275
0869276187
0869275882
0869275497
0869275378
0869275372
0869275186
0869274804
0869274383
0869274192
0869274024
0869273926
0869273167
0869273014
0869272947
0869272548
0869272522
0869272472
0869272138
0869272037
0869271973
0869271710
0869271233
0869271223
0869271104
0869270929
0869270920
0869270387
0869270041
0869269555
0869269270
0869269256may
0869269214
0869269187
0869268820
0869268620
0869268101
0869267905
0869267600
0869267444
0869267199
0869266795
0869266692
0869266531cartoon
0869266439
0869266375
0869266246
0869266213
0869266148
0869266082
0869265311
0869265274
0869265166
0869265071
0869264845
0869264504
0869264050
0869264011
0869263944
0869263637
0869263520
0869263346
0869263217
0869262802
0869262616
0869262609
0869262495
0869262385
0869261947
0869261555
0869260954
0869260669
0869260504
0869259535
0869258989
0869258738
0869258689
0869258513
0869258324
0869257525
0869257511
0869257380
0869257170
0869256883mm
0869256665
0869256596
0869256397
0869256332
0869256255
0869256181
0869256032
0869255818
0869255630
0869255436
08692553591733
0869255315
0869255302
0869255144
0869255103
0869254821
086925475869
086925445
0869253903
0869253899
0869253843
0869253602
0869253478***
0869253458
0869253432
0869253407
0869253225
0869253098
0869253004
0869252503
0869252324
0869251846
0869251730
086925119
0869250871
0869250395
0869250352
0869250036
0869249305
0869249017
0869248950
0869248514
0869248024
0869247984
086924785
0869247678
0869247604
0869247162
0869247124
0869247008
0869246700
0869246083
0869245936
0869245779
0869245507
0869245341
0869245069
0869245002
0869245001
0869244414
0869244282
0869244255
0869244191
0869244057
0869243856
0869243216
0869243051
0869242981
0869242907
0869242766
0869242207
0869242114
0869241932
0869241809
0869241777
0869241766
0869241149
0869240868
0869240746
0869240594
0869240496
0869240174
0869239829
0869239278
0869239144
0869238403
0869238184
0869238049
0869237610
0869237401
0869236792
0869236618
0869236409
0869235789
0869235600
0869235560
0869235453
0869234633
0869234607pong
0869234473
0869234352
0869234248
0869233966
0869233844
0869233781
0869233725
0869233483
0869233082
0869233009
0869232827
086923264
0869232035
0869232016
0869231843
0869230941
0869230851
0869230758
0869230727
0869230662
0869230383
0869230328
0869230279
0869230145
0869229626
0869229618
0869229558
0869229472
0869229400
0869229280
0869229272
0869229103
0869228856
0869228659
0869228543
0869228354
0869228254
0869228221
0869228015
0869227717
086922758
0869227100
0869227051
0869226981
0869226848
086922668505032527
0869226530
0869226507
0869226451
0869226252
0869226250
0869226247
0869226223
0869225754
0869225665
0869225584
0869225333
0869225317
0869225315
0869225286
086922526
0869225102
0869224225
0869224153
0869223366
0869223205
0869223192
0869223138
0869222728
0869222480
0869222458
0869222374
0869221819
0869221601
0869221500
0869221029
0869220997
0869220956
0869220642
0869220567
0869220400
0869220234
0869220193
0869220108
0869219937
0869219931
0869219680
0869219573
0869219529
0869219437
0869219400
0869219270
0869219097
0869218730
0869218457
0869218370
0869218135
0869218133
0869218054
0869218005
0869217636
0869216498
0869216362
0869216054
0869215676
0869215660
0869215595
0869215389
0869215385
0869215325
0869214683
0869214584
0869214489
0869214317
0869214212
0869214055
0869213708
0869213515
0869213288
0869212674
0869212105
0869211534z
0869211525
0869211182
0869210931
0869210413
0869210148
086921
0869209815
0869209718
0869209194
0869209034
0869208830
0869208128
08692080769
0869208076
0869207986
0869207619
0869207562
0869207117
0869206768
08692066
0869206121
0869206070
0869205906
0869205759
0869205411
0869205348
0869205273
0869205256
0869204972
0869204910
0869204909
0869204834
0869204533
0869203535
0869203481
0869203397
0869203342
0869203179
0869202583
0869202473
0869202279
0869201651
0869201211
0869201065
0869200835
0869200515
0869200405
0869200362
0869200281
0869200254
0869200014
08692
08691c
0869199975
0869199973
0869199915
0869199625
0869199591
0869199141
0869198824
0869198703
0869198534
0869198471
0869198063
0869197737
0869197554
0869197418
0869197400
0869197317
0869197305
0869197247
0869196865
0869196471
0869196028
0869195672
0869195429
0869195133
0869194989
0869194498
0869194442
0869194312
0869194195
0869194146
0869194139
0869194110
0869193777minnie
0869193477
0869193347
0869193283
0869193230
0869193083
0869192930
0869192854
0869192667
0869192486
0869192351
0869192269
0869192190
0869191976
0869191971
0869191915
0869191828
0869191676
0869191432
0869191130
0869191076
0869190610
0869190
0869189870
0869189517
0869189510
0869189489
0869189101
0869188957
0869188926
0869188818
0869188739
0869188614
0869188137
0869187899
0869187564
0869187155
0869187137
0869187055
0869187003
0869186824
0869186715
0869186157
0869185978
0869185754
0869185733
0869185487
0869185461
0869184943
0869184742
0869184714
0869184498
0869184356
0869184321
0869184219
0869184117
0869184082
0869184045
0869183862
0869183861
0869183374
0869182928
0869182830
0869182573
0869182569
0869182549
0869182274
08691822
0869182084
0869181460
0869181325
0869180906
0869180397
0869180171
0869180072
086918
0869179775
0869179405
0869179300
0869177628
0869177257
0869177144
0869177016
0869176786
0869176456
0869176388
0869176036
0869175977
0869175849
0869175827
0869174783
0869174719
0869174622
0869174610
0869174129
0869173710
086917335425
0869173212
0869172889
0869172421fon
0869172421
0869172190
0869171160
0869170384
0869169806
0869169686
0869169575
0869169549
0869169006
086916900
0869168636
0869168299
0869167869
0869166642
0869166188
0869166034
0869165558
0869165357
0869165045
0869164641
0869163847zx
0869163480
0869163235
0869162716
0869162428
0869162302
0869161956
0869161847
0869161824
0869161747
0869161604
0869161598
0869161477
0869161112
0869160824
0869160747
0869160739
0869160187
0869160166
0869160103
0869159940
0869159318
0869159262
0869159258
0869158853
0869158584
0869158562
0869158447
0869158299
0869158297
0869158004
0869157749
0869157504
0869157119
0869156863
0869156745
0869156533
0869156384
0869156107
0869156001
0869155307
0869154365
0869154200
0869153965
0869153939
0869153521
0869153366
0869153069
0869152955p
0869152939
0869152801
0869152691
0869152270
0869152267
0869151993
0869151933
0869151832
0869151821
0869151800
0869151684
0869151379
0869151217
0869151142
0869150916
0869150405
0869150382
0869150222
0869150117
0869149990
0869149725
0869149515
0869149496
0869149275
0869149194
0869149114
0869149071
0869148481
0869148305
0869148233
0869148117
0869147811
0869147625
0869147549
0869147506
0869147114
0869146828
0869146744
0869146593
0869146282
0869146219
0869145935
0869145822
0869145813
0869145214
0869145113
0869145051art
0869144976
0869144941
0869144658
086914463
0869144359
0869144300
0869143927
0869143480
0869143437
0869142711
0869142411
0869142242
0869141873
0869141866
08691418560814680787
0869141771
0869141460
0869141239
0869140944
0869140753
0869140639
0869140551
0869140445
086913993217103
0869139826
0869139600
0869139574
0869139441
0869139212
0869139203
0869137941
0869137453
0869137388
0869137226
0869136796
0869136404
0869135988
0869135602
0869135533
0869135530
0869135362
0869135003
0869134866
0869134772
0869134714
0869134319
0869134022
0869133988
0869133577
0869133424
0869133237
0869133159
0869132746
0869132621
0869132583
0869130484rsv
0869130069
0869130015
0869129967
0869129819
0869129488
0869129434
0869128985
0869128971
0869128962
0869128736
0869128272
0869127944
0869127935
0869127869
086912768585
0869127490
0869127072
0869127009
0869126924
0869126443
0869125525
0869125358
0869125239
0869125130
0869124796
086912430
0869123803
0869123651
0869122756
0869121843
0869121342
0869120959
0869120846
0869120696
0869120567
0869120166
0869119620
0869119611
0869119605
0869119548
0869119282
0869119248
0869119234
0869119083
0869118782
0869118755
0869118650
0869118217
0869117729
0869117717
0869117604
0869117464
0869117164
0869117125
0869116864
0869116722
0869116470
0869116360
0869116121
0869115861
0869115832
0869115142g[ho
0869115142
0869114882
0869114729
0869113765
0869113704
0869113463
0869113359
0869113055
0869112967
086911273
086911270
0869112183
0869112148
0869112059
0869111621
0869111433
0869111006
0869110825
0869110350
0869109897
0869109855
0869109666
0869109609
0869109278
0869109223
0869108548
0869108232
0869108193
0869107838
0869107715
0869107628
0869107538
0869107526
0869106271
0869106162
0869105819
0869105547
0869105360
0869105209
0869105117
0869104945
0869104606
0869104298
0869104250
0869104246
0869104054
0869103989
0869103918
0869103788
0869103546
0869103044
0869101703
0869101508
0869101069
0869100634
0869100197
0869100189
0869100175
0869100021
086910
08691
0869099074
0869099039
0869098923
0869098163
0869097766
0869097671
0869097550
0869097385
0869096875
0869096055
0869095414
0869094992
0869094233
0869093973
0869092777
0869091941
0869090227
0869089516
0869089445
0869088754
0869088590
0869088538
0869088220
0869088052
0869087843
0869087066
0869086876
0869086649
0869086295
0869086240
0869085823
0869085748
0869085475
0869085305
0869085252
0869085146
0869084542
0869084147
0869084009
0869083717
0869083647
0869083521
0869083060
0869083029
0869082651
0869082295
08690817033
0869081051
0869080957
0869080955
0869080598
0869079972
0869079929
0869079883
0869079797
0869079735
0869079642
0869079442
0869079228
0869079126
0869079055
0869077784
0869077619
0869077494
0869077429
0869077423
0869077200
0869076784
0869076765
0869076566
0869076451
0869076207
0869076151
0869076041
0869075745
0869075255
0869075041
0869075004
0869074816
0869074646
0869074573
0869074537
0869074208
0869074120
0869074093
0869072756
0869072579
0869072525
0869072012
0869071014
0869070803+
0869070657
0869070272
0869070201
0869070139
086907
0869069855
0869069743
0869069320
0869068513
0869068238
0869067756
0869067620
0869066741
0869066702
0869066509
0869065984
0869065892
0869065748p
0869065487
0869065406
0869064884
0869064290
0869064104
0869064045
0869063379
0869062898
0869062009
0869060894
0869060873
0869060093
0869059857
0869059745
0869059451
0869059341
0869059197
08690582244
0869057390111
0869056934
0869056354
0869056164
0869056160
0869055984
086905593
0869055807
0869055169
0869055156
0869054896
0869054586
0869054553
0869054372
0869054013
0869053860
0869052564
0869052424
0869052122
0869052002
0869051645
0869051471
0869051344
0869051280
0869051258
0869050313
0869050266
086905
0869049723
0869049638
0869049519
0869049353
0869049287
0869049187
0869048961
0869048542
0869047870
0869047620
0869047260
0869046818
0869046489
0869046418
0869045995
0869045851
0869044991
0869044798
0869044133
0869043577
086904327
0869042799
0869041632
0869041265
0869041032
0869040908
0869040146
0869040097
0869039846
0869039838
0869039650
0869038876
0869038653
0869038285
0869038171
0869037703
0869037491
0869037257
0869036952
0869036705
0869036438
0869036146
0869035754
0869035671
0869035230
0869035214
0869034329
0869034272
0869034187
0869034039
0869032820
0869032443
0869032314
0869032082
0869031810
0869031637
0869031106
0869031067
0869030661
0869030565
0869030489
0869030159
0869029993
0869029124
0869028990
0869028639
0869027412
0869026733
0869026008
08690255254
0869025372
0869025300
0869025197
0869024772
0869024602
0869024586
0869024085
0869023900
0869023649
0869022722
0869022537
0869022191
0869022166
0869021945
0869021261
0869021102
0869020227
0869020150
086902
0869019529
0869019406
0869019160
0869018858
086901883
0869018290055513883
0869018017
0869017885
0869017758
0869017019
0869016995
0869016339
0869016335
0869015594
0869015183
0869015112
0869015101
0869014936
0869014733
0869014648
0869014540
0869013766
0869012900
0869012827
0869012132
0869010868
0869010741
0869010297
0869010180
0869010
0869009968
0869009186
0869009098
0869008910
0869008609
0869008511
0869008423
0869008318
0869008188
0869007608
0869007520
0869007343
0869007315
0869006869
0869006679
0869006076
0869005828
0869005641
0869005320
0869005121
0869004954
0869004650
0869004624
0869004544
0869004275
0869003875
0869003726
0869003515
0869003155
0869002911
0869002679
0869001607
0869001387
0869001132
0869001014
0869000902
0869000739
0869000493
086900
08690
0869*551430
0868max
0868m680
086899Kung
0868999626
0868999509
0868999186
086899908727
0868999078
0868998997
0868998629
0868998075
0868997036
0868996891
0868995939
0868995555
0868995349
0868995258
0868994333
0868994069
0868993937
0868993827
0868992542
0868991608
0868991559boy
0868991420
0868991150
086899086
0868990404
0868990221
0868989834
0868989413
0868989083
08689879
0868987819
0868987382
0868987226
0868986939
0868986630
0868986606
0868986603
0868986395
0868986394
0868986048
0868985302
0868985165
0868984810
0868984715
0868982764
0868982743
0868982688
0868982577
0868982268
0868982197
0868981967
0868981595
0868981382
0868981230
0868979695
0868979386
0868979243
0868978580
0868978421
0868978128
0868977903
0868976696
0868976678
0868976676
0868976482
0868976168
0868976032
0868975876
0868974994
0868974856
0868974568
0868974428
0868974083
0868973297
0868973216
0868973064
0868972644
0868972631
0868972483
0868972039
0868971991
0868971515
0868970747
0868970717
0868969880
0868969837
0868969494
0868969379
0868969335
0868969011
0868968967
0868968385
0868968351
0868968284
0868967857
0868967424
0868967119
0868967039
0868966841
0868966255
0868966176
0868966150
0868965918
0868965816
0868965727
0868964966
0868964284
0868963776
0868962131
0868961796
0868960570
0868960355
0868960328
0868959869
0868959576
0868959286
0868959216
0868958347
0868958336
0868958091
0868958011
0868957965
0868957264
0868957075
0868957037love
0868956663
0868956089
0868955492
0868955378
0868954966
0868954894
0868954642
0868954431
0868953733
0868953443
0868952631
0868952600
0868952584
0868951767
0868951523
0868950134
0868950065
0868949969
0868949699
0868949618
0868949576
0868949307
0868949299
0868949019
0868948288
0868948038
0868947944
0868947800
08689465
0868946469
086894642
0868946345
0868945610
0868945011
0868944875
0868944801
0868944465
0868944188
0868944112
0868943989
0868943894
0868943210
0868943136
0868942640
0868942274
0868942097
0868941804
0868941173
0868941042
0868940159
0868939566
0868939535
0868938797fai
0868938663
0868938559
0868938460
0868938086
0868937164
0868937143
0868936884
0868936757
0868936538
0868936401
0868935156
0868934894
0868934857
0868934686
0868934330
0868934237
0868934052
0868933690
0868933421
0868931721
0868930736
0868930526
0868930341
0868930228
0868930181
086893
0868929692
0868929683
0868929537
0868929066
0868929030
0868928285
0868928201
0868927191
0868926990
0868926821
0868926022
0868925940
0868925497
0868925401
086892476
08689245145
0868924391
0868923855
0868923473
0868923460
08689232e
0868922982
0868922832
0868922517
0868922083
086892163
0868921621
0868921235
0868921186*
0868920929
0868920852
0868920654
0868920027
0868919875
0868919620
0868919018
0868918878
0868918830
0868918474
0868918203
0868918181
0868917795
0868917750
0868917522
0868916636
0868916633nan
0868916342
0868915987
0868915356
0868915289
0868915051
0868914774
0868914523
0868914405
0868913437
0868913179
0868913155
0868913055
0868912988
0868912919
0868912379
0868911538
0868911211
0868911132
0868911102
0868910766
0868910280
086891
0868909804
086890970
0868909370
0868909301
0868909136
0868909094
0868908899
086890845
0868908443
0868908268
0868908183
0868907742
0868907720
0868907561
0868907422
0868907357
0868907329
0868907072
0868906961
0868906559
0868906016
0868905792
0868905785
0868905458
0868905390
0868905382
0868904975
0868904609
0868903384
0868903353
0868903067
0868902878
0868902571
0868901883
0868901501
0868901245
0868900962123
0868900962
0868900572
0868900401
0868900359
086890
08689
0868899711
0868899604
0868899586
0868899425
0868899240
0868899113
0868899086
0868898886
0868898469
0868898466
0868898286
0868898227
0868897879
0868897751
0868897640
0868897601
0868896998tammy
0868896968
0868896685
0868896447
0868893983
0868893543
0868892700
0868892450
086889228
0868892219
0868891940
0868891906
0868891828
0868891736
0868891548
0868891179
0868890555
0868889961
0868889920
0868889870
0868889739
0868889624
0868889388
0868889256
0868889084
086888889
0868888873
0868888625
0868888620
0868888354
0868888221
0868887874
0868887807
0868887792
0868887617
0868887603
0868887352
08688872150
0868886869
0868886728
0868886428
0868885865
0868885790
0868885770
0868885496
0868885392
0868885043
0868884261*
0868883661
0868883648
0868883612
0868883263
0868883189
0868883158
0868883108
0868883066
0868882792
0868882700
0868882469
0868882430
0868882426
0868882382
0868882230
0868882037
0868881978
0868881548
0868881114
0868880650
0868880519
0868880461
0868880290
0868880034
0868880005
0868879872
0868879778
0868879654
0868877858
0868877673
0868877133
0868877111
0868877041
0868876792
0868876338
0868875540
0868875528
0868875448
0868874576
0868873885
0868873877
0868873365nat
0868873362
0868873154
0868873116
0868873064
0868873035
0868872915
0868872178
0868872109
0868872023
0868871774
0868871688
0868871504
0868871232
0868871114
086887084
0868870770
0868870370
0868870094
086886unk
0868869760
0868869726
0868869663
0868869455
0868869066
0868868933
0868868751
0868868608
0868868323
0868868284
0868868224
0868868180
0868868173
0868868157
0868867994
0868867923
0868867890
0868867771
0868867511
0868867278
0868867037
0868866988
0868866881
0868866832
0868866785
0868866676
0868866657
0868866616
0868866319
0868866198
0868866047
0868866014
0868865979
0868865655
0868865654
0868865625
0868865483
0868865109
0868865056
0868864959
0868864830
086886402
0868863830
0868863810
086886379
0868863656
0868863554
0868863454
0868863426
0868863185
0868863172
0868862995
0868862868
0868862562
0868862474
0868862424
0868862402
0868862268
0868862255
0868862095
0868861516
0868861427
0868861272
0868860738
0868860560
0868860359
0868860292
086886
0868859545
0868859304
0868859281
0868859002
0868858976
0868858960
0868858809
0868858536
0868858365
0868858341
0868858320
0868857575
0868857134
0868856958
0868856803
0868856670
0868856538
0868856152
0868855369
0868855244
0868855138
0868854934
0868854731
0868854498
0868853236
0868853004
0868852870
0868851649
0868851309
0868851301
0868851130
0868850387
0868850022
0868849887
0868849690
0868849632
0868849422
0868849298
0868848886
0868848827
0868848504
0868848464
0868848207
0868848155
0868848067
0868847785
0868847023
0868845440
0868845435084653
0868845308
0868845140
0868844920hip
0868844731
0868844713
0868844597za
0868844591
0868844587
0868844579
0868844506
0868844125
0868843815
0868843791
0868843364
0868842980
086884296200
0868841679
0868840486
0868840463
0868839958
0868839620
0868839042
0868839025
0868838829
0868838724
0868838687
0868838660
0868838652
0868838264
0868838232
0868838133
0868837823
0868837679
0868837224
0868836963
0868836919
0868836830
0868836652
0868836183
0868835896
0868835455
0868834975
0868834678
0868834234
0868834091
0868833823
0868833753
0868833510
0868833400
0868833135
0868832958
0868832825
0868832798
0868832627
0868832084
0868832070
0868831876
0868831845
0868831121bb
0868831121
0868831004
0868830499
0868830239
0868830204
0868830048
0868829890
0868829788
0868829460
0868829246
0868829034
0868828898
0868828675
0868828021
0868827989
086882794
0868827867
0868827794
0868827544
0868827455
0868827367za
0868826791
0868826585xox
0868826158
0868826009
0868825538
0868825511
0868825263
0868824994
0868824561
0868824216
0868823715
0868823202
0868823184
0868823010
0868822800
0868821984
0868821939
0868821600
0868820828
0868820735
0868820199
0868820178
086882
0868819906
0868819822
0868819033
0868818749
0868818496
0868818487
0868818476
0868818252
0868818095
0868817901
0868817528
0868817210
0868816521
0868815779
0868815532
0868815493
0868815241
0868815116
0868813655
0868813569
0868813563
0868813029
0868812680
0868812538
0868812262
0868812065
0868811823
0868811445
0868811400
0868811235
0868811047
0868811004
0868810782
0868810530
0868810429
0868810008
0868809906
0868809285
086880913
0868808636
0868808539
0868808373
0868808352
0868808312a
0868808040
0868807950
0868807812
0868807779
0868807531
0868807313
0868807296
0868807266
0868806737
0868806108
0868805704
0868805453
0868805223
0868804963
0868804558
0868804534
0868803645
0868803493
0868803275
0868802446
0868802243
0868801825
0868801546
0868801540
0868801381
0868800804
0868800731
0868800614
0868800336
0868800148
0868799907
0868799623
0868799481
0868798851
0868798537
0868798439
0868798409
0868798382
0868798287
0868798110
0868797843
0868797747
0868797619
0868797444
0868797259
0868797232
086879704
0868796941
0868796244
0868796165
0868796113
0868795951
0868795642
0868794571
086879447339
0868794456
0868794278
0868794265
0868793445
0868793418
0868793317
08687932
0868793080
0868792771
0868792433
0868791753
0868791570
0868791302
0868791218
0868791202
0868791197
0868790969
0868790914
0868790503
08687902371827
086879000
086879
086878987
0868789849
0868789631
0868789509
0868789398
0868788959
08687889335
0868788835
0868788435
0868788280
0868788161
0868788113
0868787867
0868787508
0868787469
086878737511+
0868787360
0868787307
0868787271
0868787256
0868787066
08687864
0868786225
0868786211
0868786149
0868785800
0868784556
0868784393
08687839
0868783890
0868783690
0868783310
0868783293
0868783255
0868783034
0868782722
0868782678
0868782627
0868782585
0868782557
0868782400
0868781917
0868781843
0868781822
0868781793
0868781776
0868781728
0868781532
0868781379
086878128133
0868780927
0868780656
0868780611
0868780370
0868780336
0868780211
0868780028
0868779420
0868779188
0868779173
0868779034
0868778754
0868778676
0868778673
0868778612