20
0871211216
0871211108
0871211052
0871210604
0871210366
0871208485
0871208413
0871207453
0871206567
0871206360
0871206242
0871206079
0871205913
0871205909
0871205607
0871205473
0871205382
0871205227
0871204869
0871204856
0871204826
0871204780
0871204449
0871204260
0871204122
0871203841
0871203836
0871203669
0871203662
0871203656
0871203631
0871203530
0871203492
0871203374
0871202758
0871202382
0871202339
0871202205
08712022
0871202122
0871202007
0871201945
0871201854
0871201801
0871201538
0871201217
0871200910
0871200605
0871200585
0871200521
0871200468
0871200424
0871200367
0871200299
08712
0871199886
0871199778
0871199252
0871199193
0871198940
0871198908
0871198820
0871198033
0871197742
0871196842
0871196337
0871196329
0871196046
0871195913
0871195399
0871195275
0871195233
0871195089
0871194895
0871194584
0871194355
0871194331
0871194314
0871194310
0871194108
0871193123
0871192641
0871191883
0871191560
087119151
0871191064
0871191019
0871190977
0871190880
0871190819
0871190678
0871190422
087119
0871189805
0871189555
0871189306
0871189037
0871188961
0871188898
0871188609
0871188376
0871188375
0871188351
0871188316
0871187804
0871187645
0871187513
0871187348
0871186801
087118648
0871186302
087118628
0871185923
0871185635
0871185600
0871185352
0871185274
0871184826
0871184597
0871184282
0871183250
0871183090
0871182920
0871182896
0871182807
0871181732
0871181630
0871181597
0871181399
0871181286
0871181245
087118094
0871180490
0871180470
0871180082
0871179740
0871179712
0871179693
0871179631
0871178951
0871178813
0871178679
0871178255
0871178193
0871177969
0871177860
0871177818
087117778
0871177703
0871177244
0871177124
0871177103
0871176931
0871176366
0871176347
0871176269
0871176254
0871175979
0871175882
0871175450
0871175347
0871174855
0871173716
0871173595
0871173579
0871173455
0871173118
0871172996
0871172855
0871172801
0871172570
0871172481992
0871172454
0871172375
0871172369
0871171991
0871171954
0871171740
0871171705
0871171460
0871171065
0871170605
0871170227
0871170211
0871170090
087117
0871169935
0871169313
0871169234
0871169200
0871169010
0871168992
0871167709
0871167584
0871167560
0871167482
0871166972
0871166573
0871166542
0871166115
0871165376
0871165342
0871165243
0871165137
0871163822
0871163728
0871163382
0871163224
0871163177
0871163119
0871163116
0871162551
0871162264
0871162093
087116194
0871161576
0871161389
0871161335
0871161305
0871161287
0871161186
0871161125
0871161039
0871160871
0871160838
0871160681
0871160557
0871160537
0871160409
0871160372
0871160046
0871160045
0871159875
0871159609
0871159070
0871157688
0871157330
0871157157
0871157132
0871156891
0871156799
0871156768
0871156472
0871156242
0871155290
0871155227
0871155167
0871154859
0871154700
0871154273
0871154225
0871154172
0871153904
0871153902
0871153564
0871153313
0871152548
0871152342
0871151860
0871151690
0871151205
0871149185
0871148594
0871148214
087114776
0871147552
0871147237
0871146741
0871146162
0871145748
0871145693
0871145441
0871144649
0871144425
0871144338
0871144227
0871144186
0871144143
0871144064
0871143485
0871143407
0871143105
0871141996
0871141899
0871141413
0871141255
0871141103
0871140779
0871140680
0871140658
0871139757
0871139671
0871139656
0871138987
0871138
0871137910
0871137681
0871137083
0871136859
0871136852
0871136609
0871136335
0871136331
0871136249
0871136242
0871135852
0871135523
0871135302
0871135146
0871134957
0871134695
0871134469
0871134423
0871133592
0871133570
0871133212
0871132479
0871132416
0871132215
0871131358
0871131005
0871130673
0871130624
0871129831
0871129645
0871129606
0871129377
0871129068
0871128970
0871128177
0871128058
0871127841
0871127564
0871127407
0871126990
0871126731
0871126554
0871126538
0871126505
0871125945
0871125463
0871125399
0871125343
08711247
0871123958
0871123503
0871123183
0871122670
0871122524
0871122405
0871122401
087112233
0871122190
0871121858
0871121125
0871120717
0871120425
0871120335
0871120205
0871119979
0871119930
0871119855
0871119837
0871119811
0871119710
0871119210
0871119198
0871118950
0871118652
0871118150
0871118043
0871117574
0871117541
0871117525
0871117509
0871117087
0871117012
0871116979
0871116691
0871115850
0871115331
0871115133
0871115106
0871114650
0871114614-th
0871114553
0871114486
0871114452
0871114278
0871114160
0871114069
0871113679
0871112817
0871112162
0871112030
0871111773
0871111576
0871111538
0871111503
0871111353
0871111276
0871110837
0871110792
0871110689
0871110665
0871110448
0871110163
0871110126
0871110103
087110ie
0871109965
0871109683
0871109556
0871108843
0871108367
0871108237
0871106961
0871105807
0871105655
0871105337
0871105243
0871105152
0871104392
0871103716
0871103395
0871102687
0871102413
0871102352
0871102255
0871102146
0871101580
0871100703
0871100672
0871100637
0871100586
0871099783
0871099622
0871099483
0871099293
0871099178
0871098975.
0871098753
0871098604
0871097851
0871097698
0871097583
0871097427
0871097411
0871097258
0871096961
0871096452
0871095720
0871094604
0871094287
0871094212
0871093943
0871093620
0871093
0871092863
0871092370
0871092365
08710923
0871091907
0871091172
0871091038
0871090961
0871090912
0871090253
0871090049
087108957
0871089177
0871088889
0871088817
0871088761
0871088042
0871088018
0871087729
0871087251
0871087079
08710870722047
0871086987
0871086953
0871086816
0871086432
0871085592aem
0871085433
0871085310
0871085040
08710850
0871084806
0871084550
0871083155
0871082808
0871082665
0871082099
0871081805
0871081106
0871081104
0871080967
0871080519
0871080355
0871080334
0871080326
0871080052
0871079125
0871078701
0871078664
0871078519
0871078229
0871076781
0871076770
0871076134
0871076080
0871076038
0871075906
0871075651
0871075387
0871075381
0871075289
0871075267
0871074578
0871074518
0871074250
0871073013
0871072952
0871072785
0871072199
0871072031
0871071951
0871071607
0871071439
0871071267
0871071212
087107113
087107106123398
0871070830
0871070825
0871070139
0871070050
0871069452
0871069277
0871069199
0871069099
0871068892
0871067807
0871067424
0871066974
0871066965
0871066254
0871066193
0871066077
0871066072
0871065380
0871064828
0871064079
0871063015
0871062736
087106250
0871062300
0871061401
08710612177
0871061139
0871060814
0871060331
08710602926
087106
0871059951
0871059376
08710585269
0871058320
0871058175
08710578930
0871057315
0871056881
0871056800
0871056766
0871056371
0871056131
0871056127
0871055580
0871055071
0871055004
0871054989
087105465
0871054324
0871054177
0871053613
0871053370
0871052710
0871052629
0871052522
0871052321
0871052281
0871052132
0871052060
0871051646
0871051606
0871051224
0871051096
0871050807
0871050798
0871050673
0871050338
0871050161
0871049626
0871049575
08710495262231
0871049063
0871049004
0871048422
0871047162
0871046982
0871046809
0871046760
0871046755
0871045613
0871045447
0871045442
0871044357
0871044277
0871044151
0871044007
0871043229
0871043226
0871042604
0871042420
0871042302
0871042200
0871041908
0871041728
0871041414
0871041330
0871040992
0871040900
0871040516
0871040463
0871040451
087104043
0871040058
0871039669z
0871039244
0871039060
0871039043
0871038767
0871038757
0871037809
0871037669
0871037345
0871037069
0871036836
0871036820
0871036361
0871036020
0871035624
0871034632
0871034589
0871034121
0871033770
0871033758
0871033678
0871032805
0871031711
087103159
0871031336
0871031127
0871031095
0871031070
0871031069
0871030632
0871030582
0871030466
0871030355
0871030153
0871029793
0871029461
0871029251
0871028995
0871028807
0871028804
087102880
0871028210
0871028024
0871028000
0871026610
0871026528
0871025480
0871025301
0871025280
0871025233
0871025098
0871024620
0871024201
0871024099
0871023575
0871023489
0871023452
0871023438
0871023132
0871022967
0871021687
0871021404
0871021015
0871020737
0871020728
087102042
0871020340
0871020310
0871020207
087102
0871019674
0871019635
0871019593
0871018977
0871018850
0871018829
0871018739
0871018709
0871018639
0871017760
0871017758
0871017718
0871017340
0871017200
0871017011
0871016447
08710162722538
0871016225
0871015024
08710146
0871014489
0871014284
0871014252
0871014087
087101397900
0871013908
0871013509
0871013385
0871012747
0871012710
0871012689
0871012612
0871012372
0871012
0871011881
0871011397
0871010815
087101019
0871009944
0871009468
0871009417
0871009150
0871009077
0871009045
0871009025pig
0871008335
0871007048
0871006822
0871006508
0871006467
0871006191
0871005mgt
0871005499
0871005410
0871005118
0871005026
0871005017
0871004333
0871003275
0871003253
0871003130
0871002294
0871002257
0871002198
0871002145
0871002095
0871002005
0871001288
0871001239
0871001170
0871000822
0871000714
0871000534
0871000304
0871000299
0871000133
0871000061
087100
0870kedej
0870cristina
0870_02
0870999795
0870999695
0870999277
0870998830
0870998628
0870998444
0870998350
087099715
0870997054
0870996770
0870996750
0870996498
0870996482007
0870996482
0870995753
0870995338
0870994462
0870994454
0870994345
0870994296
0870994019
0870993885
0870993345
0870992631
0870992453
0870991663
0870990007
0870989812
0870989739
0870989557
0870989098
0870988808
0870988440
0870988237
08709876899
0870987073
0870986810
0870986587
0870986381
0870986299
0870986005one
0870985218
0870984554
0870984408
0870984287
0870984230
0870984073
0870983703
0870983509
0870982792
0870982487
0870982260
0870981774
0870980955
0870980885
0870980300
0870980064
087098
0870979971
0870979840
0870979666
0870979246
0870979085
0870979046
0870978772
0870977787
0870977593
0870977289
0870977144
0870977099
0870976827
0870975697
0870975508
0870975490
0870975239
0870974855
0870974747
0870973652
0870973157
0870972918
0870972868
0870972750
0870972668
0870972481
0870972001
0870971833
0870971523
0870971412
0870971299
0870971179
0870970980
0870970721
0870970350
0870969878
0870969268
0870969043
0870968536
0870968276
0870967675
0870966815
0870966620
0870966612
0870965926
0870965332
0870965063
0870964308
0870963174
0870962677
0870962585
0870962584
0870962318
0870962236
0870961900
0870961830
0870961809
0870961416
0870960742
0870960492
0870960367
0870960092
0870959371
0870958685
0870958246
0870958220
0870958
0870957989
0870957968
0870956611
0870956205
0870956030
0870955817
0870955731
0870955091
0870955044
0870954913
0870954386
0870954217
0870954167
0870954153
0870954119
0870954070
0870953977
0870953450
0870952984
0870952702
0870952621
0870951798
0870951787
0870951737
0870951182
0870950725
0870950552
0870950276
0870950251
0870949472
0870949179
0870948976
0870948918
0870948848
0870948711
0870946510
0870946142
0870945868
0870945586
0870945259
0870945200
0870945188
0870945026
0870944633
0870944531
0870942828
0870942736
0870942114
0870942048
0870941641
0870941421
0870940255
0870940099
0870939949
0870939864
0870939317
0870938552
0870938074
0870937802
0870937627
0870937050
0870936708
0870935978
0870935780
0870935561
0870934536
0870933899
0870933588
0870933308
0870933221
0870933214
0870933100
0870932319
0870931474
0870930820
0870930791
0870930559
0870930427
0870930122
0870929602
0870929169
0870928470
0870928062
0870927942
0870927936
0870927823
0870926489
0870926414
0870925927
0870925523
0870925274
0870924919
0870924681
0870924502
0870924370
0870924159
0870924158
0870922759
0870922735
0870922698
0870922269
0870922233
0870922187
0870921619
0870921218
0870920984
0870920943
0870920561
0870920187
0870919728
0870919565
0870919552
0870919277
0870918356
0870918070
0870917417
0870916977
0870916971
0870916481
0870916164
0870916026
0870915814
0870915369
0870915274
08709152
0870915023
0870914466
0870914152
0870914130
0870914080
0870913660
0870913413
0870912821
0870912749
0870911524
0870911452
0870911345
0870911009
0870910959
0870910939
087091090
0870910467
0870910336
0870910092
087091
0870909146
0870909125
0870908756
0870908509
0870908443
0870908220
0870908189
0870907793
0870907767
0870906810
0870906410
0870906210
0870906102
0870905903
0870905573
0870904606
0870904399
0870904206
0870904100
0870904033
0870902770
0870902708
0870902622
0870902608
0870902572
0870902178
0870902001
0870901673
0870901653
0870901252
0870900931
0870900889
0870900779
0870900656
0870900650
0870900599
0870900185
0870899988
0870899579
0870899361+0837685733
0870898458
0870898045
0870898005
0870897516
0870897245
0870897190
0870897184
0870897013
0870896982
0870896672
0870896285
0870895362
0870894901
0870894877
0870894461
0870894354yuy
0870894354
0870894254
0870894009
0870893300
0870893051
0870892909
08708926351103
0870891962jel
0870891689
0870891301
0870891
0870890986
0870890853
0870890548
0870890030
0870890018
0870889405
0870889173
0870889035
08708888918764
0870888762
0870888574
0870887443
0870887411
0870887383
0870886773
0870886715
0870886287
0870885802
0870885700
0870885696
0870885150
0870884831
0870884608
0870884141
0870883868
0870883831
0870883697
0870883611
0870883504
0870883419
0870883400
0870882858
0870882811
0870882503
0870881950
0870881818
087088123
0870881159
0870880937
0870880854
0870880319
087088
0870879950
0870879935
0870879905
08708799
0870879775
0870879756
0870879735
0870879734
0870879594
0870879575
0870878714
0870878578
0870878518
087087843
0870878352
0870878061
0870878033
0870877935
0870877923
0870877709
0870877394
0870877346
0870877089
0870876905
0870876815
0870876690
0870876529
0870876324
0870876135
0870876130
0870876014
0870876006
0870875925
0870875710
0870875693
0870875627
0870875587
0870875420
0870875338
0870874886
0870874237
0870873906
0870873900
087087387
0870873759022
08708732477
0870873100
0870872311
0870872207
0870872199
0870871878170
0870871679
0870871666
0870871500
0870871335
0870871323
0870871275
0870871133
0870871111
0870871101
087087089
0870870480
0870870053
0870870014
0870869697
0870869693
0870869511
0870869091
0870868805
0870868567
0870868436
087086820
0870867989
0870867151
0870867051
0870866868
0870866866
0870866530
0870865b
0870865798
0870865670
0870864993
0870864961
0870864643
0870864485
0870863099
0870862235
0870861526
0870861459
0870861322
0870861124
0870860229
087086
0870859777
0870859431
0870859197
0870858873
0870858680
0870858544
0870858408
0870858285
0870857796
0870857101
0870856078
0870855610
0870855315
0870854414ni
0870853660
0870853587
0870853516
087085333
0870853249
0870852465
0870852262
0870851343
0870851266
0870850836
0870850466
0870850150
0870849822
0870849631
0870849359
0870848609
0870848143
0870848132
087084807
0870847743c,o
0870847689
0870847682
0870847421
0870847088
0870847073
0870846344
0870846227
0870846207
0870845853
0870844708
08708445599
0870844195
0870844137
0870843928
0870843700
0870843407
0870843399
087084332f
08708428joe
0870842527
0870842510
0870842346
0870842289
0870841884
0870841793
0870841691
087084148
0870841455
0870841447
0870841306
0870841191
0870840213
0870840164
0870839709
0870839216
0870838860
0870838831
0870838044
0870837316
0870836958
0870836852
0870836639
0870835113
0870835032
0870834053
0870833528
0870832965
0870832735
087083249677
0870832330
0870831994
0870830866
087083080
0870830678
0870829982
0870829734
0870829638
0870829621
0870829308
0870828868
0870827991
0870827033
0870826572
0870826477
0870825846
0870825364
0870825130
0870824770
0870824088
0870823798
0870823103
0870823
0870822663
0870822011
0870821470
0870820877
0870819417
0870819184
0870819009
087081876
0870818102
0870817614
0870817446
0870817259
0870817122
0870816500
0870816331
0870816072
0870815781
0870815447
0870813850
0870813733
0870813713
0870813697
0870813604
0870813489
0870812655
0870812654
0870812408
0870812232
0870812078
0870812009
0870811906
0870811714
0870811544
0870811233
087081121
0870811136
0870810524
0870810461
0870810041
0870809712
0870809001
0870808810
0870808187
0870808048
0870807416
0870807372
0870807370
0870807315
0870807288
0870807069
0870806323
0870805936
087080577o
0870805523
0870805248
0870805110
08708050
0870804967
0870804911
0870804845
0870804788
0870804207
0870804050
0870803896
0870803036
0870802923
0870802180
0870802136
0870801559
0870801
0870800763
0870799932
0870799767
0870799689
0870798945
0870798540
0870798075
0870796997
0870796971
0870796697
0870796662
0870796020
0870795951
0870795903
0870795591
0870793963
0870793627
0870793242
0870792911
0870792696
0870792618
0870792571
0870790946
0870790777
0870790626
0870790361
0870790017
0870789765
0870789584
0870789154
0870789086
0870788632
0870788470
0870788199
0870788077
087078807
0870788019
0870787581
0870787133
0870787130
0870786603
0870786551
0870786185
0870785377
0870784705
0870783878
0870783858
0870783423
0870783331
0870783060
0870782970
0870782958
0870782759
0870782646
0870782510
0870782461
0870782248
0870782075
0870782021
0870781985
0870781811@mai
0870781799
0870781065
0870780950
08707804
0870780286
0870780116
0870779963
0870779907
0870779784
0870779760
0870779677
0870779318
0870778827
08707788
0870778316
0870778125
0870777274
0870777222
0870777075
0870776744
0870776606
0870776602
0870775652
0870775591
0870775449
0870775008
0870774750
0870774626
0870774586
0870774556
0870774272
0870773716
0870773412
0870773177
0870773126
0870772717
0870771747
0870771505
0870770875
0870770626
0870770552ioi
0870770509
0870770396
0870770145
0870770068
0870770019
0870769059
0870768840
0870768526
0870767313
0870767055
0870766924
0870766566
0870766340
0870766269
0870766224
0870765632
0870765338
0870765331
0870764785
0870764538
0870764064
0870763695
0870763583
0870763348
0870763239
0870763235
0870763128
0870763075
0870763021
0870762565
0870762026
0870761905
0870761692
0870761683
0870761671
0870761444
0870761064
0870760903
0870760344
0870760334
08707602922216
0870760242
0870759457
08707590744
0870757665
0870757312
0870756669
0870756357
0870756335
0870756061
0870755880
0870755219
0870755138
0870755002
0870754646
0870754126
0870754072
0870753951
0870753289
0870753079
0870752805
0870752649
0870752348
0870752337p
0870752016
0870751903
0870751550
0870751173
0870750791
0870750469
0870750404
087075**9389
0870749651
0870749592
0870748899
0870748229
0870748201
0870748174
0870747760
0870747698
0870747633
0870747600
0870747523
0870747423
0870746858
0870746769
0870746185
0870745790
0870745187
0870744861
0870744747
0870744490
0870743310
0870743093
0870741933
0870741760
0870741047
0870740821
0870740363
0870740255
0870740186
087074
0870739890
0870739196
0870739018
0870738560
0870737772
0870737703
0870736150
0870736010
0870735847
0870735700
0870735242
0870734968
0870734876
0870733659
0870733112
0870732971
0870732967
0870732487
0870731490
0870731196
0870730762
0870730743
0870730619
0870730403
0870730095
0870729984
0870729549
0870728718
0870727733
0870727166
0870726992
0870726587
0870726277
0870726243
0870726228
0870725019
0870724623
0870724615
0870724271
0870724226
0870724120
0870723660
0870723584
0870722982
0870722903
0870722805
0870722766
0870722699
0870722
0870721122
0870721044
0870720529
0870720406
0870720255
0870720
087072
0870719604
0870719112
0870718728
0870718543
0870718087
0870717627
0870717566
0870717121
0870716966
0870716353
0870715900
0870715619
0870715125
0870714794
0870714767
0870714447
0870714133
0870713806
0870713694
0870713363
0870713288
0870713283
0870712971
0870712527
0870711989
0870711387
0870711362
0870710765
0870710509
0870710303
0870710200
0870709596
0870709532
0870709189
0870708975
0870708967tt
0870708739
0870708506
0870708471
0870708263
0870708247
0870707928
0870707740
0870707477
0870707353
0870707178
0870706866
0870706758
0870706615
0870706115
0870706087
0870705880
0870705661
0870705332
0870705
0870704899
0870704561
0870704509
0870703977
0870703742
0870703621
0870702554
0870701767
0870701493
0870701429
0870701157
0870700762
0870700735
08706ifou
0870699312
0870698920
0870697087
0870696843
0870696743
087069574
0870695628
0870694948
0870693849
0870693792
0870693602
0870693275
0870693031
0870692928
0870692900
0870692421
0870691568
0870691263
0870690900
0870690739
0870690646
0870690510
087069
0870689354
0870689015
0870688622
0870688264
0870687335
0870687251
0870687036
0870686137
0870685726
0870685593
0870685331
0870685318
0870685219
0870685081
0870684343
0870684316
0870684300
0870684176
0870683879
0870683128
0870683078
0870682902
0870682742
0870682688
0870682627
0870682213
0870682053
0870681811
0870681265
0870681149
0870681050
0870680939
0870679968
0870679766
0870679477
0870678875
0870678656
0870677656
0870677591
0870677384
0870677383
0870677340
0870677064
0870676768
0870676597
0870675792
0870675723
0870675680
0870675608
0870675502
0870674436
0870674152
0870673500
0870673399
0870672952
0870672690
0870672088
0870671820
0870671639
0870671579
0870671401
0870670616
0870670070
0870670012
0870669343
0870669010
0870669008
0870668825
0870667900
0870667808
0870666916
0870666480
0870666081
0870666025
0870665611
0870665358
0870665210
0870665108
0870665093
0870664892
0870664629
0870664105
0870663970
0870663310
0870663096
0870663034
0870662838
0870662811
0870662646
0870662624
0870662607
0870662365
0870662157
08706616731612
0870661556
0870661455
0870661447
0870661271
0870661245
0870660929
0870660513
0870660100
0870660069
0870659859
087065947123
0870659242
0870658900
0870658794
0870658694
0870658371
0870657398gift
0870656659
0870655931
0870655839
087065507
0870655054
0870654688
087065443
0870654173
0870653627
0870652149
0870651848
0870651557
0870651478
0870650630
0870650517
0870650223
0870650054
087065
0870649895
0870648921
0870648592
0870647853
0870646107
0870646100
0870645756
0870645715
0870645550
0870645099
0870645072
0870644759
0870644412
0870644286
0870643808
0870643802
0870643653
0870643652
0870643540
0870643052
0870642627
0870642078
0870641988
0870641785
0870641650
0870641599
0870641034999
0870640602
0870640475
0870639924
0870639854
0870639830
0870639744
0870639546
0870639208
0870639171
0870638839
0870638644
0870638434
0870638084
0870637495
0870637416
087063704
0870636372
0870636350
0870635859
08706358012k8
0870635499
0870635212
0870634990
0870634741
087063440606092533
0870634343
0870634064
0870633765
0870633716
0870633511
0870633315
0870633073
0870632526
0870632418
0870632384
0870632039
0870631921
0870631913
0870631519
0870631484
0870631312
0870631066
0870630704
0870630627
0870630390
087063
0870629944
0870629845
0870629801
0870629028
0870628506
0870628493
0870628382
0870628339
0870628214
0870628138
0870628083
0870627960
0870627945
0870627942
0870627825
0870627590
0870626865
0870626577
0870626574
0870626449
0870626154
0870626111
0870626
0870625851
0870625673
0870625559
0870625525
0870625513
0870625214
0870624840
0870624402
0870624325
0870623457
0870622474
087062082
0870620637
0870620616
087062
0870619698
0870619530
0870619332
0870619197
0870619037
0870618193
0870617867
0870617865
0870617632
0870617563
0870617065
0870616877
0870616777
0870616467
0870616328
0870616267
0870616177
0870616132
0870615959
0870614091
0870614044
0870613730
0870613250
087061287
0870612848
0870612401
0870612074
0870611953
0870611753
0870611250
0870611226
0870610740
0870610283
087061
0870609151
0870609138
08706091335170
0870608704
0870608583
0870608038
0870607674
0870607463
0870607444nd
0870607044
0870607027
0870606744
0870606726
0870606611
0870606581
0870605810
0870605656
0870605376
0870605271
0870605104
0870605
0870604327
0870604156
0870603250
0870602827
0870602055
0870601701
0870601677
0870600937
0870600786
0870600591
0870600216
08706001550
087060
08705dfafd
0870599806
0870599675
0870599663
0870599446
0870599193
0870598788
0870598259
0870597989
0870597543
0870597466aum
0870597324
0870597261
0870597076
0870596785
0870596760
0870596494
0870596347
0870596259
0870595791
0870595627
0870595576
0870595223
0870594325
0870593466
0870593138
0870593109
0870593011
0870592887
0870591826
087059172
0870591336
0870591286
0870590959
087059
0870589874
0870589754
0870589628
08705889460800457548
0870588785
0870588460
0870587014
0870586638
0870585730tik
0870585146
0870584914
0870584438
0870584043
0870583945
0870583896
0870583888
0870583633
0870583327tai
0870583239
0870583084
0870583006
0870582596
0870582464
0870581756
0870581745
0870581403
0870581187
0870581091
0870581000
0870580771
0870580748
0870580665
0870580541
0870580178
0870579643
0870579391
0870578967
0870578585
0870578540
0870578123
0870578053
0870577206
0870577170
0870576796
087057640800084
0870575997
0870575671
0870575565
0870575257
0870575250
0870574541087
0870574238
0870574021
0870573963
0870573670
0870573462
0870573280
0870572431
0870571267
0870571245
0870570708
0870570599
0870570218
0870570156
087057
0870569981
0870569799
0870569726
0870569591
0870569063
0870569033
0870568728
0870568591
0870568432
08705682870
0870568210
0870568207
0870568192
0870567899
0870567693
0870567682
0870567639
0870567567
0870567169
0870566840
0870566486
0870566477
0870566321
0870566055
087056572
0870565321987
0870565194
0870564494
0870564167
0870564002
0870563511
0870563308
0870563143
0870562785
0870562426
0870562373
0870562098
0870561706
0870561577
0870561050
087056089
0870560883
0870560723
0870560584
0870560218
0870560121
087056004
087056
0870559873
0870558482
0870558209
0870558122
0870557925
0870557405
0870557381
0870556885
0870556633
0870556572
0870556395
0870555948
0870555939
0870555836
0870555782
0870555754
0870555518
0870555168
0870555102
0870555080
0870554643
0870554561
0870554359
0870554325
0870554300
0870554055
087055256
0870552473
087055234