0861940580
0861940529
0861940264
086194
0861939960
0861939942
0861939940
0861939489
0861939468
0861939363
0861938220
0861937730
0861937697
0861937619
0861937586
0861937567
0861937439
0861937370
0861937369
0861937178
0861936878
0861936861
08619367778
0861936616
0861936547
0861936119
0861935902
0861935859
0861935433
086193536
0861934899
0861934825
0861934538
0861933881
0861933872
0861933843
0861933154
0861932979
0861932958
0861932836
0861932651
0861931206
086193074
0861930289
0861929870
0861929643
0861929381
0861929223
0861929205
0861929136
0861929107
086192895
0861928619
0861928587
0861928523
0861928296
0861928286
0861928021
0861928015
0861927647
0861926934ploy
0861926780
0861926344
0861926177
0861926093
0861925880
0861925829
0861925797
0861925764
0861925587
0861925108
0861924974
0861924785
0861924642
0861924585
0861924476
0861924392
0861924346
0861924310
0861924130
0861924030
0861923664
0861923533
0861923065
0861922819
0861922601
0861922479
0861922232
0861922054
0861921708
0861920972
0861920766
0861920735
0861920014
086192
0861919859
0861919853
0861919599
0861919404
0861919277
0861919269
0861919265
0861919126
0861918799
0861918741
0861918596
0861918595
0861918543
0861918463
0861918025
0861917949
0861917936
0861917529
0861917402
0861917378
0861917351123
0861917303
0861917270
0861916325
0861916173
0861915660
0861915508
0861915272
0861915155
0861915143
0861915141
0861915120
0861915091
0861914991
0861914776
0861914718
0861914524
0861914501
0861914460
0861914436
0861913977
0861913401
0861913396
0861913239
0861913102
0861912948
0861912725
0861912643
0861912540
0861911837
0861911667
0861911631
0861911347
0861911258
0861911184
0861910741
0861910542
0861910407
08619099ra4
0861909877
0861909485
0861909143
0861909073
0861908974
0861908087
0861908052
0861908045
0861907514
0861907068
0861906793
0861906422
0861906339
0861905926
0861905911
0861904876
0861904853
0861904590
0861904560
0861904460
0861904121
0861904115
0861904107
0861904008
0861902657
086190249416498
0861902338
0861902153
0861902086
0861902060
0861902024
0861901748
0861901181
0861901140
0861901047
0861901041
0861901028
0861900717
0861900557
0861900121
08619
0861899955
0861899867
0861899686
0861899601
0861899497
0861899356
0861899314
0861899016
0861899007
0861898677
0861898583
0861898390
0861898382
0861897889
0861897615
0861897123
0861897071
0861896402
0861896268
0861895863
0861895807
0861895769
0861895767
0861895583
0861895479
0861895315
0861895247
0861895229
0861895055
0861894602
0861894265
0861894132
0861894046
0861893746
0861893732
0861892812
0861892722
0861891832
0861891300
08618911802532
0861891059
0861890732
0861890719
0861890417
0861890199
0861889983
0861889874
0861889804
0861889764
0861889606
0861889429
0861889298
08618891
0861888922
0861888688
0861888647
0861888641
0861888506
0861888203
0861887911
0861887860
0861887858
0861887304
0861887289
0861887193
0861886840
0861886470
0861886436
0861886273
0861886101
0861885750
0861885649
0861885590
0861885415
0861884995
0861884602
0861884451
0861884312
0861884203
0861883825
0861883799
0861883756
0861883662
0861883609
0861883589
0861883582
086188326116955
0861882605
0861882602
0861882531
0861882378
0861882253
0861881874
0861881812
0861881736
0861881541
0861881483
0861881401
0861881388
0861880724
0861880455
0861880292
0861880035
086188
0861879689
0861879280
0861879272
0861879243
0861879066
0861878232
0861878057
0861877390
0861877381
0861877058
0861876531
0861876434
0861876265
0861875685
0861875536
0861875412
0861875311
0861875078
0861874990
0861874885
0861874824
0861874783
0861874647
0861874473
0861874340
0861874302
0861873921
0861873816
0861873648
0861873308++
0861873265
0861872686
0861872480
0861872309
0861871633
0861871482
0861871458
0861870994
0861870858
0861870503
08618704110899299343
08618702
0861869754
0861869564
0861869526
08618693
0861869153
086186878
0861868730
0861868586
0861868073
0861867996
0861867932
0861867808
0861867473
0861867364
0861867019
0861866683
0861866630
0861866586
0861866583
0861866362
0861866346
0861866168
0861865978
0861864945
0861864932
0861864809
0861864782
0861864132
0861863084
0861862734
0861862581
0861862349670
0861862335
0861862263
0861862091
0861861689
0861861528
0861861340
0861861188
0861861164
0861861153
0861861106
0861860694
0861860393
08618602.beti
0861860150
0861860130
08618601
086186
0861859950
0861859930
0861859847
0861859550
0861859549
0861859332
0861859164
0861859113
0861859054
0861858948
0861858601
0861858482
0861858335
0861858321
0861858316
0861858238
0861858146
0861858017
0861857967
0861857920
0861857855
0861857835
0861857549
0861857537
0861857449
0861857140
0861857119
0861856985
0861856425
0861856334
0861856247
0861855620
0861855586
0861855230
0861854911
0861854855
0861854413
0861854116
0861853905
0861853690
0861853398
0861853236
0861853019
0861852595
0861852110
0861851769
0861851230
086185108
0861850839
0861850646
0861850413
0861850365
0861850352
0861850210
086185
0861848915
0861848904
0861848659
0861848232
0861848114
0861847581
0861847314
0861846819
0861846579
0861846489
0861846360
0861846027
0861845640
0861845596
0861845536
0861845423
0861845312
0861845303
0861844696
0861844479
0861844297
0861844020
0861843738
0861843091
0861842582
0861842313
0861842141
0861841940
0861841434
0861841074
0861841044
0861841020
0861840847
0861840427
0861840099
0861840032
0861839539
0861839147
0861839023nn
0861839004
0861838815
08618388121
0861838416
0861838403
0861838249
0861837752
0861837578
0861837374
0861837247
0861836653
0861836408
0861836345
0861835997
0861835834
0861835519
0861835340
0861834773
08618347134927005
0861834535
0861834144
0861833348
0861833315
0861833228
0861832810
08618323402748
0861832183
0861832000
0861831733
0861831708
0861831541
0861831365
0861831344
086183122
0861831146far
0861831086
0861830998
0861830443
0861830385
0861830103
08618296
0861829344
0861829323
0861829226
0861829117
0861829115
0861828975
0861827868
0861827666
0861827424
0861827201
0861827014mm
0861827003
0861826874
0861826795
0861826703
0861826334
0861826277
0861825578
0861825248
0861824925
0861824633
0861824474
0861824094
0861823983
0861823950
0861823911
0861823864
0861823717
0861823557
0861823493
0861823408
0861823316
0861822567
0861822498
0861822488
0861822426
0861822141
0861821931
0861821889
0861821777
0861821756
0861821445
0861821209
0861820737
0861820678
0861820433
0861820413
0861820245
0861820170
086182
0861819927
0861819887
0861819610
0861819399
0861819306
086181920
0861819065
0861819045
0861818850
0861818681
0861818479
0861818411
0861818162
0861818040
0861817914
0861817656
0861817514
0861817212
08618169989
0861816982
0861816781
0861816589
0861816585
0861816527
0861816329
0861816326
0861816213
0861816032
0861815838
0861815719
086181549
0861815348
0861814976
086181492
0861814882
0861814803
0861814590
0861814273
0861814126
0861813589
0861813507
0861812107
0861812082
0861812061
0861811780
0861811603
0861811506
0861811479
0861811407
086181102911384
0861810806
0861810776
0861810764
0861810663
08618105
0861810352
0861810215
0861810150
0861809695
0861809496
0861809113
0861808808
0861808074
0861808007
0861807989
0861807967
0861807741
0861807379
0861806298
0861806264
0861805997
0861805949
0861805819
0861805697
0861805687
0861805234
0861805143
0861805070
0861804364
0861804241
0861803830
0861803713
0861803509
0861802969
0861802515
086180250223531
0861802391
0861802359
086180211
0861801548
0861801042
0861800656
0861800556
0861800518
0861800268
0861800201
0861800137
0861800
08618/5
0861799907
0861799868
0861799500
0861799250
0861799000
0861798946
08617985042534
0861797968
0861797896
0861797652
0861797480
0861797447
0861796895
0861796620
0861796591
0861796513
0861796097
0861796088
0861795522
0861795272
0861794914
0861794878
0861794741
0861794714
0861794273
0861794199
0861794026
0861793151
0861792537
0861792184
0861791013
0861789788
0861789608
086178911239125
0861789112
0861788464
0861788066
0861787845
086178781
0861787412
0861787385
0861786884
0861786722
0861786594
08617865640834840738
0861786432
0861786295
0861786120
0861785712
0861785581
0861785282
0861784869
0861784864
0861784772
0861784712
0861783649
0861783320
0861783232
0861782906
0861782797
0861781637
0861781586
086178084
086178062
0861780500
0861779501
08617791952523
0861779120
0861778630
0861778481
0861778020
0861778013
0861777648
0861777470
0861777331
0861777117
0861777089
0861777080
0861776365
0861776225
0861776006
086177598477140
0861775930
0861775899
0861775794
0861775625
0861775409
0861775261
0861775131
0861774887
0861774840
0861774571
0861774165
0861773927
0861773375
0861773313
0861773134
0861772803
0861772787
0861772722
0861772535
0861772260
0861772218
0861771957
0861771566
0861771389
086177128401011
0861771193
0861771016
0861770818
0861770313
0861770025
086177
0861769621
0861769577
0861769371
0861769352
0861769306
0861769048
0861768760
0861768358
0861768294
0861768062
0861767985
0861767717
0861767662
0861767602
0861767226
0861767137
0861766475
0861765866
0861765293
0861764831
0861764728
0861764709
0861764437
0861764427
0861764388
0861764247
0861764124
0861764024
0861763858
0861763768
0861763724
0861763706
0861763626
0861763303
0861762275
0861762029
0861761802
0861761698
0861760864
0861760801
0861760716
0861760518pok_golf
0861760301
0861760291
0861760169
0861760067
0861759975
0861759888
0861759824
0861759536
0861759275
0861759071
0861758587
0861758256
0861758043
0861757870
0861757780
0861757730
0861756756
0861756656
0861755442
0861755225
0861754792
0861753198
0861752948
0861752132
0861751782
0861751095
0861751091
0861751089
0861751068
0861750877
0861750512
0861750413
0861750237
0861750230yui
0861750128
0861750084
0861750003
0861749676
0861748845oyo
0861748180
0861747993
0861747986
086174750
0861746568
0861746483
0861746427
0861746144
0861745962
0861745677
0861745462
0861744878
0861744119
0861744063
0861743782
0861743660
0861742873
0861742241
0861740260
0861739874
0861738314
0861738274
0861738233
0861738144
0861738106
0861738079
08617378322009
0861737615
0861736031
0861735930
0861735590
0861735427
0861735093
0861734887
0861734644
0861734274
0861734260
0861733980
0861733566
0861733066
0861732957
0861732836
0861732745
0861732680
0861732126
0861731787
0861731663
0861730300
086173
0861729286
0861728818
0861728553
0861728220
0861727485
0861727409
0861727128
0861726063
0861724435
0861724245
0861724134
0861724117
0861723265
0861722958
0861722859
0861722678
0861722111q
0861721566
0861721505
0861721461
0861721395
0861721193
0861721094
0861720569
0861720215
086172
0861719849
0861719627
0861719052
0861718795
0861717914
0861717694
0861717377
0861716757
0861716605
0861716060
0861715596
0861715200
0861715192
0861714901
0861713496
0861713217
0861712823
0861712594
0861712160
0861711921
0861711828
0861711778
0861710994
0861710935
0861710608
0861710082
0861710
0861709824
086170949hector
0861709315
0861709119
0861709031
0861708899
0861708380
0861708350
0861708195
0861707532_dear
0861707446
0861704980
0861704385
0861703789
0861703238
0861702866
0861702512
0861702320
0861702175
0861701834
0861701306
0861700831
0861700730
086170
0861699954
0861699790
0861699756
0861699325
0861699316
0861698885
0861698689
0861698612
0861698181
0861697810
0861697686
0861697224
0861697062
0861696556
0861696253
0861696077
0861696035
0861695280
0861695256
0861695232
0861695011
0861694171
0861693691
0861693083
0861692749
0861692189
0861692042
0861691985
0861691724
0861691699
0861691448
0861690846
0861690674
0861690570
0861690133
0861689007
0861688857
0861688421
0861688025
0861687382
0861686810
0861686051
0861686006
0861685975
0861685765
0861685584
0861685129p
0861684472
0861684412
0861684397
086168374312581
0861683682
086168266
0861682600
0861681328
0861680848
0861680816
0861680556
086168
0861679947
0861679787
0861679663
0861679516
0861679065
0861678447
0861678166
0861678017
0861677797
0861677746
0861677618
0861677369
0861676730
0861675694
0861675465
0861674753
0861674155
0861673795
0861673741
0861673652
0861673348
0861672964
0861672924
0861672896
0861672497
0861671923
0861671659
0861671643
0861671529
0861671240
0861671231
0861670933
0861670370
0861670263
086167009
0861669512
0861669450
0861669406
0861669138
0861669003
0861668893
0861668887
0861668731
0861668629
0861668233
086166770
0861667348
0861666606
0861666535
0861666418
0861666060
0861665711
0861665655
086166557
0861665525
0861665461
0861664983
0861664558
0861664484
0861664317
0861664314
0861664258
086166389
0861663547
0861662901
0861662794
0861662694
0861662606
0861662478
0861662439
0861662391
0861661779
0861661339
0861661093
0861660702
0861660368
0861659144
0861658920
0861658705
0861658392
0861657486
0861657350
0861657229
0861656454
0861656251
0861655581
0861654659
0861654267
0861654213
0861654160
0861653571
0861653352
0861653328
0861652903
0861652531
0861652383
0861651707
0861651622
0861651565
0861651554
0861651469
0861651447
0861651193
0861650607
0861650030
086165
0861649970
0861649451
0861649293
0861649136
0861649042
0861647857
08616478
0861647500
0861647488
0861647266
0861647
0861646992
0861646655
0861646406
0861646388
0861646235
0861645958
086164558
0861644961
0861644885
0861644225
0861642312
0861642187
0861642126
0861642053
0861641323
0861641287
0861641012
086164
08616399
0861639876
0861639740
0861639630
0861639492
0861639096
0861638900
0861638253
0861638142
0861638081
0861638073
0861637869
0861636811
0861636553
0861635786
0861635587
0861633696
0861633600
0861633427
0861633425
0861632954
0861632550
0861632255
0861632174
0861631550
0861630995
0861630960
0861630441
0861630359
0861630135
0861629999
0861629977
0861629958
0861629514
0861629453
0861629411
0861628855
0861628814
0861628687
0861628632
0861628532
0861628336
0861628282
0861628042
0861627897
0861627893
0861627730
0861627392
0861627291
0861626483
0861626475
0861626351
0861625922
0861625682
0861625575
0861625251
0861625130
0861624655
0861623977
0861623201
0861622906
0861622758
0861622668
0861622527
0861622239
0861621828
0861621773
0861621737
0861621618
0861621575
0861621542
0861621226
0861620917
0861620872
0861620799
0861620688
0861620681
0861619787
0861619497
0861619424
0861619378
0861618418
0861618414
0861618261
0861618124
0861618022
0861618013
0861617847
0861617421
0861616631
0861616525
0861616465
0861616249
0861615707
0861615441
0861615310
0861615060
0861614424
0861613775
0861613543
0861612758
0861612700
0861611613
086161160
0861611515
0861611442
0861611402
0861611400
0861611238
0861611204
0861610981
0861610174
0861610021
0861609596
0861609264
0861609053
0861608921
0861608762
0861607818
0861607795
0861607704
0861607699
0861607554
0861606499
0861606311
0861606076
0861606
0861605681
0861605448
0861605008
0861604636
0861604536
0861604056
0861604055
0861604040
0861602067
0861601960
0861601328
0861601146
0861601041
0861600909
086160003
0861599947
0861599860
0861599849
0861599820
0861599221
0861599089
0861599084
0861599034
0861598680
0861598577
0861597720
0861597694
0861597285
0861596887
0861596830
0861596359
0861596274
0861595883
0861595831
086159568
0861595377
0861595087
0861594855
0861594528
0861594396
0861594367
0861594103
0861594098
08615940
0861593819
0861593736
0861593465
0861593404
0861592923
0861592836
0861592753
0861592549
0861592512
0861592473
0861592422
0861592286
0861592261
0861591942
0861591832
0861591775
0861591736
0861591668
0861591617
0861591575
0861591517
0861591454
0861591176
0861590760
0861590597
0861590455
0861590082
086159
0861589494
0861589233
0861588534
0861588261
0861588015
0861587800
086158723
0861587180
0861587158
0861586850
0861586616
0861586467
0861586288
0861585703
0861585470
0861584907
0861584820
0861584606
0861584526
0861584493
0861584428
0861584246
0861583234021237
0861583033
0861582180
0861581315
0861581163
0861581008
0861580732
0861580574
0861580541
0861580431
0861580388
0861579996non
0861579996
0861579873**
0861579809
0861579705
0861579512
0861579398
0861579294
0861579096
0861578671
0861577655
0861577537
0861577521
0861576911
0861576473
0861575797
0861575548
0861575448
0861575365
0861574962
0861574750
0861574665
0861574374
0861574260
0861573866
0861573618
0861572642
0861572595
0861572045
0861571761
0861571760
0861571652
0861571541
0861571108
0861571107
0861570964
0861570814
0861570098
0861569823
0861569582
0861569143
0861568993
0861568901
0861568898
086156840
0861568025
0861567129
0861566881
0861566650
0861566373
0861566361
0861566244
0861566216
0861566121
0861566115
0861565975
0861565546
086156554137/2
0861565397
0861565311
0861565272
0861564420
0861563317
0861562676
0861562206
0861562060
0861560993
0861560933
0861560697
0861560501
086156
0861559414
0861559345
0861559113
0861558319
0861558218
0861557983
0861557789
086155694
0861556880
0861556847
0861556825
0861556700
0861556625
0861556598
0861556584
0861556541
0861556501
0861556006
0861555894
0861555801
0861554885
0861554844
0861554419
0861554337
0861553852
0861553621
08615536
0861553150
0861553117
0861552853
0861552587
0861551712
0861551617
0861550290
0861550035
0861549937
0861549689
0861549405
0861549078
0861549069
0861548956
0861548599
0861547752
0861547665
0861547352
0861547063
086154701
0861546941
0861546841
0861546827
0861546805
0861546533
0861546101
0861546021
0861545856
0861545821
0861545806
0861545359
0861545350
0861545327
0861545059
0861545051
0861544950
0861544811
0861544501
0861544475
086154427
0861544262
0861544134
0861543657
0861543163
0861543104
0861542816
0861542814
0861542571
0861542411
0861542305
0861542214
0861541242
0861541160
0861540974
0861540866
0861540816
0861540648
0861540388
086154
0861539831
0861539735
0861539277
0861539166
0861537292
0861537111
0861537028
0861536940
0861536627
0861536280
0861535972
0861535714
0861535614
0861535463
0861535454
0861535362max
0861534870
0861534848
0861534775
0861534770
0861534378
0861534344
0861534182
0861534074
0861534064
0861533467
0861533019
0861532987
0861532795
0861532100
0861532081
0861531771
0861531737
0861531223
0861531050
086153098204062300
0861530463
0861530462
0861530389
0861530178
0861530170
0861530100
0861530095
086153
0861529935
0861529588
0861529572
0861527741
0861527487
0861527428
0861527322
0861526839
0861526660
0861526229
0861525455
0861525310
0861524596
0861524580
0861524564
0861524315
0861523943
0861523801
0861523152
0861522927
0861522212
0861522175
0861522141
0861522066
0861521774
0861521551
0861521526
0861520515
086152031
0861520062
086152
0861519183
0861518556
0861518293
0861517915
0861517627mam
0861517535
0861517466
0861517204
0861516914
0861516681
0861516273
0861516091
0861515820
0861515765
0861515689
0861515374
0861515309
0861515059
0861514970
0861514755
0861514600
0861514220
0861514192
0861513772
0861513667
0861513593
0861513255
0861512558
0861511876
0861511774
0861511192
0861511150
0861510472
0861510400
0861510260
0861510204
0861510008
0861509859
0861509789
0861509433
0861509233
0861508961
0861508482
0861507978
0861507672
086150758
0861506983
0861506712
0861506324
0861506320
0861506106
0861506067
0861505968
0861505904
0861505344
0861505096
0861505057
0861504612
0861504176
0861504024
0861503739
0861503514
0861503449
0861503300
08615032
0861502662
0861502648
0861502498
0861502260
0861501997
0861501210
0861501047
0861500780
0861500751
0861500700
0861500425
0861500421
0861500304
086150
0861499794
0861499471
0861499308
0861498968
0861498732
0861498331
0861498285
0861497855
0861497792
0861497389
0861497166
0861497020
0861496735
0861496361
0861496326
0861496246
0861495731
0861495469
0861495439
0861495300
0861495258
0861494995
0861494914
0861494248
0861493962
0861493606
0861493164
0861492821
0861492820
0861492505
0861492315
0861492156
0861491502
0861491226
0861491126
0861490559
0861490414
0861490413
086149
0861489799
0861489393
0861489150
0861489040
0861488806
0861488727
0861488565
0861488161
0861488158
0861488106
0861487984
0861487906
0861487796
0861487745
0861487660
0861487236
086148679
0861486360
0861485239
0861485064
0861485042
0861484754
0861484449
0861484009
0861483969
0861483530
0861482920
0861482507
0861481997
0861481235
0861480522
0861480298
0861479757
0861479695
0861479537
0861479259
0861478687
0861477565
0861477507
0861477435
0861477343
0861476157
08614760810616458
0861475957
0861475927
0861475269
0861474956
0861474925
0861474870
0861474656
0861474381
0861474342
0861474036
0861473590
0861473177
0861472509
08614725
0861472433
0861472370
0861472025
0861471963
0861471632
0861471514
0861470884
0861470764
0861470515
0861470317
0861469955
0861469556
0861469
0861468925
0861468913
0861468890
0861468303
0861468015
0861467929
0861467897
0861467558
0861467539
0861467249
0861465727
0861465669
0861465590
0861465355
0861464966
0861464950
08614647402532
0861464718
0861464682
0861464676
0861464484
0861463837
0861463532
0861463308
0861463110
0861462930
0861462253
0861461937
0861461806
0861461592
0861461063
0861459715
0861459413
0861459166
0861458987
0861457100
0861456387
0861456381
0861456246_P
0861455816
0861455195
0861455110
0861455
0861454711
0861454419
0861454398
0861454228
0861454219
0861453512
0861453472
0861453060
0861452988
0861452975
0861452934
0861452756
0861452122
0861452093
0861452045
0861451481
0861451046
0861450622
0861450339
0861450324
0861450191
0861450151
0861450055
086145
0861449975
0861449931
086144964
0861449417
0861449382
0861449297
0861448805
0861448429
0861448020
0861447887
0861447874
0861447627
0861446989
0861446624
0861446600
0861446055
0861445734
0861445512
0861445117
0861445099
0861445035
0861445004
0861444819
0861444771
0861444733
0861444646
0861444527
0861444509
0861444156
0861443877momay
0861443669
0861443396
0861443340
0861443164
0861443088
0861442644
0861442628
0861442583
0861442511
0861442172
0861442073
0861441565
0861440732
0861440483
0861439989
0861439933
0861439644
0861439346
0861438016
0861437511
0861437217
0861437164
0861436622
0861436400
086143631
0861435834
0861435350
0861435277
0861435201
0861434840
0861434815
0861434573
0861434550
0861433735
0861433347
0861433044
0861432385
0861431884
0861431791
0861431277
0861431051
0861430524
0861430050
0861429791
0861429676
0861429522
0861429431
0861429246
0861429061
0861429040
0861428670
0861428655
0861428226
0861428195
0861427997
0861427886
0861427336
0861427
08614268145
0861426092
0861425948
0861425425
0861424785
0861424340
0861423992
0861423990
0861423754
0861423551
0861423511
0861423474
0861422913
0861422566
0861422275
0861422221
0861422001
0861421636
0861421627
0861421199
0861420901
0861420803
0861420797
0861420749
0861420211
0861419861
0861419859
0861418685
0861417759
0861417169
0861416530
0861416454
0861416338
0861416282
0861416037
0861416001
0861415421
0861414924
0861414601
0861414401
0861414258
0861413573
0861412648
0861412108
086141202613
0861411941
0861411671
0861411436
0861411395
0861411291
0861411087
0861410944
0861410608
0861410451
0861410238
0861410233
0861409679
0861409623
0861409377
0861409279
0861409057
0861408895
0861408818
0861408778
0861407093
0861406887
0861406236
0861405653
0861405486
0861404641
0861404558
0861404405pair
0861404383
0861404051
0861403941
0861403881
0861403289
0861403103
0861402976
0861402669
0861402519
0861402513
0861401906kOy
0861401644
0861401609
0861401494
0861400935
0861400786
0861400775
0861400710
0861400457
0861400446
0861400098
0861400061
086140
0861399998
0861399280
0861399008
0861398957
0861398936
0861398754
0861398663
0861398464
0861397865
0861397633
0861397571
0861396689
0861396462
0861396305
0861396181
0861395958
0861395941
0861394640
0861394619
0861394455
0861393237
0861393214
0861393129
0861392650
0861391393
0861391
0861390978
0861390691
0861390112
0861390078
0861389463
0861389422
086138920
086138848
0861388373
0861388360
0861388164
0861387602
0861387344
0861387316
0861386938
0861386493
0861385984
0861385794
0861385510
0861385449pop
0861385401
0861385140
0861384903732
08613844
0861384128
0861383956
0861383538
0861382097
0861382084
086138193
0861381454
0861381202
0861381189
0861379924
0861379778
0861379743
0861379671
0861379660
0861379482
0861379342
0861379191
0861378925
0861378797
0861378713
0861378231
0861377863
0861377790
0861377620
0861377373
0861377368
0861377271
0861376972
0861376073
0861375794
0861375218
0861375003
0861373560
0861373505
0861373404
0861373400
0861373376
0861373038
0861372979
0861372161
0861372090
0861372079
0861371995
0861371696
0861371401
0861370969
0861370354
0861370185
0861370127
0861369864
0861369859
0861369811
0861369293
0861369280
0861369256
0861367728
0861367402
0861366375
0861366346
0861366302
0861366227
086136516
0861364699
0861364525
0861364310
0861364058
0861363703
086136291
0861362783
0861362600
0861362362
0861362169
0861362141251131
0861361948
0861361482
0861360954
0861360380
0861360067
086136
0861359949
0861359663
0861359655
0861359566
0861359470
08613594431006
0861359144
0861359101
0861358469
0861358292
0861358202
0861358163
0861357804
0861357429
0861357036
0861357031
0861356822
0861356634
08613552530853325
0861355196
0861355089
0861354850
0861354618
0861354487
0861353393
0861352572
0861352544
0861352535
0861352356
0861352273
0861352061
0861351861
0861351126
0861350439
0861349488
0861349345
0861349104
0861348931
0861348666
0861348571
08613483
0861347738
0861345809
0861345436
0861345393
0861345224
0861345222
0861345060
0861344643
0861344562
0861343507
0