
0872834613
0872833656
0872833576
0872833497
0872833094
0872833075
0872832919
0872832769
0872832642
0872832326
0872831674
0872831189
0872831139
0872830536
0872830515
0872830344
08728301999
0872830199
0872829727
0872829600
0872828060
0872827981
0872827905
0872827889
0872827871
0872827803
0872827660
0872827531
0872827303
0872826327
0872826173
0872826105
0872825846
0872825822
0872824740
0872824733
0872824659
0872824404
0872823662
0872823198
0872822851
0872822845
0872822769
0872822761
0872822452
0872822275
0872822261
0872822103
0872822093
0872821992
0872821847
0872821787
0872821716
0872821550
0872821255
08728211
0872820869
0872820831
0872820199
0872820109
0872820078
0872819961
0872819828
0872819823
0872819707
0872819364
0872818204byrne
0872817933
0872817730
0872817588
08728174
0872817359
0872817327
0872816821
087281660
0872816009
0872815799
0872815538
0872815002
0872814076
0872813917
0872813914
0872813490
0872813327
0872812746
0872812664
0872812475
0872812457
0872811742
0872811738
0872811015
0872810830
0872810105
0872809685
0872809360
0872809293
0872809107
0872808510
0872807872
0872807674
0872807460
0872806869
0872806850
0872806838
08728068
0872806023
0872805925
0872805725
0872805591
0872804934
08728043011
0872803756
0872803747/8/36
0872803699
0872803110
08728030
0872802882
0872802711
0872802437
0872801664
0872801650
0872801337
0872800935
0872800811
0872800749
0872800268
0872800126
0872799089
0872798319
0872798122
0872797903
0872797896
0872797735
0872797492
0872797345
0872797296
0872797090
0872797066
0872796686
0872796169
0872794174
0872793502
0872793492
0872793473
0872792104
0872792080
0872792077
0872791979
0872791538
0872791338
0872790955
0872790934
0872790839
0872790091
087279
0872789976
0872789825
0872789606
0872789510
0872789502
0872789372
0872789008
0872788898
0872788600
0872788309
0872788127
0872787865
0872787684
0872786816
0872786519
0872786163
0872786101
0872785712
0872785671
0872785463
0872785410
0872785374
0872785198
087278502
0872784880
0872783546
0872783245
0872782683
0872782515
0872781337
0872780864
0872780614
0872780075
0872779681
0872779619
0872779470
0872779293
0872779086
0872778893
0872778867
0872778401
0872777434
0872777404
0872777104
0872776941
0872776684
0872776425
0872776257
0872776207
0872776077
0872775969
0872775907
0872775679
0872775580
0872775385
0872775237
0872775132
0872775109
0872774407
0872774344
0872774200
0872773073
0872772694
0872772679
0872772624
0872772514
087277200
0872771206
0872771168
0872771112
0872770962
0872770791
0872770499
0872770235
0872770200
0872770130
0872770085
087277
0872769986
0872769860
0872769841
0872769680
0872769
0872768977
0872768928
0872768772
0872768457
0872767475
0872767467
0872766594
0872766486
0872766070
0872765872
0872765704
0872764570
0872764093
0872764050
0872763700
0872762459
0872762209
0872761532
0872761459
0872761335157359
0872758985
0872758792
0872758689
0872758507
0872758329
0872758300
0872758199
0872757988
0872757968
0872757943
0872757811
08727578
0872757565
0872757180
0872756721
0872756334
0872756153
0872756090
0872755624
0872755516
0872755326
0872755315
0872755237
0872754382
0872753301
0872752990
0872752222
0872751918
0872751368
0872751035
0872750075
0872748897
0872748780
0872748335
0872748328
0872747848
0872747656
0872747625
0872746824
0872746726
0872746484
0872745834
0872745677
0872745194
0872745136
0872744876
0872744750
0872744561
0872744220
0872743704
0872743702
0872743391
0872742904
0872742751
0872742742
0872742728
0872741339
0872741331
0872741187
0872740907
0872740641
0872740618
0872740570
0872740174
0872740112
0872740073
0872740027
087274
0872739587
087273951
0872738400
0872738036
0872737907
0872737624
0872737391
0872737385
0872737094
0872737088
0872736754
0872736073
0872735512
0872735502
0872735052
0872734780
0872734652
0872734404
0872734313
0872734195
0872734163
0872733940
0872733914
0872733873
0872733353
0872733043
0872732950
0872732431
0872732233
0872732160
0872732145
0872731897
0872731719
0872731717
0872731433
0872730899
0872730360
0872730272
0872729689
0872729456
0872728500
0872727843
08727278121
0872727606
0872727516
0872727283
0872727246
0872726806
0872726765
0872726622
0872726277
0872726263
0872726253\\
0872726253
0872726001
0872725955
0872725482
0872725210
0872724572
0872724408
0872724070
0872724003
0872723945
0872723728
0872723671
0872723641
0872723498
0872723348
0872723271
0872722972
08727228624
0872722853
0872722752
0872722282
0872722082
0872721261
0872720991
0872720381
0872720359
0872720162
0872720047
0872719851
0872719744
0872719425
0872718902
0872718805
0872718760
0872718658
0872718494
0872717973
0872717257
0872716979
0872716108
0872715959
0872715828
0872715811
0872715430
0872715283
0872715170
0872713626
0872713587
0872713250
0872713064
0872712931
0872712845
087271235
0872712052
0872711926
0872711337
0872711217
0872710988
0872710937
0872710886
0872710698
0872710645
0872710587
08727102333
0872710233
0872709004
0872708415
0872708064
0872707111
0872706748
0872706697
0872706401
0872705401
0872705336
0872705011
0872704908
0872704649
0872704616
0872704474
0872704283
0872703694
0872703624
0872702596
0872702450
0872702354
0872702216
08727021989
0872702188
0872702149
0872701963
0872701923
0872701547
0872701446
087270104614
0872700910
08727
08726998950857955541
0872699770
0872699630
0872699320
0872699197
0872699030
0872699001
0872698768
0872698503
0872698491
087269845
0872698136
0872697597
0872696349
0872696135
0872695653
0872694788
0872694060
0872693704
0872693590
0872693557
0872693458
0872692984
0872692915
0872692819
0872692355
0872691594
0872691122
087268994
0872689799
0872689614
0872688860
0872688652
0872688312
0872688088
0872687680
0872687537
087268684
0872686774
0872686761
0872686660
0872686644
0872686048
0872685350
0872685190
0872684879
0872684752
0872684612
0872684537
0872684342
0872684192
0872683914
0872683871
0872683650
0872683534
0872682885
0872682457
0872681608
0872681396one
0872681134
0872681093
0872680853
0872680293
0872680107
087268
0872679551
0872679431
0872679357
0872679265
0872678980
0872678845
0872678617
0872677506
0872677069
0872677038
0872677030
0872677012
0872676846
0872676717
0872676620
0872676521
0872676506
0872675280
0872674976
0872674543
0872674470
0872674090
0872673811
0872673677
0872673130
0872672779
0872672572
0872671868
0872671478
0872671312
08726712320
0872671093
0872670811
0872670128
0872670068
0872669574
0872668904
0872668461
0872668343
0872668268;ik4iIN
0872668226
0872668029
0872667844
0872667709
0872667593
0872667491
0872667408
0872667180
087266711
0872667043emo
0872666964
0872666939
0872666760
0872666480
0872666032
0872665675
0872665638
0872665574
0872665152
0872664760
0872664716
0872664440
0872664006
0872663960
0872663779
0872662724
0872662663
0872661836
0872661367456
0872661355
0872661003
0872660900
0872660802
0872660442
0872660230
0872660023
0872659790
0872659600
0872659598
0872659377
0872659355
0872659256
0872659210
0872659184
0872659156
0872658991
0872657689
0872657505
0872657218
0872656148
0872655414
0872654908
0872654879
0872654826
0872654681
0872654669
0872654622
0872654070
0872653862
0872653561
0872653496
0872653060
0872653049
0872652731
0872651976
0872651777-02820
0872651358
0872651043
0872651018
0872650366
0872650147
0872650036
0872649739
08726496
0872649447
0872648457
0872648167
0872647254
0872646621
0872646349
08726460540709
0872646025
0872645835
0872645506
0872645155
0872644735
0872644494
0872644452
0872644420
0872644218
0872643800
0872643211
0872643016
0872642383
0872642020
0872641815
0872641792
0872641353
0872641
0872640813
0872640400joy
0872639810
0872639490
0872639073
0872638700
0872638252
0872637204
0872636633
0872636282
0872635947
0872635634
0872635611
0872635530
0872634041
0872633944
0872633841
0872633692
0872632963
0872632892
0872632538
0872631964
0872631370
0872630442
087263
0872629868
0872629561
0872629558
0872629269
0872628350
0872628286
0872628126
0872627592
0872627535yai
0872627401
0872627266
0872627062
0872626575
0872626471
0872625966
0872625413
0872624933
0872624692
0872624432
0872624203
0872623832
0872623828
0872623672
0872623653
0872623408
0872623312
0872623240
0872623093
0872623069
0872622424
0872622423
0872622320
0872622231
0872621576
0872619923
0872619654
0872619487
0872619442
0872619364
0872618795
0872618638
0872618493
0872618144
0872618136
0872618083
0872617282
0872616866
0872616651
0872616557
0872616379
0872616120
0872616039
0872615901
0872614710
0872614522
0872614383
0872614226
0872613954
0872613789
0872613653
0872613635
0872613530
0872613345
0872613317
0872613121
0872612933
0872612908
0872612434
0872612313
0872612125
0872611543
0872611513
0872611295
0872611090
0872610948
0872610942
0872610585
0872610475
0872610279
0872610151
0872610147
0872609706
0872609621
0872609570
0872609201
0872608600
0872608399
08726077184102
0872607460
0872607280
0872607052
0872606769
0872606421
0872606179
0872606095
0872605742
0872603711
0872602987
0872602689
087260260
0872602481
0872602076
0872601934
0872601849
0872601528
0872601425
0872601276
0872601247
0872601025
0872600237
0872600225
0872600021
0872599666
0872599634
0872599600
0872599428
0872599127
0872599048
0872599018
0872598855
0872598497
0872598441
0872598013
0872598
0872597955
087259668
0872596412
0872596050
0872595217
0872595109
0872594800
0872594514
0872594409
0872594117
0872593764
0872593671
0872593044
0872592839
0872592717
08725927
0872592513
0872592449
087259230714
0872591714
0872591516
0872590090
0872589966
0872589553
08725892589
0872588756
0872588392
0872587993
0872587090
0872587044
0872586979
0872586749
0872586403
0872586310
0872586143
0872585886555
0872585327
0872585032
0872584647
0872584632
0872584394
0872583940
0872583844
0872583373
0872582771
0872582612
0872582359
0872582218
0872581715
0872581288
0872581190
0872580629
087258
0872579466
0872579161
0872579047
0872578981
0872578075
0872577988ying
0872577732
0872577312
0872577185
0872576600
08725765
0872575957
0872575731
08725756
0872575209
0872574592
0872574481
0872574358
0872574342
0872574167
0872573933
0872573825
0872573515
0872573430
087257317
0872572530
0872572427
0872571998
0872571719
0872571583
0872571291
0872570721
0872570343
0872570040
087257
0872569846
0872569704
0872569672
0872569488
0872569419
0872569345
0872569200
0872569110
0872569005
0872568944
0872568729
0872568501
0872568394
0872568211
0872567561
0872567475
0872567169
0872566993
0872566570
0872566569
0872566407
0872566190
0872566072
0872565905
0872565373
0872564865
0872564607
0872564600
0872564504
0872564320
0872563978
0872563911
0872563803
0872563739
0872563606
0872563455
0872563271
0872561970
0872561949
087256154
0872560799
0872560529
0872560521
087256
0872559542
0872559450
0872559446
0872559335
0872558506
0872557639
0872557185
0872557117
0872557106
0872555915
0872555567
0872555202
0872554631
0872554563
0872554555
0872554539
0872554237
0872553911
0872553839
0872553788
0872553615
0872553587
0872553571
0872553511
0872553501
0872553153
0872552819
0872552517
0872552481
0872551992
0872551988
0872551775
0872551336
0872550884
0872550548
0872550434
0872550055
087255
0872549843
0872549832
0872549729
0872549217
0872547453
0872547411
0872546670
0872546511
0872546427
0872546206
0872546099
0872546050
0872545860
0872545846
0872545762
0872545531
0872545530
0872545123
0872544952
0872544732
0872544465kc
0872544298
0872544276
0872544255
0872544087
0872543937
0872543600
0872543364
0872543316
0872543099
0872542252new
0872542152
0872541817
0872541797
0872541667
0872541586
0872541516
0872541264
0872541221
0872540836
0872540688
0872540486
0872540412699
0872540269
0872540040
0872539656
0872539299
0872539
0872538925
0872538647
0872538388
0872538361
0872538004
0872537945
0872536972
0872536588pick.
0872536346
0872536264
0872536219
0872536181
0872535963
0872535476
0872535253
0872534380
0872533392
0872533296
0872532790
087253218125
08725318330801622399
0872531588
0872531338
0872531303
0872531121
0872531008
0872530043
0872529531
0872529252
0872527971
0872527295
0872526778
0872526767
0872526334
0872526058
0872525325
0872525061
0872524889
0872524221
0872523449
0872523274
0872523
0872522898
0872522890
0872522494
0872522488
0872522441
0872522136
0872521890
0872521826
0872521547
0872521482
0872521208
0872520546
0872520052
0872520044
0872519932
0872519263
0872519012
0872519005
0872518975
0872518662
0872518562
0872518440
0872518357
08725183440890542259
0872517796
0872517652
0872517603
0872517478
0872516603
0872516396
0872515791
0872515718
0872515567143
0872514990
0872514511
0872514253
0872514021
0872514014
0872513222
0872512981
087251285
0872512591
0872511887
0872511843
0872511672
0872511285
0872511262
0872511063
0872510559
087251
0872509423
0872509385
0872509066
0872508377
0872508080
0872507910
0872507677
0872507235
0872507181
0872507018
0872506647
0872506201
0872506049
0872506029
08725059870507
0872505753
0872505726
0872505175
0872505140
0872505113
0872504220
0872504109
0872503837
0872503388
0872503370
0872502673
0872502507
0872502310
0872502156
0872501402
0872501056
0872500512
087250
08724mook
0872499829
0872499611
0872499355
0872498657
0872498472
0872498352
0872498081
0872497589
0872496480
0872496143
0872495918
0872495702
0872495670dazzyb
0872495284
0872495072
0872494717
0872494683
0872494629
0872494345
0872494339
0872494279
0872494225
0872494164
0872494070
0872493885
0872493776
0872493753
0872493682
0872493432
0872492707
0872491600
0872491193
0872490849
0872490212
0872490094
087249*5918
0872489860
0872489800
0872489665
0872488544
0872487660
0872487411
0872486775
0872486692
0872486100
0872486074
0872485485
0872485150
0872484595
0872484379
0872484216
0872483951
0872483495
0872483026
0872482598
0872482528sk
0872482470
0872482209
0872482198
0872482080
0872481623
0872481552
0872481233
0872480815
0872480578
0872479913
0872479027
0872478815
0872478799
08724782titi
0872478284
08724781
0872477802
0872477048
0872476531
0872476200
0872476182
0872476148
0872475652
0872475384
0872475279
0872474818
0872472941
08724726
0872472519
0872471891
0872471879
0872471562
0872471212
0872471105
0872470820p.hunt
0872470818
0872470747
087247041511
0872470262.rca
087247
0872469810
0872469703
0872468876
0872468865
0872468607
0872467900
0872467624
0872467450
0872467437
0872466921
0872466229
0872466162
0872465651
0872465564
0872465467
0872465280
0872465272
0872465264
0872465190
0872465010
0872464985
0872464932
0872464830
0872464208
0872464155
0872464053
0872463810
0872463700
0872463668
0872463646
0872463623
0872463498
0872463231
0872463008
0872462807
0872462711
0872462439
0872462102
0872461082
0872461071
0872460467
0872460442
0872460298
0872460050
0872459676
0872459136
0872458285
0872458160
08724581*99
0872458017
0872457911
0872457033
0872456933
087245675
08724565xx
0872456509
0872455686
0872455514
0872455433
0872455316
08724549208375746
0872454144
0872453918
0872453537
0872453512
0872453399
0872453074
0872452604
0872452520
0872452337
0872451801
0872451652
0872451596
0872450940
0872450807
0872450682
0872449316
0872449125
0872448730
0872448520
0872448464
0872448398
0872448359
0872447930
0872447651
0872447485
0872447461
0872446570
0872446373
0872445567
0872445513
0872445484
0872445442
0872444839
0872444238
0872444137
0872443342
0872443285
0872443242
0872442867
0872442694
08724423341
0872441902
0872441869
08724417811
0872441432
0872441311
0872441302
0872441095
0872440694
0872440614
0872440051
087244
0872439961k
0872439825
0872439451
0872438885
0872438710
0872438700
0872438424
0872437846
0872437110
0872436847
0872436507
0872436147
0872436
0872435937
0872435421
0872435312
0872435042
0872434550
0872434337
0872434110
0872434001
0872433896
0872433655
0872433580
0872432247
0872432054
0872431944
0872431833
0872431830
0872431665
0872431000
0872430750
0872430413
0872430405
0872429576
0872429262
0872429198
0872429072
0872428754
0872428601
0872428592
0872428505
0872428078
0872427567
0872427550
0872427505
0872427502
0872427127
0872427069
0872426879
0872426849
0872426657
0872426386
0872426175
0872425599
0872424650
0872424404
0872424277
0872424092
0872423996
0872423979
0872423708
0872423419
0872422669
0872422582
0872422496
0872422493
0872422484
0872422243
0872421579
0872421514
0872421178
0872420970
0872420950
087242
0872419866
0872419864
0872419556
0872419355
0872418423
0872418015
0872417970
0872417909
0872417883
0872417191
0872416882
0872416290
0872416059
0872415500
0872415335
0872415325
0872414836
0872412740
0872412672**
0872412565
0872412520
0872412499
0872412322
0872412140
0872411879
0872411488
0872410766
0872410314
0872409949
0872409784
0872409617
0872409442
0872409394mary
0872409000
0872408907
0872408688
0872408565
0872408411
0872408322
0872407262
0872407090
0872407022
0872407002
08724065780360
0872405745
0872405686
0872405675
0872405625
0872405083
0872405039
0872404490
0872404452joker
0872404422
0872403909
0872403309
0872402839
0872401828
0872401803
0872401661
0872401097
0872401020
0872400782arm
0872400762963
087240
08724
0872399222
0872399012
0872398119
0872397988
0872397826
0872396917
0872396443
0872396156
0872395962
0872395686
0872394913
0872394719
0872394708
0872394516
0872394232
0872394199
0872394000
0872393977
0872393969
0872393736
08723928441234
0872392802
0872392729
0872392556
0872392006
0872391553
0872390272
0872390183
0872389724
0872389676
0872389496
0872389305
0872389227
0872388909
0872388847
0872388833
0872388725
0872388039
0872387714
0872387640
0872387564
0872386903
0872386500
0872386310
0872385573
0872385440
0872384469
0872384443
0872383982
0872383868
0872383359
0872383245
0872383213
0872383009
0872382868
0872382838
0872381994
0872381717
0872381711
0872381408
0872381049
087238
0872379960
0872379709
0872379700
0872379503
0872379304
0872378787
0872378205
0872377942
0872377805
0872377786
0872377595
0872377350
0872377177
0872376012
0872375734
0872375689
0872375549
0872375540
0872375491
0872375453
0872375405
0872375032
0872374570
0872374302
0872373646
0872372804
0872372704
0872372700
0872372676
0872372494
0872372375
0872372207
0872372189
0872371870
0872371173
0872371092
0872370950
0872370587
0872370400
0872370195
0872369910
0872369775
0872369570
0872369457
0872369315
0872369129
0872368914
0872368660
0872368541
0872368385
0872367921
0872367849
0872367788
0872367288
08723667922523
0872366464
0872366155
0872366143
0872365938
0872365885
0872365847
0872365767
0872364546
0872364102
0872363784
0872363631
0872362932
0872362918
0872361759
0872361589
0872361294
0872361043
0872360677
0872360526
0872360357
0872359659
0872359577
087235956
0872359260
0872358835
0872358585gad
0872358334
0872358285
0872358157
0872357927
0872357874
0872357528
0872357378
0872357374
0872356503
0872355890
0872355727
0872355620
0872355592
0872355577
0872355397
0872355079
0872355044
0872355
0872354817
0872354450
0872354301
0872354278
0872354218
0872352871
0872352513
0872352389
0872352212
0872352181
0872351618
0872351616
0872351425
0872351417
0872351328
0872351120
0872351055
0872350944
0872350886
0872350879
0872350595
0872350178
0872349763
0872349172
0872349045
0872349019
0872348987
0872348890
0872348733
0872348137
0872348092
0872347965
0872347696
0872347433
0872347412
0872347306
0872347165
0872347130
0872346622
0872346598
0872346569
0872346553
0872345913t
0872345880loveu
0872345832
0872345821
0872345770
0872345048
0872344660
0872344242
0872344232
0872343994
0872343937
0872343929
0872343769
0872343010
0872342878
0872342827
0872342663
0872342480
0872341848
0872341743
0872341630
0872341575
0872341257
0872341217
087234111
0872341072
0872340810
0872340577
0872340569
0872340538
0872339780
0872339741
0872339494
0872339130
0872338778
0872338412
0872338068
0872337947jaw
0872337655
0872337477bb
0872337461
0872337456_2533
0872337376
0872337122
08723371012
0872337083
0872336872
0872336674
0872336323
0872336261
0872336080
0872335988
0872335620
0872335336
0872335322
0872335205
0872335190
0872335123
0872335113
0872334972
0872333754
0872333571
0872333362
08723333253
0872332869
0872332847
0872332828
0872332783
0872332734
0872332357
0872331730
0872331630
0872331603
0872331541
0872331210
0872331180
0872331171
0872330699
0872330148
0872330062
0872329984
0872329826
0872329320
0872329278
0872329064
0872328827bubu
0872328481
0872328169
0872327271
0872326172
0872325789
0872325242
0872325049
0872325030
0872325023
0872324744
0872324346
0872324288
0872323816
0872323807
0872323728
0872322662
0872322472
0872322321
0872321971
0872321754
0872321727
0872321600
0872321278
0872321214
0872321006
0872320920
0872320861
0872320608
0872320387
08723200040895699592
0872320003
0872319741
0872319627
0872319599
0872319503
0872319284
0872318853
0872318416
0872318074
0872317698
0872317496
0872317493
0872316620
0872316316
0872316135
0872316108
0872316043
0872315886
0872315237
0872314977
0872313750
0872313493
0872313414
0872313355
0872313136
0872313133
0872313096
0872312665
0872312510
0872312369
0872312295
0872312107
0872311762
0872311718
0872311138
0872310962
0872310916
0872310845
0872310761
0872310473
0872310297
0872310089
0872310012
0872309068
0872308896
0872308697
0872308530
0872308464
0872308282
0872308215
0872307304
0872306687
0872306240
0872306112
0872305479
0872305185
0872305108
0872304774
0872304144
0872304080
0872304005
0872303977
0872303119
0872303015
08723030133
08723027120807409958
0872302683
0872302097
0872301541
0872300216
08723
0872299550
0872299501
0872299478
0872299456
0872299442
0872299435
0872299363
0872299130
0872299056
0872299043
0872298700
0872298163
0872298086
0872297789
0872297558
0872297323
0872297205
0872296547
0872296497
0872295957
0872295955
0872295189
0872295177
0872295022
0872294948
087229375420
0872293685
0872293560
0872293478
0872293255
0872293122
0872293048
0872292998
0872292492
0872292470
0872292456
0872292244
0872292219
0872292192
0872291848
0872291608
087229151
0872291412
0872291213
0872291033
0872290996
0872290971
0872290665
0872290644
0872290590
0872290227
0872290200
087229
0872289658
0872289586
0872289566
0872289287
0872289130
0872288928
0872288823
0872288660
0872288343
0872288275
0872288201
0872288054
08722875454
0872287441
0872287215
0872287019
0872286903
0872286819
0872286674
0872286620
0872286539
0872286398
0872286012
0872285758
0872285361
0872285091
0872284985
0872284605
0872284435
0872284192
0872283900
0872283769
0872283434
0872283382
0872282441
0872282034
0872282023
0872281332
0872281312
0872280903
0872280871
0872280858
0872280289
08722802711
0872280266
0872279495
0872279459
0872278869
0872278121
0872277510
0872277447
0872276310
0872276279
0872275827
0872275826
0872275598
0872275442
0872275322
0872275142
0872274997
0872274599
0872273772
0872273597
0872273293
0872273190
0872273159
0872273047
0872273018
0872272776
0872272208
0872271908
0872271777
0872271724
0872271718
0872271670
0872271230
0872271159
0872271013
0872270908
0872270894
0872270687
0872270566
087227
0872269581
0872269462
0872269320
0872269068
0872268868
0872268730
0872268646
0872268552
0872268524
0872268378
0872268374
0872268202
0872268046
0872267848
0872267725
0872267548
0872267035
0872266876
0872266617
0872266458
0872266197
0872265908
0872265375
0872265213
0872265154
0872264772
0872264753
0872264665
0872264335
0872264089
0872263972
0872263697
0872263558
0872263356
0872263226
0872262967
0872262616
0872262105
0872261636
0872261440
0872261124
0872261014
0872260960
0872260836
0872260427
0872260423
0872260175
087226011+9
087226
08722599821
0872259911
0872259699
0872259503
0872259193
0872258371
0872258195
0872257613
0872257599
0872257583
0872257524
0872257312
087225702214
0872256046
0872255868
0872255807
0872255515
0872255466
0872255358
0872255355
0872254963
0872254961
0872254649
0872254603
0872254057
0872253912
0872253872
0872253806
0872253490
0872253477
0872253471
0872253400
0872253233
0872252867
0872252820
0872252667
0872252520
0872252367
0872252356
0872252348
0872252078
0872251944
0872251940
0872251728
087225118
0872250985
0872250933
0872250733
0872250706
0872250102
0872250072
0872249721
0872249657
0872248685
0872248677
0872248130
0872247912
0872247683
0872247590
0872247546
0872247363
0872247321
087224707
0872247062
0872246725
0872246644
0872246447
0872246353
0872246110
0872245903
0872245120
0872245104
0872244861
0872244855
0872244824
0872244793
0872244703
0872244615
0872244462
0872244400
0872244379
0872244086
0872244039
0872243786
0872243667
0872243457
0872243409
0872243356
0872243292
0872242779
0872242716
0872242652
0872242196
0872242148
0872242052
0872241776
0872241604
0872241159
0872241021
0872240630
0872240531
0872240400
0872240046
0872239836
0872239833
0872239569
0872238906
0872238349
0872238171
0872238083
0872237834
0872237716
0872237699
0872237683
0872237133
0872236772
0872236639
0872236613
0872236406
0872236272
0872235998
0872235918
0872235695
08722355
0872235495
0872235400
0872234849
0872234566
0872234559
0872234502
0872234470
0872234459
0872233918
0872233879
0872233852
0872233468
0872233466
0872233455
0872233363
0872233227555
0872233227
0872233114
0872233073
0872233063
0872232862
0872232632
0872232534
0872232405
0872232184
0872232181
0872232178
0872232159
0872232113
0872232041
0872232004
0872231947
087223194
0872231869
0872231812
0872231804
0872231748
0872231093
0872230871
0872230407
0872230050
087223
0872229680
0872229650
0872229354
0