54
0867726190
0867725385
0867725328
0867724801
0867724336
0867724100
0867723998
0867723820
0867723027
0867723016
086772270
0867722565
0867722558
0867722422
0867722208
0867722120
0867722096
0867721726
0867721590
0867721470
0867721035
0867720213
0867720093
0867719510
0867719399
0867718876
0867718660
0867718548
0867718485
0867718161
0867718078
0867718070
0867718033
0867717977
0867717790
0867717388
0867717028
0867716739
0867716469
0867716385
0867716230
0867715734
0867715521
0867714952
0867714931
0867714785
0867714746
08677144321
0867713607
0867713468
0867713369
0867713327
0867713324
0867713305
0867713222
086771166301
0867711613
0867711527
0867711427
0867711403
0867711105
0867711028
0867710890
0867710806
0867710537
0867710317
0867709825
0867709558
0867709435
0867709123
0867709079
0867709
0867708800
0867708352
0867708054
0867707882teayza
0867707869
0867707756
0867707092
0867706619
0867706223
0867705780
0867705328
0867705271
0867705086
0867704434
0867703999
0867703710
0867703614
0867703319
0867703108
0867703086
08677028741909
0867702277
0867702258
0867702158
0867702027
0867701070
0867700878
0867700865
0867700475
08676jojg
0867699956
0867699792
0867699557
0867699376
0867699108
0867697030
0867696792
0867696595
0867696300
0867696269
0867694087
0867693112
0867693064
0867692822
0867692456
0867692181
0867691903
0867691898
0867691612
0867691559
0867691498
0867691326
0867690775
0867690603
0867690407
0867690095
0867689875
0867689835
0867689607
0867689410
0867689056
0867688804
0867688549
0867688494
0867688485
0867688445
0867688380
0867688077
0867687689
0867686084
0867685894
086768523
0867685223
0867684781
0867684495
0867683457
0867683101
0867683060
0867682865
0867682849
0867682109
0867682104
0867682056
0867681673
0867681202
0867681160
0867681088
0867680697
0867680637
086768
0867679782
0867679385
0867679096
0867678858
0867678824
0867677486
0867677362
0867676961
0867676831
0867676759
0867676741
0867676723
0867676616
0867676595
0867676577
0867676273
0867676081
0867675983
0867675879
0867675724
0867675663
0867675499
0867675102
0867675049
0867675047
0867674094
0867673492
0867673480
0867672957
0867672758
0867672452
0867672316
0867672072
0867672024
0867671957
0867671640
0867671524
0867671476jy
0867671129
0867671098
0867670817
0867670813
086767
0867669987
0867669791
0867669350
0867669277
0867668974
0867668758
0867668726
086766812
0867668034
0867668010
0867667856
0867667441
0867667213
0867667067
0867666590
0867666386m
0867666008
0867665805
0867665799
0867665715
0867665709
0867665453
0867664677
0867664263
0867664221
0867664142
0867664077
0867663218
0867662443
0867662110
0867661852
0867661798
0867661705
0867661319
0867661048
086766086
0867660836f
0867659683
0867659587
0867659292
0867659233
0867659016
0867658720
0867658701
0867657791
0867657335
0867657233
0867657122
0867656629
0867656171
0867655993
0867655652
0867655576
0867654312
0867654250
0867653988
086765381
086765361
0867653357
0867653229
0867653155
0867653032
0867652900
0867652209
0867651711
0867651520
0867651258
0867651104
0867650912
0867650561
0867650276
0867650104
0867649439
0867649373
0867648946
0867648935
0867648475
0867648325
0867648024
0867647079
0867647004
0867646699
0867645661234
08676455661234
0867645449
0867644955
0867644833
0867643991
0867643676
0867643644
0867642271
0867642002
0867641662
0867641392
0867641312
0867641144123
0867641121
0867640818
0867640778
0867640437
0867639863
0867639720
0867639140
0867638820
0867638495
086763782
0867637172
0867636733
0867636361
0867635631
086763519
0867635154
0867634316
0867634078
0867633854
0867633816
0867633473
0867633375
0867633359
08676333359
0867633237
0867632926
0867632259
0867631905
0867631687
08676316780
0867631673
0867631112
0867630368
0867630264
0867628910
0867628724
0867627347
0867627248
0867626955
0867626950
086762672
0867626178
0867625880
0867625740
0867625718
0867625544
0867624195
0867623774
086762360
0867623560
0867623405
0867623314
0867622838
0867622815
0867622641
0867622625741
0867622120
0867622055
0867621977
0867621950
0867621859
0867621718
0867621135
0867620848
0867620328
0867620198
0867619858
0867619162
0867618497
0867618471
0867618003
0867617646
0867617304
0867616876
0867616725
0867616609
0867616396
0867616178
0867616138
0867615299
0867614744
0867614539
0867613822
0867612736
0867611318
0867611317jj
0867611066
0867610167
0867609966
0867609781
0867609620
0867609020
0867608924
0867608711
0867608656
0867607441
0867607052
0867607024
0867607006
0867606669
0867606407
0867605522
0867605468
0867605258
0867605051
0867604594
0867603924
0867603771
0867603723
086760368
0867603388
0867602912
0867602594
0867602451
0867601973
0867601729
0867601725
0867601340
0867601292
0867600622
0867600370
0867600129
086760
08676
0867599927
0867599917
0867599886
0867599588
0867599050
0867599040
0867598832
0867598445
0867598342
0867598235
0867597962
0867597081
0867596692
0867595815
0867595699
0867595650
0867595496
0867595458
0867595316
0867595252
0867594988
0867594838
0867594447
0867593785
0867593770
0867593337
0867593027
0867592744
0867592447
0867591642
0867591339
0867590668
0867590581
0867590378
0867590359
0867590314
0867590223
086759
0867589800
0867589334
0867589092
0867588865
0867588390
0867588337
0867588180
0867588062
0867588041
0867587689
0867586667
0867585993
0867585886
0867585880
0867584954
0867584755
0867583788
0867583615
08675836023
0867581621
0867581601
0867581403
0867581148
0867581076
0867580930
086758042777
0867580312
0867580283
086758
0867579384
0867579221
0867579043
0867578790
0867578772
0867578765
0867578538
0867578091
0867577671
0867577530
0867577517
0867577380
0867577243
0867576984
0867576610
0867576564
0867576506
0867576456
0867576433
0867576314
0867576305
0867576281
0867575882
0867575854
0867575584
0867575442555
0867575395
0867575229
0867574485
0867574418
0867574411
0867574109
0867573481
0867573252
0867573100
0867572898
0867572558
0867572536
0867571776
0867571360
0867571043
0867570563
0867570204
086757
0867569808
0867569492
0867569357
0867569002
0867568945
0867568654
0867568572
0867568147
0867568042
0867567875
0867567725
0867567669
0867567264
0867567217
0867567156
0867567065
0867566996
0867566993
0867566417
0867565506
0867565454
0867565352555
0867564680
0867563369
0867563180
0867563160
0867562781
0867562714
0867562147
0867562033
0867561904
0867560799
0867560634
0867560589
0867560529
0867560234
0867560172
0867559577
0867558158
0867558041Went
0867557988
0867557776
0867557519
0867557339
0867557303
0867557138
0867556998
0867556426
0867555807
0867555697
0867555529
0867555515
0867555499
0867555452
0867555381
0867555281
0867555177
0867555156
0867555142
0867555100
0867554849
0867554744
0867554640
0867554552
0867554525
0867554507
0867553966
0867553520
0867553496
0867552462
08675524352
0867552390
0867552290
0867552238ang
0867552143
0867551430
0867551069
0867550210
0867549643
0867549560
0867549538
0867548873
0867548860
0867548231
0867547549
0867547406
0867547185
0867547046
0867546958
0867545673
0867545626
0867544029
0867543448
0867542833
0867542812
0867542786
0867542724
0867542437
0867541662
0867541500
0867541358
0867541340
0867540782
0867540780
0867540460
0867540076
0867539678
0867539595
0867538700
0867538563
0867537726
0867537589
0867537296
0867537266
0867536902
0867536606
0867535698
0867535647
0867534136
0867533936
0867533587
0867533096
0867533081
0867532916
0867532749
0867532480
0867531561
0867531519
0867531238
0867531145
0867530618
0867530086
0867530036
08675300.36
086753
0867529049
0867528925
0867528842
0867528564
0867528085
0867527053
0867527009
0867526759
0867526618
0867526237
0867526040
08675258
0867525583
0867525337
0867525224
0867524140
0867524131
0867523665
0867523410
0867523154
0867523032
0867523029
0867522787
086752271
0867522131
0867522095@boy
0867520984
0867520543
0867520020
0867519744
0867518804
0867518738ta
0867518409
0867517315
0867516613
0867515590
0867515532
0867515211
0867514416
0867514013
0867513847
0867513488
0867513
0867512950
0867512895
0867512864
0867512590
0867512486
0867512351
0867512145
0867512122
0867511233
0867510511
0867509629
0867509533
0867509465
0867509030
0867508969
0867508666
0867508487
0867508233
0867507905
0867507111
0867507081
0867506531
0867506336
0867506181
0867506072
0867505890
0867505746
0867505368
0867505326
0867505224
0867504845
0867504353
0867504259
0867503733
0867503558
0867503542
0867503275
0867503182
0867502615
0867502023
0867501650
0867501463
0867501352
0867500662
0867500600
0867499343
0867499237
0867498516
0867497956
0867497722
0867497695
0867497289
0867496686
0867494651
0867494447
0867493680
0867493358
0867493008
0867492592
0867492007
0867491987
086749190503042
0867491585
0867491356
0867491326
0867490053
0867489800
0867489507
0867489162
0867489099
0867488714
0867488677
0867488522
0867488443
0867488138
0867488021
0867487588
0867487465
0867486938
0867486832
0867486786
0867486755
0867486056
0867485786
0867485759
0867485728
0867485696
0867485423
0867484898
0867484843
086748434
0867483667
0867483480
0867483087
08674830526261
0867483003
0867482754
0867482564
0867482008
0867481554
0867481407
08674813
0867481271
0867481235
0867481030
0867480808
0867480758
0867480724
0867480026
0867479898
0867479792
0867479576
0867479454
0867479274
0867479192
0867479049
0867479010
0867478241
0867477906
0867477415
0867477131
0867477044
0867476717
0867476491
0867476293
0867476232
0867475981
0867475919
0867475848
0867475325
0867474836
0867474808
0867474806
0867474656
086747461
0867474420
0867473919
0867473775
0867473761
0867473477
0867473406
0867473387
0867473284
0867473190
0867473160
0867472734
0867472655
0867472543
0867472249
0867472140
0867472019
086747198
0867471118
0867470999
0867470364
0867470302
0867470077
0867469969
0867469954
0867469706
0867469575
0867468993
0867468422
0867468421
0867468083074
0867467235
086746706
0867466718
0867466398
0867466009
0867465809
0867465801
0867465768
0867465310
0867464861
0867464377
0867464322
0867464126
0867463773
086746371mm
086746364
0867463561
0867463225
0867462928
0867462781
0867462211
0867462065
0867462050
0867461854
0867461600
0867461389
0867460880
0867460629
0867460600
0867460451
0867460276
0867460167
0867459979
0867459963
0867459929
0867459778
0867459431
0867459418
0867459373
0867458872
0867458761
0867458371
0867458314
0867458167
0867457266
0867457245
0867456737
0867456231
08674561864
0867456072
08674556078
0867455082
0867455051
0867454941
0867454785
0867454213
0867454184
0867454092
0867454085
0867454077
0867453340
0867453087
0867452501
0867452115
0867451903
0867451626
0867451365
0867451275
0867450120
0867449998
0867449970
0867449791
0867449383
0867449200
0867448920
086744884
0867448671
0867448561
0867447831
0867447807
0867447747
0867447687
0867447682
0867447659
0867447435
0867447304
0867447083
0867446981
0867446715
0867446652moss
0867446474
0867446221
0867446048
0867445994
0867445576
0867445520
086744540
0867445398
0867445205
0867445164
0867445153
0867445132
0867445125
0867444407
0867444202
0867443853
0867443681
0867443532
0867442880
0867442585
0867442388
0867442139
0867442084
0867441993
0867441896
0867441767
0867441493
0867441450
0867441417
0867441021
0867440998
0867440684
0867440492
0867440112
0867439804
0867439775
0867439599
0867439445
0867439192
0867438602
0867438324
0867438140
0867437660
0867437540
0867436891
0867436803
0867436285
0867435745
0867435462
0867435237
0867434815
0867434541
0867434468
0867434168
0867433569
0867433076
0867432786
0867432493
0867432478
0867432361
0867431351
0867431146
0867430842
0867430387
0867430317
0867430071
0867429683
0867429654
0867429577
0867429491
0867429286
0867429057
0867428886
0867428587
0867428307
0867427978
0867427448
0867427316
0867427235
0867426865
0867426667
0867426643
0867426273
08674259995
0867425567
0867425298
0867425258
0867425195
0867425086
0867425053
0867424849
0867424560
0867424348
0867423450
0867423357
0867422865
0867422854
0867422501
0867422321
0867422018
0867421956
0867421749
0867421748
0867421480
0867421451
0867421190
0867420858
0867420726
0867419870
0867419835
0867419583
0867419508
0867419169
0867418645
0867418187
0867417972
0867417929
0867417665
0867417212
0867417027
0867416910
0867416505
0867416274
0867416244
0867415069
0867414486
0867414188
0867413760
0867413629
0867413582
0867412904
0867412886
0867412622
0867412519
0867412
0867411943
0867411543
0867411431
0867411207
0867410911
0867410186
0867409960
0867409764
0867409739
0867409114
0867408287
0867408277
0867408233
0867407619
0867407595
0867407480
0867406800
0867406701
0867406696
0867406496
0867406151
0867405110
0867404811
0867404275
0867403956
0867403928
0867403731
0867403066
0867402868
0867402322
0867402318
0867402039
0867401967
0867401514
0867401167
0867400441
0867400425
0867399740
0867399139
0867398506
0867398338
0867398291
0867397773
0867397746
0867397595
086739748
0867397324
0867397089
0867396141
0867395957
0867395658
0867395486
0867395475
0867394199
0867393952
0867393812
0867393778
0867393755
0867393674
0867393304
0867393032
0867392979
0867392974
0867392665
0867392028
0867391622
0867391562
0867391329
0867391132
0867390598
0867390556
0867390334
0867389881a
0867389848
0867389633
0867389422
0867389408
0867388583
0867388373
0867388172
0867387337
0867387255
0867387232
0867387116
0867387056
0867386987
0867386661
0867385481
0867385439
0867384794
0867384709
0867384224
0867384055nok
0867383377
0867382873
0867382864
0867382721
0867382166
0867381914
0867381511
0867381345
0867381305
0867381263
0867381137
0867381041
0867380824
0867380812
0867380288
0867380043
0867379785
0867379758
0867379719
0867379689
0867379401
0867379299
0867379223
0867379144
0867379137
0867378938
0867378774
0867378576
0867378573
08673785462546
0867378343
0867378290
0867378264
08673781256
0867377959
0867377907
0867377895
0867377884
0867377632
0867376468
0867376362
0867376049
0867375980
0867375878
0867375774
0867375716
0867375572
0867375566
0867375466
0867375086
0867374746
0867374185
0867374096
0867373678
0867373673
0867373296
0867373252
0867372811
0867372667
0867372639
0867372622
0867372597
0867372237
0867371482
0867371471
0867371386
086737133
0867370798
0867370252
0867370177
0867370171
0867370068
0867370022
0867369937
0867369503
0867369486
0867369475
0867369310
0867368534
0867368231
0867367316
0867367109
0867366907lol
0867366593
0867365637
0867365536
0867365450
0867365448
0867365189
0867364963
0867364820
0867364788
0867364540
0867364515
0867364266
0867364151
0867363945
0867363339
0867363275
0867363188
0867362780
0867362434
0867362301
0867362074
0867362049
0867361917
0867361576
0867361275
0867361147
0867361108
086736104154543211
0867360931
0867360648
0867360234
0867360040
086735d
0867359789
0867359517
0867358744
0867358471
08673579366785144
0867357933ojkiyd0y'
0867357913
0867357274
0867355959
0867355886
0867355848
0867355497
0867355278
0867355274
0867354224
0867354199
0867354164
0867354117
0867353755
0867353586
0867353478
0867353179
0867352621
0867352456
0867352427
0867352406
0867352383
0867351979
0867351793
0867351652ass
0867351559
0867351444
0867351407
0867351324
0867350170
086735
0867349950
0867349780
0867349730
0867349432
0867349364
0867348839
0867348621
0867348595
0867348250
0867347826
0867347781
0867347656
0867347526
0867347371
0867347279
0867347264
0867346966
0867346883
0867346771
0867346396
0867346373
0867345973
0867345958
0867345903
086734590
0867345767
0867345751
0867345599
0867345515
0867345354
08673452065055122
0867345065
0867344815
0867344767
0867344179
0867342079
0867342001
0867341789
0867341410
0867341182
0867340378
0867339978
0867339863
0867339811
0867339496
0867339272
0867338998
0867338756
0867338572
0867338340
0867338126
0867338066
0867337866
0867337469
0867337371
0867337088
0867336775
0867336695
0867336387
086733635
0867336244
0867336033
0867335874
0867335871
0867335756
0867335611
0867335113
0867334939
0867334658
0867334620
0867334501
0867334313
0867334089
0867333640
0867333250
0867333034
0867332712
08673324411
0867332334
0867332260
0867332250
0867332061
0867331931
0867331765
0867331738
0867331634
0867331315
0867330974
0867330840
0867330674
0867330665
0867330662
0867330425
0867330080
0867330010
0867328887
0867328662
0867328554
0867328116
0867328070
0867327509
0867327491
0867327482
0867327303
0867327153
0867326779
0867326728
0867326570
0867326373
0867326338
0867326143Leewan
0867326133
0867326066
0867326048
0867325700_tae
0867325600
0867325572
0867325468
0867325400
0867325369
0867325338
0867325301
0867325230
0867324328
0867324180
0867324175
0867323779
0867323687
0867323565
0867323460
0867323296
0867323026
0867322763
0867322754
086732212
0867321990
0867321942
086732186739
0867321684
0867321637
0867321299
0867321267
0867320998
0867320852
0867320799
0867320675
0867320541
086732
0867319725
0867319648
0867319423
0867319400
0867319136
0867318900
0867318804
0867318752
0867318241
0867317980
0867317671
0867317622
0867317612
0867317595
0867317434
0867317404
0867316869
0867316841
0867316796
0867316465
0867316368
0867316044
0867315719
0867315186
0867315160
0867314768053552
0867314705
0867314546
0867314465
0867314460
0867314365
0867314091
0867314062
0867313912
0867313846
0867313806
0867313361
0867312794
0867312726
0867312588
0867312552
0867312434
0867312243
0867311808
0867311780
0867311751.
0867311557
0867311550
0867311544
0867311537
0867311089
0867310510
0867310156
0867309896
0867309852
0867309209
0867308984
0867308884
0867308831
0867308535wai
0867308342
0867307873
0867307824
0867307815
0867307516
0867307032
0867306973
0867306871
0867306675
0867306671
0867306667
0867306520
0867306393
0867306115
0867306000
0867305855
0867305704
0867305693
0867305673
0867305515
0867305397
0867305326
0867305322
0867305267
0867305242
0867305186
0867305152
0867305037
0867304697
0867304542
0867304071
0867303869
0867303856
0867303844
0867303773
0867303680
0867303451
0867303322
0867303186
0867302949
0867302832
0867302704
0867302245
0867302209
0867302134
0867302026
086730154
0867301510
0867301437
0867301336
0867301151
0867301107
0867300884
0867300832
0867300668
0867300593
0867300423
0867300376
0867300145
086730
0867299852
0867299796
0867299665
0867299564
0867299251
0867299176
0867299048
0867298957
0867298699
0867298689
0867298373
0867298228
0867298060
0867297852
0867297540
0867297303
0867297108
0867296934
0867296660
0867296362
0867296269
0867296183
0867295865
0867295801mee
0867295697
0867295546
0867295208
0867294700
0867294543
0867294518
0867294507
0867294500
0867294237
0867294216
0867294185
086729416637477
0867294153
0867293979
0867293818
0867293728
0867293529
0867293153
0867293012
0867292964
0867292779
0867292741
0867292462
0867292154
0867291972
086729195811
0867291691
0867291627g
0867291390
0867291179
0867291130
0867291078
0867290906
0867290571
0867290245
0867290212
0867290155
0867289895
0867289893
0867289522
0867289150
0867289099
0867289026
0867288782
086728844
0867288356
0867288337
0867287910
0867287433
0867287261
0867287230
0867286978
0867286756
0867286282
0867285900
0867285406
0867285403
0867285327
0867285125
0867284841
0867284780
0867284618
0867284518
0867284048
0867283592
0867283420
0867283374
0867283055
0867283033
0867282854
0867282821
0867282778
0867282521
0867282510
0867282310
086728223
0867282171
0867282164
0867281965
0867281842
0867281714
0867281664
0867281580
0867281560
0867281536
0867281173
0867281159
0867281084
0867280763
0867280673
0867280550
0867280166
0867280074
0867279964
0867279677
0867279656
0867279619
0867279581
0867279432
0867278304
0867277383
0867277071
0867276520
0867276216
0867275646
0867275552
0867275016
0867274101
0867272989
0867272824
0867272215
0867272011
0867271529
0867271277
0867271156
0867270904
0867270888
0867270471
0867270163
0867270101
0867269235
0867269100
0867269007
0867268857
0867268783
0867268730
0867268568
0867268558
0867268228
0867267654
0867267063
0867266662
0867266250
0867265162
0867265066
0867265043
0867264589
0867263811
0867263625
0867263569
0867263505
0867263330
0867262938
0867262927
0867262474
0867262441
0867262291
0867261660
0867261041
0867260902
0867260268
0867260250
0867260054
0867260027
0867259970
0867259812
0867259461
0867259403
0867259238
0867259224
0867259084
0867259010
0867258974
0867258886
0867258853
0867258554
0867258083
0867257966
0867257604
0867257166
0867257111
0867256792
0867256683
0867256579
0867256559
0867256267
0867256248
0867255723
0867255474
0867255090
0867254306
0867253968
0867252441
0867252306
0867251519
0867250355
086725
0867249690
0867249615
0867249255
0867249185
0867248539
0867248321
0867248027
0867247841
0867247670
0867247414
0867247250
0867247001
0867246165
0867245641
0867245418
0867243931
0867243714
0867243504
0867243148
0867242826
0867242783
0867242635
0867242292
0867241041
0867240407
0867238557
0867237964
0867237127
0867236696
0867236660
0867235931
0867235874
0867235572
0867235417
0867235239
0867235077
0867234789
0867234584
0867234159
0867233743
0867233240
0867233028
0867232921
0867231969
0867231887
0867231332
0867230869
0867230632
0867230599
0867230004
0867229608
0867229562
0867229141
0867228747
0867228392
0867228013
0867227516
0867227478
086722717
0867226978
0867226970
0867226725
0867226602
0867226566
0867226455
0867226182
0867226073
0867225751
0867225735
0867225590
0867224700
0867224465
0867224101
0867223325
0867223279
0867223171
0867223166
086722316
0867223138
0867222968
0867222813
0867222602
0867222560
0867222351
0867222308
0867222167
0867221989
0867221982
0867221904
0867221892
0867221808
0867221800
0867221364
0867220815
0867219918
0867219286
0867219067
0867218986
0867218793
0867218407
0867218119
0867218114
0867217900
0867217593
0867217081
0867217015
0867216688
0867216190
0867216060
0867215987
0867215727
0867215665
0867215476
0867215116
0867214823
0867213907
0867213537
0867213517
0867212791binky
0867212201
0867211001
0867210885
0867210492
0867210264
0867210089
0867209953
0867209810
0867209553
0867209136
0867208436
0867208331
0867207559
0867207294
0867207177
0867207114
0867206778
086720631
0867206142559
0867205827
0867205509
0867205437
0867204857
0867204838
0867204489
0867204462
0867204412
0867204167
0867204106
0867203703
086720280033120
0867202295
0867201901
0867201783
0867201748
0867201601
0867201473
0867201239
0867201122
0867200760
0867200277
0867200202
0867200139
086720
0867199902
0867199695
0867199609
0867199551
0867199194
0867199064
0867198844
0867198513
0867198262
0867197779
0867197570
0867196893
0867196855
0867196690
0867196669
0867196133
0867195724
0867195445
0867195346
0867194200
0867193877
0867193781_arik
0867193537
0867192987
0867192949
0867192236
0867191976
0867191756
0867191160
0867190830
0867190620
0867190299
0867190079
086719
0867189890
0867189617
0867189157
086718914
0867188937
0867188690
0867188514
0867188458
0867188453
0867188229
0867188170
0867188000
0867187823
0867187529
0867187058
0867186905
0867186832
0867186660
0867186586
0867186510
0867186452
0867186180
0867185859
0867185831
0867185824
0867185780
0867185766
0867185364
0867185139
0867184650
0867184402
0867184220
0867184011
0867183520
0867183483
0867183442
0867183046
0867183032
0867182396
08671819461
0867181812
0867181503
0867180800
0867179971
0867179839
0867179592
0867179134
0867177669
0867177118
0867175878
0867175223
0867174891
0867174633
0867174608
0867174393firn
0867173767
0867173734
0867173690
086717363
0867171773fa
0867171764
086717147
0867171403
0867171272
0867171139
0867170747
0867170381
0867170216
086717
0867168640
0867168270
0867168134
0867166886
0867166448
0867166431
0867166103
0867166064
0867165892
0867165666
0867165495
0867165152
0867165150
086716507
0867165055
0867164884
0867164624
0867163818
0867163716
0867163647
0867163160
0867163034
08671630212327
0867163002
0867163
0867162102
0867161878
0867161778
0867161233
0867160834
0867160088
0867159875
0867159747
0867159385
0867158668
0867157998
0867157825
0867157717
0867157715orm///
0867157233
0867157151
0867156928
0867156838
0867156764
0867156671
086715666
0867155958
0867155867
0867155545123
0867154907
0867154377
0867154303
0867153895
0867153842
0867153728
0867153480
0867153451
0867153237
0867152971
0867152240
0867152013
0867151987
0867151984
0867151945
0867151627
0867151503
0867151188
0867150557
086715
0867149931
0867149740
0867149086
0867148828
0867148524
0867148288
0867148189
0867148165
0867148161
0867147958
0867147820
0867147773
08671477
0867147357
0867147007
0867146607
0867146406
0867145616
0867145319
0867145267
0867145094
0867144649
0867144621
086714440726
0867143835
0867143639
0867143443
0867143008
0867143007
0867142933
0867142871
0867142817
0867141722
0867141017
0867141013
0867140812
0867140740
0867140085
0867139749
0867139723
0867139604
0867139329
0867139086
0867138476
0867138264
0867138115
0867136139
0867135564
0867135432
0867135376
0867135214
0867135161
0867135078
0867134519
0867133641
0867133534
0867133471
0867133339
0867132325
0867131798
0867131564nj
0867131421
0867130790
0867130291
0867130262
0867129775
0867129435
0867129425
0867129288
0867129007
0867128937
0867128175
0867128171
08671281391111
0867126878
0867126812
0867126706
0867126680
0867126445
0867125440
0867125284
0867125146
0867125012
0867124xxx
0867124891
0867124870
0867124765
0867124519
0867124233
0867124123
0867123644
0867123480
0867123427
0867123418
0867122995
0867122361
0867122321
0867122191
0867122161
0867121380
0867121350
0867120876
