931
0849466832
0849466552
0849466477
0849466462
0849466382221033
0849466353
0849466212
0849466195
0849466009
0849465913
0849465794
0849465780
0849465758
0849465371
0849465132
0849464919
0849464843
0849464832
0849464691
0849464669
0849464649
0849464146
0849463985
0849463872
0849463240
0849463095
0849462500
0849461088
0849460725
0849459343eak
0849458584
0849457960
08494565
0849455916
0849455752
0849455334
0849454452
08494541191234567890
0849453635
0849453619
0849453573
0849453188
0849453135
0849453089
0849452615
0849452384
0849452251
0849452178
0849451691
0849451101
0849450511
0849450199
0849450002
084945
0849449846
0849449543
0849449463
08494487888
0849448148
0849448074
0849447857
0849447741
0849447408
0849447291
0849447122
0849446948
0849446880
0849446123
0849445771
0849445626
0849445449
0849445376
0849445260
0849444739
0849444686
0849444601
0849444434
0849444419
0849444318
0849444259
0849444251
0849444178
0849443983011
0849443669
0849442721
0849442579
0849442424
0849441858
0849441663
0849441638
0849441462
0849440387
0849440273
0849440191
0849440113
084944
0849439507
0849439290
0849438193
0849437845
0849437785
0849437704
0849437457
0849437122
0849437100
0849437050
0849436806
0849436549
0849436059
0849435518
0849434163
0849433990
0849432961
08494328982633
0849432804
0849431644
0849429807
0849429692
0849429141
0849428335
0849427943
0849427559
0849427490
0849427023
08494264249
0849426367
0849425984
0849425360
0849424035
08494237877
0849423545
0849423506
08494233323
0849423281
0849423147
0849422969
0849422840
0849422395
0849422298
0849422031
0849421624
0849421280
08494208
0849420717
0849420688
0849420612
0849420242
0849419961
0849418803
0849418633
0849418381
0849418188
0849418167_kon
0849418116
0849417440
0849417229
0849416913
0849416819
0849416778
0849416413
0849416106
0849415784
0849415080
0849414706
0849414668
0849414651
0849414449
0849413902
0849413811
0849413761
0849412889
0849412819
0849412794
0849412748
0849412238
0849412
0849411932
0849411882
0849411855
0849411802
0849411755
0849411722
0849410964
0849410723
0849410616
0849410199
0849410175
0849409662
0849409244
0849409046
0849408841
0849408497
0849408330
0849408061
0849407766
0849407709
0849407180
0849406780
0849406752
0849405905
0849405572
0849405343
0849404944
0849404534
0849403802
0849402520
0849402434
0849402314
0849402254
0849402214
0849401826
0849401709
0849400729
0849399652
0849399049
0849398680
0849398594
0849398464
0849398441
0849398341
0849398057
0849398052
0849397962
0849397677
0849397570
0849397105
0849396851
0849395551
0849395252
0849394534
0849394427
0849393787
0849391082
0849391061
0849390980
08493908011
0849390159
0849389633
0849389099
0849388865
0849388516
0849388225
0849388134
0849387792
0849386484
0849386141
0849385426
0849385041
0849384605
0849384428
0849384270
0849384251
0849384240
0849384155
0849383678
0849382727
0849382653
0849381752
0849381531
0849380703
0849379093
0849379015
0849378955
0849377866
0849377502
0849377229
0849376760
0849376413
0849375246
0849374299An
0849374087
0849373408
084937334
0849373167
0849372903
0849372677
0849372545
0849372424
0849372037
0849371387
0849370899
0849369528
0849369458
0849369137
0849369060
0849368897
0849368196
0849367859
0849367568
0849367474
0849367343
0849367244
0849366995
0849366100
0849366091
0849365501
0849364828
0849364790
0849364639
0849363831
0849363792
0849363365
0849363148
0849362889
0849362623
0849361452
0849361449
0849361434
0849360932
0849360814
0849360550
0849359775
0849359007
0849358781
0849358381
0849358240
0849358
0849357719
0849356131
0849355567
0849355453
0849355117
0849354920
0849354838
0849354748
0849354288
0849352316
0849351791
0849351743
0849351065
0849350805
0849349568
0849349469
0849348733
0849348550
0849348195
0849348077sym
0849347941
0849347816
0849347441
0849347435
0849347404
0849347390
0849347183
0849347159
0849346992
0849346838
0849346681
0849346602
0849346576
0849346462
0849346263
0849346162
0849345901
0849345733
0849345548
0849345539por
0849345471
0849345439
0849345424
0849345337
0849345287
0849345183
0849345122
0849344696
0849344522
0849344200
0849343896
0849343710
0849343225
0849343168
08493425241461
0849342494
0849341711
0849341174
0849341141
0849340830
0849340739
0849340653
0849340524147
0849340322
0849340221
0849339840
0849339366
0849338632
0849338100
0849337964
0849337589
0849336061
0849335744
0849335700
0849335665
0849335277
0849335007
0849334864
0849334231
0849333613
0849333576
0849333359
0849333246
0849333204
0849333180
0849333146
0849333033
0849332903
0849332794
0849332705
0849332094
0849331716
0849331704
0849331367
0849330933
0849330489
0849330439
0849330265
0849330001
084933
0849329912
0849329056
0849328718
0849328529
0849328200
0849328110
0849327877
0849327786
0849327707
0849326871
0849326842
0849326722
0849326656
0849326642
0849326440
0849326212
0849325903
0849325673
0849325575
0849325393
0849325231
0849325141
0849324675
0849324621
0849324504
0849324125
08493239683214
0849323882
0849323407
0849323173
0849322739
084932273
0849322593
0849322553
0849322436
0849321232
0849321058
0849320476
0849320286
0849320109
0849319421
0849319196
0849318811
0849317931
0849317668
0849317056
0849316886
0849316687
0849314926
0849314922
0849314813
0849314780
0849314643
0849314518
0849314139
0849313705
0849313364
0849313091
0849312450
08493124
0849312
0849311956
0849311497
0849311473
0849310756
0849310727
0849310519
0849310383
0849309899
0849308819
0849308538
0849308520
0849308401
0849308015
0849307960
0849307944
0849307539
0849307521
0849307180
0849306727
0849305328
0849304970fio
0849301366
0849301138
0849300973
0849300903
0849300850
0849299311
0849299040
0849298583
0849298442
0849298182
0849298175
0849298094
0849298079
0849297605
0849297155
0849296711
0849296591
0849296507
0849296034
0849295897
0849295873
0849295780
0849295606
0849295096
0849294934
0849294912
0849294833
0849294345
0849294037
0849293602
0849293577
08492934599
0849292953
0849292939
0849292735
0849292169
0849292101
0849292031
0849291710
0849291476
0849291337
0849291217
0849290996
0849290571
0849290465
0849290419
0849290350
0849290220
0849290040
0849290002
0849290001
084929
0849289003
0849288930
0849288793
0849288731
0849288594
0849288398
0849288289bee
0849287907
0849286141
0849285783711
0849285338
0849284966
0849284742
0849284528
0849284460
0849284093
0849283798
0849283729
0849283559
0849283398
0849283145
0849282986
0849282869
0849282800
0849281916
0849281844
0849281737
0849281684
0849281446
0849280370
084928
0849279840
0849279746wan
0849279746
0849278926
0849278762
0849278178
0849277678
0849277532
0849276897
0849276882
0849276769
0849276693
0849276062
0849275172
0849274998
0849274802
0849274573
0849274534
0849274130
0849273977
0849273067
0849272994
0849272627
0849272341
0849272202
0849271855
0849271641
0849271560
0849271506
0849270554
0849270457
0849270172
0849270054
0849269883
0849269203
0849268794
0849268600
0849268277
0849267826
0849266439
0849266375
0849266287
0849266194
0849266100
0849265897
0849265881
0849265858
0849264300
0849264155
0849264100
0849263966
0849263685
0849263530
0849263194
0849262692
0849262568
0849261735
0849261589
0849261584
0849261415
0849261414
084926096
0849260268
084925986300
0849259830
0849259573
0849259517
0849259489
0849259116
0849258715
0849258704
0849258693
0849258687
0849258473
0849258280
0849258112
0849257971
0849257741
0849257042
0849256573
0849256049
0849255952
0849254566
0849254401
0849254390
0849253585
0849253581
0849253100
0849252749
0849252409
0849252209
0849251940
0849251929
0849251831
0849251618
0849251031
0849250605
0849250485
0849250442
0849250086
0849250030
084925
0849249459
0849249313
0849248540
0849248225
0849247923
0849247688
0849247681
0849247606
0849246922
0849246593
0849246235
0849245783
0849245424
0849245254
0849244569
0849243982
0849243724
0849243483
0849242209
0849242157
0849242070
0849241749
0849241674
0849241070
0849241023
0849240136
0849240081
0849240031
0849239899
0849239633
0849239366
0849239094
0849237844
0849237696
0849237172
0849236397
0849236186
08492361360
0849235997
0849235969
0849235206
0849235161
0849234021
0849233927
0849233910
0849233434
0849233104
0849232689
0849232570
0849232566
0849232269
0849231912
0849231749
0849231536
0849231351
0849229698
0849229390
0849229351
0849229048
084922893
0849228479
0849228312
0849227907
0849227875
0849227110
0849226896
0849226573
0849226422
0849225915
0849225652
0849225423
0849225244
0849225209
0849225148
0849224832
0849224485
0849224308
0849223731
0849223378
0849222990
0849222431
0849220632
0849220398
0849220342
084922
0849219098
0849218788
084921767
0849216937
0849216542
0849215801
0849215207
0849214369
0849213634
08492131
0849212314
0849212031
0849211770
0849211279
0849211197
0849210886
0849210743
0849210736
0849210578
0849210212
0849209310
0849209034
0849209029
0849208652
0849208251
0849207060
0849206079
0849205921
0849203863
0849202469
0849202105
0849202043
0849202035
0849200923
0849200598
084920042027
0849200112
0849200054
084920
0849199986
0849199778
0849199548
0849199414
0849199267
08491989080872624703
0849197972
0849197960
0849197290
0849197251
0849196719
0849196621
0849196503
0849195814
0849195490
084919463
0849194550
0849194525
0849194512
0849194319
0849193452
0849193313
0849192915
0849192713
0849192031
0849191982
0849191773
0849191709
0849191151
0849190968
0849190940
0849190716
0849190695
0849190573
0849190477
0849189752
0849189213
0849189193
0849188563
0849188506
0849188475
0849188099
0849187858
08491869814
0849185099
0849184731
0849183496
0849183046
0849183009
0849182061
0849181826
0849181805
0849181720
0849181582
0849181303
0849181081
0849181014
0849180779
0849180465
0849180140
084918
0849179536
0849179349
0849178827
0849178718
0849178704
0849177907
0849177671
0849177640
0849177431
0849177285nat+-*/
0849177014
0849176866
0849176600
0849176511
0849176213
0849175914
0849175663
0849175052
0849174549
0849174052
0849173304
0849173010
0849172864
0849172247
0849172155
0849172129
0849172093
0849172087
0849172078
0849172058
0849171705
0849171259
0849171189
0849170884
0849170813
0849170380
0849169691
0849169560
0849169247
0849168800
0849168527
0849168465
0849168292
0849168193
0849167826
0849167131
0849166430
0849166422
0849166329
0849166182
0849166138
0849165803
0849165681
0849165360
0849165246
0849164889
0849164463
0849163754
0849163511
0849163056
0849163045
0849163022
0849162931
084916275
0849162249
0849162187
0849160731
0849160340
0849159943
0849159715
0849159710
0849159304
0849158836
0849157984
0849157919
0849157864
0849157641
0849157631
0849157382
0849156879
0849156769
0849156454
0849155541
0849155125
0849154117
0849154100
0849153540
0849153348
0849153343
0849152789
0849152620
0849152495
0849152200
08491521525
0849152035
0849151074
0849150414
0849150374
0849150161
084915
0849149484
0849149297
0849148591
0849148426
0849148370
0849148361
0849148290
0849147024
0849146992
0849145963
084914540
0849144750
0849144694a
0849144400
0849143863
0849143378
0849142939
0849142330
0849142196
0849141715
0849141569
0849141348
0849141129
0849140989
0849140901
0849140666
0849140557
0849139627
0849139434
0849139262
0849139104
0849138721
0849138372
0849138357aom
0849137291
0849137273
0849137109
0849136906
0849136740
0849136372
0849136258
0849136014
0849135495
0849134889
0849134849
0849134212
0849134198
0849134034
0849133823
0849133319
0849133167
0849133133
0849133101
0849132667
0849132594
0849132475
0849132183
0849132180
0849132120
0849131913
0849131484
0849131116
0849130985
0849130256
0849130226
0849130064
0849129948
0849129826
0849129330
0849129224
0849128624
0849128425
0849128186m
0849127827
0849127449
0849126831
0849126645
0849126554
0849126453
0849126212
0849126199
0849125707
0849125484
0849125475
0849123752
0849122816
084912257
0849122375
0849121721
0849120350
0849120269
0849119966
0849119545
0849118599
0849118361
0849118208
0849117992
0849117693
0849117625
0849117505
0849117340
0849116796
0849116323
0849116284
0849115901
0849115694
0849115676
0849115440
0849115232
0849114899
0849114597
0849114364
0849114108
0849113894
0849113892
0849113884
0849113739
0849113481
0849113422
0849113154
0849112993
0849112966
0849112223
0849112179
0849111621
0849111595
0849110533
0849110186num
0849110184
084911
0849109466
0849109183
0849108491
0849108372
0849108167
0849108071
0849108059
084910794
0849107786
0849106855
0849106494
0849106436
0849106222
0849105841
0849105574
0849105419
0849104410
0849104332
0849103775
0849103628
0849103039
0849102825
0849102628
0849100954
0849100797
0849100697
0849100590
084910
08490kzsmq
0849099980
0849099968
0849099102
0849099
0849098728lo
0849098728
0849098219
0849098025
0849097909
0849097524
084909743
0849097120
0849097078
0849096988
0849096366
0849095989
0849095641**
0849095563
0849095231
0849095131
0849094787
0849094529
0849094240
0849094165
0849094144
0849094042
0849093949
0849093704
0849093575
0849093440
0849093377
0849093164
0849093114
0849092968
0849092775
0849092601
0849092589
0849092534
084909212
0849091024
0849090886
0849090867
0849090726
0849090669
0849089877
0849089344
0849089237
0849089032
0849089015
0849088956
0849088822
0849088778
0849088284
0849088099
0849087877
0849087015
0849086829
0849086783
0849086762
0849086039
0849085979
0849084849
0849084339
0849084046
0849083989
0849082842
0849082527
0849081629
0849081329
0849080792
0849080575
084908048suk
0849079446
0849077350
0849076637
0849076459
0849076117
0849075917
0849074265
084907416
0849073732
0849073505
0849073153
0849071405
0849070239
0849069990
0849069556
0849069279
0849069094
0849068987
0849068922
0849067407
0849067292y
0849067114
0849067032
0849066791
0849066559
0849066001
0849065597
0849065158
0849064622
0849064545
0849064174
0849063659
0849062768
0849062611
0849062467
0849061992
0849061967
0849059959
0849059846
0849058838
0849058058
0849057690
0849057499
0849057278
0849056349
0849055923
0849055468
0849054477
0849054468
0849053652
0849053167
0849053088
0849052516
0849052128
0849052042
0849051902
0849051880
0849051477
0849051470
0849051396
084905008
0849049756
084904969
0849049654
0849049064
0849048958
0849048409
0849046602
0849046271
0849045979
0849045435
0849045411
0849045048
0849044943
0849044824
0849044299
0849044124
0849043774
0849042931
0849042729
0849042244
084904211
0849041963
0849041643
0849039813
0849039599
0849039479
0849039420
0849037002
0849036342056624
0849035378
0849035073
0849033589
084903351
0849033307
0849032536
0849031809
0849031592
0849031399
0849031139
0849030443
0849029946
0849029908
0849029767
0849029604
0849029428
0849028540
0849028446
0849028214
0849028069
0849027668
0849027537
0849026311
0849026011
0849025705
0849025640
0849025317
084902493
0849024382
0849024207
0849024049
0849024001
0849023982
0849023787
0849023684
0849023600
0849023444
0849023379
0849023271
0849023228
0849023217
0849023200
0849023189
0849023067
0849022380
0849022330
0849021039
0849020513
0849020512
0849020408
0849020394
0849020325
0849020122
0849019961
0849019959
0849019541
0849019519
0849019374
0849019262
0849018747
0849018303
0849018203
0849018
0849016905
0849016760
0849016572
0849016040
0849015733
0849015529
0849014847
0849014485
0849014360
0849014263
0849014136
0849013624
0849013613
0849013218
0849012613
0849011557
0849010269
0849010072
0849009982
0849009765
0849009757
0849009566
08490095
0849009139
0849009087
0849009075
0849008787
08490085
0849008236
0849008104
0849007893
0849007298
0849006803
0849006602
0849006516
0849006298
0849005645
0849005606
0849005360
0849004509
0849004490
0849004426
0849004091
0849004002
0849003831
0849003758
0849003637
0849003384
0849003369
0849003159
0849003005
0849002474
0849001730
084900168
0849001403
0849000973
0849000819
0849000706
0849000197
0849000045
0849-8627174
0849*487711
0848tear$9955
0848matt
0848cage
0848999688
0848999552
0848999372
0848999371
0848999070
0848998373
0848998152
0848997902
0848997738
0848997588
0848997544
0848997353
0848997010
08489970
0848996870
0848996334
0848996092
0848995988
0848995841
0848995342
0848994906
0848994655
0848994507
0848994
0848993517
0848993398
0848993392
0848992962
0848992959
0848992930
0848992688
0848991899
0848991725
0848991691
0848991457
0848990763
0848990719
0848990541
084899038
0848990063
0848989853
0848989831
0848989622
0848989518
0848989484
0848988932
0848988837
0848988593
0848988388
0848988240
0848987937
0848987319
0848987030
0848986942
0848986700
0848986397
0848986382
0848985756
0848985717
0848985496
0848984973
0848984837
0848984515
0848984299
0848984112
0848983822
0848983166
0848982940
0848982748
084898236
0848982351
0848982306
0848982240
0848981299
0848979340
0848979122
0848978339
0848977014
0848975990
0848975294
0848974404nan
0848974238
0848974171
0848973429
0848973094
0848971022
0848970852
0848970564
0848969844
0848969810
0848969764
0848969746
0848969590
0848969565
0848969032
0848968236
0848968205
0848968156
0848968002
0848967214
084896700
0848966999
0848966995
0848966500
0848966363
084896610
0848965904
0848965532
0848965464
0848965400
0848965348
0848965267
0848965226
0848965175
0848965144
0848965020
0848964934
0848964845
0848964625
0848964581
0848964510
0848964293
0848964243
0848964177
0848964077
0848963948
0848963927
0848963836
0848963830
0848963696
0848963603
0848962891
0848962494
0848962455
0848962351
0848962316
0848961914
0848961581
0848961554
0848961223
0848960404
0848960209
0848960183
0848959610
0848959021
0848958932
0848958692
0848958576
0848958570
0848958251
0848957918
0848957515
0848957371
0848956858
0848956857
0848955784
08489555322537
0848955503
0848955482
0848954812
0848954718
0848954597
0848954350
084895428
0848953919
0848953324
0848953298
0848952990
0848952981
0848952781
0848952370
0848952296
0848952
0848951823
0848951350
0848951283
0848951066
0848951058
0848950972
0848950885may
0848950481
0848950273
0848950107
0848949725
0848949676
0848949669
0848949662
0848949596
0848949503
0848949221
0848949192
0848949140
08489490988
0848948735
0848948604
0848948387pound
0848948312
0848948123
0848947887
0848947844
0848947798
0848947714
0848947487
0848947455
0848947182
0848947168
0848946930
0848946895
0848946844
0848946044
0848946042
0848945930
0848945898
0848945843
0848945567
0848945488
0848945484
0848945261
0848945143
0848943969
0848943669
0848943293
0848943274
0848943202
0848943196
0848943010
0848941991
0848941943
0848941713
0848941389
0848941259
0848941147
0848941105
0848940615
0848940484
0848940321
0848940269
0848939693
0848939291
0848939016
0848938662
0848937671
0848937068
0848937003
0848936861
0848936549
0848936401
0848936292
0848936123
0848936086
0848935928
0848935795
0848935213
0848934889
0848934621
0848934197
0848933763
0848933565
0848933359
0848933318
0848933309
0848933094
0848933045
0848932759
0848932710
0848932603
0848932197
0848932039
0848930586
0848930544
0848930368
0848930247
0848930245
0848929787
0848929475
0848929323
0848928895
0848928536
0848928519
0848928187f
0848927856
0848927832
0848927540
0848927209
0848927148
0848926779
0848926738
0848926610
0848926234
0848925858
0848925586
0848925564
0848925199
0848925052
0848924700
0848924684
0848924350
0848924204
0848924128
0848923802
0848923757
0848923009
0848922736
0848922493
0848922183
0848921829
0848921786
0848921268
0848920908
0848920559
0848920101
084892
0848919966
0848919566
0848918900
0848918709
0848918636
0848917795
0848917734
0848916888
0848916868
0848916131
0848914739
0848914489
0848914307
0848913995
0848913956
0848913777
0848913483
0848913417
0848913189
0848911803
0848911616
0848911088
0848910853
0848910343
084891
0848909948
0848909758
0848909123
0848909043
0848909011
0848908649
0848908560
0848908393
0848908388
0848908116
0848908060
0848908043
0848907944
0848907800
0848907198
0848905462
0848905441
0848904759
0848904675
0848904589
0848904436
0848904149
0848903817
0848903757
0848903642
0848903578
0848903577
0848903553
0848903075
0848902653
0848901596
0848901467
0848900235
08489
08488k06
0848899790
0848899787
0848899763
0848899732
0848899716
0848899703
0848899656
0848899262
08488987
0848898613
0848898399
0848898355
0848897299
0848896989
0848896665
0848896163
0848895964
0848895595
0848895515
0848895023
0848893522
0848893350
0848893214
0848893191
0848893123
0848892817
0848892447
0848891939
0848891648
0848891303
0848890935
0848890536
0848890217
0848889958
0848889897
0848889826
0848889723
0848889461
0848889060
0848888771
0848888545
0848887900
0848887300
0848886808
084888606008378
0848885453
0848884969
0848884844
0848884657
0848884410
0848884404
0848884363
0848884247
0848884188
0848883940
0848883688
0848883620
0848883600
0848883450
0848883378
0848883350
0848883305
0848883114
0848883040
0848882877
0848881902
0848881835
0848881814
0848881494
0848881121
0848881071
0848880985
0848880905
0848880825
0848880722
0848880622
0848880368
0848880152
0848879973
0848879572
0848878952
0848878885
0848878802
0848878595444
0848878584
0848878281
0848878268
0848878211
0848878074
0848877988
0848877775
0848877721
0848877569
084887736
08488772
0848876900
0848876841
0848876703
084887661
0848875825
0848875509
0848875475
0848875465
0848875440
0848875392
0848875288
0848875176
0848875133
0848875037
0848874976
0848874878
0848874599
0848874431
0848874067
0848873981
0848873886
0848873343
0848873278
0848872564
0848872197
0848872140
0848872063
0848871723
0848871598
0848871068eve
0848870857
0848870842
0848870500
0848870487
0848870433
0848869589
0848869160
0848869067
0848869064
0848869040
0848869003
0848868911
0848868500
0848868223
0848868143
0848868078
0848867968
0848867842
0848867605
0848867502
0848867261
0848866797
0848866304
08488652122512
0848865176
0848865096
0848864923
0848864791
0848864656
0848864323
0848864305
0848864264
0848864200
0848864152
084886415148134776
0848863782
0848863656
0848863648
0848863483
0848862271
0848862216
0848862128
0848861901
0848861893
0848861773
08488616923
0848861465
0848860947
0848860747
0848859507
0848859171
0848858970
0848858671
0848858598
0848858503
0848858496
0848858099
0848857931
0848857742
0848857630123321
0848857578
0848857416
0848857325
0848857273
0848857235
0848857187
0848857119
0848857022
0848856685
0848855926
0848855924
0848855890
0848855717
0848855574
0848855374
0848855274
0848855220
0848855079
0848854841
0848854744
0848854667
0848854535
0848854498
0848854487
0848853839
0848853761
0848853754
0848853701
0848853588
0848853459
0848853326
0848852764
0848852467
0848852023
0848851867
0848851808
0848851787
0848851447
0848851066
0848850604
0848850528+
0848850362
08488500c
0848849597
0848849577
0848849402
0848849075
0848848586big
0848848031
0848847973
0848847480
0848847049
0848846698
0848846310
0848846047
0848846022
0848845794
0848845786
0848845486
0848845391
0848844899
0848844645
0848844256
0848844029
0848843661
0848843476
0848843371
0848842944
0848842397
0848842140
0848842051
0848841767
0848841713
0848841437
0848841034
0848840881
0848840559
0848840518
0848840100boy
0848839883
0848839876
0848839411
0848838970
084883896andrea
0848838864
0848838823
0848838396
0848837914
0848837889
0848836209
0848835699
0848835280
0848835145130
0848835101
0848834897
0848834858
0848834404
0848833712
0848833090
0848832940
0848832438
0848832275
0848831775
0848831219
0848831098
0848830998
0848830506
0848830241
0848830020
0848829016
0848828873
0848828852
0848828614
0848828435
0848828395
0848828139
0848827577
0848827409
0848827261
0848827205
0848826093
0848825399
0848824864
0848824502
0848824042
0848823575
0848823538
0848822688
0848822094
08488216885
0848821437
0848821416
0848820484
0848820401
0848820206
0848819830
0848818960
0848818841
0848818309
0848818145
0848817697
0848817680
0848817439
0848816783
0848816765
0848816504
0848816481
0848816044
084881567
0848813777
0848813588
0848813322
0848812558pong
0848812283
0848811708
0848811535
0848811185
0848810944
0848810779
0848810674
0848810144
0848810096
0848809785
08488084800
0848808299
0848808002
0848807907
0848807005
0848805850
0848805736
0848805725
0848805194
0848804936
0848804848
0848804071
0848803996
0848803664as
0848802781
0848802562
0848802091
0848802041
0848801770
0848801631
0848801305
0848800904
0848800850
0848800282
0848800280
084880
0848799974
0848799855
0848799719
0848799606
0848799605
0848799504
0848799419
0848798887
0848798518
0848798432
0848798239
0848797713
0848797454
0848797410
0848797014
0848796967
0848796548
0848795456
0848795355
0848795249
0848795214
0848794532
0848794405
0848794123
0848793552
0848793515
0848793173
0848793081
0848792865
0848792634
0848792321
0848791941
0848791740
0848791275
0848791199
0848791179
084878l
0848789492
0848789369
0848789226
0848788854
0848788729
0848788545
0848788434
0848788418
0848788304
0848788234
0848788148
0848788147
0848788084
0848787857
0848787719
0848787646
0848787367
0848787321
0848787167
0848786408
0848786367
0848784880
0848784346
0848784128
08487832
0848783018
0848782821
0848782667
0848782478
0848782016
0848781128
0848780438
0848780186
0848779475
0848779388
0848779006
0848778972000000
0848778730
0848778702
0848778620
0848778378
0848777585
0848777217
08487770317353
0848776811
0848775955
0848775740
0848775631
0848775562
0848775535
0848775337
0848775188wow
0848774885
0848774179
0848774133
0848773845
0848773520
0848773391
0848773018
0848772273
0848772055
0848771950
0848771948
0848771519
0848771190
0848770477
0