20339
0858620285
085862
0858619900
0858619358
0858618572
0858617874
0858617803
0858617579
0858617367
0858616984
0858616390
0858616131
0858613170
08586130450872531406
0858612868
0858612826
0858612365
0858612316
0858611963
08586118884
0858611731
0858611578
0858611074
0858610724
0858610190
0858609516
0858609450
0858609449
0858609061
0858608981
0858608786
0858608761
0858608309
0858607895
0858607099
0858606977
0858606435
0858606385
0858605565
0858605358
0858605226
0858605191
0858605115
0858604927
0858604895
0858603950
0858603809
0858603439
0858603383
0858603119
0858602955
0858602656
0858602253
0858601945
0858601621
085860158
0858601499
0858601484
0858601293
0858601182
0858600782
0858600139
085859993
0858599085
0858598816
0858598752
0858598308
0858597956
0858597573
0858597394
0858597370
0858596929
0858596871
0858595929
0858595807
0858595803
0858595558
0858595271
0858594923
0858594003
0858593499
0858593375
0858593354
0858593201
0858592679
0858592588
0858592030
0858591991
0858591866
0858591224
0858591043
0858590601
0858590345
085859028839
0858590025mp
085859
0858589435
0858589297
0858589190
0858589179
0858589167
0858588907
0858588904
0858588267
0858588224
0858587993
0858587811
0858587708
0858587550
0858587180
0858587001
0858586897
0858586864
0858586647
0858586629
0858586347
0858586335
0858586222
0858586082
0858586004may
0858585960
0858585938
0858585809
0858585605
0858585515
0858585479
0858585409
0858585334
0858585240
0858585107
0858585087
0858585006
0858584754
0858584667
0858584602
0858584472
0858584440
0858584062
0858583677
0858583636
0858583232
0858583180
0858582615
0858582553
0858582505
08585825
0858582272
0858581982
085858191
0858581838
0858581236
0858581183
0858580851Tukky
0858580691
0858580249
08585801655
0858580044
085858
085857_3921
085857866
0858578491
0858578474
0858578381
0858578155
0858578097
0858577540
0858576869
0858576650
0858576577
0858576025
0858575702
0858575701
0858575630
0858575560
08585755071516
0858575338
0858574415
0858574378
0858574308
0858574038champ
0858573457
0858573412
0858573314
0858573262
0858573070
0858572205
0858571988
0858570974
0858570729
0858570269
0858570023
085857
0858569908
0858569535
0858569109000
0858568763
0858568690
0858568606
0858568532
0858568486
0858568442
0858568190
0858568172
0858568101
0858567711
0858567164
0858566999
0858566909
0858566884
0858566202
0858566069
0858565665
0858565244
085856486
0858564838
0858564357
0858563889
0858563874
0858563831
085856359416009
0858563466
0858563213
0858563196
0858563194
0858562887
0858562452
0858562273
0858561762
0858561487
0858561079
0858561005
0858560800
0858560710
0858560461
0858560157
0858560
0858559931
0858559765
0858559670
0858559662
0858559589
0858558664
0858557927
0858557876
0858557768
0858557742
0858556965
0858556676
0858556569
0858556477
0858556417
0858556399
0858556146
0858555872
0858555773
0858555575
0858555398
0858555278
0858554968
0858554845
0858554585
0858554195
0858553936
085855364949
0858553538
0858552945
0858552540
0858552526
0858552525
0858552403
0858552245
0858552011
0858551797
0858551767
0858551743
0858551714
085855162336
0858551383
0858551346
0858550995
0858550985
0858550704
0858550699
0858550598
085855045234
0858550146
0858550087
0858550020
0858549687
0858548832
0858548828
0858548694
0858548610
0858548543
0858548541
0858548227
0858547630
0858547370
0858547200
0858546809
085854655673
0858546440
0858546423
0858546378
0858546241
0858545774
0858545668
0858545443
0858545084
0858545083
0858544666
0858544563
0858544518
0858544310
0858544070
0858543686
0858543492
0858543431
0858542573
0858542571
0858542527
0858542458
0858541596
0858541500
0858541431
085854128655
0858540822
0858540819
0858540485
0858540433
0858540357
0858540193
0858539982
0858539905
08585394
0858538654
0858538636
0858538310palmy
0858538274
0858537840
0858537808
0858537796
0858537733
0858537496
0858537324
0858536499
085853582114
0858535545
0858535093
0858534960
0858534794
0858534578
0858534511
0858534422
0858533914
0858533338
0858533263
0858533129
0858532975
0858532835
0858532742
0858532523
0858532394
0858532131
0858532059
085853147108
0858531408
0858531077
0858531056
0858530866
0858530824
0858530448
0858530425
0858530379
0858530353
0858530266
0858529786
0858529441
0858529128
0858528892
0858528449
0858528234
0858528090
08585278790
0858527852
0858527762
0858527598
0858527418
0858527215
085852694
0858526858
0858526317
0858526149
0858526110
0858526005
0858525978
085852595352
0858525089
0858524971
0858524061
0858523344
0858523240
0858523214
0858523150
0858523066
0858523047mother
0858522737
0858522490
0858522376
0858521926
0858521685
0858521663
0858521170
0858520966
0858520125
0858519842
0858519712
0858519146
08585190081234
0858518780
0858518712
0858518243
0858517672
0858517531
0858517368
0858517239
0858516995
0858516988
0858516829
0858516795
0858516567
0858516449
0858516196
0858515951
0858515829
0858515793
0858515561
0858515272
0858515184
0858515162
0858515134
0858515059
0858515026
0858514946
0858514577
0858514521
0858514506
0858514335
0858513842
0858513600
0858513239
0858513129
0858512931
0858512408
0858512362
0858512314
0858512285
0858512217
0858512040
0858511992
0858511781
0858511714
0858511404
0858511232
0858511220
0858511031
085851083663
0858510712
0858510565
085851
0858509819
0858509789
0858509204
0858509131
0858508668
085850843108
0858508192
0858507830
0858507724
0858507588
0858507289
0858507231
0858507148
0858506702
0858506608
0858506559
0858506546
0858506229
0858506215
0858506202
0858505900
0858505878
085850585797
0858505822
0858505816
0858505507
0858505434
0858505310
0858505218
0858505131
0858505113
0858505077
0858505004
0858504769
0858504722
0858504549
0858503871
0858503602
0858503565
0858503343
0858503249
0858503036
0858502908
0858502703
0858502668
0858502476
0858502026
0858501927
085850180888
0858501686
0858501493
0858501417
0858501332
0858501203
0858501064
085850100
0858500667
0858500645
0858500383
085850
08584gynem
0858499885
0858499765
0858499690
0858499626
0858499269
0858499253
0858499063
0858498608
0858497520mint
0858497490
0858497470
0858497301
0858497225
0858497188
0858497146
0858496834
0858496004
0858495919
0858495855
0858495785
0858495625
0858495574
0858495561
0858495305
0858494945
0858494722
0858494638
0858494623
0858494442
0858494425
0858494156
0858494132
0858493973
0858493288
0858493262
0858493230
0858493187
08584931760
0858492625
0858491831
0858491532
0858490770
0858490157
0858489824
0858489564
0858489477
0858489452
0858489218
0858489017
0858488877
0858488521
0858488399
0858488367
0858488363
0858488305
08584881477
0858488147
0858487601
0858487148
0858486820
0858486715
0858486389
0858485837
0858485745
0858485727
0858485299
0858485109
0858485025
0858484998
0858484908
0858484869
0858484847
0858484675
0858484665
0858484550
0858484463
0858484450
0858484324
0858484194
0858484153
0858483965
0858483820
0858483816
0858483667
0858483360
0858483101
0858483080
0858482677
0858482490
0858482381
0858482299
0858482265
0858481895
0858481719
0858481528
0858481349
0858481300
0858481274
0858481051
0858481005
0858480980
0858480955
0858480579
0858480201
0858480032
085848
0858479738
0858479503
0858479421
0858479365
0858479337
0858479294
0858479112
0858478966
0858478861
0858478794
0858478476
0858478337
0858478227
0858478113
0858478020
0858477863
0858477533
0858477494
0858477404
0858477344
0858477295
0858476775
0858476719
0858476551
0858476174
0858476155
0858475750
0858475737
0858475660
0858474798
0858474759
0858474707
0858474566
0858474526
0858474523
0858474484
0858474340
0858474250
0858473898
0858473877
0858473756
0858473279
0858472996
0858472838
0858472551
0858472446
0858472004
0858471968
0858471864
0858471517
0858471491
0858471122
0858470782
0858470561
0858470440
0858470428
0858470277
085847
0858469979
0858469348
0858469336
0858469249
0858469221
0858468959
0858468100
0858467675
0858467540
0858467491
0858467338
0858467203
0858467166
0858466244
0858465724
0858465574
0858465536
0858465521
0858464676
0858464170
0858464067
0858463320
0858463220
0858462929
0858462751
0858462638
0858462548
0858462507
0858462459
0858462280
0858462259
0858462090
0858461564
0858461444
0858461275
0858461228
0858461207
0858460624
0858459965
0858459812
0858459686
0858459555
0858459401
0858459188GU
0858459064
0858459029
0858458960
0858458918
0858458853
0858458847
0858458557
0858458422
0858458132
0858457697
0858457452
0858457226
0858456976
0858456934
0858456920
0858456716
0858456712
0858455372
0858455320
0858455228
0858455218
0858455048
0858454997
0858454993
0858454989
0858454713
0858454564
0858454558
0858454548
0858454486
0858453702
0858453457**
0858453445
0858453431
0858453061
0858452978
0858452923
0858452697
0858451836
0858451668
0858451505
0858451301
0858451157
0858450704
0858450252
0858450238
0858450118
0858450107
0858449942
0858449939
0858449904
08584493692527
0858449369
0858449202
0858448645
0858448638
0858448577
0858448321
0858448272
0858448248
0858447823
0858447420
0858447410
0858447156
0858447114
0858446843
0858446826
0858446785
0858446433
0858446127
0858445971
0858445883
0858445865
0858445651
0858445615
0858445510
0858445437
0858445408
0858445235
0858445136
0858445134
0858444972
0858444232
0858444123
0858443957
0858443925za
0858443603
0858443511
0858443477
0858443319
0858443227
0858443178
0858442980
0858442959
0858442677
0858442329
0858442163
0858442059
0858441868
0858441726
0858441638
0858441617
0858441401
0858441334
0858441094
0858441020
0858440920
0858440747
0858440643
0858440422
0858440385
0858440244
0858440177
0858439563
0858439481
0858439253
0858438830
0858438787
0858438649
0858438459
0858438432
0858438278
0858438268
0858438265
0858437981
0858437978
0858437275
0858437248
0858437144
0858436770
0858436337
0858435997
0858435955
0858435601
085843543
0858434642*-*
0858434548
0858434502
0858434129
0858434000
0858433983
0858433695
0858433259
0858432679
0858432621san
0858432105
0858431885
0858431679
0858431611
0858431359
0858431352
0858431261
0858431205
0858431054
0858430898
0858430689white
0858430419
0858430226
0858430050
0858429986
0858428985
0858428756
0858428620
0858428369
0858427998
0858427746
0858426623
0858426548
085842634
0858426330
0858426202+1991
0858426038
0858426033
0858425949
0858425496
0858425313
0858425309
0858425294
0858425131
0858424866
0858424802
0858424600
0858424369
0858424251
0858424183
0858423730
0858423601
0858423228
0858423210
0858423001
0858422979
0858422622
0858422220
0858422166
0858422080
0858421892
0858421634
0858421610
0858421233
0858421202
0858421194
0858421173
0858420899
0858420715
0858420529
0858420216
0858419587
0858419037
0858418911
0858418780
0858418639
0858418614
0858418478
0858418241
0858418151
0858417960
0858417798
0858417428
0858416781
0858416354
0858415855
0858415720
0858415662
0858415655
0858415646
0858415642
0858415302
0858414906
0858414856
0858414753
0858414265
0858414036+chen
0858413522
0858412329
0858411629
0858411607
0858411510
0858410769
0858410764
0858410431
0858410412
0858410071
0858409405
0858409368
0858409073
0858408486
0858408392
0858408365
0858408006
0858407878
0858407486
0858407239
0858407169
0858407140
0858406663
0858406407
0858406373
0858406327
0858405918
0858405898
0858405897
0858405713
0858405470
0858405462
0858405244
0858404911
0858404783
0858404541
0858404445
0858404338
0858404326
0858403777
0858403466
0858403390
08584026944
0858402694
0858402523
0858402163
0858402091
0858401710
0858401500
0858401483
0858401242
0858401007
0858400952
0858400948
085840092
0858400280
0858400092
08584
0858399963natt
0858399834
0858399496
0858399258
0858399058
0858398198
0858398021
0858398002
0858397945
0858397553
0858397513
0858397468
0858397445
0858396985
0858396824
0858396213
0858396059
0858395934
0858395881
0858395800
0858395284
0858395218
0858395008
0858394961
0858394580
0858394421
0858394267
0858394234
0858394231
0858393988
0858393759
0858393281
0858393253
0858393084
0858392063
0858391805
0858391052
0858390448
0858389956
0858389811
0858389732
0858389450
0858389388
0858388660
0858388613
0858388498
0858388036
0858387897
0858387443
0858387194
0858386714
0858386533
0858386479
0858386160
0858385978
0858385542
0858385488
0858385251
0858385189
0858385118
0858385083
0858385053
0858384802
0858384605
0858384587
0858384271
0858383968
0858383515
0858383469
0858383421
0858383091
0858383038
0858382393
0858382242
0858382178
0858382099
0858381864
0858381812
0858381606
085838141
0858381326
0858381128
0858380769
0858380641
0858380434
0858380406
0858380354
0858380267
0858380222
0858379848
0858379796
08583796
0858379342
0858377461
0858377346
0858376836
0858376628
0858376117
0858375827
0858375422
0858375342
0858374821
0858374012
085837384520
0858373780
0858373760
0858373628
0858372847
0858372699
0858371151
0858370882cheer
0858370632
0858370535
0858370390
0858370356
0858370265
0858370085
0858369870
0858369439
0858369304
0858369190
0858369117
0858368881
085836858
0858368398
0858368099
0858367592
0858367332
0858367217
0858366914
0858366381
0858366294
0858365822
0858365161
0858365112
0858364884
0858364813
0858364577
0858364370
0858364277
0858363557
085836355217
085836349
0858363462
0858363281
0858363074
0858362780
08583627
0858362185
0858362174
0858361740
0858361619
0858361545
0858361134
0858360952
0858360523
0858360506
0858360424
0858360223
0858355912
0858355404
0858354977
0858354497
0858354478
0858354475
0858354030
0858353686
0858353640
0858353171
0858352610
0858351404
0858350610
0858350399
0858350398
0858350284
085835
0858349447
0858349401
0858348720
0858348674
0858348575
0858348321
0858348151
0858347839
0858347824
085834782
0858346691
0858346309
0858344981
0858344787
0858344422
0858343766
0858343415
0858343011
0858342752
0858342617
0858342115
0858341951
0858341883
0858341707
0858341602
0858341222
0858341169
0858340949
0858340597
0858340456
0858340008
085834
0858339365
0858339015
0858338520
0858338287
0858338150
0858337422
0858337215
0858337052
0858336904
0858336829
0858336739
0858336554
0858336434
0858336158
0858336151
0858336006
0858335818
0858334783
0858334743
0858334451
0858334397
0858334178
0858333963
0858333907
0858333747
0858333563
0858332386
0858332199
0858331555
0858331369
0858330903
0858330110
0858330060
0858329828
0858329662
0858329259
0858329235
0858329038
0858329010
0858328589
0858327843
0858327630
0858327552
0858326341
0858326272
0858326266
0858326228
0858325776
0858325655
0858325350
0858325232
0858323845
0858323482
0858323437
0858323271
0858322665
0858321858
0858321695
0858321502
0858321363
0858321318
0858321054
08583208888
0858320888
0858320844
085832
0858319724
0858319553
0858319528
0858319492
0858319340
0858318668
0858318607
0858318564
0858318553
0858318388
0858318259
0858318233
0858318200
0858318189
0858318014
085831783720564c
0858317643
0858317339
0858317079
0858316676
0858316635
0858316568
0858316414
0858316096milb
0858315768
0858315649
0858315593
0858315393
0858315249
0858314900
0858314606
0858314344
0858313984
0858313781
0858313644
0858313548
0858313108
0858313032
0858312623
0858312567
0858312560
0858312445
0858312370
085831202582
0858311935
0858311558
0858311537
0858311271
0858310997
0858310922
0858310411
0858310129
085831
0858309986
0858309935
0858309756
0858309525
0858309436
0858308989
0858308833
0858308807
0858308704
0858308677
0858308520
0858308337
0858308189
0858308082
0858307905
0858307815
0858307268
0858306998
085830694
0858306858
0858306774
0858306530
085830638
0858306278
0858305942
0858305916
0858305900
0858305540
0858305396
0858305075
0858304889
0858304757
0858304677
0858304608
0858304004
0858303954
0858303749
0858303636
0858303483
0858303386
0858303125
0858303101
0858302820
0858302711
0858302376
0858302273
0858301838
0858301818
0858301472
0858301293a
0858301069
0858301035
0858300693
0858300517
0858300381
0858300321
0858300206
0858300083
0858299880
0858299705
0858299458
0858299234
0858299220
0858299210
0858299060
08582990360
0858299035
0858298771
0858297724
0858297600
0858297556phuang
0858297465
0858296865
0858296860
0858296713
0858296230
0858295207
0858294664
0858294580
0858294368
0858293938
0858293930
0858293796
0858293684
0858293578
0858292597
0858292083
0858291579
0858291455
0858291452
0858291444
0858291420
0858291066
0858290680
0858290307
0858290296
0858290053
0858289578
0858289236
0858289178
0858288650
0858288612
0858288520
0858287943
0858287909
0858287752
0858287741
0858287710
0858287700
0858287464
0858287396
08582873564
0858287324
0858287088
0858287074
0858286956
0858286661_3772
0858286639
0858286433
0858286397
0858286270aa
0858286171
0858286027
0858285990
0858285839
0858285664
0858285606
0858285524
0858285433
0858285406
0858285375
0858285319
0858285255
0858285205
0858284821
0858284669
0858284604
0858284072
0858283989
0858283822
0858283793
0858282793
0858282648
0858282594
0858282556
0858282272
0858282202
0858281904
0858281827
0858281731
0858281639
0858281368
0858281179
0858280771
0858280557
0858279716
0858279712
0858279690
0858279689
0858279092
0858279075
0858278705
0858278107
0858277656
0858277271
0858277133
0858276718
0858276598
0858276241
0858276139
0858275960
0858275725
0858275388
0858274783
0858274738
0858274720
0858274030
0858273891
0858273614
0858273500
0858273082
0858272930
0858272869
0858272832
0858272669
0858272606
0858271912
0858271204
0858270900
0858270470
0858270143
0858270091
0858270073
085827
0858268840
0858268644
085826860456
085826855632424
0858268551
0858268497
0858268465
0858268214
0858268183
0858267877
0858267355
0858267311
0858267241
0858267179
0858266773
0858266731
0858266216
0858266208
0858266139
0858265934
0858265851
0858265608
0858265483
0858265470
0858265424
0858265402
0858265383
0858265328
0858265276
0858264926
0858264886nan
0858264767
0858264699
0858264622
0858264570
0858264060
0858264046
0858264026
0858263922
0858263444
0858263388
0858263204
0858262600
0858262331
0858260749
0858260745
0858260437
0858260369
0858260346
0858260046
0858260023
0858259697
0858258920
0858258832
0858258535
0858258262
0858257946
0858257870
0858257771
0858257679
0858257367
0858257142
0858257059
0858257049
0858256777
0858256400
0858256202
0858256137
0858255921
0858255785
0858255371
0858255369
0858255035
0858254758
0858254592
0858254428
0858254207
0858254090
0858253800
0858253472
0858253074
0858252690
0858252689
0858252498
0858252428
0858252411
0858251950
0858251825
0858251761
0858251601
0858251419
0858251229
0858250833
0858250435
085825018427523
0858250029
085825
0858249896
0858249009
0858248769
0858248546
0858248100
0858247954
0858247759
0858247681
0858246830
0858246733
0858246659
0858246531
0858246346
0858245889
0858245869
0858245842
0858245708
0858245196
0858244670
0858244657
0858244438
0858244228
0858244194
0858243736
0858243428
0858243033
0858242698
0858242497
0858242473
0858242359
0858242350
0858242296
0858241946
0858241848
0858241463
0858241186
0858241141
085824111985
0858240622
0858240247
085824
0858239911
0858239495
0858238837
0858238767
0858238507
0858238012
0858237884
0858237805
0858237743
0858237681
0858237607
0858237193
0858237108
0858237097
0858237049
0858236959
0858236905
08582367
0858236052
0858235659
0858235627
0858234874
0858234698
0858234469
0858234368
0858233804
0858233127
0858233094
0858233049
0858232922
0858232680
0858232633
08582324456a
0858232434nick
0858232394
0858232210m
0858231735
0858231234
085823111
0858230085
0858229667
0858229552
0858229541
0858228911
0858228648
0858228570
0858228403
0858227948
0858227884
0858227690
0858227576
0858227551
0858227202
0858227008
0858226793
0858226588
0858226313
0858226087
0858225361
08582252985
0858225203
0858225018
0858224999
085822496713251
0858224699
0858224548
0858224420
0858224266
0858224178
085822402
0858223849
0858223778
0858223771
0858223758
0858223675
0858223608
0858223597
0858222493
0858222289
0858222030
0858221665
0858221110
0858221108
0858221013
0858220992
085822084490
0858220827
0858220628
0858220538
0858219964
0858218893
0858218862
0858218618
0858218615
0858218591
0858218450
0858218401
0858218354
0858218209
0858218205
0858217769
0858217635
0858217634
0858216583
0858216531
0858215184
0858214914
0858214574
0858214535
0858214429
085821437
0858214201
0858213yu
0858213994
0858213966
0858213715
0858213469
0858213316
0858213207
0858212909
0858212452
0858212449
0858212335
0858212218
0858211785
0858211680
0858211592
0858211514
0858211158
0858211136
0858210937
0858210909
0858210503
0858210392
085821019288
0858209932
0858209893
0858209700
0858209617
0858209427
0858209140
0858209102
0858209067
0858208298
0858208198
0858208084
0858208029
0858208023
0858207675
0858207619
0858207539
0858207399
0858207273
0858207136
0858207040
0858206311
0858206249
0858206006
0858205852
0858205849
0858205756
0858205552
0858205303
0858205204
0858204798
0858204434
0858204189
085820332524614
0858203200
0858203189
0858203130
0858202564
0858201632
0858201626
0858201272
0858201263
0858200979
0858200612
0858200434
0858200215
0858200178
085820
0858199884
0858199602
0858199167
0858198996
0858198927
0858198542
0858198462
0858198230
0858198106
0858198094
0858197927
0858197679
0858196592
0858196468
0858196044
0858195968
0858195962
0858195741
0858195602
0858194866
0858194668
0858194469
0858194447
0858194327
0858194308
0858194211
0858194197
0858194155
0858192324
0858192217
0858192004
0858191882
0858191784
0858191781
0858191622
0858191396
0858191395
0858191131
0858191110
0858191091/
0858191088
0858190937
0858190875
0858190200
0858190163
0858190003
0858189959
0858189811
0858189530
0858189458
0858188845
0858188808
0858188741
0858188705
0858188517
085818849
0858188472
0858188358
0858188069
085818805alex
08581880
0858187898
0858187742
0858187318
0858187285
0858187245
0858187193
0858187166
085818707
0858186883
0858186595_devil
0858186595
0858186569
0858185919
08581858za
0858185886
0858185598
0858185425
0858185293
0858185098
0858184615
0858184497
0858184328
0858184269
0858184248
0858184227
0858184163
0858183937
0858183926
0858183561
0858183475
0858183077
0858183024
0858182745
0858182718
0858182552
0858182426
0858182273
0858181892
0858181801
0858181531
0858181514
0858181227
0858181117
0858180962
0858180921
0858180736
0858180457
0858179957
0858179617
0858179496
0858179346
0858179305
0858179247
0858179191
0858178964
0858177984
0858177380
0858177274
0858177263
0858177140
0858177107
0858176822
0858176777
0858176768
0858176113
0858175900
0858175677
0858175470
0858175295
0858175105
0858174988
0858174854
0858174809
0858174550
0858174540
0858174511
0858174397
0858173817
0858173646
0858173298
0858171661
0858171645
0858171614
0858171398
0858171128
0858170994
0858170271
0858169590
0858169475
0858169454
0858169277
0858169108
0858169050
0858168137
0858167837
0858167780
0858167778
0858167687
0858167541
0858167510
0858167479
0858167226
0858167083
0858167027
0858166315
0858166252
0858166171
0858166124
0858165994
0858165564
0858165520
0858165461
0858165309
0858165276+0833019972
0858164946
0858164791
0858164475
0858163985
0858163472
0858163398
0858162849
0858162250
0858161920
0858161828
0858161462
0858161401
0858161358
0858161347
0858161218
0858160660
0858160063
0858159883
0858159714
0858159532
0858158768
0858158618
0858158331
0858157721
0858157681
0858157628
0858157502
0858157449
0858156780
0858155991
085815575
0858155604
0858155436
0858155229
0858155078
0858155015
0858154823
0858154799
0858154655p
0858154545
0858154256
0858154045
0858153978
0858153660
0858153529
085815315100
0858153005
0858152735
0858152718
0858152347
0858152341
0858152079
0858151875
0858151712
0858151593
0858151572
0858151551
0858151532
0858151524
0858151378
0858151353
0858151115
0858151056
0858151053
0858151006
0858150956
0858150864
0858150657
0858150649
0858150529
0858150317
0858150292
0858150177
0858150174
0858150170
0858150126
0858150063
085815006
0858150
0858149993
0858149766
0858149761
0858149581
0858149548
0858148899
0858148575
0858148410
0858148313
0858148188
0858148153
0858148074
0858148025
0858147801
0858147297
0858147244
0858147238
0858146976
0858146915
085814664745
085814658
0858145828
0858145785
0858145594
0858145359
0858145319
0858144914
08581449
0858144886
0858144716
0858144710
0858144309
0858143993
0858143930
0858143917
0858143880
0858143762
0858143465
0858143350
0858143273
0858143008
085814243
0858142255
0858142247
0858142005
085814145368
0858141387
0858141350
0858140671
0858140149
0858139820
0858139298
0858139045
0858138850
0858138190
0858137562
0858137448
0858137426
0858137252
0858137106
085813681087
0858136540
0858136152
0858136063
0858136038
0858135966
0858135264
0858135119
0858135044
0858134971
0858134699
0858134508
0858134496
0858133419
0858133326028748340
0858133326
0858133252
0858133025
0858132506
0858132384
0858132112
0858131773
0858131367
0858130236
085813020
0858130182
0858130090
0858129764
0858129763
0858128979
0858128925
0858128275
085812751750
0858127479
0858127375
0858127336
0858127256
0858126992
0858126702
0858126347
0858126284
0858125642
0858125461
0858125456
0858124811
0858124729
0858124612
0858124136
0858124120
0858123846
0858123443jaa
0858122828
0858122812
0858122540
0858122229
0858121859
0858121647
0858121504
0858121355
085812134
0858121140
0858120531
0858120417
0858120350
0858120260
0858120252
0858120200
08581201323456
0858119758
0858119664
08581196002
0858119585
0858119523
0858119464
0858119461
0858119411
0