975734
0849975536
0849975525
0849975011
0849974859
0849974544
0849973971
0849973833
0849973702
0849973664
0849973622_din00
0849973142
0849973107
0849972925
0849972453
0849970794
0849970243
0849970195
0849970105
084997
0849969960
0849969937
0849969520
0849969029
0849969017
0849968945
0849968771
0849968759
0849968566
0849968429
0849968318
0849968267
0849968252
0849968062
0849967825
0849967114
0849966757
0849966733
0849966718
08499667114
0849966586
0849966465
0849966394
0849965919
0849965629
0849965524
0849965373
0849965106
0849964978
0849964934
0849964743
0849964708
0849964300
0849964248
0849964220
0849964047
0849963731
0849963505
0849963474
0849963289
0849962811
0849961897
0849961688
0849961399
0849961028
0849961003
0849960560
0849960551
0849960184
084996
0849959983
0849959981
0849959698
0849959542
0849959369
0849959353
0849959270
0849959041
0849958242
0849958202
0849958017
0849957741
0849957655
0849957589
0849957507
0849957473
0849957339
0849956834
0849956639
0849956582
0849956357
0849955861
0849955737
0849955677
0849955641
0849955489
0849955190
0849955122
0849955016
0849954644
0849954595
0849954418
0849954370
0849954228
0849954187
0849954160
0849953983
0849953958
0849953673
084995354
0849953393
084995333
0849953306
0849953203
0849952857
0849952421
0849952237
0849951799
0849951691
0849951611
0849951513
0849951373
0849951361
0849951245
0849951179
0849950957
0849950903
0849950684
0849950407
0849949636
0849949410
0849949336
0849949237
0849948840
0849948571
0849948287
0849947773
0849947758
0849947719
0849947704
0849947680
0849947127
0849946822
0849946399
0849945249
0849945160
0849945010
0849943903
0849943539
0849943422
0849943351
0849943067
0849942974
0849942636
0849942585
0849942519
0849942282
0849942068
0849942007
0849941928
0849941766
0849941730
0849941598
0849941455
0849941437
0849941373
0849941332
0849941204
0849940839
0849940590
0849939663
0849939467
0849939390
0849939076
0849938676
0849937977
0849937939
0849937282
0849936977
0849936929
0849936353
0849936299
0849935823
0849935766
0849935475
0849935395
0849935354
0849935313
0849935255
0849935035
0849934969
0849934880
0849934867
0849934692
0849934626
0849934467
0849934155
0849933905
0849933672
0849933526
0849933519
0849933494
0849933261
0849933087
0849932909
0849932744
0849932166
0849932108
0849931469
0849931149
0849931044
0849930859
0849930659
0849930339
0849930036
0849929821
0849929815
0849929676
0849929384
0849929012
0849928935
0849928734
0849928670
0849928481
0849928380
0849928345
0849928254
0849927975
0849927872
08499277213193
0849927720
0849927440
0849927256
0849927159
0849927115
0849926810
0849926634
0849926490
0849926227
0849926069
0849926058
084992593
0849925744
0849925679
0849924622
0849924442
0849924330
0849924008
0849923849
0849923722
0849923710
0849923611
0849923315
0849923202
0849923013
0849923012
0849922722
0849922639
0849922536
0849922528
0849922481
0849922161
0849921913
084992154
0849921508
0849921483
0849921319
0849921192000
0849921136
0849921046
0849921030
0849920722
0849920393
0849920338
0849920233
0849920148
0849919575
0849919489
0849919457
0849919144
0849919141
0849919136
0849918610
0849918042
0849917818
0849917737
0849917439
0849917317
0849916803
0849916166
0849916089
0849916010
0849915830love
0849915676
0849915203
0849914931
084991478823
0849914556
0849913599
0849913266
0849913159
0849913138
0849913064
0849913047
0849912811
0849912305
0849912224
0849911849
0849911352
0849911292
0849911066
0849910854
0849910614
0849910326
0849910283
0849910130
0849909982
0849909929
0849909908
084990990
0849909867
0849909856
0849909837
0849909458
0849909353
0849909186
0849909104
0849909027
0849908949
0849908511
0849908229
0849908043
0849907726
0849907724
0849907673
0849907378
0849907071
0849906982
0849906919
0849906624
0849906360
0849906083
0849905610130725
0849905490
0849905435
0849905415
0849905062
0849904994
0849904831
0849904664
0849904458
0849904420
0849904331
0849904234
0849904098
0849903837
0849903550
0849903350
0849902549
0849902509
0849902332
0849902119
0849901992
0849901976
0849901933
0849901568
0849901487
0849901432
0849901352
0849901305
0849901223
0849901100
0849900899
0849900860+
0849900797
0849900494
0849900402
0849900286
0849900153
0849899753
0849899552
0849899127
0849898935
0849898918
0849898818
0849898643
0849898412
0849898389
0849898324
0849898321
0849898309
0849898068
0849897492
0849897223
0849897127
0849897023
0849896963
0849896898
0849896747
0849896695
0849896186
0849896124
0849896104
0849895937
0849895870
0849895842
0849895573
0849894410
0849894199
0849893999
0849893929
0849893877
0849893788
0849893449
0849893389
0849893152
08498929422
0849892495
0849892310
084989231
0849892290
0849892055
0849891756
0849891754
0849891579
0849891348
0849891259
0849891223
0849891043
0849890972
0849890904
0849890892
0849890714
0849890626
0849890602
0849890596
0849890032
084989
0849889972
0849889969
0849889948
0849889769
0849889755
0849889725
0849889613
0849889602
0849889174
0849889102
0849888538
0849888362
0849888298
0849888293
0849888185
0849888083
0849887837
0849887717
0849887281
0849887244
0849887191
0849887185
0849887105
0849886889
084988679503
0849886795
0849886273
0849886235
0849886071
0849885870
0849885575
0849885554
084988538
0849885251
0849885077
0849885046
0849884306
0849884176
0849883925
0849883527
0849883482
0849883257
0849883116
0849882944
0849882708
0849882508
0849882175
0849882128
0849882043
0849881977
084988183
0849881762
0849881669
0849880655
0849880587
0849880540
0849880406
0849880345
0849880261
0849879985
0849879935
0849879899
0849879757
0849879654
0849879392
0849879300
0849879253
0849879218
0849879206
0849879144
0849878882
0849878827
0849878722
0849878665
0849878296
0849878254
0849877615
0849877593
0849877463
0849877410
0849877402
0849877325
0849877177
0849876979
0849876915
0849876694
0849876679
0849876373
0849876266
0849876142
0849876101
0849876041
0849875963
0849875872
0849875767
0849875242
0849875231
0849874961
0849874735
0849874633
0849874584
0849874564
0849874489
0849874311
0849874306
0849874303
0849874214
0849873901
0849873661
0849873421
0849873340
0849873312
0849873210
0849873183
0849873135
0849873123
0849873117
0849873080
0849873071
0849873049
0849872962
0849872920
0849872809
0849872668
0849872639
0849872478
0849872456
0849872339
0849872107
0849872090
0849872018
0849872002
0849871582
0849871223
0849871123
0849871088
0849871083
0849870917
0849870911
0849870714
0849870713
0849870700
0849870498
0849870193
0849870185
0849870119
0849870100
0849870087
084987
0849869932
0849869926
0849869909
0849869895
0849869538
0849869326
0849869300
0849869104
0849868979
0849868925
0849868803
0849868802
0849868729
0849868571
0849868456
0849868395
0849868224
0849868073
0849868061
0849867901
0849867882
0849867312
0849867200
0849867160
0849867124
0849867121
0849866988
0849866916
0849866548
0849866525
0849866521
0849866502
0849866372
0849866245kea
0849865984
0849865881
0849865558
0849865489
0849865485
0849865123
0849864712
0849864472
0849864274
0849864183
0849863971
0849863907
0849863724
0849863369
0849863336
0849862347
0849862252
0849862045
0849861719
0849861669
0849861036
0849860966
0849860929
0849860866
0849860852
0849860621
0849860543
0849860424
0849860280
0849860249
0849860223
0849860046
0849859912
0849859693
0849859660
0849859615
0849859573
0849859357
0849859351
0849859344
0849859060
0849859051
0849859+556
0849858906
0849858865
0849858587
0849858268aof
0849858114
0849857853
0849857772
0849857670
0849857616
0849857475
0849857346
0849857005
0849856519
0849856336
0849855997
0849855868
0849855776
0849855739
0849855651
0849855636
0849855607
0849855497
0849855333
0849855303
0849855246
0849854851
0849854824
0849854814
0849854638
0849854591
0849854525
0849854496
0849854492a
0849854486
0849854368
0849854145
0849854098
0849853660
0849853495
0849853401
0849853257
0849853172
0849852969
0849852896
0849852851
0849852643
0849852602
0849852559
0849852341
0849852221
0849852131
0849852059
0849852033
0849851972
0849851814
0849851552
0849851431
0849851361
0849851331
0849851236
0849851026
0849850964
0849850794
0849850708
0849850706
0849850639
0849850528
0849850490
0849850393
0849850326
0849849136
0849848747
0849848137
0849848054
0849847412
0849847268
0849846964
0849846907
0849846834
0849846668
0849846472
0849846155
0849845440
0849845070
0849844827
0849844816
0849844580
0849844089
0849844083
0849843722
0849843605
0849843306
0849842953
0849842866
0849842815
0849842668
0849842301
0849841871
0849841839
0849841728
0849841599
0849841442
0849841369
0849840503
0849840188
0849840015
0849839114
0849839106
0849839004
0849838902
0849838690
0849837914
0849837731
0849837466
0849836527
0849836380
0849835807
0849834525
0849834477
0849834433
0849834019
0849834018
0849833462
0849833039
0849832042
0849832028
084983155
0849831445
0849831211
0849830033
084983
0849829894
0849829749
0849829740
0849829537
0849829282
0849828599
0849828414
0849828005
0849827717
0849827062
0849826793
0849826445
0849826302
0849826185
0849825973
0849825474
0849825352
0849825068Tuk
0849824079
0849824
0849823945
0849823863
0849823826
0849822934
0849822052
0849821882
0849821759
0849821354
0849821155
0849820992
0849820837
0849820712
0849820699
0849820434
0849819909
0849819898
0849819848
0849819826
0849819457
0849819122
0849818898
0849818726
0849816396
0849815083
0849814925
0849813938
0849812861
0849812387
0849812220
0849812018
0849811988
0849811765
0849811648
0849810885
0849810789
0849810672
0849810127
0849809946
0849809808
0849809748
0849809283
0849808939
0849808792
0849808479
0849808451
0849807493
0849807171
0849806882
0849806425
0849806234
0849806198
0849806193
0849806191
0849805884
0849805556
0849804778
0849804731
0849804582373
0849804573
0849804490
0849804418
0849804331
0849804100
0849803902
0849803560
0849802246
0849802135
0849802132
0849802098
0849801714
0849801669
0849801587
0849801534
0849800980
0849800896
0849800739
0849800055
0849799773
0849799523
0849799438
0849799372
0849799245
0849799224
0849799217
0849798890
08497986440895403441
0849798476
0849798415
0849798281
0849797935
0849797737
0849797521
0849797274tuktuk
0849797205
0849797142
0849797065
0849797047
0849797030
0849796978
0849796977
0849796626
0849796439
0849795954
0849795673
0849795404
0849795231
084979518112345
08497951810000
0849795181
0849794519
08497944762608
0849794337
0849794330
0849794325
0849794174
0849794089
0849793911
0849793607
0849793516
0849793505
0849793485
0849793116
0849792528
0849791496
0849791475
0849791254
0849791187
0849790989
0849790817
0849790783
0849790671
0849790587
0849790354
0849790247
0849790239
0849790144
0849789687
0849789504
0849789403
0849789362
0849789241
0849789226
0849789184
0849789015
0849788863
0849788829
0849788827
0849788765
0849788495
0849788055
0849787963
0849787862
0849787651
0849787525
0849787338
0849787293
0849787270
0849787170
0849787056
0849786862
0849786842
0849786671
08497864
0849786302
0849786044
0849785770
0849785244
0849784905
0849784871
0849784351
0849784186
0849784181
0849783924
0849783871
0849783504
0849783361
0849783351
0849782827
0849782738
0849782672
0849782635
0849782533
0849781486
0849780803
0849780587
0849780327
0849780206
0849780201
0849779972
0849779947
0849779559
0849779457
0849778814
0849778675
0849778010
0849777577
0849777553
0849777530
0849777184
0849776625
0849775741
0849775506
0849775473
0849775176
0849775037
0849774738
0849774156
0849773677
0849773525
0849773380
0849773327
0849773324
0849773110
0849773103
0849772804
0849772448
0849772099
0849772047
0849771958
0849771574
0849771468
0849770978
0849770726
084977
0849769851
0849769779
0849769504
0849769107
0849769077
0849768971
0849768824
0849768683
0849768610
0849768321
0849768112
0849767987
0849767686
0849767575
0849767449
0849767274
0849767172
0849767
0849766702
0849766604
0849766566
0849766402
0849766212
0849765121
0849764970
0849764827
0849764644
0849764333
0849764144
0849763563
0849763160
0849762777
0849762536
0849762489
0849761646
0849761103
0849760977
0849760737
0849760416
0849760079
0849760030
0849759997
0849759975
0849759962
0849759925
0849759771
0849759765
0849759426
0849759365
0849759323
0849759256
0849758891
0849758824
0849758713
0849758179
0849758124
0849757859
0849757808noey
0849757708
0849757330
084975712
084975698
0849756566
0849756281
0849756265
0849756036
0849755950
0849755328
0849755154
0849754788
0849754697
0849754500
0849754459
0849754420
0849754275
0849753979
0849753583
0849753432
0849753232
0849753079
0849753016
0849752667
0849752578
0849752033
0849751952
0849751873
0849751832
0849751587
084975144
0849751248
0849750982
0849750697
0849750468
0849750047
0849750009
0849749769
0849749753
0849749726
0849749722
0849749665
0849749395
0849749159
0849749144
0849749127
0849748874
0849748860
0849748790
0849748711
0849748698
0849748447
0849748439
0849748404
0849748295
0849748127
0849748073
0849747944
0849747651
0849747285
0849747227
0849747131
0849746673
0849746461
0849746271
0849745775
0849745691
0849745489
0849745464
0849745416
0849745130
0849744886
0849744877
0849744598
0849744508
0849744503
0849744466
0849744315
0849744128
0849743952
0849743941
0849743786
0849743544
0849743490
0849743299
084974314
0849742840
0849742646
0849741943
08497419241719love
0849741748
0849741460
0849741441
0849741359
0849741300
0849741222
0849741172
0849741116
0849740343
0849740007
0849740001
0849739911
0849739638
0849739523
0849739176
0849739170
0849738670
0849738489
0849738129
0849738116
0849737507
0849737376
0849737195
0849736807
0849736561
0849736392
0849736387
0849736137
0849736008
0849735952
0849735764
0849735277
0849735226
0849735217
0849735053
0849734759
0849734713
0849734635
0849733908
0849733322
0849733160
0849732662
0849732355
0849732146
0849731794
0849731620
084973
0849729493
0849729440
0849729022
0849728915
0849728741
0849728194
0849727634
0849727327
0849727271
0849727146
0849727029
0849726735
0849726698
0849726433
0849726426
0849726274
0849726169
0849726119
0849725860
0849725858
0849725771
0849725441
0849725315
0849725063
0849724822
0849724771
0849724751
0849724618
0849724467
0849724182
0849724123
0849724117
0849724023
0849723965
0849723750
0849723650
084972360
0849723089
0849723086
0849722937
0849722830
0849722446
0849722310
0849721905
0849721897
0849721865
0849721241
0849721113
0849720700
0849720686
0849720617
0849720150
0849720035
0849719502
0849718841
0849718762
0849718693
0849718528
0849718455
0849718210
0849718005
0849718004
0849717987
0849717978
0849717814
0849717773
0849717757
0849717414
0849717308
0849717218
0849716920ok
0849716918
0849716798
0849716595
0849716276
0849715919
0849715890
0849715870
0849715828
0849715512
0849715481
0849715215
0849715026
0849715006
0849714979
0849714911
0849714594
0849714505
0849714379
0849714200
0849713945
0849713892
0849713631
0849713262
0849713151
0849713045
0849712772
0849712643
0849712460
0849711712
0849711029
0849711016
0849711005
0849710905
0849710535
0849709498
0849709408
0849709369
0849709307
0849709292
0849709288
0849709235
0849709029
0849709
0849708857
084970867713
0849708551
0849708445
0849708096
0849707842
0849707778
0849707377
0849707261
0849707148
0849707141
0849707061
0849707045
0849706988
0849706700
0849706224
0849705900
0849705798
084970524
0849704935
0849704588
0849704552
0849704501
0849704327
0849704178
0849703987
0849703806
0849703723
0849703705
0849703696
0849703513
0849703329
0849703279
0849703217
0849702924
0849702877
0849702571
0849702261
0849702165
0849702052
0849702015
0849701748
0849701657
0849701615
0849701254
0849701178
0849699972
0849699879
0849699469
084969946
0849699394
0849698995
084969800h
0849697520
0849697179
0849697143
0849696502
084969612
0849694674
0849694631
0849694557
0849694117
0849694020
0849693512
0849693028
0849692454
0849692278
0849692026
0849691889
0849691265
0849691029
0849690412
0849689378
0849689030
0849688959
0849688122
0849687970
0849687632
0849687503
0849687358
0849687126
0849685961
0849685501
0849685469
0849685394
0849684712
0849684408
0849684060
0849683582
0849683529
0849681899
0849681386*
0849681118
084968
0849679919
0849679855
0849679826
0849679811
0849679708
0849679621
0849678918
0849678561
0849678142
0849677895
0849677634
0849677570
0849677174
0849677042
0849676973
0849675760
0849675526
0849675106
0849673775
0849672769
0849671379
0849670700
084967
0849669871
0849669854
0849669528
0849667495
0849667492
0849667314
0849666549
0849666534
0849666451
0849666391
0849666357
0849666160
0849666092
0849665948
0849665807
0849665633
0849665169
0849664497
0849663948
0849663914
0849663805
0849663276
0849663098
0849663015
0849662708
0849662211
0849661854
0849661533
0849660998
0849660953
0849660210
0849659900
0849659888
0849659763
0849658831
0849658678
0849658481
0849658454
0849657170
0849657022
0849657010
0849656923
0849656695
0849656538
0849655890
0849655144
0849654756
0849654731
0849654258
0849653714
0849653402
0849653317
0849653249
0849653165
0849652625
0849652489
0849652055
0849651949
08496518280606
0849651729
0849651047
0849650735
0849650141
0849649604
0849649498
0849649471
0849649321
0849649247
0849648743
0849648715
0849648648
0849647440
0849647051
0849646806
0849646583
0849646569
0849646088
0849645796
0849645129
0849644909
0849644818
0849644434
0849644314
0849643621
0849643543
0849643505
0849642257
0849642174
0849641406
0849640984
0849640810
0849640731
0849640677
0849640665
0849640476
0849640460
0849640437
0849639893
0849639782
0849639633
0849639532
0849639055
0849638963
0849638943
0849638665
0849638342
0849637812
0849637624
0849636680
0849636576
0849636395
0849636299
0849636119
0849635967
0849635945
0849635934
0849635883
0849635602
08496347302533
0849634335
0849634218
0849632852
0849632534
0849632505
08496322730895971883
0849631866
0849631827
0849631176
08496311530813687535
0849630559
084963
0849628654
0849628294
0849627624
0849627564
0849627494
0849627277
0849627123
0849627038
0849626820
0849626642
0849626261
0849625874
0849625521
084962518
0849625084
0849624955
0849624634
0849624035
0849623300
0849623184
0849622861
0849622633
0849622160
0849622109
0849621804
0849621759
0849621169
0849619600
0849619239
0849619028
0849618993
0849618788
0849618377
0849617551
0849617502
0849617172
0849616678
0849616612
0849616393
0849616276
0849616265
0849615776
0849615165
0849613946
0849613909
0849613816
0849613023
08496128521
0849612488
0849612385
0849611450
0849611429
0849610911
0849610744
0849610305
0849609959
0849609756
0849609736
0849609717
0849609504
0849609372
0849609050
0849608975
0849608858
0849608626
0849608272
0849608227
0849607818
0849607691
0849607530
0849607334
0849607293
0849607116
084960708100
0849606930
0849606455
0849605359
0849605312
0849605266
0849605261
0849604852
0849604559
0849604306
0849604244
0849604234
08496041251232
0849603693
0849603690
0849603342
0849601787
0849601768
0849601696
0849601681
0849601141
0849601054
0849600944
084960065232
0849600265
08495wkgqg
08495daddy
08495b
0849599913
0849599909
0849599527
0849599362
0849599358
0849599289
0849599153
0849599059
0849598803
0849598619
0849598535
0849598180
0849598156
0849597958
0849597807
0849597670
0849597548
0849597458
08495972020813892311
0849597202
0849597071
0849596531
0849596499
0849596287
0849595925
0849595915
08495957
0849595667
0849595257
0849594499
0849594190
0849593258
0849593238
0849593220
0849593133
0849593115
0849592513
0849591942
0849591585
0849591549
0849591519
0849591361
0849591254
0849591245
0849590862
0849590615
0849590529
084959
0849589819
0849589709
0849588933
0849588853
0849588832
0849588717
0849588123
0849587627
0849587560
0849587058
0849586492
0849586462
0849586090
0849586079
0849585716
0849585708
0849585543
0849585460
0849584494
0849584417
0849584036
0849583340
0849582570
0849582504
0849582297
0849581760
0849581341
0849580822
0849580768
0849579763
0849579310
0849579153
0849579092
0849578975
0849578253
0849577870
0849577859
0849577591
0849577046
0849576857
0849576660
0849576551
0849576256
0849575970
0849575744
0849575734
0849575699
0849575355
0849575056
0849574897
0849574732
0849574519
0849574404
0849574087
0849573754
08495736815336
0849573384
0849572900
0849572541
0849572457
0849572343
0849572235
0849571890
0849571824
084957119
0849569748
0849569672
0849569572
0849569522
0849569294
0849569046
0849568710
0849568375
0849567907
0849567789
0849567611
0849567553
0849567390
0849567321
0849567009
0849566931
0849566886
0849566249
0849566200
0849565650
0849565503
0849564953
0849564923
0849564903
0849564591
0849564370
0849564266
0849564245
0849564168042781231
0849564008
0849563657
0849563061
0849562862
0849562737
0849562203
0849561898
0849561858
0849561615
0849561365
0849561315
0849561189
08495611
0849560964
0849560679
0849560343
0849560194
0849559667
0849559544
0849559402
0849558996
0849558821
0849558524
0849558523
0849558500
0849558420
0849558204
0849558151
0849557714
0849557597
0849557549
0849557353
0849557293
0849557260
0849557209
0849557055
0849557051
0849556975
0849556694
0849556628
0849556194
0849556184
0849556024
0849555982
0849555920
0849555814
0849555792
0849555690
0849555505
0849554926
08495547019582
0849554527
0849554431
0849554025
0849553816
0849553544
0849553504
0849553499
0849553094
0849552969
0849552362
0849552003
0849551901
0849551819
0849551678
0849551531
0849551356
0849551244
0849551047
084955
0849549887
084954980
0849549560
0849548906
0849548534555
0849548211
0849548142
0849547803
0849547256
0849546852
0849546220
0849546065
0849545905
0849545462
0849545403
0849544826
0849544450
0849544388
0849544313
0849543952
0849543695
0849543567
0849543427
0849542315
0849542098
0849541718
0849541178
0849541138
0849540621
0849540396
0849540174
0849539808
0849539728
0849539722nc
0849539706
0849538837
0849538477
0849538473
0849538315
0849538262
0849538023
0849537942
0849537831
0849537651
0849537438
0849537324
0849537272
0849536786
0849536741
0849536477
0849536396
0849536063
0849536054
0849535936
0849535320
0849535201
0849535123
0849534799
0849534747
08495346
0849534479
0849534456
0849534398
0849533913
0849533853
0849533536
0849533505
0849533421
0849533015
0849532931
0849532587
0849531984
0849531826
0849530988
0849530721
0849530387
0849530221
0849530028
0849529722
0849529551
0849529540
0849529253
0849529003
0849528850
0849528748
0849527739
0849527459
0849527203
0849526990
0849526952
0849526792
0849526670
0849526525
0849526347
0849526213
0849525762
0849525587
0849525460
0849525023
0849524745
0849524704
0849524503
0849524009
0849523962
0849523866
0849523823
0849523595
0849523536
0849523280
0849523214-+
0849522896
0849522605
0849521830
0849521809
0849521517
0849521143
0849521104
0849520799
0849520482
0849520035
0849519775
0849519602
0849519595
0849519566
0849519365
0849518629
0849518432
0849518238
0849518044
0849517885
0849517882
0849517795
0849517600
0849517253
0849517224
0849517093
0849516083
0849516074
0849515285
0849514962
0849514826
0849514795
0849513909
0849513685
0849512904
0849512784
0849512385
0849512375
0849512371
0849511511
0849511459
0849511393
0849511280
0849511268
0849511240
0849509739
0849509580
0849509440
0849509434
0849509121
0849508522
0849508288
0849508276
0849508240
0849508138
0849508095
0849508068
084950797
0849507024
0849506925
084950681
0849506704
0849506332
0849506260
0849506096
0849506087
0849506016
0849505839
0849505798
0849505664
0849505574
0849505490
0849505421
0849505307
0849504961
0849504632
0849504469
0849504280
0849504214
0849503834
0849503797
0849503766
0849503746
0849502622
0849502492
0849502438
084950216023758
0849501812
0849501518
0849501196
0849501109
0849501098
0849501021
0849499931
0849499883
0849499345
0849499221
084949912
0849499100
0849499023dogfai
0849498530
0849497918
0849497833
0849497461
0849497374
0849497256
0849497160
0849496361
0849496344
0849496329
0849495791
0849495693
0849495473
0849495427
0849495343
0849495090
0849495032
0849494975
0849494968
0849494933
0849494532
0849494481
0849494452
0849494368
0849494356
0849494230
0849494216
0849494144
0849494101
0849494008
0849494006
0849493886
0849493793
0849493643
0849493634
0849493299
0849493141
0849492926
0849492539
0849492512
0849492092
0849492016
0849491949
0849491887
0849491793
0849491772
0849491580
0849491513
0849490984
0849490978
0849490803
0849490649
0849490569
0849490564
0849490458
0849490278
0849490262
0849489839
0849489639
0849489199
0849488636
0849488529
0849488449
0849488416
0849488396
0849488344
0849488243
0849488149
08494881269
0849488124
0849487885
0849487752
0849487745
084948732702
0849487285
0849487135
0849487004
0849486851
0849486791
0849486230
0849486010
0849485571
0849485334
0849485246
0849485154
0849485127
0849485090
0849484697
08494844897
0849484420
0849484416
0849484300
08494842981
0849484281
0849484001
0849483591
0849483525
0849483219nut
0849483148
0849482944
0849482897
0849482878
0849482863
0849482824
0849482821
0849482607
0849482283
0849482086
0849481932
0849481772
0849481741
0849481705
0849481380
0849481148
0849481095
0849480930
0849480294
0849480045
0849480029
084948
0849479149
0849479132
0849478675
0849478466
0849478390
0849478170
0849477946
0849477860
0849477787
0849476288
0849476165
0849475434
0849475339
0849474539
0849474128
0849473246
0849472407
0849472253
08494720
0849471858
0849469971
0849469406
0849469133
0849468656
0849467262
0849466969
0849466