2240
0851332050
0851331850
0851331736
0851331578
085133157
0851331280
0851331101
0851330571
0851330533
0851330414
085133
0851329887
0851329881
0851329599
0851329574
0851329354
0851329302
0851329222
0851329164
0851328950
0851328839
0851328702
0851328500
0851327820
0851327558
0851327548
0851327463
0851327197
0851327076
0851326953
0851326874
0851326587
0851326484
0851326266
0851326191
0851326075
0851326016
0851325920
0851325488
0851325477
0851325412
0851325360
0851325324
0851325217
0851325054
0851324450
0851324433
0851324147
0851323715
0851323646
0851322904
0851322622
0851322324
0851322217
0851322035
0851322
0851321962
0851321946
0851321859
0851321770
0851321726
0851321508
0851321434
085132132karla
0851321213
0851321138
0851321019
0851320878
0851320832
0851320825
0851320809
0851320663
0851320428
0851320290
085132
0851319976
0851319974
085131922
0851319193
0851319119
0851319100
0851319017
0851318786
0851318777
0851318193
0851318119
0851318062
0851318033
0851317951
0851317948
0851317869
0851317660
0851317450
0851317407
0851317117
0851316360
0851316016
0851315815
0851315747
0851315542
0851315271
0851314935
0851314605
0851314555
0851314357
0851314256
0851314251
0851314166
0851313985
0851313934
0851313723
0851313698
0851313449
0851313188
0851312992
0851312957
0851312574
0851312342
0851312329
0851312205
0851311731
0851311380
0851311283
0851310708
0851310540
0851310508
0851310451
0851310267
0851310217
0851309937
0851309925
0851309642
0851309465
0851309278
0851309111
0851308975
0851308793
0851308722
0851308551
0851308314
0851307852
0851307647
0851307001
0851306832
0851306822
0851306432
0851306254
0851306173
0851306126
0851306081
0851305762
0851305694
0851305514
0851304573
0851303808
0851303607
0851303327
0851303278
0851303250
0851303098
0851303079
0851302881
0851302344
0851302015
0851301971
08513019589204waxy
0851301780
0851301633
0851301101
0851301092
0851300818
0851300776
0851300559
0851300326
0851300189
0851300142
08513
0851299773
0851299304
0851299092
0851299039
0851299019
085129901
0851298973
0851298410
0851298367
0851298068
0851297695
0851297582
0851297575
0851297281
0851296901
0851296753
0851296574
0851296525
085129645
0851295852
0851295404
0851295383
0851295265
0851295215
0851295134
0851294780
0851294649
0851293837
0851293347
0851293177
0851292519
0851292427
0851292128
0851292006
0851291960
0851291315
0851291041
0851290715
0851290200
0851290050
0851289303
0851289232
0851289173
0851288980
0851288913
0851288838
0851288655
0851288369
0851287996
0851287956
0851287596
0851287460
0851287333
0851287143
0851287092
0851287054
0851286917
0851286896
0851286858
0851286769
0851286589
0851286491
0851286375
0851286286
0851286248
0851286193
085128615
0851286121
0851286040
08512858039258
0851285175
0851284996
0851284143
0851284121
0851284017
0851283815
0851283773KAR
0851283507
085128345
0851282755
0851282572
0851282526
0851282300
0851282288
0851282180
0851281483+
0851281431
0851281318
0851281175
0851280548
0851280522
0851280231
08512801589
0851279990
0851279386
0851279295
0851279222
0851278997
0851278928
0851278830
0851278695
0851278443
0851278393
0851278162
0851278125
0851278099
0851277448
0851276936
0851276591
0851276425
0851276294
0851275999
0851275666
0851275013
0851274363
0851273802
0851273779
0851273564
085127353440
0851273390
0851273073
0851272645
0851272356
0851272277
0851272064
0851271924
0851271655
0851271251
0851271126
0851271059
0851270357
0851270243
0851270124
085127
0851269529
0851269523
0851269521
0851269414
0851269319
0851269026
0851268698
0851268287
0851267995
0851267976
0851267779
0851267482
0851267338
0851267170
0851267146
0851267040
0851267014
0851266530
0851266291
0851265810
0851265701
0851265620
0851265446
0851265439
0851265117
0851265114
0851265100
0851264881
0851264267
0851264245
0851264155
0851264130
0851263406
0851263391
0851263349
0851263220
0851263036
0851262852
0851262351
0851262144
0851262142
0851262
0851261933
0851261566
0851261541
0851261479
0851261477
0851261406
0851261139
0851261054
0851260251
085126
0851258863
0851258495
0851258416
0851258013
0851257983
085125785
0851257824
08512576530
0851257521
0851257020
0851256929
0851256757
0851256608
0851256452
0851256355wan
0851256272
0851255934
0851255544
0851255474
0851255086
0851254952
0851254507
0851254350
0851254287kopiko
0851254226
0851253742
0851253661
0851253306
0851252987
0851252790
08512526842291
0851252498
0851252384
0851252180
0851251900
0851251885
0851251697
0851251468
0851251441
0851250942
0851250262
0851250253
0851250232
0851250200
0851250081
0851249764
0851249729
085124964
0851249635
0851249493
0851249386
0851249200
0851248828
0851248405
0851248308
0851248056
0851247282
0851246735
0851246302
0851246243
0851245709
0851245651
0851245567
0851244986
0851244973
0851244908
0851244877
0851244841
0851244616
0851244554
0851244515
0851244257
0851244030
0851243948
0851243774
0851243767
0851243702
08512437
0851243660
0851243421
0851243248
0851243199
0851242893
0851242836
0851242800
0851242730
0851242522
0851241817
0851241623
0851241536
0851241435
0851241252
0851241247
0851241063
0851240955
0851240380
0851240224
0851239975
0851239956
08512389
0851238811
0851238689
085123740157328715
0851236970
0851236038
0851236034
0851235789
0851235571
0851234761
0851234752
085123456789
0851234361
0851233663
0851233374
0851233352
0851233186
0851232966
085123290NIPAmope
0851232883
0851232699
0851232185
0851232162
0851231639
0851231508
0851231471
0851231412
0851231342
0851230723
0851230480
0851229772
0851229669
0851229303
0851228996
0851228613
0851228176
0851228033
0851227638
0851227572
0851227330
0851227238
0851226703
0851226366
0851226235
0851225628
0851225580
0851225328
0851225243
0851225073
0851225057
0851224898
0851224828
0851224641
0851224544
0851224457
0851224319
0851224230
0851224224
0851224185
0851224156
0851224145
0851223976
0851223883
0851223730
0851222947
0851222842
0851222732
0851222722
0851222678
0851222500
0851222368
0851222365
0851222348
0851221874
0851221415
0851221324
0851221197
0851221088
0851220480
0851220236
0851220122
0851220103
0851220088
0851220079
0851219597
0851219117
0851218898
0851218852
0851218671
0851218234
0851218037
0851217994
0851217895
085121785
0851217230
0851216933
0851216925
0851216647
0851216555
0851216471
0851215219
0851214893
0851214695
0851214366
0851214234
0851214036
0851213756
0851213641
0851213450
0851212740
0851212434
0851212398
0851212242
0851212103
0851211901
0851211770
0851211534
0851211496
0851211466
0851211157
0851211032
0851210733
0851210478
08512103
0851210234
0851209946
0851209795
0851209724
0851209691
0851209282
0851209021
0851208771
0851208709
0851208282
0851207975
0851207821
0851207608
0851207470
0851207390
0851206982
0851206960lynz
0851206475
0851206429
0851205920
0851205914
0851205213
0851204929
0851204706
0851204697
0851204691
0851204403
0851204375
0851204150
0851204030
0851203318
0851203314
0851203176
0851202685
0851202511
0851202354
0851202039
08512019468
0851201794
0851201697
0851201468
0851201030
0851200608
085120024077
0851200117
0851200090
0851200011
08512
0851199943
0851199909
0851199740
0851199647
0851199258
085119879920981
0851198292
0851198157
0851197830
0851197554
0851197262
0851197177
0851197131
0851196951
0851196843
0851196729.
0851196711
0851196694
0851196630
0851196411
0851196055
0851195952
0851195617
0851195254
085119520208
0851194882
0851194854
0851194580
0851194034
0851193766
0851193604
0851193434
0851193419
0851193222
0851193060
0851192276
0851192107
0851192072
08511919900
0851191913
0851191303
0851191235
0851190872
0851190793
0851190488
0851190300
0851190064
0851189693
0851189415
08511893723-
0851189295
0851189019
0851188898
08511888972
0851188543
0851188433
0851188356
0851188250
0851188245
0851188140
08511880
0851187998
08511879513321
0851187932
0851187791
0851187136
0851187075
0851186824
0851186807
0851186265
0851186202
0851186171
0851185888
0851185886
0851185352
085118528
0851185010
0851184126
0851183893
0851183660
0851183140
0851183088
0851182796
0851182429
0851181974
0851181898
0851181725
0851181497
0851181403
0851181308
0851181216
0851180949
0851180606
0851180202
085117m
0851179976
0851179644
0851179611
0851179482
0851179267
0851178950
0851178798
0851178761
0851178224
085117802
0851177924
0851177057
0851177004
0851175887
0851175539
0851175492
0851175176
0851175122
0851175117
0851175063
0851174557
0851174299
0851172886
0851172607
0851172580
0851172524
0851172325
0851172188
0851171948
0851171719
0851171701
0851171442
0851171412
0851171229
0851171114
0851170940
0851170778
0851170298
0851170029
085117
0851169924
0851169460
0851169354
0851169338
0851169152
0851169138
0851167906
0851167869
0851167516
0851166992
0851166861
0851166157
0851166146za
0851166032
0851166
0851165928
0851165638
0851165427
0851165184
0851164852
0851164827
0851164669
0851164505
0851164412
0851164410
0851164284
0851164264
0851164057
0851164047
0851163939
0851163925
0851163804a
08511637760
0851163462
0851163178
0851162749
085116269
0851162599
0851162417
0851162008
0851161765
0851161758
0851161255
0851161174
0851161105
0851161011
0851160961
0851160442
0851159868
0851159226
0851159185
0851159117
0851159015
0851158649
0851158636
0851158311
085115810
0851158062
0851157826
0851157016
0851156930
0851156777
0851156705
0851156633
0851155647
0851155601
0851155268
0851154860
0851154691
0851154511
0851154081
0851153951
0851153873
0851153582
0851153404
0851153058
0851153035
0851152885
0851152710
0851152663
0851152526
0851152513
0851152504
0851152305
0851152244
0851151912
0851151547
0851151521
0851151405
0851151375
0851151195
0851151187
0851151166
0851151080
0851150810
0851150667*1
0851150667
0851150484
0851150323
0851150247
0851150098
0851150016
0851149868
0851149384
0851149084
0851148982
0851148899
0851148690
0851148688
0851148297
0851148188
0851148086
0851148069nb
0851147995
0851147674
0851147576
0851147527
0851146624
0851146585
0851146462
0851146204
0851146148
0851145994
0851145909
0851145660
0851145535
0851145484
0851145417
0851145310
0851145119
0851144910
0851144802
0851144688
0851144667
085114465
0851144480
0851144478
0851144293
0851144185
0851144108
0851143464
0851143398..
0851142529
0851142313
0851141746
0851141405
0851141082
0851141065xx
0851140970
0851140923
0851140879
0851140658
0851140088
0851139931
08511398466
0851139800
0851139634
0851139521
0851139298
0851139149
0851139097
0851138995
0851138641
0851138568
0851138558
0851138464
0851138183
0851138025
0851137306
0851136768
0851136480
0851135966
0851135536
0851135428
0851134990
0851134000xxx
0851133748
0851133693
0851133480
0851133435
0851133111
0851132817
0851132737
0851132570
0851132487
0851131876
0851131855
0851131812
0851131647
0851131434
0851131193
0851131080
0851130996
0851130899
0851130149
0851130132
0851130025
085112x
0851129747
0851129113
0851129016
0851128780
0851128610
0851128053
0851127718
0851127402
0851127189
0851126985
0851126902
0851126682
0851126657
0851126388
0851125530
0851125189
0851125096
085112484
0851124800
0851124215
0851124056
0851123920
0851123797
0851123793
0851123659
0851123456
0851123211
0851123188
0851123035
0851122978panged
0851122944
0851122690
0851122363
0851122304
0851121736
0851121698
0851121611
0851121324
0851120853
0851120520
0851120183
0851120032
0851119732
0851117665
0851116997
085111552
0851114193
0851113211
0851112656
0851111111
0851110623
0851110253
0851110245
085111
0851109447
0851109295
0851108934
0851108918
0851108767
0851108032
08511077
0851107515
0851106997
0851106666
0851106563
0851106533
0851106128
0851106032
0851105844
0851105774
0851105714
0851105501
0851105356
0851105101
0851104502
0851103980
0851103836
0851103781
0851103504
0851103459
0851103272
0851103190
0851102525
0851102376
0851102341
0851102287
0851102160
0851101447
0851101438
0851101176
0851100984
0851100916
0851100892
0851100738
0851100674
0851100655
0851100562
085110028
0851100228
0851100209
0851100185
0851099817
0851099565
0851099439
0851099019
0851098734
0851098018
0851097956
0851097615
0851097544
0851096504
0851096417
0851096380
0851096378
0851096273
0851096200
0851096065
0851096001
0851095797
0851095766
0851095624
0851095595
0851095404
085109417
0851093975
0851093032
0851092951
0851092825
0851092801
0851092759
0851092743
0851092612
0851092509
0851092508
0851092174
0851091912
0851091623
0851091102
0851091073
0851091069
0851090875
0851090643
0851090554
0851090291
0851089762
0851089636
0851089515
0851089163
0851088802
0851088557
08510883758
0851088234
0851087944
0851087915
0851087643
0851086931
0851086634
0851086504
0851086477
0851086099
0851085791
0851085727
0851085723
0851085560
0851084553
0851084542
0851084042
0851083429
0851083323
0851083152
0851083144
0851082953
0851082823
0851082517
0851082434
0851082245
0851081880
0851081846
0851081450
0851081100
0851080807
0851080705
0851080451
0851080273
0851080203
0851080083
085108
0851079677
0851079600
0851079519
0851079475
0851079472
0851079383
0851079368
0851078763
0851078463
0851078133
0851078115
0851078092
0851078044
0851077933
0851077710
0851077587
0851077350
0851077175
0851077073
0851077011
0851076617
0851076353
0851076312
0851076054
0851075902
0851075856
0851075855
0851075836
0851075800
0851075581
0851075474
085107533
0851075313
0851075254
0851075241
0851075199
0851075066
0851075019
0851075004
0851074989
0851074170
0851073901
0851073752
0851073390
0851073321joy
0851073064
0851072789
0851072723
0851072481
0851072427
0851072418
0851072287
0851072275
0851072036
0851071884*
0851070995
0851070937
0851070777
0851070744
08510707370851414352
0851070672
0851070284
0851070106
0851070052
0851070025
085106C
0851069886QC
0851069877
0851069627
0851069344
0851069180
0851069116
0851069046
0851069022
0851068655
0851068442
0851068418
0851068358
0851068193
0851068081
0851067931
0851067761
0851067705
0851067684
0851067473
0851067075
0851066454
0851066447
0851066216
0851066199
0851066177
0851066146
0851065627
0851065464
0851065103
0851064757
0851064650
0851064466
0851064229
0851064045
0851064
0851063730
0851063681r
0851063451
0851063339
0851063323
0851063310
0851063009
0851062772
0851062725
0851062559
0851062425
0851062260
0851062183
085106212400
0851061896
0851061798
0851061775
0851061131
0851061075
0851061061
0851061049
0851060945boy
0851060945
0851060294
0851060242
085106
0851059987
0851059966
0851059824
0851059767
0851059363
0851059184
0851059066
0851058725
0851058288
0851058282
0851058236
0851058030
0851057987
0851057866
0851057828
0851057625
0851057577
0851057476
0851057464
0851057022
0851056935
0851056455
0851055868
0851055719
0851055110
0851055005
0851054905
0851054726
0851054701
0851054655
0851054408
0851054079
0851053861
0851053766
0851053669
0851053649
0851053465
0851052569
0851052543
0851052282
0851052263
0851052204
0851051872
0851051524
0851051321
085105126
0851051222
0851051186
0851051152
0851051124
0851051068
0851050945
0851050905
0851050709
0851050686
0851050637
0851050231
0851050167
0851050069
0851050054
085105
0851049896
0851049883
0851049742
0851049687
0851049328
0851048687
0851048613
0851048574
0851048286
0851048203
0851047539
0851047513
0851047350
0851047340
0851047022
0851046566
0851046429
0851046366
0851046288
0851046105
0851045977
0851045971
0851045728
0851045604
0851045449
0851045315
0851045253
0851045070
0851044951
0851044637
0851044609
0851044595
0851044044
0851044024
0851043906
0851043642
0851043594
0851043497
0851043337530
0851043302
0851043058
0851043041
0851042644
0851042397
0851042268
0851042173
0851042105
0851041343
0851041198
0851041149
0851041015
0851040491
0851039867
0851039664
0851039392
0851038720
0851038648
0851038601
0851038499
0851038447
0851038284
0851038231
0851037969
0851037790
0851037758
0851037715
08510377000
0851037550
0851037478
0851037207
0851037199
0851035115
0851034749
0851033169
08510310682345
0851029944
0851029859
0851029825
0851029782
0851029729
0851029389
0851029170
0851029042
0851028981
0851028958
0851028896
0851028702
0851028532
0851028248
0851028238
0851027799
0851026911
0851026808
0851026685
0851026223
0851026168
0851026118
0851025530
085102484
0851024258
0851023543
0851023422
0851022901
0851022599
0851022351
0851022282
0851022059
0851021828
0851021634
0851021601
0851021156
0851021110
0851021002
0851020904
0851020804
0851020700
0851020597O0
0851020416
0851020333
08510202780
0851020050
0851020040
085102
0851019423
0851019380
0851019179
0851019054
0851018840
0851018816
0851018241
0851018204
0851018009
0851017989
0851017741
0851017637
0851017371
0851017221
0851017054
0851017001
085101696...
0851016952
0851016913
0851016682
0851016641
0851016602
0851016442
0851016423
0851016081
085101593
0851015884
0851015563
0851015529
0851015272
0851015239
0851015206
0851014702
0851014409
0851014310
0851014242
0851014161
0851014156
0851014117
0851014046
0851013759
0851013628
0851013497
0851013479
0851013473
0851013326
0851012927
0851012903
0851012756
0851012738
0851012620
0851012558
0851012353
0851012301
0851012218
0851012215
0851011993
0851011939
0851011447
0851011093
0851010848
0851010829
085101075
0851010748
0851010567
0851010565
0851010357
0851010235
08510101
085100abc
0851009910
0851009820
0851009648
0851009410
0851009394
0851009344
0851009330
0851008869
0851008841
0851008677
0851008141
0851007944
0851007724
0851006967
0851006456
0851006291
0851006151
0851005748
0851005457
0851005326
0851004868
0851004760
0851004251
0851004131
0851004118
0851003881
0851003253
0851003193
0851003082
0851002354
0851002096
0851002071
0851001984
0851001899
0851001770
0851001621
0851001525
0851001507
08510012
0851000286
0851000234
0851000146
085100012099
0851000080
08510
0850na
0850g0Hflk,2878
0850999817
0850999610
0850999531
0850999350
0850999346
0850999097
0850998416
0850998039
0850997991
0850997973
0850997888
0850997449
085099709711
0850997024
0850996996
0850996897
0850996820
0850996798
0850996639
0850996597
0850996566
0850996382
0850996261
0850996052
0850996018
0850995919
0850995901
0850995692
0850995566
0850995511
0850995443
0850994544
0850994462
0850994184
0850993846
0850991987
0850991968
0850991765
0850991377
0850991207
0850991046
0850990847
085099072199028
0850990451
0850990323
0850990268
0850990148
0850990107
085099
0850989981
0850989753
085098974944
0850988700
0850988680
0850988443
0850988253
0850988223
0850988214
0850987990
0850987864
0850987711
0850987491
0850987008
0850987
0850986909
0850986745
0850986264
0850986144
0850986090
0850985352
0850984898
0850984610
0850984520
0850984282taoza
0850984251
0850983213
0850982836
0850982821
0850982542
0850982301
0850982280
0850982163
0850982099
0850981559
0850981371
0850981285
0850980873
0850980260
0850980111
085098
0850979737
0850979373
0850979016
0850978658
0850978356
0850977826
0850977825
0850977790
0850977710
0850977609
0850977478
0850977067
0850976981
0850976914
0850976810
0850976737
0850976510
0850976463
0850975997
085097556
0850975501
0850975004
0850974945
0850974758
0850974474
0850973721
0850973716
085097351
0850973433
0850972846
0850972775
0850972661
0850972472
0850972357
0850971379
0850971108
0850971089
0850971049
0850970940
085097086
085097073
0850970171
085097
085096a
0850969480
0850969258
0850969138
0850969044
0850968851
0850968825
0850968792yu
0850968753
0850968230
0850968182
0850967950
0850967828
0850967645
0850967525
0850967515
0850966771
085096647
0850966361
0850966249
0850966120
0850965855
0850965762
0850965677
0850965643
0850965369
0850965003
0850964902
0850964896
0850964635
0850964386
0850964280
0850964030
0850963901
0850963882
0850963770
0850963615
0850963021
0850962847
0850962566
0850962198
0850962196
0850962040
0850961880
0850961836
085096180
0850961780
0850961737
0850961593
0850960981
085096086
0850960825
0850960242
08509602
0850960101
0850960031
0850959514
0850959022
0850958908
0850958760
0850958009
0850956077
0850955778
0850955462
0850955326
0850955123
0850955064
0850955041
0850955036
0850955022
0850954775
0850954658
0850954344
0850954306
0850954251
0850953923
0850953757
0850953593
0850953470
0850953350
0850953063
0850952598
0850952579
0850952309
0850952242
0850951863
0850951656
0850951415
0850951222
0850951009
0850950901
0850950761
0850950530
0850950475
0850950430
0850950100
0850950022
08509500
0850949767
0850949498
0850949389
0850949386
0850948986
0850948927
0850948868
0850948242
0850948067
0850948010
0850947794
0850947416
0850947295
0850947271
0850946861
0850946650
0850946475
0850946096
0850946052
0850945833
0850945696
0850945187
0850945172
0850944721
0850944552
0850944302
0850944206
0850944190
0850944086
0850943449
0850943328
0850943267
0850943115
0850942769
0850942642
0850942558
0850942354
0850942220
0850940964
0850940905
0850940715
0850940453
085094
085093tt
0850939706
0850939697
0850938952
0850938892
0850938868
0850938792
08509387401234
0850938192
0850938021
0850938008
0850937683
0850937586
0850937145
0850937111
0850937094
085093694
0850936564
0850936375
0850936088
0850936
0850935588
0850934898
08509348311995
0850934704
0850934052
0850933566
0850932995
0850932980
0850932889
0850932609
0850932439
0850932436
0850932220
08509318526
0850931667
0850931402
0850931338
0850931268
0850930955
0850930814
0850930759
0850930281
0850929427
0850929302
0850929233
0850929204
0850928868
0850928814
0850928358
0850927666
0850927307
0850926166
0850926108
0850925839
0850925769
0850925206
0850925087
0850925
0850924765
0850924668
0850924613
0850924514
0850924257
0850924190
0850924166
0850923996
0850923795
0850923533
0850923513
0850923410
0850923025
0850922965
0850922803
0850922692
0850922433
0850922404
0850922061
0850921686
0850921655
0850921420
085092093
0850920808
0850920761
0850920256
0850920049
085092
085091j
0850919891
085091955
0850919458
0850919239
0850919232
0850919196
0850919191
0850919163
0850918699
085091820
0850917240
0850917170
0850917124
0850917084
0850916940
0850916887
0850916718
0850916269
0850915798
0850915730
0850915585
0850915570
0850915353
0850915055
0850914406
0850913637
0850913323
0850913310
0850913221
0850912427
0850912405
0850912342
0850912036
0850911228
0850911140
0850910968
0850910554
0850910542
0850910506
0850910126
085091
0850909862
0850909524
0850909444
08509090660861455495
0850909006
0850908607
085090855
0850908424
0850907977
0850907961
0850907484
0850907354
085090698
0850906978
0850906883
0850906565
0850906476
0850906364
0850906264
0850905957
0850905776
0850905688
0850905491
0850905485
0850905401
0850905204
085090509051
0850905006
0850904147
0850903937
0850903871
0850903481
0850903475
0850903465
0850903082
0850902843
0850902460
0850902432
0850902307
0850902292
0850902100
0850902065
0850901938
0850901778
0850901685
0850901447
0850901298
0850901290
0850900914
0850900560
0850900369
0850900093
0850899984
0850899939
0850899399
0850899366
0850899217
0850898720
0850898620
0850898462
0850898328
0850898079
0850898064
0850897935
0850897813
0850897793
0850897554
0850897426
0850897359
0850897092
0850897019
0850896913
0850896818
0850896324
0850896307
0850896171
0850896020
0850895878
0850895831
0850895601
0850895554
0850895443
0850895202
0850894705
0850894580
0850893900
0850893850
0850893506
0850893146
0850893130
0850893066
0850892834
0850892526
0850892422
0850891617
0850891511
0850891504
0850891377
0850891210
0850891193
0850891071
0850890898
0850890879
0850890753
0850890530
0850890477
0850890391
0850890133
085089
0850889886
0850889738
0850889452
0850889422
0850889155
0850888803
0850888747
0850888334
0850887830+++
0850887830
0850887664
0850887301
0850887043
0850886998
0850886720
0850886678
0850886289
0850886115
0850886051
0850885971
0850885899
0850885456
0850885377
0850885325
0850884682
0850884629
0850884507
08508844sado
0850884381
0850884281
0850884200
0850884159
0850884049
0850883977
0850883578
0850883496
0850883438
0850883383
0850883027boss
0850882548
0850882546
0850882385
0850882099
0850882028
0850881997
0850881959
0850881798
0850881232
0850881223
0850880938
0850880763
0850880744
0850880656
0850880178
085088
0850879998
0850879722
0850879252
0850879136
0850879048
0850878894
0850878329
0850878205
0850877745
0850877504
0850876748
0850876257
0850875829
0850875616
0850874581
0850874097
0850873739
0850873616
0850872803
0850872749
0850872703
0850872386
0850872321
0850871627
0850871043
0850870873
0850870679
0850870513
085086aut35e
0850869987
0850869811
0850869723
0850869300
0850868389
0850868313
0850868079
0850868045
0850867741
0850867578
0850867386
0850866822
0850866647
0850866449
085086622
0850866100
0850865737
0850865640
0850865591
0850865441
0850865284
0850865266
0850864997
0850864773
0850864542
0850864511
0850863943
0850863626
0850863406
0850863386
0850863372
0850862464
0850862425
0850862278
0850861992/77/1
0850861924
0850861811
0850861792
0850861749
0850861743
0850861737
0850861461
0850861182
0850861151
0850861036
0850860923
085086087
0850860869
0850860679
0850860598
0850860503oym
0850860287
0850859909
0850859877
0850859856
0850859780
0850859596
085085959
0850859499
0850859461
0850859288
0850859243
0850859080
0850858966
0850858957
0850858880
0850858796
0850858725
0850858625
0850858570
0850858541
0850858432
0850858307
085085826aa
0850858134
0850858115
0850858106
0850857640..
0850857223
0850857162
0850857081
0850856954
0850856924
0850856817
0850856754
085085665
0850856531
0850856257
0850856227
0850856221
0850856124
0850855979
08508559
085