54
0857127429
0857127285
0857127276
0857127243x
0857127240
0857127191
0857127127
0857126918
0857126472
0857126277
0857126179
0857125854
0857125795000
085712571200
0857125502
0857125389
0857125369
0857125343
0857125294
0857125207
0857125110
0857124949
0857124840
0857124737
0857124346**
0857124346
0857124087
0857123948
0857123639
0857123597
0857123439
0857123292
085712307919401
085712296
0857122664
0857122560
0857122556
0857122399
0857122204
0857122060
0857121646
0857120937
0857120195
0857120156
0857120102
0857120094
0857119715
0857119694
0857119667
0857119654
085711942122
0857119319
085711908854
0857118841
0857118799
0857118511
085711841
0857118079
0857117473
0857117229
0857117130
0857116899
0857116785
0857116730
08571167277
0857116607
0857116559
0857116409
0857116404
0857116275
0857115742
0857115714
08571157
0857115578
0857115557
0857115175portae
0857115162
0857115102
085711502636
0857114817
0857114732
0857114589
0857114560
0857114406
0857114074
085711397731
0857113977
0857113896
085711385020
0857113757
0857113430
0857113385
0857113247
085711322632
0857113080
0857112836
085711280758
0857112633
0857112614
0857112429
085711225829
0857112164
0857112012
085711187660
0857111850
0857111487
0857111437
0857111224
0857111158
085711061806
0857110592
0857110407
0857109946
0857109840
0857109317
0857109094
0857108910
0857108407jd
0857108060
0857107955
0857107757
0857107681
0857107642
0857107571
0857107349
0857107250
0857107033
0857106981
085710685739
0857106504
0857106329
0857106223
085710612164
0857106029
0857105988
0857105844
085710577425
0857105608
0857105558
0857105321
085710450720
0857104405
0857104379
0857104289
085710421971
0857103945
0857103914
0857103807
0857103440
0857103438
0857103100
085710301554
0857103008
085710287742
0857102852
0857102766
08571027653394
0857102604
0857102553
085710232670
0857101893
0857101884
0857101501
08571015
0857101235
0857101098
085710105401
085710103277
0857101017
0857100950
0857100789
0857100701
0857100650
0857100578
085710037764
0857100377
085710035481
0857100206
0857100141
0857100026
0857099916
0857099787
0857099350
0857098488
0857098147
0857098122
0857097959
0857097894
08570975100814455038
0857097416
0857097398
0857097339
0857097156
0857096768
0857096691
0857096460
0857096381
0857096334
0857096080
0857096066
0857095954
0857095896
0857095776
0857095707
0857095596
0857095380
0857094773
0857094741
0857094532
0857094165
0857093825
0857093542
0857093521
0857093277
0857093265
0857092849
0857091619
0857091359
0857091213
0857091059
0857090995
0857090985
0857090643
0857090490
0857090480
0857090073
085708t3085za
0857089772
0857089437
0857089262
0857089204namfon
0857089125
0857089050
0857089
0857088993
0857088971
0857088572
0857088344
0857088172
0857088116
0857088030
0857087987
0857087823
0857087754
0857087484
0857087273
0857087088
0857086830
0857086653
0857086621
0857086284
0857086038
0857085820
08570857
0857085460
0857085323
0857085292
0857084922
0857084864
0857084625
0857084517
0857084506
0857083749
0857083485
0857083388
0857083261
0857083147
0857083134
0857082996
0857082848
0857082627
0857082365
0857082343
0857082236
0857081987
08570819133
0857081874
0857081845
0857081724
0857081712
0857081548
0857081312
0857081075
0857080921*
0857080921
0857080599
0857080417
0857080315
0857079933
0857079671
0857079641
0857079459
0857079452
0857078860
0857078737
0857078583
08570784
0857078247
0857078117
0857078087
085707801010
0857077960
0857077930
0857077854
0857077496
0857077420
0857077397
0857077357
0857077309
0857077079
0857077067
0857076978
0857076735
0857076571
0857076450
0857076298
0857075774
0857075455
0857074870
0857074826
0857074569
0857074423
0857074342
0857074188
0857073985
0857073902
0857073722
0857073626
0857072991
0857072891
0857072675
0857072523
0857072259
0857072206
0857072095
0857072006
0857071941
0857071870
0857071798
0857071792
0857071775
0857071671
0857071667
0857071619
0857071560
0857071382
0857070998
0857070917
0857070903
0857070764
0857070758
0857070601
0857070391
0857070191
0857070121110
0857070059
0857070012
085707
085706w
0857069912
0857069866
0857069709
0857069651
0857069565
0857069482
085706919949161541
0857068982
0857068955
0857068940
0857068767
0857068589
0857068278
0857068124
0857068057
0857067938
0857067903
0857067649
0857067585
0857067476
0857067043
0857066997
0857066850
0857066804
0857066098
0857065931
0857065854
0857065673
0857065635
0857065067
0857064927
0857064494
0857064255
0857063913
0857063371
0857063342
0857063117
0857062925
0857062919
0857062804
0857062793
0857062712
0857062709
0857062018
0857061945
0857061858
0857061796
0857061694
0857061355
0857061299
0857061169
0857061139
0857061105
0857060610
085706058
0857060564
0857060313
0857060291
0857060209
0857059847
085705942407850
0857059332
0857058758
0857058675
0857058654
0857058653
0857058339
0857058308
0857057998
0857057316
0857057056
0857056919
0857056791
0857056692
0857056578
0857056565
0857056551
0857056482
0857056232
0857056132
0857055832
0857055686
0857055510
0857055468
0857055006
0857054866
0857054623
0857054591
0857054418
0857054394
0857054307
0857054224
0857054190
0857054032
0857053959
0857053827
0857053719
0857053628
0857053358
0857053195
0857052971
0857052406
0857051872
0857051848
0857051842
0857051581
085705148
0857051311
0857051247
0857051163
0857051015
0857048724
0857048664
0857047839
0857047637
0857047150
0857047077
0857047034
0857046700
0857045949
0857044845
0857044607
0857044472
0857044364
0857043099
0857042667
0857042597
0857042125
0857042108
0857042050
0857041984
0857041640
0857041312
0857041300
0857041168
0857040998
0857040704
085704
0857039770
0857039597
0857038914
0857038613
0857038399
0857038191
0857037827
0857037470
0857037374
0857037195
0857036682
0857035954
0857035919
0857035728
0857035542
0857035438
0857035179
0857034825
0857034405
0857034351
0857034050
0857033794
0857033772
0857033503
0857033477
0857033289555
0857033085
0857032724
0857032644
0857031705
0857031202
0857031074
0857030788
0857030736
0857030340
0857030328
0857030319
0857030304
0857030094
0857029916
0857029124
0857028322
0857028189
0857027319
0857027256
0857027149
0857026985
0857026972
0857026761
0857026754
0857026112141230
0857025957
0857025917
0857025484
0857025076
0857024097
0857024075
0857023592
0857023545
0857022774
0857021864
0857021387
0857021148
0857021135
0857021130
0857020134babe
085702
0857019957
0857019952
0857019563
085701931
0857019101
0857019070
0857018754
0857018462
0857018458
0857018176
0857018072
0857017875
0857017813
0857017469
0857017308
0857016702
0857016535
0857016368
0857016318
0857015883
0857015745
0857015519007
0857015424
0857015380
0857015354
0857015350
0857015260
0857014367
0857013908
0857012947
0857012658
0857012567
0857012422
0857012234
0857011765
0857011617
0857011502
0857011132
0857011029
0857010409
0857010357
0857010323
08570102
0857010099
0857010008
085701
0857009901
0857009811
0857009507
0857009488
08570091800
0857009179
0857008741
0857008099
0857008081
0857007923
0857007593
0857007255
0857007057
0857006076
0857005686
0857005167
0857004912
0857004780
0857004669
0857004147
0857004110
0857003918
0857003453
0857003078
0857002953
0857002621
0857002428
0857002252
0857002236
0857002209
0857002178
0857002171
0857001939
0857001928
0857001768
0857001759
0857001545
0857001226
0857001215
0857001197
0857000961
0857000494
0857000473
0857000116
085700
0857
0856xxx
0856tirta
0856quikerz
0856im3
0856ac
0856LFNMS
0856999699
08569996231
0856999388
08569993366
0856999166
0856998781
0856998708
08569983066
0856998304
0856998225
0856997826
0856997614
0856996877
0856996490
085699612666
0856996069
0856995936
0856995585
0856995519
0856995517
0856995424
08569953312
0856995191
0856994898
0856994691
0856994526
0856994520
0856993889
0856993368
08569920073
0856991831
08569913422
0856991072
0856990696
0856990661jug
08569902353
08569900798
0856990070
0856990066
085699
0856989902
0856989849
0856989332
0856989210
0856988809
0856988430
0856988181
08569874930
0856987492
0856987080
0856987074
08569868620
0856986811
0856986441
08569861607
0856985761
0856985634
0856985420
08569851799351
0856985110
0856984975
0856984507
0856983570
0856983171
0856983127
0856982906
08569828809
0856982594
0856982592
0856982370
0856982275
08569821681
0856981757
08569811765
0856980826
0856980617
0856980360
0856980312
085697982985
0856979796
085697978071
085697977798
0856979360
085697932090
085697888585
0856978757
085697872639
085697868179
0856978644
085697838186
0856977834
085697767677
085697748988
085697716003
08569771
085697704781
085697704364
0856977020
085697679397
085697676286
0856976186
0856976122
0856976037
085697600
08569760
085697577890
085697554456
08569755
085697541
085697461703
085697432176
0856974263
0856974133
0856973723
0856973657
085697355531
085697345803
085697341041
085697333584
085697325523
085697319054
0856973102
0856972970
085697287
085697285040
085697280806
085697274438
0856972545
08569723
085697205424
085697187070
085697181396
0856971364
085697100046
085697080198
085697077639
085697044821
085697029310
085697026871
08569700410874093709
0856970
085696992248
0856969894
0856969842
0856969789
08569695702243310
0856969559
0856969224
0856969202
0856969177
0856969172
0856968929
0856968694
0856968685
0856968611
0856968522
0856968479
0856968464
0856968260
0856968187
0856968112
0856967956
0856967793
0856967771
0856967505
0856967329
0856966768
0856966476
0856966428
0856966382
0856966100
0856965945
08569658627
0856964990
0856963805
0856963736
0856963458
0856963198
0856963156
0856963122
0856962926
0856962520
0856962503
085696224604
0856962060
0856962057
0856961525
085696091
0856960676
0856960430
0856960151
0856960031
085696
085695951284
085695939108
085695912714
085695896183
085695893601
085695842434
085695821418
085695814044
085695773377
085695748634
085695745518
085695743734
085695733142
085695679526
085695667153
085695663312
085695633801
085695586464
085695578722
085695559059
085695556586
085695552344
085695543909
085695509200
085695506693
085695465300
085695420701
085695415070
0856954030
085695377998
085695371489
085695324442
085695286730
0856952800
085695249785
0856952295
085695133778
085695128
0856950932
0856950419
085694969797
085694926519
085694913520
085694908805
0856948194
085694813703
085694689138
085694645113
085694644919
085694604401
085694590440
0856945769
085694575798
085694531833
085694504617
0856945010
0856944922
085694487718
0856944274
085694407562
085694395627
085694385705
085694365132
085694360673
085694341336
085694333981
0856943194
085694292320
085694272635tyo
085694262909
085694230093
0856941727
085694170555
085694161993
085694080322
085694079829
085694058337
085694051795
085694035884
085694031131
0856940286
085694022177
085694014775
085694008863
085694.2004fl
085694.2
0856939767
085693942
085693921209
085693905689
0856939054
0856939002
0856938981
085693885537
085693877452
085693844091
0856938427
08569383234
085693826
085693809798
0856938003
0856937871
0856937349
0856937325
0856937223
0856937218
0856937
0856936885
0856936820
085693623299
085693611298
085693570450
085693557351
085693505378
085693502202
0856935
085693490355
085693460455
085693450481
08569345
085693423272
0856934085
085693400498
085693366562
0856933279
085693319330
085693312476
085693305090
0856933024
085693297254
0856932971
0856932805
085693272514
085693254026
0856932353
0856932330
085693226624
085693217099
085693209270
0856932079
0856932051
0856931998
0856931957
085693188591
0856931546
0856931300
0856931245
0856930477
08569303535
085693030987
0856930148
085693001665
0856930012
0856929993
085692998
085692949124
085692935456
085692933726
085692910909
085692800725
085692786718
085692766222
0856927561
0856927323
085692730209
085692709447
085692700093
0856927
085692670909
0856926640
0856926639
0856926551
085692651447
0856926507
085692626002
0856926236
0856926188
0856926132
085692603543
0856926024
0856925515
085692521006
085692506438
0856925
0856924971
085692488257
085692449358
085692439020
0856924356
0856924332
085692429835
0856924252
085692420523
0856924171
085692409496
0856924
085692393637
085692344200
085692334492
085692333566
08569233
085692311369
085692304330
0856923
0856922995
0856922517
0856922474
0856922340
0856922335
085692232016
085692231045
0856922300
085692225235
0856922069
0856922050
085692194269
085692190984
085692147738
0856921469
085692125649
0856921
0856920928
085692080514
0856920756
0856920548
085692053843
085692050053
0856920482
085692038358
0856920312
085692017164
0856920105
0856919639
0856919596
0856919536
0856919516
085691916165
0856919026
085691901166
0856919
085691886720
085691883405
0856918661
085691858710
085691853631
0856918431
085691840726
085691813058mosong
085691809819
085691780028
0856917747
085691747002
0856917449
085691724281
085691714777
085691711167
08569170
0856917
085691695999
085691653138
0856916489
0856916461
085691633913
0856916215
085691616808
0856916017
0856915802
085691542243
085691502946
0856914744
085691460502
085691457846
085691455046
0856914395
085691427109
085691419119
0856913839
0856913675
085691328945
085691300992
085691278887
0856912630
085691259005
0856912565
0856912260
0856912236
0856912122
08569121
085691194852
0856911723
0856911571
0856911538
0856911513
085691129010
085691127252
085691121954
0856911174
0856911170
0856911105
0856911038
085691098204
085691087274
085691068698
085691055804
0856910525
0856910429
085691039369
085691028328
085691017674
0856910128
085691011049
0856910051
085691003837
0856910018
08569100
0856910
08569099983
08569096495
0856909490
0856909481
08569091413
0856909131
0856908985
0856908314
0856907326
0856907255
0856906696
0856906601
0856906542
0856905637
0856905572
0856905271
0856905090
0856904731
0856904378
0856904282
08569040795
0856903155
0856902979
08569025909
0856902393
0856901681
08569000251
08569
08568997807
0856899108
0856897855
08568977983
08568977720
0856897755
08568969428
0856896851
0856896089
0856896
0856894749
0856894320
08568932990
0856893263
0856892656
08568926076
0856891481
0856891395
0856891035
0856890029
0856889937
0856889819
08568892275
0856889180
0856889025
0856889
08568888735
0856888383
0856888188
08568873732
0856887215
0856887131
0856886803
0856886655
08568866458
08568864377
0856886023
0856885199
0856884915
0856884741
08568842048
0856883720
0856883379
08568828553
0856882695
0856882583
08568819939
0856881977
0856881963
0856881370
08568810008
08568807263
0856880606
08568800113
0856879870
08568796476
0856879424
08568792001
08568789468
0856878792
0856878179
08568774566
0856877248
0856877197
08568771798
0856877124
0856876587
0856875925
0856875910
0856875450
0856875444
0856875139
08568749453
0856874910
0856874796
0856874131
0856873967
08568737444
0856872408
0856872362
08568721131
08568717891
0856870795
0856869630
0856869591
0856869017
0856869012
0856868836
08568685003
0856868353
08568681132
0856867924
0856867678
0856867275
0856867198
0856866980
0856866660
0856865505
0856865442
0856865000
0856864940
0856864778
085686460oink
0856864354
0856863225
0856863059
08568622665
0856861901
0856861465
08568611234
0856861011
0856860956
08568607728
0856860586
0856860363
0856860292
0856860180
08568599405
0856859749
0856859590
0856859576
0856859355
08568593044
0856858713
0856858672
0856858586
08568575123
0856857506
0856857200
0856856362
0856856144
0856856119
0856855531
08568555151
0856855
085685372
0856853059
0856852876
0856852855
0856852839
0856852458
0856852350
0856852201
0856851943
08568514302
08568512444
0856851004
0856849571
0856849056
0856848984
0856848777
0856848465
0856848235
0856848191
0856848111
0856848103
08568474884
0856847473
0856846841
0856846589
0856846233
0856845359ice/uf
0856845008
0856844913
08568447388
08568435431
0856842946
0856842834
0856842552
0856842446
0856841809
0856841802
08568413139
0856840203
085684
08568397652
0856839516
0856838924
08568387189
0856838616
08568374052
08568373376
08568372919
0856836631
0856836592
08568362445
0856836054
0856836
0856835843
0856835840
0856835584
0856835274
0856835259
0856835221
0856834962
08568344001
0856834371
0856834332
0856834328
0856833910
08568338970
08568337483
0856833727
0856833720
08568335332
0856833523
0856833435
0856833394
085683338
0856833373
08568333061
0856833306
0856833238
0856833230
0856833218
0856833189
0856833122
0856833098
08568330591
0856832791
0856832755
08568327080
0856832432
08568315835
0856831252
0856831151
0856831055
0856831
0856830712
0856830412
0856830314
0856830305
0856830207
0856830090
085683
08568288891
0856828871
08568271221
08568269701
08568265400
0856825256
0856824892
0856823997
08568238924
0856823340
0856822851
0856822509
0856822334
08568217330
0856818255
08568162201
08568147583
08568125070
08568124231
08568121582
0856811941
08568118587
0856811227
08568097043
08568092488
08568091951
08568082008
08568078965
08568076161
08568070021
08568066732
08568050348
08568050137
0856803984
085680373099
08568032022
08568029696
08568025970
08568025771
08568025161
08568019426
0856801511
085680089888
085680
08567kffgh
08567998334
0856799307
0856799099
0856799085
08567987486
0856798277
0856797375
0856796492
0856795415jack
0856795236
0856795038
08567945500
0856794451
0856794390
0856794309
0856794124
0856793617
0856793559au
08567928792
0856792093
0856791179
0856790956
08567909
0856790074
0856789986
0856789932
0856789931
0856789920
0856789695
08567891059
0856789035
0856789006
0856788822
0856788305
0856787803
0856787673
0856786887
08567868486
0856785867
0856785787
0856785624
08567854871
0856785278
08567851110
08567844888
08567838309
0856783807
08567837290
08567832885w
0856782946
08567825138
08567824046
08567818
0856781514
08567812487
0856780907
0856780816
0856780778
0856780775
0856780294
0856780208
08567801889
0856780156
0856780009
085678
0856779823
0856779766
0856779687
0856779644
0856779626
0856779504
0856779039
0856778580
0856778066
0856777698
0856777123
0856776727
0856776460
0856776399
0856776208
0856775851
0856775774
08567756794
0856775548
0856775205
0856775058
0856774991
0856774930
0856774846
0856774583
0856774552
0856773677
0856773500
0856773479
0856772814
0856772747
0856772400
0856772290
08567720363
08567716514
0856771387
0856771028
0856770997
0856770678
0856770385
0856770167
0856769269
0856769194
0856769075
08567686441
0856767917
085676779
0856767741
0856767715
08567675936
08567675456
0856767440
0856767167
0856767035
0856766998
08567667742
0856766570
0856766563
0856766202
0856765876
0856765441
08567654338
08567653426
08567647045
08567645544
0856763994
0856763572
085676335
0856762798
08567626877
0856762083
0856761872
0856761631
085676143
085676118
0856761088
0856761006
0856761002
08567604347
08567604
08567601416
0856759599
0856759024
08567582378
08567581331
0856757910
08567575744
0856757263
0856756177
085675607315233
0856755533
0856755391
08567552323
0856755091
0856754958
0856754766
0856754583
0856754556
0856754056
08567538943
0856753602
08567535300
08567529542
0856752498
0856752356
0856752307
0856751961
0856751727
08567514359
0856751290
08567511914
08567511008
0856749422
0856748839
0856748185
0856747316
0856746704
0856746659
0856746062
0856744377
0856743676
0856743443
0856743262
0856742753
0856742643
0856741798
0856741725
0856741599
0856740932
0856740596
0856740523
0856740468
0856739515
0856738774
08567377918
0856737500
0856737392
0856736849
0856736760
0856736623
0856736399
0856736224
0856736180
0856735251
0856734846
08567347
08567343637
08567343251
0856734315
08567333848
08567330536
0856732927
0856732386ZZZ
0856731435
0856731303
0856731274
08567300130
0856729923
08567299182
08567298731
08567297758
0856729418
0856729332
0856729222963@yahOO.com
0856728968
0856728715
08567284486
0856727964
0856727483
0856726682
0856726578
08567253257
0856724544
0856724206080734
08567237489
0856723662
0856723656
08567235800
0856723541
0856723289
08567230547
0856722787
0856722606
0856722553
0856721416
085672083604237
0856720545
08567205443
0856720449
085672
0856719861
0856719574
0856719455
0856719415
0856719252
0856719014
0856718839
0856718610
0856718450beerza
0856718354
0856718137
0856718079
0856717717
0856717547
08567171620
0856716844
08567168372009
0856716784
0856716370
0856716270
0856716069
0856715596
0856715587
0856715419
0856715081
0856714841
0856714684
08567141340
0856713288
0856712588
0856712523
0856712100
08567120611
0856711980
08567119656
08567118411
0856711649
0856711502
0856711451
08567114240
0856711167N__
0856710978
0856710874
0856710637
0856710636
0856710317
08567102955
0856710230
0856710141
0856710
0856709999
08567097070
0856709583
0856709106
0856709016
0856708921
0856708658
0856708347
08567083313
0856708228
0856708200
0856708194
0856708139
0856707798
0856707421
08567072
0856707176
0856706625
0856706541
0856706387
0856706337
0856706290
0856706074
08567060270
0856705348
0856705289
0856705208
0856704456
0856704330
0856704070
0856703739
08567034399
0856703184
0856702611
0856702575
0856702400
0856702399
0856701660
0856701077
0856700990
08567007129
08567007049
0856700399
0856700378
0856700289
0856700227
0856700217
0856700149
08567001189
0856700070
0856700064
08567000192
08567--5
0856699852
0856699434
08566993
085669910555
085669907586
0856698859
0856698766
0856698365
0856698245
0856697993
0856697863
0856697668
0856697502
085669699787
0856696905
085669677977
0856696741
085669673221
0856696723
085669671701
085669651204
0856696377
0856696206
0856694586
0856694245
0856694094
0856694080
0856693986
085669388
0856693852
085669340pito
0856693383
0856693318
0856693248
0856693178
0856693085
0856692669
0856692214
0856691759
0856691482
0856688955
0856688190
0856688122
0856687368
0856686932
0856686614
0856686050
0856685096
0856685084
085668483764
085668478908
085668475159
0856684493
085668441727
0856684256
0856684243
0856683648-9
085668353209
085668338664
0856683218
085668282822
0856682612
0856682586
0856682405
0856682274
0856682199
0856682181
0856682153
0856681965
085668186555
085668110180
085668080017
085668044214
0856679196
0856679109
0856679067
0856678836
0856678829
0856678660
0856678396
0856678163
0856677882
0856677484
0856677185
0856677
0856675776
085667560
0856675368
08566746672
08566743166
0856674003
08566735588
0856673083
08566726517
0856672531
0856672287
0856672184
0856672061
0856671458
0856670869
0856670473
0856670236
0856670096
085667
0856669951
0856669942
08566698526
0856669683
0856669545
0856669246
0856669231
0856669031
08566686667
0856668535
085666822
08566682
0856668000
0856667930
0856667574
08566671437
0856667120
085666710294
0856667013
0856666949
08566662897
0856666051
08566660080
0856665870
0856665421
0856665372
0856665152
0856664252
0856664007
0856663990
0856663918
0856663880
0856663878
0856663732
0856663389
08566633115
0856663161
0856662922
0856662850
0856662657
0856662609
0856662578
0856662488
0856662212
0856662089
08566618709
0856661791
0856661011
0856660835
0856660813
0856660775
0856660720
0856660177
085666
0856659952
0856659789
0856659678
0856659655
0856659064
0856658809
0856658799
0856658655
0856658441
0856657787
08566577398
08566577190
0856657576
0856657527
0856657388
0856657173
0856657113
08566569790
0856656755
0856656631
0856656280
0856655683
0856655615
0856655597
085665544
0856655412
08566552925
0856654983
0856654555
0856654521
0856654238
0856653908
0856653593
085665349
0856653358
0856653271
0856652639
0856652377
0856652254
0856652233
08566517821
0856650905
08566508891
085665087
08566508
0856650608
0856650561
08566501242
085665
0856649519519723
085664909294
085664884649
0856648690
085664824990
0856648120
0856647723
0856647195
085664684
0856646568
0856646482
0856646138
0856646080
0856645817
085664571
0856645546
0856645299
085664510246
085664507033
0856645010
085664470165
085664422605
085664422580
085664400773
0856643742
0856643683
0856643525
0856643455
0856643089
0856642519
085664243
0856642122
0856641517
0856641285
0856641169
0856641090
0856641084
0856640881
085664067337
085664
0856639966
0856639828
0856639711
0856638075
0856637785
0856637516
085663746
0856637363
0856637314
0856637188
0856636844
0856636569
0856635597
085663527
0856635253
0856635054
0856634398
0856634272
0856634071
0856633394
0856632394
0856631546
0856631358
0856631210
0856630780
0856630681
08566304035
0856630174
085663
0856629811
0856629536
0856629485
0856628935
08566288619wen
08566288004
08566285662
0856628448
0856628277
0856628065
0856627637
0856627576
0856627
0856626970
0856626566
0856625599
0856624908
08566244572
0856623514
0856622873
0856622757
0856622612
0856622417
0856622300
0856622014
0856621827
0856621045
0856620271
0856620252
0856619196
0856618918
0856617039
0856616964
0856615994
08566149511
0856614220
085661357
0856613352
0856613081
0856611235
0856611
08566109969
0856610929
085661
08566088
08566064461
0856604852
0856602015
0856601356
0856601154
0856600929
085660
08566
0856599595
0856599226
0856599150
085659914333
085659913656
0856598837
0856598655
085659849596
0856598429
0856598301
085659793776
0856597868
0856597587
085659728
0856597160
085659671672
0856596626
085659648477
085659620778
0856596139
085659596548
085659545240
085659531052
085659512821
0856595017
085659465400
085659453
085659450716
085659419
0856594142
085659383265
0856593538
085659352900
085659323894
0856592679
085659236630
0856592349
0856591794
085659171224
0856591619
085