567
0851862523
0851862515
0851862513
0851862498
085186242700
0851862146
0851861986
0851861743
0851861384
0851861238
0851860616
0851860583
0851860453
08518597235
0851859695
0851859575
0851859225
0851859114
0851858998
0851858755
0851858748
0851858719
0851858608/
0851858462
0851858247
0851857811
0851857618
0851857538
0851856925
08518569
0851856786
0851855485
0851855410
0851855292
0851855287
0851855088
0851854846
0851854100
0851854072
0851854001
0851853745
0851853474
0851853314
0851853079
0851852890
0851852645
0851852625
0851852454
0851852023
0851851480
0851851301
0851850708
0851850177
0851850109
0851849929
0851849853
0851849417
0851849259
0851848325
0851847865
0851847705
0851847125
0851847068
0851847051
0851846350
0851845596
0851845568
08518452952
0851845295
0851845292
0851845237
08518451886
0851845171
0851844977
0851844962
0851844835
0851844812
0851844757
0851844744
0851844610
0851844380
0851843687
0851842776
085184237
0851842110
0851841992
0851841917
0851841887
0851841455
0851841208
0851841203
0851840148
085184
0851839812
0851838935
0851838561
0851838448
0851838280
0851837851
0851837810
085183657900
0851836061
0851835922
0851835824
0851835664
0851835404
0851835224
0851835181
0851834601
0851834505
0851834329
0851834186
0851834097
0851833774
0851832987
0851832952
0851832050
0851832005
0851831520
0851831091
0851830948
0851830890
0851830819
0851830582
08518300
0851829385
0851829313
0851828920
0851828815
0851828559
0851828492
0851828483
0851827886
0851827474
0851827360
0851827017
0851826854
08518263020
0851826263
0851825940
0851825419
08518250709
0851824765
0851824720
0851824617
0851824328
0851824094
0851824032
0851823707
0851823691
08518226540
0851821339
0851821058
0851821005
0851820972
0851820670
0851820287
0851819926
0851819872
0851819577
0851819374
0851819113
0851819076
0851819016
0851818970
0851818890
0851818605
0851818505
0851818352
0851818080
0851817466
085181721
0851816445
0851816351
0851816030
0851816006
0851815522
0851815352
0851815195
0851815078
0851815053
0851815
0851814800
0851814680
0851814551
0851813303
0851813044
0851812758
0851812473
0851812143
0851811865
0851811845
0851811417
0851811048
0851810965
0851810950
0851810891
0851810655
0851810654
0851808933
0851808293
0851808087
0851808048
0851807820
0851807758
0851807432
0851807045
0851807043
0851807003
0851806949
0851806937
085180687
0851806834
0851806345
0851806281
0851806073
0851805933
0851805851
0851805687
0851805460
0851805106
0851804845
0851804830
0851804692_zac
0851803779
0851803711
0851803690aen
0851803613
085180348
0851803330
0851803313
0851803020
0851802576
0851802352
0851802281
0851802154
0851801922
0851801552
0851801431
0851801367
0851800787
0851800484
085180
08518
0851799957
085179985
0851799549
0851799472
0851799109
0851798799
0851798697
08517985573967
0851798433
0851798214
0851798141
0851797961
0851797749332988
0851797704
0851797595
08517969
0851796869fon
0851796869
0851796583
0851796264
085179615
0851795587
0851795571
0851795359
0851794538
0851794373
0851794335
0851793767
08517934089
0851793117
0851792998
0851792272
0851792102
0851791414
0851791407
0851791009
0851790750
0851790648
0851790592
0851790306mimin
0851790300
085179
0851789264
0851789093
0851788575
0851788279
0851788256
0851788245
0851788174
0851787844
0851787744
0851787596
0851787134
0851787068dew
0851787006
0851786329
0851786030
0851785900
0851785299
0851785195
0851784661
0851784576
0851783910
0851783873
0851783850
0851783754
0851783666
0851783633
0851783341
0851783337
08517831501410
0851782776
0851782050
0851781104
085178
0851779751
0851779345
0851778500
0851778394
0851778014035235334
0851777771
08517777212519
0851777684
0851776959
0851776869
0851776821
0851776365
0851776347
0851776229
0851776221
085177616
0851775968
0851775729
0851774896
0851774818
0851774511
0851774423
0851774385
0851773943
0851773842
0851773787
0851773779
0851773702
0851773425
0851773357
0851773316
0851773160
0851772844
0851772840
0851772385
0851772245
0851771991
0851771814
0851771725
0851771200
0851770998
0851770503
0851770287
0851770049
0851769712za
0851769547
0851769055
0851768793
0851768662
0851768270
08517682250
0851768055
0851767849
0851767845
0851767652
0851767632
0851767202
0851766377
0851765998
0851765623
0851765211
0851764909
0851764728
0851764185
0851764117
0851763980
0851763782
0851763188
0851762973
0851762903
0851762452
0851762416
0851762018
0851761830
0851761487
0851761326
0851761258
0851761107
0851760403
0851760290
0851760234
0851760118
0851759857
0851759109
0851758899
0851758223
0851758077
0851757864
0851757570
0851757418
0851756903
0851756846
0851756756mello-
0851755947
0851755271
0851754741
0851754616
0851754356
0851753759
0851753704
0851753325
0851753160
0851753116
0851753046
0851753017
0851752861
0851752571
0851752473
0851751788
0851751582
0851751537
0851751060
0851750942
0851750851
0851750778
0851750121
0851750018
0851749927
0851749556
0851749354
0851748727
0851748061
0851748060
0851747668
0851747548
0851747369
0851747267
0851747172
0851747090
0851746831mai
0851746711
0851746566
0851746508
0851746277
0851746123
0851746048
0851745672
0851745407
0851745401
0851744765
0851744407
0851744139
0851743841
0851743745
0851743592
0851743532
0851742463
0851742384
0851742340
0851742293
0851742088
0851741553
0851741437
0851740966
0851740959
0851740887
0851740737
0851740669
0851740163
085174008
0851739733
085173957
0851739565
0851739021
0851738898
0851738461
0851738139
0851737845
0851737239
0851737081
0851736959
0851736906
0851736818
0851736734
0851736504
0851736491
0851736217
0851736137
0851735901
0851735449
0851735356
0851735213
0851735178
0851734990
0851734924
0851734665
0851734306
0851733456
0851733436
0851732531
0851732351
0851731791
0851731284
0851731182
0851731181
0851731103
0851730740
0851730511
085173
0851729145
0851729004
0851728858
0851728116
0851728113
0851728016
0851727522
0851727288
0851727268
0851726963
0851726282
0851725481
0851725307
0851724897
0851724825
0851724290
0851723356
0851723126
0851723093
0851722945
0851722462
0851722386
0851722270
0851721872
0851721558
0851720970
0851720725
0851719956
0851719950
0851719852
0851719413za
0851718734
0851718688
0851717944
0851717764
0851717600
0851717057
0851716872
0851716842
0851716329
0851716146
0851716108
0851715213
0851715145
0851714939
0851714701
0851714478
0851714388
0851714177
0851713961
0851713860
0851713643
0851713549
0851713454
0851713163
0851712839
0851712818
08517126310
0851712631
0851712616
0851712426
0851712383
0851712274
0851711732
0851711523
0851711417
0851711138
0851711033
0851710570
0851710556
0851710488
0851710413
0851710089
0851709978
0851709399
0851709169
0851708961
0851708815
0851708689
0851708440
0851708301
0851708240
0851707843
0851707750
0851707584
0851707361
0851707149
0851706886
0851706805
0851706697
0851706494
0851706159
0851706063
0851706
0851705908
0851705456
0851705056
0851704876
0851704492
085170413
0851704071
0851703537
0851703527
0851702827
0851702409
0851701843
0851701705
0851701700
0851701502
0851701474
0851701354
0851700977
0851700541
085169952
0851699313
0851699046
0851699023
0851698952
0851698795love
0851698727
0851698723
0851698244
0851698207
0851697764
0851696981
0851696652
0851696451
0851695993
0851695490
0851695485
0851695301
0851694890
0851694847
0851694430
0851694311
0851693805
0851692583
0851692535
0851692275
08516921630011lk
0851692041
0851691992
0851691961
0851691771
085169127730
0851691051
0851690829
0851690059
0851689932
0851689754
0851689499
0851688900
0851688770
0851688735
0851688639
0851688442
0851688075
0851687673
0851687584
0851687121
0851687024
0851687022
0851686775
0851686671
0851686527
0851685960
0851685910
0851684908
0851684474
0851684220
0851683644
0851683480
0851683049
0851683042
0851683032
0851682389
0851682281
0851681794
0851681412
0851680735
0851680552
0851680117
0851679670
0851679212
0851679159
0851678852
0851678654
0851677942
0851677624
0851676929
0851676923
0851676899
08516768809
0851676846
0851676782
08516766721
0851676667
0851676626
0851676566
0851676225
0851676203
0851675658
0851675273
0851675136
0851674771
0851674388
0851674180
0851674164
0851673994
0851673281
0851673276
0851673238
0851672941
0851672570
0851672427
0851672243
0851672225
0851672042
0851672038
0851671806
0851671757
0851671611
0851671183
0851671175
0851671149
0851670713
0851670389
0851670236
0851670233
0851670144
0851670063
0851670027
085167
0851669906
0851669761
0851669759
0851669462
0851668460
0851667730
0851667578
0851667532
0851667481
0851666963
0851666760
0851666728
0851666708
0851666666
0851666532
0851666128
0851666104
0851665854
0851665764
0851665691
0851665664ked
0851665663
0851665371
0851665356
0851665181
0851665115
0851665051
0851664952
0851664627
0851664217
0851663231
0851663149
0851663088
0851662715
0851662697
0851662684
0851662478
0851662383
0851662322
0851662121
0851662029
0851661786
0851661667
0851661626
0851661621
0851661582
0851661467
0851661336
0851661335
0851661157
0851661092
0851660874
0851660800
0851660755
0851660639
0851660578
0851660541
0851660461
0851660432
0851660283
0851660179
085166
0851659622
0851659542
0851659408
0851659343
0851659301
0851659100
0851658817
0851658688
0851658674
0851658649
0851658529
0851658348
0851658248
0851657731
0851657701
0851657671
08516574
0851657327
08516572139292
0851656847
0851656431
0851656344
0851656338
0851655776
0851655677
0851655616
0851654833
0851654195
0851654146
0851654134
0851654112
085165410
0851653842
0851653555
0851653434
0851653172
0851653089
085165298
0851652724
0851652714
0851652646
0851652629
0851652503
0851652153
0851652134
085165197
0851651956
0851651913
0851651799
0851651792
0851651350
0851651290
0851651189
0851650812
0851650494
0851650437
0851650375
0851649946
0851649799
0851648900
0851648767
0851648286
0851648257
0851648027
0851647677
0851647374
0851647360
0851647061
0851646679
0851646001
0851645765
0851645663
0851645652jarb
0851644189
0851643913
0851643767
0851643643
0851643494
08516433792258
0851643301
08516430
0851642919
0851642619
0851642567
0851641488
0851641474
0851641128
08516409977
0851640581
0851640115
085164
085163o840
0851639951
0851639896
0851639769
0851639603
0851639529
0851639515
0851639477
0851639076
0851638884
0851638873
0851638627
0851638357
0851638335
0851637674
0851637254
0851636934
0851636885
0851636870
0851636657
0851636637
0851636223
0851636096
0851635979
0851635960
0851635600
0851635505
0851635253
0851634620
0851634398
0851634318
0851634250
0851634144
0851633867
0851633579
0851633518
0851633348
0851633273
0851633142
0851632683
0851632355
0851632296
0851631722
0851631610
0851631393
085163139
0851631294
0851631281
085163099
0851630786
0851630641
0851630572
0851630346
0851630344
0851629983
085162974606
0851629314
0851629097
0851628896
0851628660
0851628521
0851628340
0851628116
0851627931
0851627908
0851627640
0851627637
0851627359
0851627290
0851627245
0851627121
0851627010
0851626819
0851626635
0851626530
0851626211
0851626154
0851626053
0851625613
085162509
0851625021
0851624913
0851624837
0851624696
0851624358
0851623689
0851623646
0851623566
0851623551
0851623516
0851622743
0851622464
0851621855
0851621515
0851621512
0851621459
0851620613
085162056
085162
0851619776
0851619231
0851618708
0851618331
0851618233
0851618196
0851618041
0851617742
0851617589
0851617552
0851617375
0851616832
0851616629
0851616448
0851616245
0851616048
0851615823
0851615792
0851615675
0851615661
0851615216
0851615126max
0851614887
0851614321
0851613685
0851613445
0851613352
0851613001
0851612469
0851612014
0851611648
0851611631
0851611613
0851611491
0851611439
0851611427
0851610818
0851610731
0851610432
0851609880
0851609515
0851609426
0851609248
0851608968
0851608027
0851607952
0851607793
0851607605
0851607492
0851607095
0851606620
0851606542
0851606306
0851606
0851605913
0851605230
0851605166
0851604799
0851604778
0851604599
0851604471
0851604439
0851603772
0851603749
0851603686
0851603384
0851603310
0851602792
0851602587
0851602161
0851601695
0851601667
0851601396
0851601349
0851601297
0851600966
0851600378
0851600186
0851600060
0851599994
0851599318
085159884448
0851598259
0851597275
0851596967
0851596911
0851596854
0851596612
0851595901
0851595784
0851595483
0851594900
0851594868
085159457
0851594464
0851594236
0851594212
0851594166
0851593795
0851593662
0851593549
0851593333
0851593098
0851592680
08515923759
0851592247
0851592125
0851591962
0851591399
0851591290
0851591008
0851590717
0851590584
0851590225
085159
0851589976
0851589953
0851588716
0851588681
0851588519
0851588416
0851588414
0851588126
0851587934
0851587758
0851587690
0851587617
0851587503
0851587175
0851587087
0851586934
0851585879
0851585810
0851585685
0851585627
0851585415
0851585390
0851585326
0851585228
0851584917
0851584727
0851584573
0851584079
0851583761
0851583415
0851582946
0851582578
0851582450
0851582251
0851582114
0851581919
0851581570
0851581435
0851581187
0851580898
0851580872
0851580646
0851580644
0851579896
0851579278
0851579234
0851579136
0851578709
0851578315
0851578062
0851578016
0851577967
0851577750
0851577350
0851577332
0851577206
0851576724
0851576546
0851576336
0851575843
0851575755
0851575680
0851575589
0851575404
0851575390
0851575329aqass
0851575307
0851575305
0851574885
0851574712
0851574611
0851574457
0851574430
0851574377
0851574368
0851574050
0851573507
0851573224
0851573132
0851572898
0851572867
085157286
0851572813
0851572787
0851572502
0851572211
0851571480
0851571329
0851571299
0851571093
0851570543
0851570452
0851570427
085157
0851569008
0851568868
0851568826
0851568737
0851568020
0851567787
0851567676
0851567593
0851567434
0851566867
0851566842
0851566365
0851566292
0851566163
0851566028
0851565976
0851565866
0851565488
0851565377
0851565047
0851564971
0851564308
0851563916
0851563863
0851563778
0851563445
0851563424
0851563364
0851562858
0851562815
0851562556
0851562331
0851562276
0851562204
0851562028
0851561916
0851561400
0851561128
0851560668
0851560405
0851560201
085155991
085155968
0851559501
0851558909
0851558802
0851558335
0851557967
0851557279
0851556933
0851556809
0851556206
0851556200
0851555666
0851555256
0851555208
0851554807za
0851554760
0851554157
0851553225
0851552272
0851552031
0851551539
0851551457
0851551217
0851551137
085155074
0851550664
0851550009
0851549979
0851549782
0851549548
0851549472
0851549446
0851549172
0851548993
0851548958
0851548932
0851548917
0851548869
0851548536
0851548315
0851548174
0851547172
0851547134
0851547042
0851546979
0851546939
0851546931
0851545636
0851545494
0851545219
0851545169
0851544893
0851544814
0851544557
0851544185
0851544025
0851543878
0851543597
0851543199
0851543092
0851542490
0851542424
0851542317
0851542010
0851540637
0851540213
0851539790
0851539695
0851539394
0851539392
0851539357
0851538229
0851538160
0851537604
0851537343
0851537230
08515371390
0851537048
0851536645
0851536350
0851536011
0851535858
0851535607
0851535447
0851535076
0851534767
0851534677
0851534406
0851534388
0851534238
0851533875
0851533772
0851533276
0851533220
0851533059
0851532915
0851532850
0851532773
085153261
0851532324
0851532110
0851531984
0851531848
0851531557
0851531390
0851531106
0851530712
0851530698
0851530598
0851530155
0851530019
085153
0851529996
0851529967
0851529780
0851529533
0851529335
0851529066
0851529030
0851528831
0851527614
0851527607
0851527565
0851527202
0851527188
0851527046
0851526976
0851526964
0851526744
0851526647
08515266
0851526403
0851526348
0851525730
0851525388
08515253578
0851525354
0851525326
0851525240
0851525177
0851524974
0851524795
0851524214
0851523994
0851523602
0851523505
0851523090
0851523003
0851522888
0851522628
0851522621
0851522478
0851522446
0851522330
0851522256
0851522204
085152203
0851521875
0851521532
0851521350
0851521334
0851521221
0851521164
0851520939
0851520828
085152079
0851520410
0851520
0851519987
0851519159
0851518932
0851518892
0851518560
0851518243
0851517938
0851517791
0851517640
0851517559
0851516603
0851516033
0851515616
0851515386
0851515015
0851514870
08515147
0851514625
0851514427
0851514363
0851514300
0851514070
0851513769
0851513395
0851513345
0851512707
0851512328
0851512279
0851512278
0851512150
0851512107
0851511719
0851510935
0851510662
0851510487
0851510123
0851510082
0851510005
085151
0851509977
0851509887
0851509800
0851509538
0851509429
0851509417
0851508484
0851508453
0851508322
0851508080
0851508048
0851507660
0851507648
0851507283
0851506904
0851506493
0851506463
0851506325
0851506291
0851506160
0851506042
0851505952
0851505830
0851505603
0851504619
0851504430
0851504265
0851504143
0851503734
0851503469
0851503343
0851503334
0851503227
0851503052
0851502978
0851502717
0851502660
0851502622
0851502361
0851502267
0851502147
0851502081
0851502042
0851501186
0851500817
0851500748
0851500651
0851500274
0851500124
0851500095
0851499904
0851499260
0851499195
0851499010
0851498790
0851498531
0851498284
0851498255
0851498019
0851497825
0851497590
0851497459
0851497293
0851497231
0851496803
0851496744
0851496519
0851496248
0851496112
0851496106
0851495812
0851495756
0851495743
0851495649
0851495624
0851495445
0851495247
0851494687
0851494451
0851494388
0851494260
0851494248
0851493735
0851493721
0851493636
0851493560
0851493011
0851492753
0851492395
0851492231
0851491232
0851490892
0851490607
0851490117
0851489946
0851489545
0851489151
0851488478
0851488323
0851487914
0851487851
0851487728
0851487641
0851487281
0851487139
0851486407
0851486258
0851486224
0851485965
0851485947
0851485943
0851485912
0851485721
0851485645
0851485348
0851485264
0851485169
0851484992
0851484452
0851484379
0851484244
0851483207
0851483168
0851482510
0851481712
0851481664
0851481284
085148094225
0851480749
0851480625
0851479970
0851479907
0851479849
0851479484
0851479467
0851479381
0851479353
0851479321
0851479269
0851479166
0851479057
0851478932
0851478730
0851478708
0851478591
0851478369
0851478360
0851478322
0851478157
0851477484
0851477262
0851477251
0851477008
0851476643
0851476406
0851476342
0851475982
0851475675
0851475285
0851475107
0851475068
0851474727
0851474628
0851474576
0851474404
0851474295
0851474173za
0851473946
0851473789
0851473324
0851473095
0851473086
0851473008
08514730
0851472888
0851472547
0851472086
0851471960
0851471907
0851471882
0851471703
0851471347
0851470879
0851470874
0851470506
0851470175
0851470038
085147
0851469994
0851469547
0851469495
0851469244
0851468965
0851468829
0851468327
0851468281
0851467686
0851467579
0851467446
0851467277
0851466499
0851466347
0851466303
0851466180
0851466043
0851465358
0851465348
0851464025
0851463937
0851463451
0851463379
0851463060
0851462927
0851462389
0851462026
0851462004
0851461803
0851461775
0851461579
0851461433
0851461422
0851460963
0851460955
0851460665
0851460361
0851460028
0851459973
0851459922
0851459601
0851459518
0851459422
0851459127
0851458571
0851458415
0851458050
0851457716
0851457632
0851457606
0851457551
08514574757
0851457149
0851457116
085145674248
0851456672
0851456266
0851456158
0851456088
0851456015
0851455873
0851455850
0851455567
0851455458
0851455455
0851455405
0851455281
0851455224nomin
0851455130
0851454982
0851454742
0851454671
0851454571
0851454564
0851454518
0851454075
0851454058
0851454026
0851453818
0851453761
0851453675
0851453105
0851452961
0851452836
0851452644
0851452452
08514523350875234975
0851452319
0851452249
0851451906
0851451895
0851451860
0851451620
0851451552
0851451408my
0851451345
0851451175
0851451092
0851450981
0851450595
0851450238
0851450144
0851450065
0851449792
0851449773
0851449591
0851449579
0851449556
0851449494
0851449095
0851449087
0851449063
0851448544
0851448510
0851448332
0851448201
0851448196
0851447979
0851447765
0851447704
0851447686
0851447615
0851447506
0851447392
0851447320
0851447313
0851447247
0851447212
0851446985
0851446848
0851446768
0851446712
0851446260
0851446201
0851445875
0851445764
0851445585
0851445110
0851444773
0851444683
0851444550
0851444446
0851444439
0851444043
0851443878
0851442844
0851442709
085144251
0851442365
0851442242mui
0851442163
0851441954
0851441870
0851441852
0851441652
0851441605
0851440899
0851440623
0851440041
0851439958
0851439905
0851439846
0851439590
0851439280
0851439124
0851439089
0851438885
0851438877
0851438799
0851438796
0851438497
0851437962
0851437672
0851437445
0851437272
0851437255
0851437187
0851437102
0851436831
0851436518
0851436441
0851435926
0851435905
0851435062
0851435034
0851434787
0851434502
0851434465
0851434345
0851433490
0851433087
0851433014
0851432654
0851432500
0851432368
0851432364
0851432106
0851431948
0851431705
0851431638
0851431326
0851431242
0851431103
0851430709
0851430504
085143
0851429831
0851429290
0851429056
0851427922
0851427677
0851427506
0851427427
0851427313
0851427286
0851426880
0851426815
0851426358
0851426246
0851426132
0851425650
0851425581
0851425468
0851424980005
0851424140
0851423975
0851423194
085142317
0851423139
0851423036
0851422751
0851422660
0851422629
0851422352
0851422172
0851422082
0851422028
0851421711
0851421342
0851421230
0851420855
0851420799
0851420672
0851420471
0851420407
0851419826
0851419766
0851419551
0851419459
0851419413
0851419381
0851419185
0851419128
0851419005
0851418868
0851418751
0851418743
0851418457
0851418258
0851417660
0851417365
0851417091
0851416642
0851416554
0851416478
0851416294
0851416220
0851416145
0851415383
0851415372
0851414927
0851414774
0851414629
0851414562
0851414210
0851414077
0851413500
0851413268ยย
0851413218
0851412466
0851412422
0851412256
0851412252
0851412173
0851412120
0851411905
0851411736
0851411316
0851411277
0851411152
0851411101
0851411040
0851410641
0851410607
0851410427
0851410043
0851409912
0851409568
0851409524
0851409365
0851409211
0851409160
0851409134
0851408778
0851408507
0851408443
0851408320
0851408139
0851408083
0851408047
0851407742
0851407678
0851407617
0851407352
0851407142
0851406848
085140676
0851406648
0851406589
0851406454
0851405965
0851405580
0851405574
0851405009
0851404594
0851404310
0851404131
0851404092
0851404089
0851404061
0851403643
0851403639
0851403578
0851403206
0851403173
0851403132
08514031
0851402612
0851402238
0851401709
0851401704
0851401314
0851400745
0851400621
0851400471
08514004
0851400262
085140
08513tito
0851399765
0851399745
0851399311
0851399214
0851398986
0851398555
0851398492
0851397977
0851397184
0851397009
0851397
0851396861
0851396849
0851396571
0851396202
0851396168
0851395599
0851394943
0851394862
0851394559
0851394294
0851394263
0851394159
0851394097
0851393807
0851393289
0851392744
0851391814
0851391463
0851391150
0851390994
0851390560
0851390442
0851390365
0851390216
085139007
0851389413666
0851389031
0851388882
0851388856
0851388646
0851388313
0851388262
0851388066
0851388033
0851387921
0851386399
0851386019
0851385940
0851385899
0851385445
0851385303
0851384561
0851384481
0851384282
0851383783
0851383433ann
0851383104
0851382575
0851382422
0851382208
0851382046
0851382001
0851381701
0851381681
0851381102
0851380599
0851380570
0851380517
085138051
0851380473
0851380115
0851380064
085138
0851379878
0851379787
0851378458
0851377286
0851377118za
0851377015
0851376849
0851376007
0851375752
0851375481
0851375464
0851375278
0851375264
0851375049
0851375047
0851375023
085137484307053
0851374628
0851374464
0851374075
0851374061
085137403331
0851373787
0851373312
0851373226
0851373218
0851372739
0851372561
0851372549
0851372445
0851372285
0851371964
0851371654
0851371152
0851371058
0851369974
0851369913
0851369659
0851369499
0851369377
0851369110
0851369060
0851368929
0851368832
0851368365
0851368251
0851367823
0851367488
085136702
0851366963
0851365474
0851365460
0851365133
0851364412
0851363474
0851363408
0851363176
0851363099
0851362900
0851362646
0851362520
0851362421
0851361945
0851361294
0851361163028104061
08513609
0851360748
0851360745
0851360496
0851360382
0851360138
0851360097
085136
0851359575
0851359089
0851358992
0851358666
0851358635
0851358512
0851358481
0851358123
0851358115
0851357709
0851356805
0851356548
0851356270
0851356229
0851356150
0851356134
0851356026
0851355925
0851355705
0851355615
0851355585
0851355229
0851355175
0851355139
0851354879
0851354690
0851354686
0851354569
0851354543
0851353861
0851353687ta
0851353602
0851353159
0851352858
0851352330
0851351856
0851351791
0851351632
0851351371
0851351227
0851351172
0851351140
0851350948
0851350856
0851350698
0851350515
0851350160
0851350115
0851349849
0851349799
0851349670
085134954
0851349310
0851349271
0851349162406
0851349038
0851348969
0851348933
0851348339+1113
0851348227
0851348202
08513478310
0851347778
0851347645
0851347503
0851347400
0851347081
0851346986
0851346282
0851345807
0851345595
0851345540
0851345375
0851345256
0851344926
0851344605
0851344543
0851344108
0851344013
0851343734
0851343648
0851343609
0851342641
0851341662
0851341584
0851341097
0851340107
0851339767
0851339409
0851339262
0851339244
0851338870
0851338689
0851338514
0851338488
0851338352
0851338129
0851337894
0851337414
0851337281
0851336967
0851336775
0851336580
0851335670
0851335501
0851335119
0851335028
0851334803
0851334798
0851334548
0851334539
0851334478
0851334312
0851334281
0851334202
0851334008
0851333702
0851333324
0851333194
0851332862
0851332695
0851332545
0851332460
085133