837406968
0837406940
0837406847
0837406772
0837406591
0837406439
0837406232
0837405952
0837405848
0837405745
0837405690
0837405636
0837405621
0837405596
0837405595
0837405535
0837405304
0837405167
0837405166
08374050320425
0837404895
0837404828
08374048240876484830
0837404782
0837404746
0837404697
0837404652
0837404650
0837404412
0837404383
0837404229
0837404171nan
0837404149
0837404125
0837404108love
0837404098
0837404055
0837404027
0837403806
0837403711
0837403522
0837403520
0837403488
0837403453
0837403445
0837403288
0837403173
0837403021
0837403010
0837402914
0837402831
0837402469
0837401833
0837401785
0837401542
0837401355
0837401344
0837401279
0837401089
0837401003
0837400805
0837400762
0837400744
0837400674
0837400663
0837400621
0837400299kt
0837400199
0837400060
0837399938
0837399870
0837399852
0837398687
0837397973
0837396641
0837396517bb
0837396510
0837395513
0837395121
0837394450
0837394121
0837392619
0837392125
0837391678
0837390905
0837390492
0837389719
0837389318
0837389055
0837388867
0837388417
0837388388
0837387861
0837387785
0837387762
0837387608
0837387051
0837386388
0837386238
0837386181
0837385727
0837385549
0837384865
0837384615
0837384367
0837384174
0837383186
0837382680
08373825
083738147122140
0837381408
0837380731
083738
0837379102555
0837378957
0837378813
0837378766
0837378394
0837377739
0837377371
0837377346
0837377106
0837377018
0837376964
0837376840
0837376604
0837375736
0837375345
08373751911
0837375164
0837374897
0837374895
0837374478
0837374315
0837374113
0837373979
0837373747
0837373699
0837373587
0837373421
0837372779
0837372631
0837372588
0837372532
083737231
0837371987
0837371723
0837371506
0837371239
0837371074
0837370504
0837370275
0837368290
0837367307
0837366982
0837366812
0837366270
0837365581
0837364811
0837364470
0837364467
0837363046
0837362466
0837361976
0837361911
0837361819
0837361780
0837360434
0837359584
0837359314
0837358732
0837358646
0837358596
0837358478
0837358361
0837357592
0837355364
0837354537
0837354514
0837353754
0837353667
0837353263
0837352955
0837352904
0837352335
0837352208
0837351634
0837351392
0837351351
0837351158
0837348968
0837348399
0837348339
0837346842
0837346596
0837346160
0837345936
0837345245
0837343752
0837343002
0837342605
0837342561
0837342197
0837341445
0837339952
0837339949aum
0837338840
0837338468
0837338288
0837338052
0837337470
0837337072
0837336791
0837336647
0837336011
0837335300
0837335214
0837335143
0837334993
0837334728
0837334382
0837333813
0837333239
0837333057
0837332699
0837332516
0837332400
0837331873
0837331785
0837331694
0837331305
0837331208
0837330652
0837330535
0837330480
0837328531
0837328258
0837327924
0837326876
0837326533
0837326063
0837325730
0837325322
0837325237
0837323263
0837322779
0837322451
0837322207
0837322071
0837321673
0837321553
0837320463
0837319942
0837319574
0837319516
0837319486
0837318305
0837318069
0837317919
0837317796
0837317732
0837317584
0837317580
0837315739
0837314947
0837313949
0837313932
0837313833
0837312401
0837312331
0837312119
0837310996
0837310966
0837310143
0837310015
083731
0837309913
0837309757
0837309394
0837309348
0837308984
0837308834
0837308814
0837308797
0837308258
0837308077
0837307955
0837307948
0837307919
0837307293
0837307250
0837306907
0837306842
0837306656
0837306607
0837306456
0837306268
0837306081
0837305818
0837305813
0837305404
0837305184
0837304970
0837304511
0837304241
0837303297
0837300510
0837300018
0837299352
0837299350
0837299196
0837298848
0837298101
0837298089
0837297344
0837296268
0837295385
0837295207
083729517
0837293753
0837293410
0837292694
0837292184
0837292131
0837291MK
0837291933
0837288936
0837288567
0837288400
0837288339
0837288304
0837288204
0837288137
0837287549
0837286853
0837285673
0837284941
0837284610
0837284556
0837283926
0837280558
0837279848
0837279830
0837278851
083727876m
083727876M
0837277988
0837277742
0837277714
0837277475
0837274945
0837274867
0837274846
0837274452
0837273166
0837273008
0837272847
0837272827
0837272800
0837272527
0837272456
0837272283
0837272040
0837271351
0837271294
0837271247
0837270722
0837270096
083727
0837269789
0837268209
0837266587
0837266488
0837265214
0837265001
0837264149
0837262825
0837262022
0837259855
0837259827
0837259719
0837259279
0837259027
0837258973
0837257187
0837256630
0837256402
0837256003
0837255903
0837255798
0837255530
0837255036
0837254843
0837254323
0837254111
0837253695
0837253291
0837252429
0837252246
0837252090
0837251587
0837251324
0837250450
083725
0837248665
0837248199
0837248184087
0837247742
0837247601
0837247280
0837247195
0837246889
0837246882
0837246056
0837245616
0837245509
0837244935
0837244609
0837244167
0837243955
0837243931
0837243194
0837242479
0837241268
0837240395
0837240336
0837240174
0837240132
0837240079
0837240051
0837240045
0837239683
0837239492
0837239448
0837239441
0837239345
0837239284
0837239104
0837239042
0837238990
0837238924
0837238846
0837238587
0837238309
0837238046
0837237843
0837237535
0837237472
0837237382
0837237295
0837236746
0837236606
0837236593
0837235795
0837235394
0837235052
0837234726
0837233323
0837233298
0837233139
0837232642
0837232574
0837232353
0837232260
0837232259
0837232215
0837232097
0837231978
0837231623
0837231617
0837231381
0837231140
0837230377
0837230256
0837229488
0837229226
0837229141
0837228645
0837228048
0837227958
0837227780
0837227733
0837227494
0837227400
0837225760
0837225506
0837225273bung
0837225184
0837225003
0837224823
0837224667
0837224204nok
08372241500844543898
0837224027
0837223832
0837223397
0837223231
0837223130
0837222877
0837222573
0837222562
0837222548
0837222374
0837222321
0837222231
0837221817
0837221797
0837221607
0837221550
0837221456
0837221444
0837221189
0837221007
0837220748
0837220436
0837220369
0837220016
0837220015
0837219330
0837218951
0837218878
0837217998
0837217222
0837216912
0837215788
0837214846
0837214658
0837214385
0837214245
0837213787
0837213747
0837213714
0837213038
0837212726
0837212499
0837212164
0837212059
0837212026
0837211871
0837211753
0837211451
0837211105ppo
083721
0837209942
0837209505
0837209445
0837209202
0837207703
083720758
0837207093
0837206993
0837206966
0837205702
0837205378
0837202117
0837201645
0837201380
0837201219
0837201114
0837201061
0837199885
0837199530
0837199337
0837199327
0837199286
0837199079
0837198989
0837198776
0837198750
0837198706
0837198595
0837198499
0837198187
0837196314
0837196296
0837196139
0837196132
0837195751
0837195263
0837194713
0837194571
0837194430
0837194162
0837194092
0837193667
0837193508
0837193362
0837193219
0837192933
0837192796
0837192287
0837192171
0837192160
0837191977
0837191957
0837191827
0837191282
0837191228
0837191173
0837191112
0837190975
0837190825
0837190723
0837190521
0837190368
0837190356
0837190337
0837190140
0837190114
0837190093
0837190038
0837189822
0837189320
0837189023
0837188943
0837188776
0837188382
0837188309
0837188269
0837188126
0837187353
0837187239
0837187123
0837187095
0837186980
0837186862
0837186581
0837185795
0837185532
0837185420
0837185400
0837185226
0837185210
0837185088
0837184855
0837184746
0837184715
0837184609
0837184543
0837184283
0837184062
0837183940
0837183425
0837183346
0837183339
0837183163
08371826720896075813
0837182059
0837181970
0837181952
0837181805
0837181707
0837181545
0837181454
0837181107
0837180721
0837180627
0837180595
0837180350
0837180322
0837180250
0837180038
0837179879
0837179531
0837179403
0837179386
0837179351
0837179212
0837179007
0837178917
0837178790
0837178676
0837178672
08371785413/12
0837178522
0837178510
0837178303
0837178082555
0837178015
0837177893
0837177828
0837177818
0837177687
0837177505
0837177472
0837177275++
0837177242
0837177055
0837177002
0837176940
0837176462
0837176038
0837175719
0837175453
0837175275
083717518788
0837175142
0837174923
0837174899
0837174868
0837174842
0837174809
0837174459
0837174228
0837174212
0837174064
0837173842
0837173594
0837173379
0837173160
0837173039
0837172845
0837172763
0837172730
0837172726
0837172285
0837172113
0837171t
0837171843
0837171789
0837171737
0837171721
0837171681
0837171468
0837171398
0837171206
0837171080
0837171069
0837170922
0837170862
0837170820
0837170791
0837170404
0837170367
0837170193
0837170187
0837169988
0837169879
0837169847
0837169590
0837169360
0837169305
0837169011
0837168892
0837168890
0837168716
0837168392
0837168385
0837167947
0837167559
0837167556
0837167197
0837167145
0837167108
0837166736
0837166572
0837166553
0837166548
0837166517
0837166268
0837166038
0837165882taew
0837165607
0837165393
0837165291
0837165242
0837165234
0837164924
0837164202
0837163957
0837163567
0837163496
0837163292
0837163036
0837162902
0837162687
0837162684
0837162581
0837162566
0837162255
0837162206
0837162069
0837161998
0837161599
0837161106
0837161048
0837160914
0837160324
0837159937
0837159879
0837159801
0837159768
0837159707
0837159657
0837159233
0837158897
0837158885
0837158512
0837158485
0837158479
0837158072
0837157915
0837157904
0837157610
0837157573
0837157572
0837157248
0837157175
0837156955
0837156619
0837156601
0837156142
0837156001
0837155790
0837155167
0837154958
0837154301
0837154156love
0837154133
0837154074
0837153895
0837153878
0837153686
0837153626
0837153625
0837152745nham
0837152679
0837152648
0837152529
0837152457
0837152250
0837151860
0837151859
0837151566
0837151314
0837151203
0837150729
0837150696
0837150
083715
0837149967
0837149877
0837149254
0837149164
0837148846
0837148744
0837148355
0837148313
0837148302
0837148235
0837147988
0837147957
0837147645
0837147619
0837147492
0837147431
0837147425rodcin
0837147125
0837146980
0837146803
0837146637
0837146286
08371461
0837146033
0837146026
0837146003
0837145999
0837145949
0837145412
0837145312
0837144903
0837144687
0837144670
0837144521
0837144454
0837144069
0837143966
0837142755
0837142324
0837142015
0837141940
0837141848
0837141486
0837141277
0837141247
0837140828
0837140797
0837140168
0837140157
0837139764
0837139616
0837139491
0837138915
0837138865
0837138628
0837138289
0837138272
0837137934
0837137871
0837137858
0837137782
0837137644
0837137559
0837137459
0837137239
0837137231
0837137106
0837136990
0837136909
0837136506
0837136481
0837135975
0837135883
0837135844
0837135778
0837135513
0837135122
0837134931
0837134866
0837134813
0837134769
0837134726
0837134716
0837134672
0837134597
0837134174
0837134120
0837133727
0837133590
0837133562
0837133342
0837133239
0837133231
0837133225
0837133198
0837132975
0837132837
0837132815ka
0837132704
0837132542
0837132342
0837132130
0837132076
0837132003
0837131843
0837130814
0837130357
0837130029
0837129834
0837129798
0837129700
0837129644
0837129548
0837129361
0837128923
0837128690
0837127888
08371278
0837126890
0837126769
0837126648
0837126406
0837126120
0837125859
0837125793
0837125323
0837125030
0837124945
0837124899
0837124678
0837124634
0837124528
0837124458
0837124386
0837124115
0837124003
0837123939
0837123909
0837123851
0837123730
0837123515
0837123470
0837123284
0837123238
0837122715
0837122633
0837122604
0837122555
0837122552
0837122512
0837122150
0837122061
08371216769
0837121240
0837120799
0837120469
0837120447
0837120264
0837120225
0837120213
0837120089
0837120083
0837119969
0837119829
0837119781
0837119623
0837119109
0837118461
0837118441
0837118242
0837118170
0837118125
0837117942
0837117560
0837117431
0837117188
0837116896
0837116815
0837116364
0837115622
0837115614
0837115548
0837115547
0837115047
0837114882
0837114797
0837114528
0837114186
0837114114
0837114090
0837114074
0837113802
0837113518
0837113345
083711291z
0837112702
0837112486
0837112464
0837111789
0837111734
0837111681
0837111665
0837111642
0837111613
0837111550
0837111304
0837110690
0837110622
0837110619
0837110388
0837110077
083711
0837109448
0837109382
0837109367
0837109339
0837109212
0837108942
0837108812
0837108754
0837108647
0837108545
0837108447
0837107956
0837107934
0837107700
0837107572
0837107558
0837107384
0837107350
0837107332
0837107248
0837107150
0837107068
0837106951
0837106113
0837105651
0837105379
0837105368
0837105334
0837105060
0837105058
0837104955
0837104927
0837104771
0837104128
0837104117
0837103909
0837103707
0837103447
0837103181
0837103029
0837102994
0837102794
0837102622
0837102442
0837102253
0837102117
0837102007
08371017
0837101499
0837101385
0837101200
0837101135
0837101112
0837100679
0837100528
0837100337
0837099851
0837099411
0837099291
0837099272
0837099053
0837098747
0837098482
0837098084
0837097965
0837097810
08370977n
0837097639
0837097539
0837097184
0837097125
0837097106
0837097020
0837097009
0837096862
0837096491
0837096476
0837095971
0837095954
0837095839
0837095406
0837094947
0837094623
0837094493
0837094306
0837094201
0837094120
0837093934
0837093643
0837093196
0837093168
0837093133
0837093010330stm
0837092898
0837092793
08370923336
0837092253
0837092110
0837091985
0837091719
0837091640
0837091447
0837091396
0837090731
0837090545
0837090539
0837090400
0837090070
0837089562
0837088675
0837088548
0837088054
0837087815
0837087620
0837086889
0837086731
0837086409
0837086359
0837086267
0837086215
0837086152
0837085975
0837085831
0837085814
0837085811
0837085709
0837085699
0837085630
0837085433
0837085284
0837084940
0837084389
0837084234
0837084163
0837083717
08370837037335
0837083634
0837083376
0837083091chai
0837082136
0837082098
0837082002
0837081925
0837081812
0837081785
0837081505
0837081454
0837081360
0837081149
0837081075
0837080974
0837080395
0837080276
0837080059
0837080031
0837079920
08370798/24
0837079625
0837079624ืฟะ
0837079372
0837079008
08370787333
0837078657
0837078404
0837078274
0837078220
0837077965
0837077525
0837077254
0837076804
0837076691
0837076468
0837076211
0837076142
0837075946
0837075835
0837075528
0837075523
0837075266
0837075260
0837075240
0837075215
0837075188
0837074972
0837074946
0837074905
0837074539
0837074375
0837074331
0837073665
0837073413
0837073262
0837073064
0837072926
0837072723
0837072438
0837072253
0837071954
0837071724
0837071676
0837071367
0837071216
0837070881
0837070805
0837070787
0837070782
0837070741
0837070601
0837070413
0837070270
0837070048
0837069889
0837069854
0837069390
0837068740
0837068465
0837068453
0837068293
0837068256
0837068037
0837068008
0837067974
0837067776
0837067694
0837067028
0837066321
08370663019564
0837066110
0837065528
0837064812
0837064602
0837064252
0837064005
0837063357
0837063284
0837063084
0837063079
0837063064
0837062866
0837062723
0837062547
0837062349
0837061407
0837061309
0837061102
0837061086
0837060915
0837060899
0837060502
0837060385
0837060333
0837060287
0837060213
0837060158
0837060083
0837059955
0837059826
0837059714
0837059672
0837059395
0837059199
0837058998
08370586332
0837058534
0837058452
0837057918
0837057915
0837057859
0837057818
0837057607
0837056907
0837056861
0837056494
0837056436
0837056415
0837056081
0837055988
0837055857
0837055690
0837055542
0837055058
0837054941
0837054830
0837054798
0837054722
0837054704
0837054644
0837054434
0837054118
0837053913
0837053817
0837053415
0837053343
0837053105
0837052958
0837052647
0837052561
0837052540
0837052469
0837052409
0837052164
0837052106
0837052015
0837051866
0837051817
0837051710
0837051687
0837051390
0837051362
0837051283
0837051076
0837051067
0837051059
0837050977
0837050946
0837050914
0837050384
0837050323
0837050282
0837050190
0837049748
0837049581
0837049379
0837049282
0837049263
0837049235
0837049190
0837049092
0837049022
0837047886
0837047815
0837047739
0837047673
0837047500
0837046976
0837046872
0837046760
0837046749
0837046721
0837046620
0837046598
0837046220
0837045959
0837045373
0837045281
0837045101
0837044856
0837044756
0837044698
0837044677
08370445093
0837044031
0837043815
0837043314
0837043307
0837042575
0837042470
0837042396
0837042172
0837042108
0837042084
0837042068
0837042004
0837041970
0837041558
0837041470
0837041025
0837040978
0837040859
0837040572
0837040258
0837040203
0837040114
0837039753
0837039630
0837039165
0837038816
0837038778
0837038160
0837038118
0837037612
0837037503
0837037417
0837037315
0837036923
0837036659
0837036480
0837036321
0837035898
0837035767
0837035339
0837035154
0837034754
0837034486
0837034303
0837034267
0837034238
0837034058
0837034045
0837033814
0837032961
0837032770
0837032337
0837032334
0837032235
0837032120
0837031946
0837031008
0837030953
0837030678
0837030491
083703
0837029924
0837029625
0837029388
0837029232
0837028842
0837028821
0837028746
0837028641
0837028196
0837028168
0837028035
0837027889
0837027886
0837027754
0837027649
0837027636
0837027475
0837027416
0837027386
0837027050
0837027023
0837026813
0837026223
0837026077
0837025880
0837025314
0837025302
0837025114
0837024774
0837024771
0837024546+
0837024426
0837023873
0837023670
0837023627
0837023385
0837023157
0837023082
0837022973
0837022925
0837022645
083702233
0837022128
0837022073
0837022064
0837021943
0837021903
0837021803
0837021603
0837021502
0837021166
0837021110
0837021038
0837020936
0837020908
0837020818
0837020658
0837020598
0837020507
0837020456
0837020382
0837020215
0837020128
0837020069
0837019203
0837019074
0837018996
0837018842
0837018762
0837018530
0837018404
0837018384
0837018245
0837017972
0837017739
0837017677
0837017640
0837017020
0837016681
0837016440
0837016419
0837016210
0837016021
0837014870
0837014812
0837014663
08370142634638
0837014185
0837013641
0837013372
0837013285
0837013119
0837013057
0837012598
0837012580
0837012432
0837012400
0837012143
0837011961
0837011814
0837011553
0837011441
0837011354
0837011005
0837010724
0837010449
0837010264
0837010261
0837010130
0837010
083701
0837009934
0837009928
0837009918
083700989
0837009877
0837009741
0837009596
0837009135
0837008965
0837008869
0837008835
0837008774
0837008714
0837008243
0837008221
0837007768
0837007539
0837007317
0837007314
0837007290
0837007289
0837007252
0837007136
0837007029
0837006989
0837006974
0837006956
0837006939
0837006790
0837006044
0837005978
0837005728
0837005133
0837005078
0837004929
0837004798
0837004415
0837004083
0837004038
0837003503
0837003442
08370032
0837003093
0837002875
0837002832
0837002384
0837002129
0837002076
0837001945
0837001937
08370017211
0837001718
0837001482
0837001459
0837001404
0837001262
0837001246
0837000917
0837000897
0837000880
0837000715
0837000683
0837000588
0837000385
0837000307
0837000296
0836tl
0836agca
0836RAK33M
08369qtek
0836999906
0836999894
0836999831
0836999545
0836998867
0836998811
0836998591
0836998138
0836997825
0836997730
0836997606
083699711
0836997101
0836996906
083699674669
0836996625
0836996591
0836996180
0836995993
0836995780
0836995617
0836995477
0836995447
0836995335
0836995323
0836995302
0836995142
0836994969
0836994658
0836994642
0836994177
0836993936
0836993863
0836993675
0836993583
0836993522
0836993479
0836992334
0836992023
0836991801
08369916906
0836990818
0836990655
0836990501
083699
0836989641
0836989589
0836989085
0836988986
0836988885
0836988877
0836988070
0836987857
0836987758
0836987352
0836986865
0836985703
0836985535
0836985458
0836985289
0836985144
0836984859
0836984757
0836983846
0836983386
08369833654
0836983158
0836983156
0836983101
0836982944
0836982838
0836981895
0836981712
0836981486
0836981232bm
0836980895
0836980307
0836980145
0836979859
0836979797
0836979756
0836979716
0836979045
0836978865
0836978216
0836977643
0836977524
0836977161
0836977122
0836977107
0836976933
0836976423aom
0836976208
0836976017
0836975890
0836975651
0836975610
0836974641
0836974622
0836974405
0836974375
0836974104
0836973977
0836973329
0836972963
0836972712
0836972385
0836972118
0836972109
08369708957
0836970638
0836970336
0836970307
0836970175
0836969903
0836969717
0836969549
0836969426
0836969257
0836969180
0836968492
0836967785
0836967374
0836966896
0836966794
0836966689
0836966681
0836966540
0836966139
0836966112
0836966048
0836965845
0836965464
0836965460
08369650
0836964882
0836964766
0836964681
0836963748
0836963614
0836963329
0836962406
0836962284
0836962017
0836961747
0836961515
0836960658
0836960550
083696
0836959507
0836959194
0836958552
0836958485
0836958301
0836958252
0836957506
0836957278
0836956993
0836956838
0836956491
0836956490
0836956456
0836956409
0836956399
0836956353
0836956295
0836956182
0836955974
0836955960
0836955906
0836955576
0836955507
0836955138
0836954834
0836954743
0836954693
0836954588
0836954116
0836953607
0836953412
0836953053
0836952430
0836951698
0836951453
0836951158
0836950836
0836950274
0836950242
0836950084
0836949986
0836949378
0836948544
0836948293
0836947691
0836947403
0836947038
0836946941
0836946904za
0836946782
0836946577
0836946516
0836945426
0836945318
0836945261
0836945240
0836945219
0836944940
0836944887
0836944675
0836944295
0836944274
0836944219
0836944002
0836943983
0836943966
0836943695
0836943501
0836942316
0836942101
0836942100
0836941976
0836941868
0836941303
0836941131
0836940521
0836940265
0836939050
0836939015
0836939006
0836938043
0836937889
0836937741
0836937371
0836936363
0836936283
0836935881
0836935810
0836935670
0836935268
0836935026
0836934183za
0836934064
0836933863
0836933427
0836933235
0836933019
0836932814
0836932480
0836932293
0836931671
0836931496
0836931210
0836930904
0836930863
0836930551
0836930489
0836930212
0836930205
0836930159
0836929984
0836929957
0836929638
0836929611
0836929574
0836929330
0836928719
0836928600
0836928288
0836927912
0836927725
0836927658
0836927628
0836927563
0836927507
0836927264
0836926833
0836926704
0836926460
0836926392
0836925849
0836925470
0836925059
0836924982
0836924367
0836924196
0836924046
0836923469
0836923440
0836923403
0836923021
0836922684
0836922588
0836922458
0836922314
0836922302
0836922140
0836921839
0836921735
0836920818
0836920249
0836920049
083692
0836919879
0836919721
0836919708
0836919461
0836919439
0836919269
0836919133
0836919105
0836918919
0836918758
0836918385
0836918265
0836918197
0836917695
0836917015
0836916474
0836916142
0836915519
0836915104
0836915066
0836914825
0836914668
0836914234
0836914110
0836913921
0836913638
0836913614
0836913566
0836913431
0836913087
0836913050
0836912746
0836911932
0836911266
0836911180
0836911112
0836911040
0836910841
0836910810
0836910757
0836910722
0836910467
0836909921
0836909177
0836909145
0836909106
0836908563
0836908468
0836908437
0836908357
0836908296
0836908255
0836907885
0836907599
0836907037
0836906334
0836906052
0836905981
0836905479
0836905440
0836905437
0836904880
0836904752
0836904483
0836904183
0836903927
0836903226
0836903204
0836902902
0836902129
0836902128
0836902021
0836901937
0836901822
0836901553
0836901129
0836900708
0836900588
0836900570
0836900392
0836900370
0836900154
08369
0836899746
0836899680
0836899420
0836899129
0836899118
0836897915
0836897826
0836897667
0836897507
0836897247
0836896717
0836895981
08368956776401
0836895547
0836895469
0836895260
0836895163
0836894167
0836894080
0836893728
0836893450
0836892850
0836892791
0836892767
0836892645
0836892569
0836892428
0836892065
0836891690
0836891528
0836890733
0836890339
0836890261
083689
0836885522
0836885148
0836884961
0836884880
0836880833
08368788
0836878300785721
0836877029
0836876921
0836876804
0836876800
0836876379
0836876248
0836876149
0836876055
0836875816
0836874754
0836874536
0836874082
0836873758
0836873531
0836873339
0836873192
0836872380
0836872325
0836872137
0836871862
0836871687
0836871479
0836871179
0836870693
0836870573
0836870069
0836869350
0836869217
0836869089
0836868606
0836868489
0836868074
0836867574
0836867416
0836866861
0836866685
0836866667
0836866254
0836864254
0836863948
0836863827
0836863230
0836863012
0836862411
0836862368
0836862015
0836861983
0836861648
0836861243
0836860508
083686
0836859532
0836859363
0836859001
0836857576
0836856914
0836856844NOOKY
0836855981
0836855914
0836855600
0836855333
0836855006
0836854800
0836852792
0836851337
0836850919
0836850209
0836850207
0836850100
0836849505
0836849035
0836848316
0836848286
0836847078
0836847020
0836842684
0836842067
0836840845
0836840504
0836839941
0836839928
0836839450
0836838144
0836837976
0836837970
0836837226
0836835847
0836834738narut
0836834123
0836833623
0836832064
0836831995
0836830826
0836829415
0836828575
0836827900
0836827551
0836827382
0836826797
0836826679
0836826379
0836826347
0836825852
0836825781
0836825601
0836824450
0836822802
0836822110
0836821847
0836821391
0836821103
0836820245
0836819554
0836818951
0836818652
0836815984
0836815900
0836814096
0836813839
0836813602
0836813513
0836813361
0836813001
0836812763
08368127
0836812281
0836811750
0836811465
0836811441
0836811312
0836811301
0836811262
0836810443
0836810071
0836809939
0836809836
0836809645
0836808312
0836807740
0836807680za
0836806966
0836806705
0836805726
0836805560
0836805548
0836803907
0836803564
0836802919
0836802755
0836802464
0836802449
0836802435
0836802236
0836802190
0836801926
0836801775
0836801460
0836801223
0836800920
0836800845
0836800611
0836800586
0836800515
0836800409
0836800389
0836800367
0836798808
0836797984
0836797905
0836794668
0836794058
0836793424
0836793401
0836793310
0836793201
0836791973
0836791385
0836791280
0836790595
0836790475
0836790307
0836790157
0836789970
0836789767
0836789717
0836789543
0836788685
0836788635
0836788061
0836788030
0836787679
0836786773
0836786738
0836786254
0836786231