49752
0833049743
0833049180
0833049100
0833049052
0833048964
0833048661
0833048452
0833047754
0833047695
0833047560
0833047518
0833047271
0833046997
0833046869
0833046122
0833043919
0833043781
0833043727
0833043670
0833043376
0833043189
0833043048
08330428922531
0833042731
0833042124
0833042058
0833041421
0833041039
0833040808
0833040687
0833040467
0833040234
0833040104
0833040057
0833039718
0833039561
0833039472
0833038805
0833038801
0833038708
0833038672
0833038563
0833038518
0833037895
0833037682
0833037257
0833036979
0833036933
0833036765
0833036713
0833036185
0833035699
0833035532
0833035054
0833034368
0833033983
0833033636
0833033493
0833032761
0833031799
0833030891
0833030795
0833030630
0833030582
0833030427
0833030378
0833030013
083303
0833029687
0833029309
0833028437
0833028432
0833027853
0833027037
0833026987
0833026903
0833026819
0833026101
0833024897
0833023579
0833023363
0833022976
0833022968
0833022839
0833022687
0833022672
0833022152
0833021620
0833021381
0833020550
0833020276
0833020222
0833019954
0833019334
0833019266
0833018294
0833018225
0833018122
0833017740
0833017083
0833016995
0833016985
0833016913
0833016642
0833016325
0833016052
0833015708
0833015662
0833015298
0833014845
08330145040856517528
0833014248
0833013445
0833013432eb
0833013363
0833012373
0833011861
0833011766
0833011639
0833011637
0833011071
0833010955
0833010607
0833010473
0833010390
0833010354
0833010094
0833009388
0833009312
0833009275
0833009059
0833008658
0833008629
0833008588
0833008394
0833008056
0833008044
0833008
0833007759
0833007723
0833007709
0833007676
0833007457
0833007150
0833007
0833006935
0833006637
0833006535
0833006498
0833005987
0833005641
0833005416
0833005367
0833005094
0833005060
0833005053
0833004772
0833004627
0833004497
0833004496
0833004477
0833004423
0833004401
0833004250
0833004240
0833004192
0833004065
0833003954
0833003594
0833003479
0833002911
0833002878
0833002403
0833002
0833001633
0833001543
0833001522
0833001434
0833001229
0833001030
08330
0832love
0832dsw
0832da
0832Rugby
0832999594
0832999519
0832999461
083299930
0832998657
0832998627
0832998565
0832998525
0832998288
0832998271
08329978467879
0832997394
0832997072
0832996987
0832996763
0832996745
0832996610
0832996465
0832996286
0832996188
0832995776
0832995558
0832994992
0832994790
0832994470
0832994228
0832993955
0832993831
0832993557
0832993184
0832992904
08329927
0832992473
0832991649
0832991588
0832991567
0832991341
0832991284
0832991105
0832990979
0832990470
0832990359
0832990278
0832990253
083299
0832989528
0832989146
0832989087
0832988877
0832988763
0832988411
0832987421
0832986kim
0832985618
0832985611
0832985240
0832984156
0832984035
0832983768
0832983379
0832983335
0832982506
0832980688
0832980679
0832980477
0832980332
0832979905
0832979664
083297958
0832979272
0832979195
0832978734
0832978512
0832978425
0832977859
0832977783
0832977745
0832977721
0832977577
0832977130
0832977088
0832976433
0832975874
0832975834
0832975486
0832975467
0832975032
0832974964
0832974836
0832974806
083297460116606
0832974179
0832973675
0832973181
0832972955
0832972421
0832972320
0832972190
0832971649
0832970310
0832970300
0832970022
0832969811
0832969081
0832968616
0832968275
0832968161
0832967647
0832967341
0832967028
0832966997
0832966626
0832966597
0832966385
0832966328
0832966173
0832966045
0832965636
0832965121
0832965093
0832965005
0832964244
0832963605
0832963372
0832963281
0832962963
0832962447
0832962173
0832962008
0832960632
0832960295
0832959996
0832959734
0832959111
0832958977
0832958578
0832957740
0832957677
0832957100
0832957052
0832956800
0832956657
0832956088
0832956028
0832955962
0832955667
0832954437
0832954305
0832954013
0832953849
0832953581
0832953414
0832952998
0832952917
0832952474
0832951815
0832951811
0832951719
0832951687
0832951452
0832951400
0832951206
0832950785
0832950648
0832950343
0832950118
0832949612
0832949115
0832947889
0832947471
0832947017
0832946824
0832946733
0832946593s
0832946593
0832946422
0832946328
0832946100
0832945752
0832945658
0832945273
0832945197
0832944829
0832944617
0832944205
0832943774
0832943695
0832943679
0832942021
0832941694
0832940151
083294
0832939952
0832939765
0832938906
08329385444
0832938529
0832937686
0832937682
0832936731
0832936638
0832936400
0832936380
0832936373
0832936167
0832935712
0832935662
0832935253
0832935050
0832934904
0832934498
0832933877
0832933630
0832933352
0832932909
0832932271
0832932131
0832931903
0832931830
0832931668
0832931582
0832930839
0832930551
0832930383
0832930349
0832929713
0832929577
0832929464
0832929333
0832929204
0832929112
0832928570
0832928169
0832928110
0832927635
0832927553
0832927177
0832926696
0832926149
0832925967
0832925796
0832925224
0832924877
0832924676
0832924634
0832924425
0832924408
0832923878
0832923100
0832922521
0832922474
0832922388
0832922102
0832921883
0832921653
0832920934
0832920805
0832920607
0832920457
0832920037
0832919987
0832919921
0832919490
0832919197
0832918981
0832918903
0832917803
0832917552
0832917506
0832917041
0832916573
0832916500
0832915960
0832915789
0832915627
0832915431
0832915397
0832915357
0832915243
0832915176
0832915130
0832914377
0832914105
0832914015
0832913935
0832913450
0832913166
0832912952
0832912129
0832912078
0832912048
0832911938
0832911869
0832911841
0832911694
0832911622
0832911562
0832911280
0832910898
0832910756
0832910637
0832910501
0832910224
0832910174
0832910105
0832909578
0832909536
0832909365
0832909349
0832909307
0832908821
0832908416
0832907485
0832907484
0832907126
0832906065
0832905887
0832905886
0832905812
0832905697
0832905665
0832905293
0832905118
0832905094
0832904639
0832904606
0832904432
0832904152
0832904023
0832903964
0832903603
0832903568
0832903494
0832903402
0832903223
0832903167
0832903039
0832902817
0832902490
0832902337
0832902185
0832902088
0832902068
0832901994
0832901691
0832901582
0832901557
0832901128
0832900955
0832900791
0832900781
0832900488
0832900468
0832900379
0832900071
083290
08329
0832899923
0832898603
0832898444
0832898280
0832898174
0832898154
0832897953
0832897764
0832897344
0832897133
0832897011
0832897
0832896888
0832896739
0832895920
0832895877
0832895677
0832895167
0832894943
0832894824
0832894789
0832894437
0832894380
0832894233
0832894061
0832893508
0832893251
0832892936
0832892858
0832892589
0832892357
0832891616
0832891380
0832891376
0832891124
0832891095
0832890873
0832890664
0832890415
0832889797
0832889564
0832889493
0832889383
0832889370
0832889335
0832889281
0832889274
0832888616
0832888188
0832887703
0832887669
0832887488
0832886830
0832886407
0832886390
0832886365
0832886225
0832886027
0832885992
0832885983
0832885850
0832885741
0832885466
0832885242
0832884933
0832884565
083288429611
0832884109
0832883924
0832883897
0832883846
0832883808
0832883798
0832883740
0832883378
0832883376
0832883251
0832883140
0832883119
0832883048
0832882647
0832882574
0832882531
0832882433
0832882074
0832881858
0832881709
0832881312
0832881173
0832880900
0832880720
0832880573
0832879436
0832879357
0832879185
0832879147
0832879010
0832878896
0832878681
0832878614
0832878493
0832878217
0832878057
0832877707
0832877632
0832876967
0832876875
0832876765
0832876680
0832876608
0832876472
0832876202607
0832875828
0832875817
083287549
0832875067
0832874894
0832874640
0832873988
0832873868
08328737173
0832873604
0832873587
0832873584
0832873547
0832873348
0832873299
0832872664
08328726406
0832872424
0832872320
0832871828
0832871509
0832871323
0832871125
0832870834
0832870423
0832870258
0832870120
0832869812
0832869372may
0832868654
0832868177
0832868127
0832868051
0832867828
0832867818
0832867369
0832867194
0832866995
0832866532
0832866382
0832866166
0832865056
0832864881
0832864736
0832864722
0832864626
0832864220
0832864162
0832864070
0832863964
0832863447
0832863372
0832862942
0832862485
0832862363
0832862242
0832862119
0832861887
0832861123
0832860648
0832860556
0832860452
0832860368
0832859225
0832858948
0832858568
0832858191
0832858183
0832858170
0832858037
0832857898
0832857839
0832857591
0832857578
0832857553
0832857500
0832857470
0832857383
0832856756
0832856478
0832856333
0832855997
0832855874
0832855749
0832855598
0832855588
0832855412
0832855290
0832855234
0832855111
0832855028
0832854899
0832854889
0832854770
0832854327
0832854213
0832852584
0832852456
0832852423
0832852348
0832852049
0832852045
0832851820
0832851092
0832850894
0832850836
08328505810834192129
083285
0832849758
0832848244
0832848015
0832847764
0832847631
0832847620
0832847327
0832847247
0832847030
0832846235
0832846047
0832845972
0832845914
0832845817
0832845791
0832845532
0832844761
0832844003
0832843493
0832843450
0832843282
0832842438
0832841996
0832841970
0832841815
0832841437
0832840782
0832840489
0832840457
0832840380
083283jess
0832839879
0832839871
0832839850
0832839700
0832839333
083283926145
0832839244
0832838817
0832838221
0832838115
0832838100
0832837620
0832837574
0832836860
0832836498da
0832836353
0832836251
0832835272
0832835262
0832835063
0832834695
0832834550
0832834464
0832834456
0832834219
0832834058
0832834029
0832834
0832833551
0832833317
0832833166
0832833146
0832833083
0832832768
0832832337
0832832287
0832832089
0832831665
0832831059
0832830796
0832830374am
0832830356
0832830327
0832829715
0832828827
0832828680
0832828328
0832828257
0832828115
0832828043
0832828001
0832827790
0832827594
0832827244
0832826760
0832826524
0832826338
0832826330
0832825652
0832825625
0832825590
0832825299
0832825137
0832825125
0832825
0832824975
0832824668
0832824639
0832824636
0832824558
0832824488
0832824399
0832824226
0832824166
0832823734
0832823264
0832823203
0832822547
0832822369
0832822258
0832822234
0832822146
0832822072
0832821833
0832821828
0832821740
0832821571
0832821435
0832821419
0832821363
0832821217
0832820140
0832820054
083282
0832819920
0832819871
0832819849
0832819576
0832819533
0832819193
0832819141
0832819082
0832819
0832818589
0832818406
0832818334
0832818027
0832817976
0832817291
0832817113
0832817030
0832816952
0832816526
0832815896
0832815839
0832815566naja
0832815167
0832815038
0832814768
0832814727
0832814468
0832814345
0832814343
0832814305
0832814167
0832813831
0832813821
0832813619
0832813596
0832813372
0832813105
0832812785
0832812553
0832811985
0832811929
0832811810
0832811598
0832811469
0832811373
0832811362
0832811235
0832810903
0832810662
0832810612
0832810520
0832810191
0832810106
0832809973
0832809138
0832808993
0832808539
0832808418
0832808296
0832808046
0832807928
0832807752
0832807643
0832807378
0832807220
0832807160
0832807084
0832806339
0832806191
0832805983
0832805972
0832805948
0832805533
0832805488
0832805278
0832805113
0832805089
0832804868
0832804389
0832804250
0832803847
0832803817
083280366
0832803597
0832803519
0832803425
0832803406
0832803005
0832803001
0832802917
0832802603
0832802552
0832802293
0832802282
0832802191
0832802103
0832801870
0832801821
0832800419
0832800342
0832800281
0832800277
0832800267
0832800190
0832800027
0832800022
0832798475
0832798314
0832798267
0832797455
0832796743
0832796657
0832796495
0832795979
0832795796
0832795663
0832795560
0832795299
0832794292love
0832794113
0832793662
0832793415
0832793134
0832793044
0832793004
0832792994
0832792804
0832792411
0832792260
0832792006
0832791795
0832791425
0832791306
0832791301**
0832791220
0832790964
0832789771
0832789686
0832789350
0832789274
0832788661
0832788065
0832787172
0832786873
0832786638
0832786511
0832786327
0832786260
0832785800
0832785271
0832785219
0832785
0832784726
0832784251
0832784147
0832783824
0832783725
0832783536
0832782902
0832782703
0832781412
0832781221
0832781192
0832781082
0832780875
0832780774
0832780276
0832779936
0832779320
0832779195
0832779095
0832778745
0832778733
0832776769
0832776658
0832776501
0832776064
0832775887
0832775802
0832775760
0832775103
0832774928
0832774202
0832774164
0832773907
0832773662
0832773657
0832773435
0832773074
0832772946
0832772896
0832772821
0832772653
0832772481
0832772445
0832772071
0832770608
0832770431
0832770264
0832770124
083277
0832769889
0832769583
0832769425
0832769246
0832769041
0832768033
0832767782
0832767701
0832767648
0832767433
0832766736
0832765911
0832765891
0832765596
0832765432
0832764981
0832764713
0832764138
0832764063
0832763599
0832763590
0832763456
0832763429
0832763064
0832762976
0832762912
0832762662
0832762600
0832761633
0832761235
0832761132
0832760417
0832760249
0832760221
0832760194
0832760034
0832759848
0832759812
0832759692
0832759408
0832758865
0832757357
0832757295
0832757068
0832756915
0832756101
0832756048
0832755736
0832755663
0832755654
0832754417
0832754168
0832754016
0832753705
0832752699
0832752529
0832752035
0832751981
0832750945
0832750868
0832750645
0832750306
0832750204
083275
0832749123
0832749120
0832748966
0832748309
0832747948
0832746742
0832746524
08327463800
0832746380
0832746316
0832746251
0832745955
0832745566
0832745289
0832745154
0832744747
0832744548
0832744502
0832744277
0832744211
0832741871
0832741531
0832741107
0832740903
0832740116
0832740098
0832739686
0832739396
0832739065
0832738961
0832738775
0832738466
0832738392
0832738015
0832737902
0832737842
0832737285
0832737228
0832736922
0832736450
0832735069
0832734911
0832734703
08327341112
0832734012
0832732966
0832731821
0832730471
0832730042
0832728538
0832728376
0832728295
0832727958
0832727859
0832727803
0832727719
0832727678
0832727471
083272746
0832727394
0832727202
0832727064
0832726745
0832726688
0832726512
0832726310
0832726059
0832725451
0832724991
0832724911
0832724760
0832724016
0832723961
0832723702****
0832723321
0832723274
0832723195
0832723078
0832722661
0832722210
0832721922
0832721895
0832721706
0832721584
0832721312
0832720400
0832719886
0832719469
0832719368
0832719339
0832719160
0832718930
0832718563
0832717308
0832716735
0832716182
0832715844
0832715309
0832715216
0832715143
0832714741
0832714331
0832714292
0832714049
0832713346
0832712856
0832711889
0832711541
0832711258
0832711217
0832710684
0832710514
0832710349
0832710027
083271
0832709846
0832709639
0832709420
0832709270
0832708917
0832708211
0832708192
0832708159
0832707946
0832707852
0832707306
0832706869
0832706652
0832705897por
0832705756
0832705661
0832704787
0832704730
0832704628
0832704402
0832703824
0832703109
0832702201
0832702134
0832701664
0832701375
0832700560
0832700435
0832700374
0832700223
0832700198
0832699660
0832699202
0832699130
0832699043
0832698896
0832698874
0832698873
08326987940
0832698732
0832697889
0832697878
0832696631
0832696510
0832696454
0832696023
0832694991
0832694842
0832694632
0832694517
0832693886
0832693517
0832693170
0832692579
0832692336
0832692088
0832692046
0832691786
0832691495
0832691401
0832691234
0832691172
0832690534
0832690048
083269
08326898
0832689601
0832689492
0832688963
0832688858
0832688611
0832688496
0832688254
0832687311
0832687112
0832687055
0832686955
0832686330
0832685554
0832685309
0832684408
0832684060
0832683739
0832682994
0832681142
0832680811
0832680552
0832680354
0832680081
0832679773
0832679103
0832678875
0832678546
0832678540
0832678387
0832677449
083267700202
0832676563
0832676544
0832675944
0832675918
0832675712
0832675340
0832674945
0832674921
0832674624
0832674503
0832674453
0832674097
0832674077
0832674035
0832673745
0832673027
0832672813
0832672473
0832672030
0832671513
0832670939
0832670723
0832670353
0832670285
0832669925
0832669874
0832669710
0832669658
0832669648
0832669591
0832668814
0832668434
0832668113
0832667998
0832667855
0832667570
0832667280
0832667164
0832666813
0832666547
0832666420
0832666373
0832666358
0832666286
0832666270
0832666264
0832666206
0832665995
0832665691
0832665610
0832665487
0832665247
0832664938
0832664841
0832664800
0832664772
0832664767
0832664639
0832664541
0832664528
0832664470
0832664468
0832663847
0832663458
0832663124
0832663032
0832663031
0832663028
0832662919
0832662799
0832662762
0832662724
0832662388
0832662384
0832662257
0832661716
0832661420
0832660674
0832660611
0832660081
0832660034
0832652907
083265
0832649839
0832649670
0832649608
0832649244
0832649173
0832648945
0832648888
0832648853
0832648014
0832647811
0832647804
0832646977
0832646717
0832646693
0832646614
0832646571
0832645405
0832645365
0832645055
0832644890
0832644858
0832644651
0832644197
0832644046
0832644002
0832643882
0832643800
0832643436
0832643137
0832642759
0832641260
0832641229
0832641085
0832640930
083264
0832639970
0832639496
0832638774
0832638756
0832638580
0832638452
0832638050
0832637805
0832637060
0832636697
0832636517
0832636482
0832636209
0832636099
0832635608
0832635591
0832635576
0832635453
0832634511
0832634092
0832633888
0832633860336
0832633633
0832632656
0832632584
0832632172
0832632019
0832631514
0832631489
0832631018
0832630967
0832630337
0832630298
0832630279เรา
0832629818
0832629756
0832629233
0832629002
0832628855
0832628246
0832628133
0832627760
0832627739
0832627712
0832627573
0832626638
0832626539
0832626358
0832626207
0832625950
0832625246
0832624941
0832624908
0832624725
0832623882
083262383
0832623633
0832623126
0832622676
0832622639
08326222619
0832622120
0832621494
0832621452
0832621398
0832621357
0832621134
0832621024
0832620484
0832620408
0832619433
0832618824
0832618065
0832617147
0832616933
0832616585
0832616551
0832616542
0832616438
0832616296
0832616
0832615941
0832615802
0832615013
0832614613
0832614353
0832614285
0832614260
0832613994
08326137393
0832613123
0832612908
0832612765
0832612407
0832611932
0832611083
0832610826
0832610634
0832610085
0832608903
0832608840
0832608387
0832608283
083260797
0832607851
0832607533
0832606785
0832606651
0832606601
0832606469
0832606174
0832606081
0832605951
0832605832
0832605538
0832605424
0832605423
0832605249
0832605108
0832604570
0832604531
0832604210
0832603125
0832603
0832602777
0832602533
0832602487
0832602242
0832602006
0832601717
0832601485
0832601480
0832601392
0832600844
0832600546
083260
0832599899
0832599877
0832599750
0832599517
0832599330
0832598741
0832596838
0832596365
0832596286
0832595623
0832595336
0832594821
0832594720
0832594501
0832593732
083259364406
0832592836
0832592823
0832592674
0832592391
0832592340
0832592176
08325920431217
0832591334
0832590960
0832590308
083259
0832589391
0832589321
0832589266
0832589029
0832588794
0832588745
0832588702
0832588112
0832588046
0832587585
0832587484
0832587389
0832587366
0832586944
0832586832
0832586769
0832586658
0832586577
0832586087
0832585697
0832585584
0832585085
0832584924
0832584789
0832584178
0832584046
0832584
0832583650
0832583494
0832583335
0832582819
0832582814
0832582672
0832582596
0832581933
0832581659
0832581208
0832581071
0832580691
0832580689
0832580498
0832580482
0832579936
0832579080
083257903.6
0832578532
0832577592
0832577347
0832576121
0832575693767
0832575676
0832575141
0832574811
0832574569
0832574379
0832574191
0832573663
0832573503
0832573409
0832572821
0832572710
0832572557
0832572422
0832571772
0832571380
0832571004
0832570979
0832570908
0832570845
0832569980
0832569145
0832568398
0832568373
0832568121
0832567957
0832567949
0832567662
0832567620
0832567212
0832567208
0832566142
0832565964
0832565794er
0832565413
0832565297
0832565008
0832564684
0832564599
0832564521
0832564283
0832564248
0832564234
0832563690
0832563651
0832563356
0832563301
0832562605
0832562488
0832562464
0832561940
0832561913
0832561788
0832561397
08325608ctu
0832560663
0832560309
0832560036
083255gorda
0832559918
0832559883
0832559780
0832559001
0832558867
0832558602
0832557906
0832557783
0832557613
0832557276
0832557160
0832557145
0832557052
08325568911
0832556876
0832556838
0832556540
0832556188
0832556054
0832555790
0832555691
0832555545
0832555475
0832555422
0832555307
0832555203
0832555107
0832554772
0832554720
0832554693
0832554576
0832554236
0832554050
0832553937
0832553895
0832553657
0832553582
0832553433
0832553391
0832553278
0832552965
0832552766
0832552596
0832552100
0832551950
0832551788
0832551756
0832551680
0832551670
0832551536
0832551395
0832551217
0832551129
0832551050
0832550871
0832550869
0832550797
08325507581001
0832550758
0832550520
0832550424
0832550334
083255
0832549907
0832549689
0832549467
0832549212
0832548661
0832548331
0832548081
0832548063
0832547959
0832547846bo
0832547688
0832547471
0832547112
0832546775
0832545207love
0832545122
0832545118
0832545022
0832544975
0832543209
0832543009
0832542980
0832542824
0832542689
0832542446
0832542402
0832542367
0832541691
0832541330
0832540686
0832540472
0832540419
0832540128
0832539882
0832539853
0832539852
0832538998
0832538793
0832538661
0832538300
0832538162
0832537975
083253739
0832537235
08325369395
0832536851
0832536717
0832536200
0832535411
0832535231
0832535189
0832534978
0832533826
0832533717
0832533457
0832533094
083253304
0832532890
0832532781
0832532570
0832532536
0832532173
0832532104
0832531942za
0832531887
0832531678
08325312531
0832531168
0832531
0832530834
0832530698
083253057
0832529948
0832529860
0832529693
0832529248
0832527556
0832527548
0832527445
0832527155
0832527
0832526688
0832526519
0832526503
0832526402
0832526390
0832526317
0832526215
0832526188
0832525770
0832525535
0832525361
0832525025
0832524857
0832524851
08325245248
0832524331
0832524229
0832524074
0832523938
0832523374
0832523
0832522805
0832522680
0832522524
0832522496
0832522171
0832522024
0832521916
0832521583
0832521044
0832520783
0832520720
0832520663
0832520597
0832520330
0832520265
0832520204
0832520112
0832520028
0832520023
0832519834
0832519485
0832519359
0832519280
0832519177
0832518977
0832518641
0832518601
0832518100
0832517866
08325177437
0832517437
0832517369
0832517063
0832517027
0832516475
0832516110
0832516100
0832514994
0832514941
0832514818
0832514637
0832514628
0832514527
0832514162
0832513974
0832513565
0832513144
0832512227
0832512215
0832512120
0832512090
0832512004
0832511921
0832511668
0832510967
0832510654
083251
0832509382
0832509297
0832509180
0832509176
0832508832
0832508529
0832508360
0832508151
0832508045
0832507870
083250772006
0832507207
0832507177
0832507088
0832506960
0832506860
0832506668
0832505883
0832505769
0832505715
0832505381
0832505237
0832504696
0832504611
0832504587
0832504492
0832504311
0832504058
0832503997
0832502748
0832502499
0832502236
0832501792
0832501561
0832501185
0832500628
0832500520
0832500426
0832500233
0832500164
083250
08325
0832499569
0832499136
0832499067
0832499021
0832498132
0832497932
0832497349
0832497197///
0832496570
0832496393
0832495915
0832495800
0832494822
0832493978
0832493550
0832493070
0832492245
0832492174
0832492142
0832491880
0832491746
0832491509
0832491460
0832491305
0832490966
0832490792
0832490622
0832489655
0832489628
0832489353
0832488415
0832488312
0832488208
0832487821
0832486854
0832486694
0832486650
0832485869
0832485522
0832485254
0832485237
0832485004
0832484851
0832484798
0832484443
0832484350
0832484079
0832483920
0832483769
0832483696
0832482339
0832482245
0832480634
0832480627
0832480572
0832480498
0832480412
0832480411
0832479156
0832479027
0832478516
0832478409
0832478373
0832478079
0832477912
0832477722
0832477204
0832477048
0832476567
0832476211
0832475808
0832475688
0832475385
0832474680
0832474392
0832474286
0832473992
0832473782
0832473598
0832473512
0832473437
0832473206
0832472680
0832472434
0832472126
0832472117
0832472095
0832471820
0832471618
0832470895
0832470745
0832470493
0832470450
0832469663
0832469385
0832468618
0832468308
0832468042
0832467517
0832467262
0832467140
0832466587
0832466413
0832465948
0832465852
0832465440
0832465262
0832465152
0832464917
0832464864
0832464711
0832464685
0832464520
0832464374
0832463483
0832463338
0832463129
0832462528
0832461881
0832461838
0832461214
0832461084
0832461061
0832460896
0832460716
0832460685
0832460589
0832460529
0832460430
0832460403
0832460057
083246
0832459448
0832459351
0832459301
0832458795
0832458271
0832458039
0832457946
0832457873we
0832457556
0832457030
0832457026
0832456824
0832456505
083245642
0832456307
0832456141
0832456
0832455801
0832455055
0832454840
0832454548
0832454546
0832454296
0832454052
0832454022
0832453972
083245364
0832453465
0832453446
0832453094
0832453066
0832452928
0832452246
0832452155
0832452152
0832451862
0832451573
0832451363
0832450999
0832450718
0832450668
0832450246
0832450140
0832449560
0832449542
0832449248
0832449165
0832448458
0832448268
0832448009
0832447865
0832446464
0832445969
0832445806
0832445322
0832445185
0832445076
0832444670
0832444224
0832443942
08324438
0832443747
0832443583
0832443432
0832442994
0832442702
0832442615
0832442387
0832442304
0832442081
0832441942
0832441577
0832441518
0832441504
0832441323
0832441166
0832439941
0832439312
0832436418
0832436413
0832436097
0832435888
0832435208
0832435135
0832435130
0832434371
0832433789
0832431420
083243131
0832430333
0832430304tong
0832430152
0832430019
0832429617
0832429573
0832428671
0832428487
0832427976
0832427351
0832427334
0832426361
0832425999
0832425275
0832424356
0832424249/tan
0832423600
0832423561
0832423373
0832422434
0832421811
0832421090
0832421023
0832420817
0832420776
0832419257
0832419236
0832419228
0832418775
0832418509
0832417655golf
0832416599
0832416495
083241647
0832416455
0832415889
083