51pach
0835591930
0835591195
0835590379
0835590368
0835590340
0835590339
0835590200
0835589964
0835588895
0835588743
0835588256
0835587663
0835586003
0835585525
0835585181
0835584940
08355848002864
0835584323
0835584260
0835584078
0835583439
0835583424
0835582473
0835581875
0835581795
0835579179
0835578460
0835577006
0835576119
0835575172
0835573212
0835573066
0835572163
0835571990
083557
0835569890
0835567490
0835567443
0835566817
0835566403
0835564419
0835561406
0835561232
0835559077
0835558729
0835556490
0835555
0835554345
0835553450
0835551291
0835551281
0835549148
0835549015
0835547153
0835545892
0835541
0835539475
0835539456
0835538201
0835537800
0835537519
0835537141
0835536937
0835536808
0835535782
0835535594
0835535456
0835535246xx
0835535181
0835534355
0835534272
0835533682
0835532338
0835532154
0835532040
0835531833
0835531610
0835531565
0835531410K
0835531084
0835530940
0835530928
0835530793
0835530732
0835530550
0835530299
0835530175
0835528130
0835527361
0835527127
0835524599
0835524508
0835524325
0835524307
08355242277
0835523961
0835523114
0835522993
0835522923
0835522528
0835522464
0835521873
0835521866
0835521769
0835521557
0835521519
0835521300
0835521142
0835520322
0835520072
0835520058
0835519969
0835519922
0835518304
0835517590
0835516007
0835515186
0835515116
0835514282
0835513257
0835512826
0835512764
0835512083
0835512002
0835511837
0835511794
0835511286
0835510650
0835510427
0835510345
0835510199
0835510043
083551
0835509973
0835509729
0835509339
0835507297
0835506797
0835505970
0835505560
0835505464
0835505249
0835505031
0835504958
0835503902
0835503792
0835503440
0835503271
0835503012
0835502741
0835502006
0835501846
0835501780
0835501488
0835501351
0835501164
083550
0835499658
0835498299
083549825
0835498074
0835497018
0835496027
0835494829
0835494820
0835494247
0835493948
0835493840
0835493329
0835493216
0835493204
0835492342
0835492183
0835491393
0835491103
0835490211
083549
0835489518
0835488691
0835488290
0835486603
0835485707
0835484473
0835484437
0835484397
0835484280
0835484062
0835483774
0835483730
0835483602
0835483010
0835482964
0835480725
0835480325
0835480034
0835480023
0835479987
0835479491
0835479430
0835478240
0835478222
0835477640
0835477552
0835477228
0835476539
0835476264
0835475550
0835474486
08354743577
0835474277
0835472778
0835472047
0835471783
0835471447
0835471173
0835470798
0835470725
08354707
0835470537
0835470375
0835470325
0835469925
0835469783
0835469726
0835469692
0835469602
0835469582
0835469510
0835469409
0835469392
0835469280
0835469093
0835469034
0835468858
0835468791
0835468719
0835468708
0835468550
0835468530
0835468407
0835468346
0835468335
0835468324
0835468247262010
0835468221
0835468066
0835467971
0835467906
0835467876
0835467821
0835467796
0835467581noi
0835467556
0835467551
0835467473
0835467423
0835467234
0835467038
0835466998
0835466734
0835466682
0835466680
0835466585
0835466535
0835466319
0835466271
0835466196
0835466158
0835466149
0835465864
0835465811
08354656130835455613
0835465594
0835465485
0835465374
0835465368bo
0835465325
0835464986
0835464686
0835464533
0835464470
0835464161
0835464148
0835464131
0835463893
0835463826
0835463081
0835463070
0835463022
0835462924
0835462799
0835462577
0835462406
08354623481150
0835462306
0835462242
08354621312
0835462087
0835461904
0835460633
0835460588
0835460090
0835459953
0835459764
0835459755
0835459706
0835459565
0835459046
0835458861
0835458735
0835458603
0835458467
0835458306
0835458044
0835458041
083545782
0835457792
0835457758
0835457753
0835457730
0835457688
0835457665
0835457631
0835457594
0835457581
0835457532wa
0835457442
0835457411
0835457359
0835457164
0835457085
0835457003
0835456897
0835456893
0835456811
0835456659
0835456500
0835456475
0835456347
0835456149
0835456083
0835456078
0835455277
08354552451115
0835454991
0835454955
0835453954
0835453830
0835453771
0835453724
0835453028
0835452787
0835452081na
0835451942
0835451358
0835451240
0835451191
0835451143
0835450959
0835450830
0835450657
0835450433
0835450426
0835450272
0835450233
0835450200
0835450157
0835450116
0835450072
0835449871
0835449848
0835449840
0835449641
0835449570
0835449513
0835449472
0835449414
0835449408
0835449302
0835449224
0835448828
0835448699
0835448613
0835448360
0835448160
0835448021
0835447858
0835447847
0835447802
0835447782
0835447761
0835447605
0835447124san
0835447063
0835447022
0835446997
0835446948
0835446918
0835446859
0835446791
0835446713
0835446573
0835446522
0835446224
0835446213
0835446148
0835446038
0835445962
0835445935
0835445813
0835445731
0835445724
0835445710
0835445565
0835445564
0835445479
0835445424
0835445422
0835445414
0835445177
0835445130
0835445087
0835445037
0835445015
0835445
0835444996
0835444939
0835444622
08354446167
0835444538
0835444188
0835444187
0835444185
0835444166
0835444063
0835444010
0835444
0835443977
0835443805
0835443371
0835443254
0835443243
0835443209
083544266
0835442645jum
0835442635
0835442416
0835442263
0835442012
0835441927
0835441904
0835441892
0835441819
0835441592
0835441569
0835441563
0835441437
0835441242
0835441070
0835440898
0835440757
0835440743
0835440646
0835440189
0835440172
0835440111
083544
0835439690
0835439427
0835439271
0835438948
0835438808
0835438569
0835438511
0835438503
0835438360
0835438348
0835438130
0835437858
0835437662
0835437450
0835437138
0835437022
0835436981
0835436878
0835436829
0835436628
0835436606
0835436280
0835436247
0835436209
0835436072
0835435917
0835435802
0835435780
0835435550
0835435349
0835435239
0835434910
0835434736
0835434438
0835434346
0835434314
0835434198
0835434186
0835433899
0835433892
0835433522
0835433394
0835433386
0835433201
0835433127
0835433125
0835433068
0835432872
0835432820
0835432649
0835432604
0835432451
0835432340
0835432263
0835432062
0835431989
0835431918
0835431893
0835431807
0835431403@
0835431280
0835431248
0835431167
0835430943
0835430885
0835430768
0835430748
0835430662
0835429976
0835429945
0835429604
0835429588
0835429382
0835429302
0835429233
0835429189
0835429150
0835428922
0835428871
0835428862
0835428743
0835428716
0835428694
0835428377
0835428219
0835428193
0835428066
0835427901
0835427853
0835427852
0835427791
0835427690
0835427640
0835427624
0835427570
0835427184
0835427048
0835426977
0835426940
0835426878
0835426712
0835426680
0835426660
0835426559
0835426221
0835426059
0835425957
0835425934
0835425893
0835425840
0835425765
0835425615
0835425460
0835425263
0835425177
0835424894
0835424585
0835424543
0835424503
0835424215
0835424127
0835424123
0835424059
0835424016
0835423998
0835423954
0835423899
0835423747
0835423677
0835423472
0835423461
0835423417
0835423352
0835423328
0835423120
0835422931
0835422625
0835422482
0835422375
0835422341
0835422271
0835422210
0835422151
0835422106
0835422097
0835421940
0835421747
0835421694
0835421625
0835421501
0835421417
0835421052
0835420976
0835420870
0835420672
0835420669
0835420414
0835420250
0835420082
0835419908
0835419859
0835419738
0835419588
0835419410
0835419256
0835418682
0835418633
0835418620
0835418403
0835418402
0835418297
0835418285
0835418255
0835418163
0835417956
0835417665
0835417186
0835417184
0835416998
0835416967tee
0835416940
08354168900835426890
0835416878
0835416738
0835416702
0835416680
0835416602
0835416566
0835416113
0835416012
0835415879
0835415787
0835415778
0835414858
0835414630
0835414593
0835414503
0835414417
0835414337
0835414230
0835414147
0835414005
0835413958
0835413652
0835413431
0835413342
0835413207
0835413101
0835413089
0835412957
0835412906
0835412781
0835412566
0835412408
0835412004
0835411997
0835411972
0835411903
0835411791
0835411694
0835411691
0835411510
0835411396
0835411338
0835411304
0835411216
0835411033
0835411022
083541073303m
0835410336
0835410117
0835410105
0835410094
0835399876
0835399757
0835399359
0835398862
0835398098
0835397488
0835396621
0835396585
0835396167
0835396034
0835395971
0835395879
0835395762
0835395742
0835394716
0835394587
0835394504
0835393878
0835393605
0835393577
0835393115
0835392884
0835392824
0835392664
0835391752
0835391409
0835391360
08353912173
0835390720
0835390626
0835389670
0835389050
0835389047
0835388724
0835388402
0835388329
0835387305
0835386784
0835386613
0835386264jb
0835386207
0835386198
0835386115
0835385934
0835385606
0835383341
0835383217
0835382969
0835381905
0835379062+
0835378835
0835378805
0835378801
0835377827
0835377391
0835376671
0835376657
0835376589
0835376163
0835375862
0835375395
0835374061
0835373713
0835373479
0835372944
0835372827
0835372474
0835372429
0835371846
0835371712
0835371351
0835371156
0835370451
083537
0835369863
0835369742
0835369531
0835367916
0835367369
0835367051
0835366984
0835366860
0835366754
0835366359
0835366191
0835366146
0835366106
0835365531
0835365095
0835364453
0835363987
0835363072
0835363001
0835362679
083536266
0835361223
0835360080
0835359650
0835359538
0835359461
0835359150
0835358864
0835358623
0835357870
0835357768
0835357218
0835357144
0835357119
0835356791
0835355982
0835355972
0835355532
0835355010
0835354395
0835354106
0835353534
0835353206
0835353132
0835353015
0835352653
0835352553
0835352534
0835352412
0835352231
0835351856
0835351804
0835351429
0835351030
0835350714
0835350604
0835350538
0835350520
0835349748hong
0835349554
0835349532
0835349093
0835348697
0835348662
0835348451
0835348170
0835347141
0835346783
0835346397
0835346065
0835346043
0835345959
08353448
0835344705
0835344174
0835344059
0835343883
0835343696
0835342898
0835342318
0835342252
0835341760
0835341621
0835341603
0835341407
0835340993
0835340018
083534
0835339816
0835339503
0835339125
0835338929
0835338586
0835337288
0835336972
0835336905
0835336588
0835336384
0835335697
0835335395
0835335242
0835335190
0835335070
0835334648
0835334423
0835333853
0835333431
0835332838
08353327113898
0835332673
0835332454
0835331661
0835331499
0835331491
0835331418
0835331051
0835330993
0835330945
0835330870
0835330820boomzanaza
0835330516
0835329853
0835329523
0835329001
0835328778
0835328544
0835328423
0835328400
0835328112
0835327844
0835327762
0835327740
0835327732
0835327455
0835327180
0835326877
0835326714
0835326490
0835326342
0835325942
0835325893
0835325832
0835325738
0835325724
0835325312--
0835325309
0835325260
0835325196
0835325099
0835324850
0835324811
0835324761
0835324680
0835324461
083532442199
0835323994
0835323680
0835323053
0835323024
0835322994
0835322891
0835322524
0835322300
0835322148
0835321716
0835321700
0835320069
0835319469
0835318904
0835318332
0835317508
0835316978
0835316918
0835315166
0835314946
0835314409
0835313317
0835313249
0835313094
0835312992
0835312608
0835312360tam
0835312119
0835311415
0835311376
0835311047
0835310760
0835310672
0835310284
0835310190
0835310187
083531
0835309915
0835309715
0835308799
0835308080
0835307958
0835307765
0835307708
0835306760
0835306519
0835306402
0835305239
0835305165
0835305131
0835304561
0835304431
0835304350
0835304312
0835304045
0835304011
0835303997
0835303567
0835302781
0835302778
0835302528
0835302219
0835302105terk
0835301832
0835301827
0835301554
0835301386
0835301256
0835301150
0835300970
0835300938
0835300479
0835300338
083529a
0835298994
0835298155
0835296188
0835296176
0835295938
0835295687
0835295458
0835295249
0835295063
0835294491
0835293968
0835293818
0835293348
0835292791
0835292788
0835292256
0835291936
0835291771
0835290950
0835290786
0835290736
0835289367
0835288726
0835288299
0835286711
0835286260
0835286184
0835285668
0835285489
0835285452
083528502
0835284962
0835284857
0835284737
0835283364
0835282713
0835282554
0835282442
0835281965
0835281697
0835281383
0835280992
0835280371
0835280149
083528
0835279559
0835278928
0835277404
0835277216
0835277100
0835276989
0835276894
0835276838
0835276191
0835275923
0835275720
0835275285
0835274007
0835272434
0835272352
0835271773
0835271770
0835271588
0835271299
0835270566
0835270331
0835270215
083527
0835269065
0835268520
0835268051cbr
0835267464
0835267258
0835267216
0835266873
0835266362
083526574
0835264599
0835264300
0835263031
0835262487
0835262405
0835262159
0835261835
0835261308
0835261205
0835261069
0835261038
0835260883
0835259770
0835259367
0835259239
0835256854
0835256811
0835255545
0835255295
0835255119
0835254469
0835254382
0835254302
0835253948
0835253636
0835253517
0835253059
0835252260
0835252088
0835252040
0835251988
0835251896
0835251842
0835251281
0835250256
0835250216
0835249757
0835249378
0835249079
0835248648
0835248630
0835248233
0835248097
0835248049
08352473788
0835247072may
0835246840
0835246352
0835246343
0835246253
0835245164
0835244873
0835244233
0835244138
0835242910
0835242729
0835241934
0835241726
08352412910842497034
0835241079
0835240741
0835240260
0835240090
0835239362
0835237195
0835237187
0835236940
0835236919
0835236831
0835236391
0835236285s
0835235015
0835234775
0835234503
0835234330
0835234280
0835233597
08352331091
0835232687
0835232485
0835231980
0835231965
0835231840
0835231677
0835231089
0835230801
08352305801234
0835230063
0835229858
0835229790
0835229392
0835229343
0835228296
0835227946
0835226643
0835226384
0835226369
0835226328
0835226006
0835225903
0835225660
0835224947
0835224645
0835224197
0835224015
0835223811
0835223597
0835223497
0835223438
0835223137
0835223066
0835221697
0835220502
0835219309
0835218893
0835218009
0835217703
0835217545
0835217542
0835217481
08352174215
0835217117
0835216987
0835216561
0835216520
0835216305
0835216029
0835216020
0835215981
0835215387
083521525
0835214812
0835214797
0835214732
0835214263
0835214191
0835214026
0835214003
0835213956
0835213835
0835213756
0835213711
0835212800
0835212358
0835212126
0835211141
0835211117
0835211055
0835210814
0835210236loogpla
0835210124
0835209763
0835209469
0835209418
0835208703
0835208692
0835208391
0835208325
0835208192
0835208149
0835208124
08352067962
0835206385
0835206132
0835206017
0835205882
0835205653
0835205400
0835205309
083520522
0835204745
0835204578
0835204401
0835204400789
0835203873
0835203785
0835203101029961780
0835203083
0835203061
0835202456
0835201795
0835201566
0835201421
0835201245
0835201091
0835201085
0835200918
0835200358
083520
0835199859
0835199820
0835199636
0835199537
0835199452
0835198824
0835198770
08351982020220
0835198173
0835198074
0835197859
0835197535
0835197508
0835197266
0835197116
0835197114
0835197087
0835197035
0835196879
0835196418
0835195162
0835195149
0835194961
0835194850
0835194786
0835194412
0835194330
0835194225
0835194036
0835193968
0835193224
0835193192
0835192962
0835192938
0835192866
0835192801
0835192760
0835192650
0835192628
0835192238
0835192080
0835192021
0835191961
083519
0835189915
0835189771
0835189769
0835189630
0835189603
0835189285
0835189217
0835189187
0835188768
0835188754
0835188659
0835188566
0835188498
0835188151
0835188084
0835188047
0835187891
0835187639
0835187255
0835187061
0835186672
0835186299
0835185866
0835185732
0835185679
0835185318
0835185087
0835184878
0835184837
0835184667
0835184481
0835184306
0835184198
0835183779
0835183730
0835183725
0835183712
0835183601
0835182995
0835182921
0835182817
0835182451
0835181643
0835181238
0835181190
0835181073
0835180700
0835180376
0835180369
0835180368
0835180334
0835180299
0835179738
0835179645
0835179568
0835179368
0835179331
0835179284
0835178900
0835178726
0835178632
0835178540
0835178522
0835178509
0835178130
0835178093
08351780822
0835178012
0835177967
0835177945
0835177686
0835177591
0835177484
0835177455
0835177341
0835177232
08351771212
0835177106
0835176775
0835176741
0835176706
0835176573
0835176562
0835176098
0835176082
0835176047
0835175785
0835175736
0835175672
0835175638
0835175625
0835175623
0835175452
0835175330
0835175182
0835175169
0835175098
0835175043
0835174790
0835174768
0835174703
0835174696
0835174585
0835174533
0835174510
0835174313
0835174116
0835174028
0835173937
0835173919
0835173813
0835173788
0835173726
0835173617
0835173591
0835173521
0835173457
0835173022
0835173021
0835172957
0835172883
0835172725
0835172442
0835172399great
0835172396
0835172259
0835171909
0835171799
0835171779
0835171769
0835171724169
0835171708
0835171649
0835171527
0835171150
0835171029
0835170749
0835170742
0835170480
0835170457
0835170440
0835170360
0835169894
0835169861
0835169848
0835169811
0835169492nan
0835169453
0835169249
0835169026
0835168904
0835168866
0835168331
0835168200
0835167849
0835167812
0835167758
0835167586
0835167552
0835167403
0835166904
0835166874
0835166839
0835166813
0835166718
0835166331
0835166282
0835166246
0835166234
0835165840
0835165744
0835165721
0835165467
0835165262
0835165182
0835164967
0835164740
083516457711000
0835164576
0835164574
0835164357lb
0835163908
0835163800
0835163515
0835163415
0835163309
0835162934
0835162634
0835162526
0835162494
0835162479
0835162123
0835161896
0835161764
0835161660
0835161650
0835161354
0835161314
0835161307
0835161306
0835161285
0835161158
0835160980
08351607371328
0835160645
0835160625
0835160517asd
0835160510
0835160382
0835160350
0835160265
0835160213
0835160105
0835160027
0835160023
083516
0835159646
0835159573
0835159559
0835159549
0835159506
0835159500
0835159464
0835159403
0835159199maiiam
0835159118
0835159070
0835159059
0835158749
0835158677
083515864
0835158580
0835158575
08351582935
0835158271
0835158219
0835158029
0835158023
0835157876
083515774
0835157658
0835157251
0835157159
0835157151
0835156996
0835156860
0835156823
0835156806
0835156678
0835156604
0835156349
0835156314
0835155772
0835155719
0835155642
0835155432
0835155364
0835155349
0835154944
0835154864
0835154518
0835154432
0835154252
0835154246
0835154182
0835154094
0835153879
0835153873
0835153834320
0835153833
0835153807
0835153578
0835153500
0835153301
0835152854
0835152838
0835152726
0835152724
0835152680
0835152612
0835152279
0835152197
0835151995
0835151656
0835151260
0835151164
0835151024
0835150999
0835150771
0835150217
0835150213
0835149808
0835149625
0835149553
0835149334
0835149160aie
0835149112
0835149108
0835149021
0835149019
0835148939
0835148892
0835148747
0835148307
0835148292
0835148287
0835148202
0835148094
0835147959
0835147870
0835147499
0835147431
0835147400
0835146725
0835146553
0835145629
0835145471
0835145378
0835144575
0835144514
0835144501
0835144229
0835144182
0835143952
0835143869
0835143804
0835143783
0835143742
0835143708
0835143426
0835143408
0835143378
0835143320
0835142683
0835142453
0835142189
0835142024
0835141739
0835141738
0835141721
0835141409
0835140375
083514
0835139763
0835139736
0835139477
0835139438
0835139373
0835139310
0835139085
0835138831
0835138527
0835138448
0835138391
0835138182
0835137949
0835137936
0835137897
0835137863
0835137579
0835137410
0835137301
0835137275
0835137264
0835137173
0835137130
0835137062
0835136971
0835136885
0835136849
0835136579
0835136217
0835136135
0835136090
0835136079
0835136067
0835136028
0835135754
0835135664
0835135659
0835135537
0835135491
0835135042
0835135
0835134260
0835134258
0835134143
0835134048
0835133855
0835133639
0835133277
0835133167
0835133016
0835132477
0835132246
0835132028
0835131948
0835131696
0835131620
0835131542
0835131399
0835131318
0835129605
0835129001
0835128815
0835128098
0835127706
0835127663
0835127354
0835127085
0835126963
0835126814
0835126500
0835126447
0835126294
0835126249
0835126131
0835126044
0835125677
0835125369
0835125355
0835124743
0835124435
0835123881
0835123732
0835123514
0835123465
0835123420
0835123340laynarak
0835123081
0835122992
0835122809
0835122759
0835122691
0835122633
0835122606
0835122514
0835122512
0835122488
0835120234
0835120127
0835120024
083512
0835119424
0835119413
0835118889
0835118786
0835118685
0835118515
0835118341
0835118009
0835117594
0835117377
0835117210
0835117010
0835116575
0835116527
0835116366
0835116103
0835115742
0835115707
0835115401
0835115353
0835115131
0835114724
0835114608
0835114062
0835113755
0835112617
0835112571
08351113198
0835109251
08351091256
0835109062
0835108281
083510807819187
0835107860
0835106692
0835106463
0835105784
0835105708
0835105098
0835104982
0835104405
0835104300
0835104276
0835103010
0835102031
0835101542
0835100776
0835100470
0835100389
0835100273
0835099950
0835099795
0835099338
0835099019
0835098721
0835098035
0835097962
0835097868
0835097849
0835097801
0835097750
0835097473
0835096955
0835096773
0835096487
0835096413
0835096074
0835095948
0835095936
0835095789
0835095393
0835095166
0835095042
0835094912
0835094633
0835094460
0835094456
0835094292
0835094263
0835094157
0835093672
0835093667
0835093584
0835093127
0835093020
0835092878
0835092602
0835092134
0835091773
0835091766
0835091385
0835090499
0835090010
0835089873
0835089485
0835089386
0835089298
0835089065
0835088820
0835088493
0835088091
0835087644
0835087012
0835086978
0835086737
0835086434
0835086385
0835086340
0835086231
0835085995
0835085664
0835085516
0835085092
0835084863
0835084826
0835084756
0835084675
0835084564
0835084507
0835084452
0835084079
0835083591
0835083567
0835083517
0835083489
0835083479
0835083297
0835083031
0835082808
0835082463
0835081807
0835081668
0835081434
0835081312
0835081269
0835080834
0835080764
0835080448
0835080004
083507pui
0835079413
0835079356
0835079011
0835079001
0835078682
0835078617
0835078379
0835078365
0835078357
0835078086
0835077479
0835077344
0835076939
0835076880
0835076613
0835076571
0835076373
0835076353
0835076246
0835076031
0835075887
0835075836
0835075670
0835075464
0835074991
0835074807
0835074647
0835074638
0835074612
0835074457
0835074407
0835074281
0835074258
0835074242
0835074187
0835074167
0835074102
0835074068
0835074063
0835073969
0835073933
0835073705
0835073552
0835073402
0835073342
0835073201
0835072991
0835072698
0835072369
0835072366
0835071963
0835071872
0835071790
0835071741
0835071692
0835071351
0835071223
0835071153
0835071120
0835070775
0835070769
0835070638
0835070623
0835070084
0835069850
0835069672
0835069671
0835069591
0835069503
0835069404
0835069281
0835069198
0835068050
0835067918
0835067835fonmay
0835067835fonFON
0835067662
0835067645
0835067137
0835066486
0835066342
0835066215
0835065940
0835065876
0835065807
0835065759
0835065715Beer
0835065452
0835065358
0835065053
0835064776
0835064120
0835064004
0835063914
0835063684
0835063667
0835063655
0835063639
0835063544g
0835063425
0835063391
0835063285
0835062978
0835062857
0835062542
0835061854
0835061459
08350613
0835060886
0835060804
0835060689
0835060644
0835060350
0835060141
0835060032
0835060028
0835059721
0835059328
0835059107
0835058287
0835058078
0835058008
0835057982
0835057877
0835057684
0835057044
0835056818
0835056811
0835056758
0835056650
0835056609
0835056480
0835056382
0835056349
0835056169
0835056035
0835055951
0835055911
0835055701
0835055457
0835055456
0835055396
0835055082
0835054590
0835054586
0835054547
0835054543180
0835054526
0835054332
0835054184
08350541199
0835054023
0835053885
0835053701
0835053533
0835053481
0835052771
0835052716
0835051993
0835051810
0835051800a
0835051574
0835051530
0835051336
0835051196
0835051147
0835051075
0835050947
0835050821
0835050742
0835050584
0835050511
0835050429
0835050154
0835050136
0835050127
0835049161
0835048808
0835048656
0835048509
0835048416
0835048382
0835047859
0835047530
0835047478
0835047308
0835046963
0835046818
0835046731
0835046419
0835046405
0835046354
0835046085
0835045827
0835045442
0835045052
0835044284
0835044277
0835044109
0835044055
0835044041
0835044036
0835043921
0835043727
0835043603
0835043506
0835043227
0835043177
0835043172
0835043098
0835043096
0835042842
0835042779
0835042625
0835042158
0835042154
0835042101
0835041619
0835041446
0835040922
0835040825
0835040709
0835040221
0835040002
0835039634
0835039446
083503902
0835038771
0835038615
0835037820
0835037449
0835036984
0835036898
0835036833
0835036804
0835036698
0835035831
0835035593
0835035439
0835034922
0835034876
0835034233
0835033871
0835033806
0835033761
0835033740
0835033450
0835033245
0835033009
0835032954
0835032908
0835032903
0835032712
0835032456
0835032171
0835032143
0835032016
08350319150
0835031915
0835031878
0835031475
083503
0835029284
0835029179
0835028661
0835028036
0835027837
0835027571
0835027374
0835026771
0835026663
0835026162
0835026063
0835026007
0835025046
0835024407z
0835024284
0835024199
0835024112
0835024006
0835024
0835023678
0835023049
0835022770
0835022678
0835022453
0835021975friend
0835021975
0835021880
0835021501
0835020944
0835020866
0835020838
0835020448
083502
0835019865
0835019705
0835019611
0835019492
0835019442
0835019407
0835019389
0835019117
0835018984
0835018942
0835018808
0835018717
0835018712
0835018313
0835018121
0835017756
0835017500
0835017455
0835016492
0835016481
0835015949
0835015886
0835015737
0835015688
0835015475
0835015460
0835015437
0835015319
0835015003
0835014473
0835014131
0835013740
0835013531
0835013403
0835012996
0835012963
0835012789
0835012133234
0835012
0835010608
0835009990
0835009451
0835008837
0835008657
0835008273
0835008212
0835008141
0835008131
0835007500
0835007284
0835006906
0835006261
0835006218
0835005925
0835005680
0835005657mint
0835005119
08350041
0835003949
083500388
0835003555
08350032501
0835003248
0835003230
0835002731
0835002688
0835002678
0835001528
08350012389
0835