6182872
0836182809
0836182700
0836182477
0836182307
0836182012
0836181995
0836181966
0836181948
0836181525
0836181468
0836181322
0836181073
0836180876
0836180643
0836179804
0836179735
0836179714
0836179262
0836179194
0836179108
0836179018
0836178917
0836178522
0836178075
0836177856
0836177658
0836177650
0836177418
0836177024
0836176956
0836176946
0836176238
0836176115
0836176046
0836175987
0836175965
0836175496
0836175174wut
0836175020
0836174263
0836174090
0836174038
0836173792
0836173730
0836173683
0836173265
0836173188
0836173114
0836172923
0836172684
0836172482
0836172476
0836172357
0836171720
0836171396
0836170784
0836170494
0836170215
0836169696
0836169508
0836169306
0836168846
0836168644
0836168468
0836168457
0836168439
0836168427
0836168424
0836168160
0836168001
0836167893
0836167703
0836167679
0836167068
0836166938
0836166917
0836166726
0836166338
0836166293
0836166288
0836166276
0836166106
0836166087
0836165918
0836165751
0836165724
0836165618
0836165580
0836165150
0836165081
0836164931
0836164834
0836164760
0836164527
0836164095
0836163942
0836163812
0836163556
0836163238
0836162856
0836162458
0836162248
0836162231
0836162123
0836162077
0836161940
0836161819
0836161673
0836161670
0836161660
0836161596
0836161551
0836161371
0836161275
0836161190
0836161118
0836161063
0836160354
0836159631
0836159437
0836159428
0836159192
0836158734
0836158674
0836158215
0836158109
0836158009
0836157928
0836157181
0836157122]
0836156788
0836156765
0836156712
0836156329
0836156184
0836156176
0836155849
0836155841
0836155111
0836154643
0836154413
0836153982
0836153689
0836153601
0836153555
0836153389
0836153326
0836153059
0836152919
0836152752
0836152467
0836152415
0836152393
0836152164
0836152112
0836151878
0836151729
0836151628
0836151557
0836151461
0836151454
0836151417
0836151021
0836150904
0836150704
0836150682
0836150664
083615
0836149925
0836149250
0836149089
0836148861
0836148242
0836147823
0836147595
0836147478
0836147312
0836147005
0836146827
0836146219
0836146116
0836145919
0836145703
0836145418
0836145232
0836145190
0836144725
0836144597
0836144594
0836144324
0836143924
0836143700
0836143574
0836143556
0836143268
0836142696
0836142382
0836141895
0836141858
0836141520
0836141519
0836141498
0836141487
0836141377
0836141320
0836140964
0836140783
0836140690
0836140359
0836140276
0836140130
0836140114
0836140013
083614
0836139638
0836139372
0836139272
0836138070
0836137970
0836137805
0836137681
0836137674
0836137529
0836137507
08361374890879874758
0836137178
0836137087
0836135906
0836135698
0836135361
0836135356
0836135183
0836135140
0836134544
0836134373
0836134249
0836134163
0836134034
0836133960yui
0836133793
0836133746
0836133650
0836133616
0836133609
0836133383
0836133320
0836133225
0836133044
0836132886
0836132503
0836132397
0836132342
0836132278
0836131860jd
0836131829
0836131736
0836131731
0836131528
0836131060
0836130414
0836130314
083612tau
0836129963
0836129878
0836129665
0836129435
0836129419
0836129360
0836129149
0836129055
0836129033
0836129013
0836129000
0836128526
0836128206
0836127805
0836127612
0836127317
0836127075za
0836126885
0836126660
0836126285
0836126154
0836126104
0836125370
0836125228
0836124883
0836124781
0836124714
0836124585
0836124423
0836123972
0836123964
0836123800
0836123458
0836122948
0836122919
0836122801
0836122789
0836122549
0836122510
0836122377
0836122234
0836121610
0836120840
0836120769
0836120679
0836120539
0836120470
0836120134
0836119914
0836119871
0836119851
0836119574
0836119428
0836119206
0836119104
0836118492
0836118348
0836118227
0836117748
08361176826
0836116846
0836116805029757600
0836116619
0836116517
0836116126
0836115938
0836115873
0836115852
0836115851
0836115749
0836115623
0836115597
0836115593
0836115540
0836115411
0836114734
0836114657
0836114406
0836114255
0836114165
0836114128
0836113541
0836113151
0836113110
0836112825
0836112694+
0836112668
0836112176
08361121027
0836112030five
0836111921
0836111914
0836111672
0836111225
0836111119
0836111083
0836111027
0836110903
0836110693jo
0836110540
0836110462
0836110334
0836110052
0836109822
0836109677
0836109376
0836109264
0836109254
0836109040
0836108892
0836107605
0836107581
0836107515
0836107294
0836107243
0836107131
0836107079
0836107060
0836106968
0836106615
0836106489
0836105779
0836105536
0836105442
0836105368
0836105274
0836105176
083610502
0836104936
0836104928
0836104644
0836103526
0836103486
0836103336
0836103188
0836103006
0836103005
0836102794
0836102696
0836102573
08361023104901897
0836102276
0836101773
0836101562
0836101422
0836101338
0836101315
0836101260
0836100734
0836100338
0836100156
0836099694
0836099567
0836099510
0836099278
0836099170
0836098933
0836098837
0836098753
0836098500
0836098450
0836098070
0836098033
0836098014
0836097479
0836096530
0836096499
0836096260
0836095722
0836095708
0836095474
0836095208
0836094993
0836094349
0836094313
0836093770
0836093215
0836092944
0836092906
0836092879
0836092671
0836092532
0836092510
0836092302
0836091748
0836091455
0836091182
0836090879
0836090778
0836090675
08360903461
0836090142
0836089880
0836089061
0836088994
0836088785
0836088783
0836088782
0836088586
0836088476
0836088412
0836088336
0836088042
0836087972
0836087208
0836086883
0836086854
0836086632
0836086477
0836086474
0836085981
0836085718
0836085601
0836085535
0836084715
0836084380
0836084326
0836084315
083608423522
0836084230
0836083960
0836083948
0836083930
0836083869
08360836
0836083054
0836082988
0836082954pam
0836082930
0836082561
0836082497
0836082261
0836081968
0836081165
0836080744
0836080714
0836080566
0836080451
0836080345
083608
0836079969
0836079909
0836079840
0836079762
0836079759
0836079693
0836079448
0836079334
0836079008
0836078759
0836078719
0836078668
0836078299
0836078247
0836077735
0836077653
0836077339
0836077333
0836077181zx
0836077181
0836077175
0836077117
0836076876
0836076696
0836076686
0836076536
0836076454
0836076324
0836075844
0836075843
0836075705
0836075676
0836075652
0836075597
0836075501
0836075476
0836075438
0836074870
0836074835
0836074745124990
0836074356
0836074111
0836074101
0836074064
0836074042
0836073577
0836073374
0836073068
0836073016
0836072909
0836072903
0836072447
0836072427
0836072334
0836072233
0836072133
0836072005
0836071732
0836071543
0836071542
0836071534
0836071512
0836071150
0836070997
0836070669
08360705814
0836069958
0836069330
0836069232
0836069183
0836069176
0836069095
0836068977
0836068944
0836068841
0836068672
0836068567
0836068529
0836068226
0836067847
0836066850
0836066781
0836066682
0836066641
0836065912
0836065634
0836065598
0836065585
0836065401
0836065257
0836065186
0836065041
0836064652
0836064621
0836064599
0836064567
0836064274
0836064135
0836064057
0836064007
0836063843
0836063721
0836063621
0836063600
083606356344
0836063481
0836063466
0836062909
0836062846
0836062570
0836062495
0836062390
0836062300
0836062252
0836062203
0836061959
0836061899
0836061705
0836061653
0836061537
0836061368
0836061275
0836061125
0836061063
0836060923
0836060906
0836060779
0836060757
0836060651
0836060519
0836060190
0836058902
0836058637
0836058553
0836058392
0836058257
0836058253
0836058182
0836057607
0836057414
0836057079
0836057057
0836056889
0836056721
0836056590
0836056485
0836056303
0836056059
0836055864
0836055863
0836055827
0836055613
0836055352
0836055316
0836055213
0836055167
0836055
0836054957t
0836054882
0836054791
0836054549
0836054207
0836054031
0836053883
0836053782
0836053566
0836053227
0836053030
0836052380
0836051772
0836051675
0836051440
0836050759
0836050742
0836050687
0836050647
0836050581
0836050544
0836050470blue
0836050402
0836050360
083605
0836049469
0836049464
0836049309
0836049218
0836049150
0836048549
0836048255
0836047792
0836047678
0836047286
0836047212
0836045762
0836045733
0836045670
0836045399
0836045174
0836044889
0836044648
0836044621
0836044433
0836044128
0836044005
0836043597
0836043490
0836043127
0836043071
0836042883
0836042829
0836042828
0836042791
0836042787
0836042553
0836042535
0836042514
0836042383
0836042232
0836042023
0836041538
0836041410
0836040801
0836040701
0836040585
0836040570
0836040436
0836040385
0836040256
0836040222
083604021
0836039451
0836039278
0836038974
0836038685
0836038469
0836038164
0836038076
0836038033
0836038004
0836037843
083603775
0836037706
0836037658
0836037403
0836037193
0836036539
0836036295
0836036191
0836036132
0836036055
0836035975
0836035967
0836035901
0836035780
0836035105
0836035013
0836034843
0836034760
0836034617
0836034572
0836034083
0836033863
0836033564
0836033487
0836033417
0836033407
0836033288
0836032988
0836032965
0836032163
0836032149
0836032020
0836031920
0836031705
0836031160
0836030901
0836030812
0836030750
0836030740
0836030662
0836030661
0836030588
0836030329
0836030248
083603
0836029266
0836028160
0836028103
0836028063
0836027988
0836027702
0836027506
0836027412
0836027131
0836027041
0836026892
0836026793
0836026391
0836026011567
0836025998
0836025870
0836025774
0836025402
0836025142
0836025034
0836024483
0836024438
0836024317
0836024280
0836024218
0836024027
0836023990
0836023969
0836023944
0836023508
0836023183
0836023066
0836022877
0836022735
0836022716
0836022544
0836022318
0836022012
0836021959
0836021448
0836021406
0836021324
0836020806
0836020791
0836020766
0836020652
0836020439
0836020252
0836020123
083602009
0836019919
0836019629
0836019300
0836018975
0836018508
0836018242
0836018133
0836017829
083601761400
0836017312
0836016952
0836016891
0836016556
0836016383
0836016234
0836016142
0836016128
0836015895
0836015840
0836015744
0836015676
0836015529
0836015430
0836014576
0836014202
0836013884
0836013835
0836013725
0836013697
0836013647
0836013327
0836013265
0836012848
0836012755
0836012418
0836012382
0836012339
0836012300
0836012199
0836012078
0836011661
0836011210
0836011123
0836011050
0836010649
0836010615
0836010298
0836010061
0836009841
0836009593
0836009474
0836009386
0836009181
0836009156
0836008849
0836008643
0836008594
0836008531
0836008417
0836008185
0836008077
0836008068
0836007827
0836007736
0836007615
0836007495
0836006967
0836006864
0836006749
0836006635
0836006512
0836006495
0836006399
0836006224
0836006156
0836006102
0836006007
0836005993
0836005775
0836005643
0836005580
0836004999
0836004896
0836004718
0836004666
0836004496
0836004403
0836004380
0836004180424510
0836004081
0836003841
0836003813
0836003766
08360035553
0836003237
0836003108
0836002711
0836002300
0836001996
0836001859
0836001715
0836001579
0836001334
0836001284
0836001252
0836001239
0836001203
0836001141
0836000866
0836000834
0836000825
083600066
0836000393
0836000322
0836000
083600
08360
0836.3
0835zqeje
0835ji
0835dyl
0835cd
0835STACEY
08359roau
0835999984
0835999969
0835999945
0835999702
0835999539
0835999406
0835999350
0835999109
0835999096
0835999067
0835998923
0835998462
0835997969
0835997968
0835997382
083599735
0835997147
0835997026
0835996871
0835996851
0835996689
0835996502
0835996342
0835996081
0835996049
0835995994
0835995753
0835995684
0835995160
0835995094
0835994943
0835994392
0835994263
0835994087
0835993536
0835993265
0835993066
0835993038
0835992611
0835992600
0835992403
0835992378
0835992321
0835992105
0835991979
0835991722
0835991688
0835991684
0835991417
0835991298
0835991251
0835990688
0835990679
0835990559
0835990401
0835990143
0835990069
0835990041
0835989990
0835989686
0835989586
0835989483
0835989260
0835989029
0835989006
0835988908
0835988505
0835988503
0835987593
0835986413
0835986288
0835986142
0835986088
0835986069
0835986038
0835985390
0835984074
0835983865
0835982438
0835982140
0835981778
0835981586
0835981419
0835981302
0835980819
0835980459
0835980314
0835979992
0835979925body
0835979799
0835979705
0835979637
0835979566
0835979088
083597817631
0835977293
0835977273
0835977097
0835975727
0835975724
0835975696
0835975261
08359749chicote
0835974877
0835973956
0835973667
0835973644
0835973602
0835973569
0835973328
0835973233
0835971866
0835971791
0835971537
0835970698
0835970431
0835970172
0835969893
0835969882
0835969734
0835969508
0835969484
0835968660
0835968623
0835968487
0835968301
0835967926
0835967826
0835966107
0835966032
0835965912
0835965587
0835965579
0835964467
0835963778
0835963451
0835963425
0835963210
0835962870
0835962621
0835962197
0835961656
0835961356
0835961351
0835961062
0835960666655
0835960402
083596
0835959579
0835959360
0835959255
0835959107
0835958308
0835958183
0835957914
0835957699
0835957137
0835956954
0835956858
0835956796
0835956527
0835956498
0835956393
0835956145
0835956072
0835955836
0835955540
0835955437
0835955059
0835954813
0835954797
0835954216
0835954107
0835954
0835953931
0835953823
0835953494
0835953342
0835951872
0835951807
0835951507
0835951381
0835951263
0835950934
0835950610
0835949459
0835949275
0835949189
0835949130
0835949113
0835948775
0835948450
0835948227
0835947856
0835947730
0835947018
0835946857
0835946695
0835946676
0835946645
0835946517
0835946436
0835946177
0835946032
0835945846
0835945408
0835945027
0835944674
0835944356
0835944326
0835944128may
0835943751
0835943174
0835942154
0835942096
0835941413
0835941084
0835940934
0835940788
0835940397
0835940165
083593j
0835939968
0835939633
0835939298
0835939004
0835938755
0835938750
0835938109
08359378797
0835937876
0835937377
0835937
0835936868
0835936759
083593647199
0835936329
0835936011
0835935596
0835935573
0835935526
0835935416
0835935244
0835934892
0835934870
0835934643
0835934271
0835934252
0835933971
0835933831
0835933577
0835933352
0835933188
0835932887
0835932793
0835931734
0835931623
0835931613
0835931580
0835931455
0835931249
0835930874
0835930851
0835930773
0835930461
0835930028
0835929514
0835929436
0835929312
0835929125
0835928650
0835927817
0835927814
083592746
0835927303
0835927260
0835927029
0835926935
0835926703
0835926376
08359263710
08359258
0835925646
0835925596
0835925355
0835924896
0835924822
0835924718
0835924554
0835924354
0835924149
0835924108
0835923167
0835922371
0835922210
0835921653
0835921428
0835921342
0835921227
0835921220
0835921012
0835920632
0835920613
08359205523
0835919790
0835919517
0835919511
0835919481
0835919222
0835919152
0835919067
0835918915
0835918693
0835918486
0835918478
0835918433
0835918255
0835917930
0835917855
0835916538
0835916465
0835916458
0835915352
0835914526
0835914417
0835914199
0835914104
0835913750
0835913537
0835913528
083591352
0835913265
0835913151
0835912977
0835912921
0835912910
0835912686
08359126312508
0835912491
0835912020
0835911838
0835911702
0835911316
0835911195
0835910977
0835910714
0835910234
0835910041
0835909869
0835909623
0835909208
0835908955
0835908893
08359088038
0835908382
08359083052
0835908278
0835908072
0835907663
0835907658
0835907012
0835906946
0835906643
0835906205
0835906088
0835905994
0835905584
0835903909
0835903898
0835903790
0835903448
0835903409
0835903284
0835902708
0835902418
0835902137
0835901965
0835901919
0835901445
0835901231
0835901171
0835901137
0835900477
0835900468
0835900438
0835900398
0835900382
0835900270
0835899344
0835898185
0835898030
0835897993
0835897872
0835897767
0835897397
0835896343
0835895855
0835895703
0835895610
0835895609
0835895459
0835894303
0835893033
0835892980
0835892499
0835892267
0835891325
0835891079
0835890442
083589
0835889641
0835888994
0835888808
0835888674
0835888322
0835888118
0835888024
0835888001
0835887313
0835887043
0835886533
0835886416
0835886270
08358855430858217538
0835885403
0835885330
0835884422
0835884360
0835884218
0835884155
0835884090
0835884007
0835883398
0835883395
0835883005
0835882967
0835882612
0835882586
0835882373
0835881690
0835881457
0835881426
0835881102
083588100
0835880882
0835880855
0835880088
0835880035
0835879389
0835879302
0835879010
0835878659
0835878522
0835876704
083587644ss
0835875298
0835875193
0835874683
0835873634
0835873406
0835872961
0835872937
0835872648
0835870497
0835870172
0835870080
0835870062
0835869962
0835869605
0835869493
0835869364
0835869236
0835869024
0835869015
0835868897
0835868868
0835868683
0835868658
0835868604
0835867872
0835867355
0835867333
0835865929
0835864927
0835864881
0835864811
0835864733
0835864406
0835864160
0835863973
0835863669
0835862956
0835861622
0835860908
0835860802
0835860611
0835860456
0835860441
083586
0835859661
0835859355
0835859182
0835858911
0835858659
0835857391
0835857312
0835857295
0835857184
0835857009
0835856651
0835856091
0835855643
0835855204
0835855037
0835855007
0835854629
0835854268
0835853657
0835853467
0835853392
0835853112
0835853052
0835852213
0835852052
0835852019
0835851769
0835851112
0835850535
0835850175
0835849553
0835849440
0835849392
0835849307
0835849001
0835848976
0835848619
0835848260
0835848172
0835848005
0835847941
0835846064
0835846054
0835845505
0835845243
0835844155
0835843922
0835843372
0835843076
0835843068
0835842185
0835842022
0835841678
0835841477
0835841081
0835840557
0835840367
0835839390
0835839277
0835837297
0835836983
0835836110
0835835886
0835835097
0835835021
0835834551
0835834329
08358343
0835833483
0835833378
0835833228za
0835832958
0835832419
0835829656
0835829310
0835828858
0835828598
0835827894
0835827354
0835826959
0835826481
0835826330
0835826297edd
0835825450
0835825387
0835825236
0835825233
0835824508
0835824335
0835823984yimmee
0835823207
0835822922
0835822779
0835822587
0835822451
0835821826
0835820863
0835820618
0835820290
0835819661
0835817930111
0835817631
0835817592
0835817307
0835816847
0835816285
0835814795
0835814760
0835814220
0835814081
0835812885
0835812802
0835812800
0835812018
0835811566
0835811424
0835811171
0835810760
0835809776
0835809702
0835809627
0835808819
0835808535
0835808363
0835807645
0835807400
0835807093
0835806700
0835806475
0835806474
0835806390
0835806246
0835805885
0835805727
0835805616
0835805013
0835804485
0835804426
0835804288
0835803727
0835802549
0835802447
0835802079
0835801243
0835801178
0835801116
0835800531
0835799088
0835799072
0835798524
0835797062
0835796352
0835795695
0835795616
0835795505
0835794662
0835794502
0835793401
0835792997
0835792806
0835792066
0835791912
0835791196
0835791046
0835790016
0835789612
0835789396
0835788816
0835788807
0835788696
0835787783
0835787571
0835787563
0835787518
0835787502
0835787419
0835787369
0835787333
0835787229
0835787221
0835787107
0835787063
0835786911
0835786875
083578685800
0835786852
0835786812
0835786806
0835786442
0835786386
0835786353
0835786311
0835786269
0835786243
0835786242
0835786195
0835786132
0835786070
0835785906
0835785805
0835785685
0835785614
0835785609
0835785598
0835785406
0835785372
0835785322
0835785204
0835785180
0835785132
0835785125
0835785108
0835784901
0835784810
0835784762
0835784741
0835784650
0835784601
0835784569
0835784558
0835784423
0835784362
0835784304
0835784193
0835784190
0835784182
0835784172
0835784118
0835784027
0835783951
0835783732
0835783683
0835783681
0835783677
0835783670
0835783625
0835783192
0835783057
0835782998
0835781960
0835781828
0835781770
0835781747
0835781682
0835781587
0835781542
08357813
0835781160
0835781046
0835780922
0835780916
0835780852
0835780637
0835780434
0835780329
0835780223
0835780057
0835779851
0835779107
0835778593
0835778580
0835778566
0835778407
0835778201
0835777593
0835777588
0835777570
0835777509
0835777502
0835777414
0835777396
0835777257
0835777199
0835777170
0835777143
0835777003
0835776852
0835776801
0835776792
0835776609
0835776602
0835776431
0835776423
0835776397
0835776381
0835776349
0835776269
0835776082
0835775895
0835775833
0835775830
0835775738
0835775372
0835775269
0835775212
0835775206
0835775174
0835775125
0835775047
0835774904
0835774771
0835774770
0835774691
0835774665
0835774657
0835774581
0835774543
0835774375
0835774172
08357739620835783962
0835773943
0835773904123
0835773771
0835773677
0835773286
0835773140
0835772998
0835772450
0835771858
0835771642
0835771613
0835771591
0835771453
0835771451
0835771418
0835771240
0835771119
0835770935
0835770817
0835770593
0835770551
0835770507
0835770423
0835770367
0835770285
0835770268
0835770255
0835770208
0835770179
0835770122
0835770084
0835770045
0835770007
0835769734
0835769577
0835768266
0835768216
0835768166
0835767471
0835766546
0835765984
0835764731
0835763732
0835763288
0835762688
0835762458
0835762450
0835762418
0835762155
0835761824
0835761692
0835761526
0835761351
0835761209
0835760844
0835760655
0835759078
0835758919
0835758751
0835757988
0835757948
0835757572
0835756941
0835756491
0835756063
0835756012
0835754465
0835754401
0835754388
0835753641
0835753555
0835753169
0835753110
0835752939
0835752879
0835752826
0835752376
0835752102
0835751600
0835751069
0835751045
0835750859
0835749821
0835749517
0835749079
0835749040
0835748556
0835748366
0835748185
0835747857
0835747758
0835747546
0835747446
0835747437
0835746902
0835746737
0835746479
0835746357
0835745423
0835743315
0835742954
0835741892
0835741752
0835741237
0835741057
0835740934
0835739766
0835734951
0835734900
0835734412
0835734371
0835734323
0835734071
0835733935
0835733778
0835733331
0835731961
0835731278
0835731249
0835731118
0835730855
0835730250
0835729682
0835729543
0835729411
0835727741
0835727100
0835726940
0835726873
0835726064
0835724609
0835724371
0835724275
0835723786
0835723632
0835723409
0835722394
0835722355
0835722350
0835721309
0835720648
0835720533
0835720290
0835720279
083572
0835719986
0835719721
0835719691
0835719582
0835719321
0835718381
0835718371
0835717514
0835717374
0835717138
0835716553
0835716258
0835715240
083571524
0835715007
0835714645
08357128662528
0835712725
0835711889
0835711695
0835711503
0835711201
0835711108
08357110933
0835711086
0835711077
0835710729
0835710681
0835709926
0835709879
0835708698
0835708196
0835708179
0835708012
0835707967
0835707653
0835707517
0835707430
0835707026
0835706791
0835706606
0835705649
0835705505
0835705263
0835704628
0835704297
0835704296
0835703866
0835703559
0835702963
0835702145
0835701633
0835701351
0835700560
0835700416
08356lk33
0835698359
083569827
0835697987
0835697797
0835697743
0835697655
0835697550
0835697177
0835697163
0835695960
0835695551
0835695541
0835695363
0835695025
0835694900
0835694550
0835694495
0835694462
0835692866
0835692550
0835692391
0835692325
0835691710
0835691212
0835691019
0835690196
0835690069
083569
0835689247
0835689212
0835689067
0835689041
0835688753
0835687616
0835687376
0835687064
0835686803
0835685865
0835685290
0835685113
0835685043
0835685017
0835683578
0835683396
0835682895
0835682782
0835682503
0835681977
0835681708
0835681641
0835681597
0835680300
0835680185
0835680069
0835679874
0835679717
0835679598
0835679521
0835678552
0835677764
0835677670
0835677383
0835676563
0835676520
0835676489
0835676285
0835675408
0835674535
0835674245
0835673959
0835673855
0835673546
0835672997
0835672233
0835671908
0835671554
0835671496
0835671302
0835671062
0835670677
0835670256
0835670203
0835669970
0835669965love
0835669712
0835669474
0835669390
0835669324
0835668495
0835668485
0835668054
083566744800000
0835667294fay
0835667251
0835667248
0835666975
0835666885
0835666778
0835666660
0835665879
0835665616
0835664893
0835664626
0835664248
0835664143
0835663616
0835663420
0835663279
0835663116
0835662768
0835662241
0835661835
0835661148
0835661097
0835660802
0835660664
0835660175
0835660155
0835659518
0835659017
0835658802
0835658696
0835658536
0835658475
0835658424
0835658387
0835658187
0835657966
0835657718
0835657619
0835657456
0835657288
0835656881
0835656742
0835656724
0835656500
0835656346
0835654740
0835653865
0835653835
0835653752
0835653577
0835653233
0835652776
08356522930847391444
0835652122
0835651908
0835651900
0835650153
0835648683
0835648363za
0835647944
0835647682
0835647534
0835647056
0835646836
0835646637
0835646286
0835646144
0835645423
0835645422
0835643855
0835642853
0835642497
0835641505
0835641171
0835640087
0835639571
0835639376
0835639314
0835639202
0835638895
0835637420
0835637060
0835636630t
0835636380
0835635208
0835634727
0835634328
0835634072
0835633876
0835633676
0835633448
0835633154
0835632870
0835632838
0835632752
0835632667
0835632389
0835631852
0835631718
0835631248
0835630625
0835630374
0835629547
0835628690
0835628677
0835628636
0835628614
0835628523
0835627973
0835627864
0835627558
0835627472
0835626807
0835626268
0835625480
0835624794
0835624339
0835623816
0835623612
0835622336
0835622321
0835621282
0835621172
0835620925
083562084508356208
0835619857
0835619807
0835619771
0835619659
0835619002
0835618870
0835618651
0835618096
0835616961
0835615877
0835615613
0835615232
0835615146
0835614826oom
0835614583
0835614157
0835612276
0835612003
0835611547
0835611504
083561130
0835611294
0835610838
0835609833
0835609593
0835609160
0835609045
0835608653
0835608624
0835608622
0835608607
0835608381
0835607690
0835607414
083560708341210
0835606907
0835606500
0835606283
0835606247
0835606064
0835606043
0835605048
0835604800
0835603621
0835603341
0835603155
0835602848
0835602770
0835602457
0835602005
0835602004
0835601459
0835599647
0835599575
0835599287
0835599276
0835598988
0835598798242
0835598150
0835598140
0835598
0835597409
0835597343
0835597235
0835596949
0835596894
0835596149
0835595580
0835595529
0835595396
0835595103
0835594974
0835594175
0835593791
0835593691
08355919