084209
0842089759
0842089706
0842089646
0842089345
0842089228
0842088944
0842088929
0842088742
0842088469
0842088389
0842088306
0842088266
0842087879
08420873482
0842087284
0842087207
0842086567
0842086404
0842086342
0842086090
0842085920
0842085806
0842085755
0842085740
0842085650
0842085634
0842085539
0842085335
0842085239
0842085122
0842084556
0842084183
0842083844
0842083736
0842083519
0842082877
0842082086
0842081867
0842081647
0842081379
0842080861
0842080491
0842079672
0842079388
0842079359
0842079352
0842078443
0842078299
0842078079
0842077811
0842077181
0842076470
0842075573
0842075500
0842075452
0842075283
0842074987
0842074837
0842074833
0842074492
0842074420
0842073582
0842073465
0842073445
0842073178
0842072203
0842072167
0842072036
0842071786
0842071744
0842071732
0842071261
0842071259
0842070871
0842070739
0842070591
0842070546
0842070452
0842070109
0842070073
0842069701
0842069551
084206948
0842069416
0842069173
0842069139
0842068949
0842068915
0842068716
0842068495
0842068451017
0842068416
0842067909
0842067871
0842067387
0842067341
0842066981
0842066980
0842066871
0842066651
0842066624moozom
0842066088
0842065906
084206579
0842065007
0842064790
0842064594
0842064127
0842064085
0842064015
0842063848
0842063841
0842063834
0842063830
0842063768
0842063666
0842063657
08420636334
0842063516
0842063509
0842063366
0842063086
0842063054
0842062782
0842062710
0842062324
0842062219
0842062209
0842061993
0842061934
0842061459
0842061385
0842061203
0842061107
0842060876
0842060735
0842060461
0842060375
0842060344
0842060073
0842059710
0842059225
0842059066
0842058865
0842058571
0842057639
0842057297
0842057112
0842056388
0842056158
0842056121
0842055926
0842055696
0842055224
0842055217
0842054863
0842054828
0842054821
0842054725
0842054715
0842054113
0842053962
0842053391
0842053309
0842053137
0842052734
0842052724
0842052420
0842052291
0842052254
0842052156
0842051762
0842051649
0842051329
0842051014
0842050976
0842050425
0842050229
0842050047
0842049894
0842049699
0842049031
0842048898
0842048654
0842048637
0842048550
0842048548
0842048001
0842047252
0842046846
0842046683g
0842046662
0842046557
0842046136
0842046127
0842046082000
0842046062
0842045662
084204561
0842045547
0842045464
084204544
0842045008
0842044733
0842044586
0842044325
0842044324
0842044044
0842043716
0842043417
0842043098
0842043065
0842043055
0842043028
0842042723
0842042140
0842041197
084204048
0842040467
0842040003
084204
0842039991
0842039788
0842039761
0842039380
0842039377
084203931
0842038489
0842037718
0842037585
0842036991
0842036490
084203636
08420358250104
0842035782
0842035116
0842034699
0842034650
0842034467
0842034135
0842033836
0842032503
0842031877
0842030702
0842030685
0842030682
0842030600
0842030589
0842030555
0842030312
0842030310
0842029961
0842029270
0842029098
0842029093
0842028668
0842028495
0842028258
0842028216
0842028047
0842028031
0842027925
0842027274
0842026525ar
0842026220
0842026129
0842026005
0842025878
084202550
0842024764
0842022847
0842022833
0842022705
0842022644
0842022485
0842021672
0842021575
0842021418
0842020784
0842020407
0842020248
0842018277
0842017456
0842011769
0842011293
0842010234
0842009924
08420092891
0842009180
0842009
0842008255
08420080181
0842007709
0842007139
0842007073
0842006848
0842006433
0842006431
0842006
0842005989
0842004943
0842004436
0842004288
0842004223
0842003848
0842003677
0842003350
0842003035
0842002763
0842002330mp
0842002229
0842002110
0842001641
0842001416
0842000853
0842000520
0842000199
08420
0841jlt
0841ghv
0841DOLL
08419JA
0841999952
084199983
0841999761
0841999625
0841999552
0841999498
0841999417
0841999307
0841999046
0841998910
0841998817
0841998741
0841997298
0841997225
0841996489
0841996065
0841995839
0841995823
0841995699
0841995115
0841995099
0841994883
0841994834
0841994787
0841994132
0841993910
0841993836_dewid
0841993767
0841993704
0841993294
0841993048
0841993011
0841993006
0841992905
0841992758
0841992755
0841992575
0841992497
0841992455
0841992399
0841992011
0841992
0841991861
0841991793
0841991780
0841991460
0841991357
0841991306
0841991233
08419912300
0841991203
0841990932
0841990865
0841990566
0841990351
0841989978
0841989909
0841989884
0841989881
0841989778
0841989755
0841989687
0841989189
0841988913
0841988813
0841988472
0841988408
0841988198
0841988156
0841988135
0841988093
0841988060
0841988
0841987846
0841987780
084198762
0841987110
0841987060
0841986988
0841986791
0841986556
0841986480
0841986321
0841986231
0841986189
0841986029
084198579932
0841985617
0841985476
0841985434
0841985418
084198530
0841985234
0841985210
0841985194
0841985118
0841985108
0841985068
0841985023
0841985
0841984534
0841984440
0841984396
0841983961
0841983800
0841983697
0841983513321
0841983183
0841982386
0841982275
0841981787
0841981740
0841981569
0841981500
0841981307
0841980797
0841980603
0841980125
0841980
0841979875
0841979747
0841979130
0841978982
0841978586
0841978450
0841978033
0841978
0841977840
0841977630
0841977513
0841977280
0841977210
0841977172
0841977036
0841976595
0841975436
0841975373
0841975287
0841974871
0841974652
0841974371
0841974369
0841974274
0841974087
0841973617
0841973142
0841972761
0841972560
0841972296
0841971794
0841971137
0841970865
0841970837
0841970492
0841970485
0841970466
0841970282
0841969957
08419698614
0841969790
0841969531
0841968483
0841967981
0841967851
0841967716
0841967704
0841967686
0841967276
0841966757
0841966578
0841966509
0841966479
0841966169
0841966126
0841966114
0841966105
0841966049
0841965105
0841964939
0841964407sarasini
0841964247
0841964064
0841963680
0841963616
0841963281
0841963229
0841963179
0841963074
0841962830
0841962767
0841962656
0841962514
0841962322
0841961696
0841961638
0841961206
0841961136
0841961028
0841960692
0841960453
0841960427
0841960403
0841960358
0841960323
0841960237
0841960143
084196
0841959535
0841959129
0841958714
0841958654
0841958404
0841957675
0841957273--
0841957124
0841956387
0841956106
0841955371
0841955335
0841955308
08419553
0841955083
0841954977pimkero
0841954948
0841954936
0841954510
0841954491
0841954464
0841953932
0841953770
0841953687
0841953505
0841953328
0841953162
0841953158
0841952910
0841952889
0841952475
0841952414
0841952339
0841951994
0841951124
0841951102
0841951097
0841950412zazaza
0841950412
0841949200
0841949099
0841949098m
0841949097
0841948965
0841948780
0841948217
0841947958
0841947933
0841947451
0841947429
0841947043
0841946621
0841946440
0841946243
0841945951
0841945760
0841945476
0841945446
0841945434
0841945423
0841945183
0841945145
0841945090
0841944780
0841944220
0841943790
084194253
0841941978
0841941626
0841941413
0841941405
0841941267
0841941182
0841940801
0841940774
0841940639
0841940636
0841940266
0841940154
0841939791
0841939465
0841939352
0841939065
0841938904
0841938814
0841938672
0841938400
0841938116
0841937559
0841937336
0841937011
0841936953*-*
0841936700
0841936557
0841936398
0841936343
0841936180
0841936020
0841935943
0841935912
0841935648
0841935404
0841935275
084193495
0841934048
0841933256
0841933132
0841933116
0841933046
0841932531
0841932127
0841931511
0841931143
0841931047
0841931040
0841930958
0841930829
0841930628
0841930527
0841930465
0841929433
0841929238
0841929210
0841928369
0841928337
0841928239
0841927900
0841927201
0841927192
0841927023
0841926799
0841926430
0841926341
084192584740811
0841925565
084192543
0841924803
0841924692
0841924409noom
0841924358
0841924244
0841924223
0841923968
0841923849
0841923812
0841923745
08419236444
0841923247
0841922950
0841922520
0841922427
0841922174
0841922134
0841921938
0841921381
0841920633
0841920092
0841920002
0841919642
0841919600fang
0841919530
0841919451
0841919343
0841919257
0841919160
0841918916
0841918747
0841918725
0841918670
0841918543
0841918504
0841918204
0841918071
0841918038
0841917954
0841917616
0841917545888
0841917172
0841917149
0841916995
0841916970
0841916957
0841916891
0841916452
0841916051
0841915901
0841915849
0841915801
0841915655
0841915331
0841915287
0841915221
0841915203
0841914850
0841914631
0841914450
0841914337
0841913938
0841913795
0841913760
0841913432
0841913148
0841912730
0841912649
084191234
0841912259
0841911703
0841911701
0841911545
0841911364
0841911262
0841911068
0841911027
0841910955
0841910935
0841910782
0841910542
0841910530
0841910409
0841910405
0841910285
0841910214
0841910134
0841909938
0841909935
0841909658
08419095640
0841909515
0841909128
0841908842
0841908797
0841908629
084190852553
0841908271
0841908258
0841908253
0841907556
0841907391
0841907382
0841907358
0841907207
0841906443
0841906306
0841906284
0841906255
0841906100
0841905673
0841905582
0841905460
0841905237
0841905144
0841905061
0841905003
0841904918
0841904601
0841904556
0841904492
0841904159
0841904056
0841903798
0841903598
0841903252
0841903184
0841902875
0841902435
0841902249
0841902141
0841902132
0841901786
0841901496
0841901330
0841901307
0841900407
0841900339
0841900263
0841900199
0841900146
0841900121
08419
0841898867
0841897988
0841897510
0841897441
0841897404
0841897225
0841897145
0841896604
0841896558
0841896550
0841896442
0841896175
0841895731
0841895393
0841895229
0841894756
0841894387
0841894073
0841893841
0841893795
0841893373
0841893288
0841893101
0841892917
0841892558
0841892471
0841892380
0841892300
0841892226
0841892035
0841892024
0841891221
0841891070
084189071
0841890676
0841890658
0841890544
0841890457
0841890261
0841890093
084189
0841889917
0841889901
0841889726
0841889520
0841889206
0841889104
0841889065
0841888747
0841888619
0841888329
0841888202
0841888084
0841887964
0841887901
0841887851
0841887382
0841887352
084188730
0841887073
0841887
0841886930
0841886821
084188676
0841886635
0841886173
0841886080
08418858450
0841885837
0841885644
0841885336
0841885173
0841885077
0841885055
0841884929
0841884824
08418846982010
0841884525
0841884228
0841884029
0841883480p
0841883372
0841883193
0841882977
0841882966
0841882755
0841882433
0841882272
0841882077
0841881825
0841881757
0841881751
08418816
0841881599
0841881475
0841881412
0841881072
0841880832
0841880807kai
0841880582
0841880536
0841880406
0841879558
0841879504
0841879062
0841878696
0841878471
0841878385
0841878285
0841878238
0841878170
0841878119
0841878075
0841877809
0841877459
0841877418
0841876794
0841876785
0841876684
0841876454
0841876362
0841876268
0841876254
0841876157
0841875722
0841875642
0841875515
0841875464
0841875368
0841875288
0841875002
0841874856
0841874851
0841874844
0841874836
0841874775
0841874706
0841874494
0841874434
0841874324
0841874205
0841874096
0841873882
0841873826
0841873791
0841873619
0841873618
0841872877
0841872544
0841871867
0841871858
084187185
0841871842
0841871836
0841871774
0841871714
0841870791
0841870123
0841870095
0841870039
084187
0841869720
0841869640
0841869396
0841868944
0841868919+
0841868885
0841868685
0841868678
084186866
0841868641
0841868480
0841868399
0841868086
0841867688
0841867351
0841867334
0841867294
0841867134
0841866850
0841866617
0841866577
0841866362
0841866359
0841866247
0841865992
0841865955
0841865251
0841865015
0841864846
0841864645
0841863803
0841863480
0841863044
0841862944
0841862793
0841862781
0841862228
0841861945
0841861491
0841861405
0841861401lk;
084186130
0841861197
0841860979
0841860907
0841860261
0841860229
0841860026
0841860002
0841859185
0841858800
0841858229
0841857612
0841857399
0841857263
0841856958
0841856822
0841856689
0841856667
0841856435
0841856191
0841855789
0841855692
0841855558
0841855297
0841855284
0841854963
0841854945
0841854823
0841854763
0841854749
0841854585
0841854537
0841853525
0841853001
0841852961
0841852911
0841852765
0841852474123987
0841852220
0841851715
0841851676
0841851542
0841851411
0841851369
0841851169
0841851126
0841850682
08418502624382
084185
0841849885
0841849842
0841849332
0841849284
0841849044
0841848875
0841848628
0841848535
0841848404
0841848389
0841848283
0841848238
0841848140
0841848014
0841847920
0841847534
0841847518
0841847333
0841847138
0841846926
0841846902
0841846622
0841846567
0841846498
0841846440
08418459213
0841845811
0841845710
0841845509
0841844927
0841844721
0841844515
0841844503
0841844307
0841843946
0841843828
0841843667
0841843437
0841843364
0841842811
0841842767
0841842696
0841842617
0841842358
0841841970
0841841729
0841841194
0841840970
0841840690
0841840255
0841840038
0841840010
084184
0841839842
0841839789
0841839352
0841839350
0841839102
0841838917
0841838235
0841838212
0841837997/a
0841837762
0841837741
0841837636
0841837439
0841837370
0841837293
0841837267
0841837123
0841836791
0841836693
0841836678
0841836650
0841836570
0841835918
0841835840
0841835501
0841835328
0841835261
0841835003
0841834403
0841834214
0841834030
0841833979
0841833894
0841833839
0841833835
0841833634
0841833404
0841833261
0841832749
0841832655
0841832518
0841832280
0841832247
0841831825
0841831824
084183176
0841831366
0841831213
0841831198
0841831026
0841830924
0841830785
0841830139
0841829923
0841829670
0841829658
0841829641
0841829631
0841829306
0841829262
0841829044
0841829033
0841829018
0841828660
0841828517
0841828509
0841828199
0841827812
0841827557
0841827519
0841827499
0841827224
0841826800
0841826779
0841826736
0841826640
0841826603
0841826501
0841826404
0841826172
0841826136
0841825638
0841825552
0841825542
0841825531
0841825327
0841824886
0841824187
0841824118
0841823788
0841823770
0841823435
0841823421
0841822965
0841822930
0841822718
0841822605
0841822585
0841822558
0841822530
0841822219
0841822179
0841821847
0841821238
0841821050
0841820843
0841820356
0841820029
084182
0841819936
0841819896
0841819880
0841819746
0841819420
0841819269
0841819202
0841819141
0841818898
0841818677
0841818644
0841818551
0841818518
0841818120
0841818013
0841817989
0841817872
0841817751
0841817708
0841817183
0841817127
0841816985
0841816766
0841816530
0841816440
0841816323
0841816264
0841816235
0841816025
0841815971
0841815771
0841815039
0841814781
0841814704
0841814437
0841814087
0841814027
0841813489
0841813254
0841812860
0841812779
0841812483
0841812402
0841812303
0841812181
0841812040
0841812026
0841812025
0841811954
0841811842
084181163
0841811612
0841811573
0841811497phet
0841811481
0841811281
0841810994
0841810865
0841810741
0841810711
0841810390
0841810388
0841810379
0841810207
0841810188
0841810162
0841810033
0841809965
0841809848
0841809823
0841809118
0841809034
0841809026
0841808417
0841808380
0841808149
0841808141
0841807804
084180759
0841807284
0841807270
0841807246
0841807219
0841807063
0841806708
0841806694
0841806662
0841806632
0841806592
0841806135
0841806028
0841805910
0841805878
0841805847
0841805747
0841805706
0841805562
0841805536
0841805464
0841805261
0841805143
0841805139
0841805016
0841804714
0841804535
0841804514
0841804358
0841804286
0841804183
0841803831
0841803759
0841803349
0841803180
0841802829
0841802399
0841801894
0841801852
0841801823
0841801635
0841801441+77sf
0841801290
0841801186
0841801151
0841800945
08418008709
0841800654
0841800601
0841800488
0841800362
0841800224
0841800189
0841800125
084180
0841799795
08417995121234
0841799236
0841799148
0841799050
0841798909
0841798543
0841798484
0841798163
0841797969
0841797387
0841797113
0841796609
0841796584
0841795991
0841795903
0841795797
0841795761
0841795727
0841795480
0841795086
0841794959
0841794349
0841794279
0841793840
0841793685
0841792567
0841792385
0841792253
0841791631
0841791306
0841791280
0841790884
0841790816
0841790656
0841790546
0841790446
0841790218
084179
0841789909
0841789710
0841789641
0841789615
0841789346
0841788971
0841788781
0841788690
0841788658
0841788412
0841788129
0841788070
0841788053
0841787784
0841787759
0841787534
0841787117
0841787058
0841787009
0841786978
0841786495
0841786269
0841785798
0841785510
0841785013
08417849
0841784788
0841784614
0841784595
0841784452
0841783621
0841783602
0841783465
0841783445
0841783353
0841783067
0841782981
0841782858
0841782404
0841782393
0841782176
0841781750
0841781732
0841781705
0841781703
0841781231
0841781173
0841781150
0841780886
0841780837
0841780656
0841780633
0841780587
0841780023
0841779995
08417798432531
0841779692
0841779450
0841779338
0841779202
0841779199
0841779123
0841778801
0841778798
0841778519
0841778229
0841778180
0841778062
0841778037
0841777994
0841777516
0841777254
0841777221
0841777060
0841776871
0841776520
0841776344
0841776259
0841776084
0841775982
0841775448
0841775080
0841775046
0841775013
0841774920
0841774854
0841774711
0841774665
0841774461
0841774208
0841774123
0841774033
0841773942
0841773918
0841773852
0841773782
0841773757
0841773610
0841773413
0841773393
0841773362
0841773064
0841773
0841772894
0841772854
0841772792
0841772746
0841772736
0841772637
0841772583
0841772550
0841772473
0841772457
0841772452
0841772443
0841772366
0841772360
0841772359
0841772217
0841772203
0841772201
0841771638
0841771580
0841771547
0841771150
0841770993
0841770828
0841770815
0841770811
0841770801
0841770620
0841770438
0841770429
0841770418
0841770290
0841769709
0841769609
0841769596
0841769549
0841769392
0841769220
0841769017
0841768903
0841768632
0841768382
0841768314
0841768188
0841767954
0841767495
0841767453
0841767396
0841767387
0841766502
08417664286428
0841765829
0841765818
0841765221
0841765211
0841765165
0841765117
0841765032
0841764953
0841764824
0841764804
0841764793
0841764757
0841764171
084176410
0841764093
0841763884
0841763772
0841763524
0841763325
0841763244
0841763153
0841763121
0841763008
0841762902
0841762794
0841762649
08417625136
0841762465
0841762462
0841762015
0841761990
0841761893
0841761754
0841761715
0841761572
0841761477
0841761473
0841761330
0841761272
0841761141
0841760897
0841760659
0841760576
084176
0841759938
0841759867
0841759627
0841759610
0841759588
0841759328
0841759219
0841759123
0841758989
0841758550-
0841758536
084175842735
0841758274
0841758215
0841758157
0841758008
0841757995
0841757875
0841757813
0841757708
0841757618
0841757440
0841757328
0841757269
0841756580
0841756541
0841756277
0841756087
0841755921
0841755915
0841755816
0841755740
0841755734
0841755273
0841755250
0841755045
0841755030
0841755003
0841754910
0841754776
0841754661
0841754548
0841754507
0841754496
0841754495ka
0841754416
0841754373
0841754123
0841753343
0841753136
0841753042
0841752733
0841752688
0841752533
0841752440
0841752325
0841752141
0841752086
08417519445
0841751929
0841751595
0841751502
0841751453
08417514442550
0841751096
0841751
0841750988
0841750956
0841750924
0841750827op
0841750827
0841750657
0841750552
0841750471
0841750030
084175
0841749945
0841749528
0841749523
0841749073
0841749067
0841748503
08417484811914
0841748363
0841748234
0841748230
0841748183
0841748163
0841747921
0841747878
0841747814
0841747709
0841747572
0841747358
0841747356
08417467190
0841746549
0841746142
0841745926
0841745808
0841745698
0841745690
0841745677
0841745467
0841745153
0841744961
0841744871
0841744708
0841744701
0841744641
0841744619
0841744098
0841744066
0841743969
0841743915
0841743708
0841743559
0841743420
0841743114
0841743080
0841743
0841742878
0841742799
0841742459
0841742176
0841742008
0841741896
0841741888
0841741652
0841741576
0841741487
0841741340
0841741303
0841741224
0841740886
0841740838
0841740772
0841740562
0841740498
0841740068
084174
0841739878
0841739812
0841739569
0841739298
0841739202
0841739188
0841739148
0841738694
0841738528
0841738478
0841738427
0841738388
0841738281
0841738220
0841738143
0841738121
0841737545
0841737535
0841737516
0841737302
0841737294
0841736695abc
0841736421
0841736357
0841736329
0841736274
0841736263
0841736125
0841736058
0841735677
0841735504
0841735410
0841734690
0841734487
0841734427
0841734306
0841734037
0841733994
0841733817
0841733759
0841733683
0841733363
0841733235
0841733072
0841732856
0841732849
0841732847
0841732641
0841732577
0841732284
0841732160
0841731880
0841731850
084173184
0841731836
0841731368
0841731280
0841731140
0841731087
0841731040
084173095
0841730949
0841730694
0841730434
0841730402
0841730353
0841730323
0841730267
0841730099
0841729755
0841729627
0841729577
0841729422
0841729341
0841729266
0841729186
0841729004
0841728903
0841728902
0841728735
0841728281
0841728184
0841727782
0841727554
0841727551
0841727504
0841727416
0841727412
0841727241
0841727064
0841726709
0841726590
0841726506
0841725821
0841725620
0841725158
0841724885
0841724850
0841724539
0841724464
0841724374
0841724257
0841724170
0841724076
0841724065
0841724008
08417239955
0841723574
0841723390
0841723211
0841723103
0841722871
0841722852
0841722792
0841722624
0841721745pj
0841721490
0841721358
0841721353
0841721045
0841721030
0841720907
0841720681
0841720499
0841720400
0841720262
0841720244
0841719920
0841719770
0841719579
0841719118
08417190621
0841718954
0841718945
0841718876
0841718866
0841718805
0841718804
0841718778
0841718736
0841718159
0841717958
0841717893
0841717815
0841717761
0841717736
0841717374
0841717251
0841717148+041717
0841717086
0841717043
0841716740
0841716590
0841716490puy
0841716427
0841716368
0841716270
0841716172
0841716156
0841716010
0841715975
0841715945
0841715789
0841715438
0841715318
0841715239
0841715117
0841715033
0841715012
0841714782
0841714717
0841714293
0841714273
0841714265
0841714022
0841713882
0841713880
0841713654
0841713650
0841713389
0841713016
0841712931
0841712765
0841712649
0841712604
0841712595103
0841712274
0841712154
0841711926
0841711543
0841711535
0841711202BEE
0841711067
0841710881
0841710722
0841710589
0841710418
0841710318
0841710277
084171
0841709939
0841709842
0841709743
0841709466
0841709311na
0841709088
0841708947
0841708840
0841708832
0841708778
0841708642
0841708302
0841707862
0841707494
0841707338
0841707239
0841707226
0841706948
0841706808
0841706695
0841706592
0841706460
0841706166
0841706063
0841705808
0841705799
0841705788
0841705564
0841705503noomonk
0841705154
0841705124
0841704859
0841704574
0841704549
0841704460
0841704372
0841704351
0841704204
0841704049
0841704039
0841703864
0841703648
08417036
0841703250
0841703188
0841703068
0841703061
0841702893
0841702866
0841702829
0841702540
0841702505
08417023800
0841702089
0841701647
0841701573
0841701499
0841701339
084170126217270
0841701126
0841700991
0841700580
0841700406
0841700316
0841700306
0841700299
0841700284
0841700143
0841700028
0841699805
0841699681
0841699334
0841699079
0841699072
0841699059
0841698935
0841698920
0841698895
0841698857poo
0841698814
0841698621
0841698531
0841698454
0841698375
0841698315
0841698303
0841698296
0841698178
0841698062
0841697956
0841697513
0841697038
0841696992
0841696784
0841696768
0841696578
0841696577
0841696568
0841696194
0841695796
0841695730
0841695576
0841695067
0841694983
0841694860
0841694645
0841694576
0841694548
0841694385
0841694381
0841694361
0841693887
0841693712
0841693583
0841693441
0841693101
0841692474
0841692094
0841691973
0841691812
0841691779
0841691755
0841691582
0841691445
0841691370
0841691347
0841691327
0841691235
0841691232
0841691179
0841690979
0841690745
0841690625
0841690523
0841690464
0841690170
0841690163
0841690135
0841690122
08416900410
0841689709
0841689494
0841689330
0841689080
0841689001
0841688523
0841688447
0841688313
0841687057
0841686841
0841686291
0841685886
0841685824
0841685537
0841684351
0841684195
0841684165
0841683940
0841683712
0841683364
0841683220
0841682766
0841682543
0841682481
0841682325
0841681532
0841681223
0841681064
0841680831
0841680692
0841680589
0841680426
0841680285
0841679238
0841679012
0841678360
0841678213
0841678098
0841677836
0841677689
0841677541
0841677324
084167687
0841676568
0841676340
0841676242
0841675929
0841675618
0841675085
0841674745
0841674281
0841674054
0841673964
0841673819
0841673675
0841673360
0841673339
0841673041
0841672701
0841672515
0841672287
0841672110
084167207
0841671618
0841671601
0841671562
0841670873
0841670842
0841670655
0841670514
0841669847
0841669826
0841669668
0841669664
0841669409
0841668941
0841668846
0841668790
0841668751
0841668606
0841668458
0841668267
0841668025
0841667990
0841667704
08416674140
0841667385
0841667294
0841667262
0841666704
0841666455
0841665978
0841665805
0841665417
0841665414
0841665218
0841664b
0841664914
0841664510
0841664464
0841664447
0841664441
0841664440
0841664297
0841664028
0841664012
0841663692supin
0841663490
0841663261
0841663042
0841662990
0841662136
0841662097
0841662071
0841661925
0841661797
0841661370
0841661062
0841660800
0841660639
0841660034
0841659417
0841659024
0841658862
0841658431
0841658116
0841658067
0841657216
0841657202
0841657159
0841657079
0841656480
0841656466
0841656443
0841656366
0841656253
0841656093
0841655752
0841655730
0841655677
0841655060
0841654913
0841654790
0841654743
0841654647
0841654642
084165456500
0841654199
0841654058
0841653935
084165369_tito
0841653675
0841653507
0841652813
0841652613
0841652566
0841652478
0841652161
0841652087
0841652051
0841651955
0841651925
0841651769
0841651742
0841651492
0841651393
0841651283
0841651268
0841650908
0841650885
0841650800
0841650737
0841650501
0841650401
0841649634
0841648774
084164868
0841648560
0841648400
0841648287
0841648265
084164807825
0841647859
0841647778
0841647678
0841647649
0841647622
0841647599
0841647098
0841646770
0841646497
0841646443
0841646075
0841645758
084164