703080
0822703055
0822703038
0822702995
0822702249
0822702148
08227004
082270
082269b
0822695951
0822692110
0822691475
0822691303
0822690086
0822690
0822686836
0822686691
0822685628
0822685401
0822685021
0822683725
0822682615
0822677099
0822675489
0822674212
0822669054
0822668082
0822667656
0822663588
0822663436
0822661815
0822661291
0822657681
0822657288
0822657089
0822656435
0822655601
0822655583
0822654960
0822652430
0822652384
0822651163
0822650592
0822649139
0822648315
0822647602
0822647315
0822646399
0822645263
0822642812
0822642295
0822642024
0822640512
082263Gidget
0822638211
0822637246
0822630910
0822630133
0822629919
0822628322
0822627279
0822626238
0822624888
0822623930
0822622412
0822621832
0822621132
0822621025
08226208
0822620529
0822620462
0822618474
0822618094
0822618087
0822618018
0822617419
0822616422
0822616164
0822615519
0822614856
0822613037
0822611768
0822611752
0822609908
0822609644
0822608828
0822608782
0822608542
0822608434
0822608254
0822608171
0822606005
0822605672
0822604104
0822603657
08226033
0822603130
0822601980
0822601843
08226
0822599656
0822597044
0822591697
0822591412
0822589117
0822588665
0822586408
0822585169
0822585047
0822585020
0822583947
0822582648
0822582366
0822581625
0822580424
0822579491
0822577150
0822576568
0822574720
0822570327
082257
0822568492
0822567029
0822566505
0822564252
0822562127
0822562117
0822561741
0822561447
0822561439
082256
0822559919
0822557858
0822556447
0822554501
0822554211
0822554177
0822553689
0822553
0822551622
0822551393
0822550768
082255
08225493
0822542538
0822540120
082253
0822527345
0822527
0822525748
0822525138
0822525
0822522072
082252
0822515944
0822513879
08225111
0822510869
082250e
0822509613
0822509311
0822508989
0822507577
0822505090
0822504193
0822503220
0822502751
0822502330
0822502089
0822501017
0822497106
0822496951
0822496525
0822496245
0822496014
0822495461
0822492707
0822490491
0822490210
0822490132
082249
0822489550
082248903
0822486367
0822486045
0822485516
0822483017
0822481752
0822481125
0822479479
0822479249
0822475880
0822474806
0822474157
0822473276
0822472410
0822472403
0822472252
0822471202
0822470146
0822470094
08224691488
0822468728
0822466833
08224665
08224655
0822464609
0822464466
0822464350
0822460122
0822458944
0822457293
0822456077
0822455006
0822454425
0822454265
0822453646
0822453384
0822448757
0822448709
0822448371
0822448310
0822447928
0822447586
0822447266
0822446325
0822445694
0822444713
0822444284
0822443824
0822443360
0822442540
0822442527
0822441947
0822441704
08224415
0822441492
0822441410
0822440677
0822440183
0822440025
082244
0822439918
0822438137
0822437843
0822437681
0822437537
0822435063
0822435025
0822434817
0822434217
0822433881
0822433743
0822433453
0822433402
0822433379
0822433047
0822430700
0822430664
0822429986
0822429418
0822429223
0822426339
0822425389
0822425154
0822425143
0822423519
0822423233
0822421843
0822421618
08224214
0822421234
0822420371
0822419548
0822419
0822418920
0822418773
0822418487
0822418150
0822418044
08224167
0822416233
0822415677
082241335
08224132
0822413
0822412512
0822412484
0822410906
0822410592
0822407931
0822407202
0822406497
0822406427
0822405393
0822403954
0822402646
082240
0822399528
0822398639
0822395636
0822395565
0822392525
0822391036
0822385855
0822381433
0822379700
0822379513
0822378737
0822377801
08223743013p
08223743013
08223708
0822369840
0822366716
08223666
082236548859
0822359
082235458
0822351089ning
0822345464
0822344872
0822344492
0822344452
0822342926
082234056789
0822340522
0822339362
0822338475
0822337613
0822336316
0822335857
0822335578
0822333858
0822333462
0822332980
0822332934
0822331163
0822331132
0822330448
0822330167
082233
0822329860
0822328255
0822328027
0822326587
0822326218
0822325453
0822325022
0822323770
0822323619
08223228
0822322771
0822322584
0822322571
0822322482
0822322328
0822322272
0822322051
0822322040
0822322036
0822322010
0822321809
0822321147
0822320902z
0822320495
0822320492
0822320454
0822320163
0822319447
08223181
0822318031
0822316707
0822316133
0822315857
0822315667
0822314780
0822313807
0822313670
0822312133
0822311821
08223100
082230yu
0822308482
0822308381love
08223082
0822308088
0822306962
0822306048
08223056
0822304908
0822303090
0822302919
0822302314
0822301364
0822301271
0822301067
08222aes
0822299325
0822298943
0822298627
0822298403
0822297rg
0822297372
0822297280
0822296700
0822295502
0822294652
0822294312
0822294
0822293621
0822292195
0822290796
0822290426
0822290405
0822290339
0822289143
0822288918
0822278994
0822277599
0822275496
0822275268
0822274221
0822273961
0822271823
0822270132
0822269841
0822267895
0822267578
0822267379
0822266772
0822265690
0822264932
0822262090
0822261129
0822258872
0822258091
0822258067
0822257764
08222534
0822252925
0822252641
0822252522
0822252008
08222492
082224236248
0822242088
0822242071
0822241257
0822235569
0822234j
0822234220
0822232954
08222327
0822231557
0822231105
082222j
08222299
0822222
08222210
0822220555
0822220522
082221NYD
0822218875
0822217360
0822217136
0822217049
0822214319
0822213725
0822213
0822212701
08222120
082220tatta
0822209957
0822209432
0822206338
0822203655
0822203287
0822203285
08222009
08222002j
08221997
08221996
082219944714
0822199330
08221992a
08221991jm
08221991d
08221991bs
0822199089
08221989
08221986s
0822198143
0822197871
082219769564
08221976
08221975
08221973
08221971
08221970
08221968e
08221968
08221964
08221946
08221945
0822193649
08221923
08221908
0822189982
08221899
0822188323
0822186815
0822186602
0822183128
0822183069
0822182848
0822182826
0822182816
0822182513
0822174965
0822166639
0822164644
0822164514
0822164381
0822161992
0822161499
0822161178
0822160486
0822154535
0822151149
0822150957
08221507
0822149144
0822146052
08221454
0822141559
082214126
0822140300
082213cm
0822139131
0822137500
0822137342
0822136728
0822135750
0822135256
0822135107
0822132836
0822132701
08221314
0822130460
0822129353
0822128539
0822128142
0822127973
08221272
0822126394
0822126123
0822125606
0822124953
0822124832
0822124789
0822124616
0822123271
0822123233
0822123033
0822122909933
08221228
0822121ai
0822121943
08221218e
0822121303
0822121284
0822120900
0822119877
0822119836
0822119780
0822119529
0822119030
0822117574
0822117264
0822116477
0822115192
0822114950
0822114313
0822114252
0822113887
0822113615
0822113592
0822113133
08221128
0822112620
0822112411
0822112316
0822111899
0822111659
08221103
0822110220
0822110078
0822110076
0822110071
0822110048
0822109121
08221090
0822108960
0822108686
0822108144
0822107197
0822107191
0822106881
0822106744
0822106377
0822105966
0822105181
0822105029
0822104244
0822103787
08221024
0822102151
0822102110
08221013
0822101026
08221003
08221002
0822100122
0822100101
0822097859
0822097399
0822097359
0822097199
0822096914
0822096200
0822094940
0822093351
0822093205
0822092d
08220927
0822091574
0822090930
0822090509
0822090313
0822090201
082208dj
082208J
0822089234
0822088968
0822088684
0822088218
0822088112
0822088022
0822087850
0822087460
0822086557
0822086246
0822085357
0822085121
0822084468
0822083441
0822083128
0822082876
08220826
0822082235
082208220822
0822082
0822081943
0822081203
0822080885
08220804
082207kc
0822078845
0822078797
0822078482
0822078087
0822077706
0822076010
0822075r
0822075992
0822075841
0822075334
0822074947
0822074605
0822074214
0822073061
08220730
0822072846
0822072830
08220724
0822072349
0822071600
08220714
0822071338
0822070443
082206vip
082206js
0822069399
0822069172
0822069
0822068913
0822068447
0822068432
0822068165
0822067503
0822067196
0822066509
0822066067
0822065483
0822063549
0822063224
0822063068
0822062841
0822062538
0822062199
0822061863
0822061813
0822061184
08220609
0822060817
082205ht
082205fg
082205e
082205bh
0822059689
0822059075
0822059066
0822058632
0822058123
0822056884
0822056418
0822055877
0822054456
0822054010
0822053826
0822053804
0822052523
0822051539
0822051373
0822050155
08220501
082204s
082204rjm
082204cp
0822048359
0822047436
0822047101
0822046697
0822046178
0822044127
0822044095
0822043326
0822042524
0822041180
08220410
0822040031
082203b
082203andy
0822039569
0822038503
0822038496
0822037024
0822036418
0822035303
0822034206
0822033998
0822033953
0822033839
0822033525
0822033321
0822033007
0822032772
0822031807
0822031773
0822031136
082202m
082202k
082202960
0822029337
0822028891
0822028837
0822028807
0822028702
0822028142
0822027412
0822027172
0822027060
0822026898
0822025763
0822025420
0822025289
0822024830
0822024752
0822024729
0822024582
0822024352
0822023697
0822022848
0822022825
0822022774
0822022700
0822021889
0822021816
0822021693
0822021458
0822021400
0822021269
0822021180
0822020997
0822020850
0822020836
0822020797
0822020705
0822020690
08220205
082202044
0822019962sai
0822019724
0822019630
0822019441
0822019190
0822018551
0822018501
0822018441
0822018425
0822018380
0822018057
0822018042
0822017980
0822017811
0822017262
0822017233
0822017199
0822016286
0822015687
0822015373
08220152
0822015020
0822014265
0822014002
0822013833
0822013829
0822013703
0822013329
08220125
0822012488
0822011866
0822011390
0822011237
0822011163
082201072103
0822009974
0822009767
0822009363
0822009118
0822009
0822008872
0822008626
0822008459
0822007606
0822007384
0822007017
0822007
0822006764
0822006619
0822006539
0822006226
0822005727
0822005447
0822004990
0822004465
0822003467
0822003432
0822003239
082200279708
0821xym
0821vincent
0821tyme
0821tree
0821tk
0821sonmivida
0821slb
0821reagan
0821mj
0821mimi
0821lrf
0821lj
0821lf
0821lexy
0821laur
0821kyy
0821jr
0821hazer
0821fhlnd
0821ethan
0821dj
0821dcgv
0821dblue
0821chris
0821chad
0821bezzy
0821akmm
0821ac
0821_0318
0821CS
082199h
082199a
0821999397
0821998944
0821993233
0821988919
0821988474
0821986657
0821982170
0821982057
0821981874
0821980809
082197hw!
0821979099
0821978493
0821977980
0821974725
0821973382
0821971130
082196c
082196ash
0821969116
0821968492
0821968348
0821965417
0821960273
082195rnk
082195didox
082195a
0821959912
0821959564
0821958719
0821958604
0821957879
0821957583
08219552
0821953990
0821953400
0821953365
0821952499
0821951415
0821951097
0821950059
082194so
082194l
082194escalante
0821946017
08219405
082193v
082193sab
082193jeka
0821937212
08219371
0821934366
0821932860
0821931695
0821930914
082192yellie
082192e
082192a
0821928806
0821926829000
0821925382
0821925364
0821925177
0821925001
0821923833
0821923453
0821923200
0821923145
0821922213
0821920228
082191s
082191m
082191db
082191bd
082191ana
082191K
0821919419
0821919399
0821916052
0821915719
0821912494
0821912253
0821911451
0821911191
0821911189
0821910154
082190t
082190k
082190anc
082190a
0821909123
0821904258
0821903806
0821903253
0821903249
0821902948
0821902818
08219011
082189MARLON
0821899651
0821898189
0821897564
0821894547
0821893872
08218907
082188r
082188lo
082188j
0821889967
0821889146
08218887310
0821887992
0821887431
0821886024
0821885356
0821884244
08218837
0821883088
0821882701
0821882428
0821882270
0821881842
0821881704pui
0821881584
0821881464
0821880596
0821879426
0821877370
0821876554
0821874660
0821874497
0821873786
0821873756
0821873402
0821872782
0821867767
0821867115
0821865830
0821865182
08218640802357
0821863961
08218622
0821861744
08218613
0821861207
082185mary
082185cel
082185bl
0821858829
0821857396
0821856371
0821856310
0821855768
0821855025
0821854784
0821854691
0821854632
0821854606
0821853230
0821852952
0821852879
0821852264
0821852101
0821851959
0821851404
0821851283
0821851082
0821850890
08218507
0821850648
082184love
082184jlb
0821849835
0821849812
0821849594
0821849313
0821849296
0821849214
0821848755
0821848221
0821847235
0821846457
0821846085
0821845717
082184420
0821843676
0821842492
0821842031
0821840588
0821840362
0821840247
082183sl
0821838443
0821838392
0821838356
0821838022
0821837335
0821837138
0821837129
0821836782
0821836516
0821835641
0821835452
0821835059
0821834964
0821834751
0821834613
0821832718
0821832397
0821832122
0821832059
0821831858
0821831849
0821831716
0821831655
0821831593
0821830872
0821830508
08218304
0821830390
0821830297
0821830229
082182kc
0821829869
0821829174
0821828891
0821828140
08218275701212
0821824935
0821823982
0821823954
0821822411
0821822302
0821821670
0821821464
0821821202
0821821191
0821820528
0821820070
082181nyx
0821819767
0821819390
0821819241
0821818599
0821818058
0821817478
0821817127
0821816629
0821816599
0821816249
0821815974
0821814841
0821814681
0821814651
0821811817
0821811600
0821811277
0821811091
0821811015
0821810858
0821810655
0821810539
0821810464
082180E
0821809047
0821809005poo
0821808590
0821808442
0821807500
0821806812
0821805263
0821804896
0821804853
0821804581
0821804087
0821803983
0821802583
0821802458
0821802406
0821802256
0821801846
0821801569
0821801506
0821801453
0821801423
0821801344
0821801255
08218
08217lm
082179a
08217946904690
0821792911
0821792845
0821790780
0821788853
0821788804
0821788551
0821787279
0821787035
0821785890
0821784480
0821784140
0821781892
0821781732
0821781465
082177kids
0821779729
0821778379
0821778217
0821777564
0821777452
0821777293
0821776422
0821774460
0821774244
0821773121
0821772677
0821770708
0821770522
0821770375
082176rM
082176el
0821769338
0821769091
0821768609
0821767451
0821767293
0821766991
0821766578
0821766460
0821766307
0821765772
0821764878
0821763080
0821762619
0821762218
0821760994
082175dlk
082175d
0821758847
082175819
0821757998
0821755793
0821755622
0821753239
0821752322
0821751843
0821751755
0821751627
0821751418
0821751216
082174d
0821749920
0821746613
0821746157
0821744768
0821740483
0821733035
0821729897
0821729167
0821728192
0821727895
0821727806
0821727209
0821727176
0821727
0821726805
0821725863
0821725765
0821725232
0821725228
0821725098
0821724166
0821723425
0821723272
0821722632
0821720701
082171@@
0821716208
0821716089
0821715417
0821714338
0821714101
0821713286
0821712053
0821711930
0821711752
0821711193
0821711124
0821710442
0821710203
0821709886
0821709202
0821709121
0821708292
0821708095
0821707100
0821707082
0821706990
0821706738
0821705361
0821703576
0821703260
0821703128
0821703102
0821702922
0821702750
0821702524
0821700041
0821699356
0821699321
0821699113
0821698843
0821698674
0821698191
0821697959
0821697029
0821696938
0821696855
0821695433
0821695312
0821693454
0821692549
0821691715
0821690603
0821690
082168j
0821689752
0821687084
0821685882
0821685041
082168470
0821683807
0821682736
0821681077
0821681017
0821680052
0821680027
0821679290
0821678131
0821677726
0821677160
0821676909
0821674413
0821674152
0821673949
0821673945
0821673871
0821673352
0821673258
0821672571
0821672290
0821671884
0821671018
0821670048
0821669616
0821669007
0821668566
0821668546
0821668475
0821667576
0821667212
0821667022
0821666872
0821666430
0821666123
0821666039
0821665409
0821664641
0821663844
0821663586
0821662685
0821662593
0821661789
0821661758
0821660893
082166062964
0821660233
082166
0821659931
0821657966
0821657923
0821657440
0821656959
0821656700
0821655130
0821654641
0821653996
0821653054
0821650715
0821650610
0821650335
0821650268
0821649338
0821649140
0821648098
0821648029
0821647174
0821647062
0821645214
0821644769
0821644766
0821644650
0821642807
0821642452
0821640814
0821640718
0821640543
0821639279
0821639093
0821639062
0821638352
0821638190
0821638185
0821638124
0821637410987
0821637388
0821635505
0821635280
0821634383
0821634082
0821633904
0821633780
0821633354
0821633117
0821631736
0821630883
0821630738
0821630591
0821630244
0821630158
082162tb
0821629807
0821628748
0821628355
0821628099
0821626589
0821626568
0821625935
0821625262
0821624804
0821622766
0821622181
0821621990
0821621857
0821621140
0821621
0821620356
0821620236
0821620037
0821619737
0821619703
0821619653
0821619515
0821619114
0821618368
0821618134
0821617455
0821616719
0821616676
0821614414
0821614199
0821613781
0821613761
0821613576
0821613229
0821612773
0821612556
0821612528
0821612517
0821612370
0821611822
0821611741
0821611609
0821611480
0821611419
0821606884
0821606317
0821606311
0821605361
0821604938
0821604829
0821604730
0821603978
0821602122
0821601725
0821601312
0821600795
0821600698
0821600515
0821600014
0821598914
0821598873
0821597350
0821595712
0821595200
0821595110
0821593969
0821593591
0821592909
0821591744
0821591570
0821590440031
0821589324
0821589284
0821586923
0821583851
0821583484
0821582938
082158
0821579132
0821576318
0821574889
0821574707
0821574181
0821572536
0821570682
0821570282
082156de
082156a
0821568608
0821568392
0821568254
0821567401
0821566796
0821565661
0821562262
0821555867
0821555822
0821555084
0821554800
082155431
0821550183
082155
0821544434
0821544241
0821543662
0821540696
0821540624
082154
0821539896
0821539432
0821538843
0821538639
0821538636
0821538481
0821538021
0821537813
0821537734
0821537513
0821537479
0821537167
0821536599
0821536040
0821533879
0821533588
082153
0821526229
0821525660
0821524782
0821520771
082152
0821518863
0821517929
08215171
0821515882
0821515751
0821515704
0821515415
0821513394
0821512871
08215127
0821511707
0821511089
0821507767
0821506713
0821504968
0821504069
0821504002
0821503034
0821502312
0821502030
0821501938
08215018
0821501053
0821500041
0821496399
0821494855
082149407
0821493920
0821493084
0821491226
082149
0821489844
0821489818
0821489657
0821488842
0821485628
0821484741
0821484717
0821484357
0821483325
0821482799
0821482716
0821482210
0821482141
0821481958
0821481494
0821478
0821476957
0821476642
0821476179
0821476009
0821475447
0821475169
0821475109
0821475096
0821474948
0821474946
0821474908
0821474753
0821474557
0821474469
0821474419
0821470043
0821469366
0821468120
0821466224
0821465803
08214656
0821465496
0821465183
0821463072
0821458161
0821457912
0821457325
0821456873
0821456781
0821455675
08214542
08214538
0821453263
0821452883
0821451814
0821450617
0821450604
0821450435
0821449859
0821449842
0821449416
0821449390
08214493361
0821449311
0821449078
0821448682
0821448603
0821448307
0821448127
0821447763
0821447687
0821447417
0821447391
0821447242
0821447148
0821447110
0821446995
0821446930
0821446680
0821446646
0821446629
0821446624
0821446614
0821446604
0821446590
0821446566
0821446560
0821446224
0821445453
0821444904
0821444753
0821443650
0821443559
0821443132
0821442240
0821441430
0821441377
0821440649
0821440045
0821439032
0821438305
0821435419
0821433466
0821433381
0821433358
0821432144
0821431901
0821431
0821430702
0821430664
0821429337
0821429072
0821427824
0821427746
0821427142
0821427094
0821426877
0821426708
0821426604
0821426193
0821425686
0821425465
0821425463
0821425107
0821424964
0821424474
0821424287
0821424232
0821424208
0821423781
0821422329
0821422106
0821421874
0821421624
0821421535
0821420965
0821420760
0821420508
0821420428
0821420242
0821419982
0821419730
0821419332
0821418735
0821418550
0821417233
0821417041
0821417038
0821416989
0821416385
0821415758
0821415616
0821414351
0821414020
0821413406
0821413405
0821412877
08214123
0821411816
0821411696
0821411571
082141
0821409088
0821408346
0821408198
0821407y
0821407r
0821407144
0821406120
0821404475
0821404474
0821403193
0821401522
0821400848
0821400681
0821400527
082140028
0821400027
0821400015
0821398
082139
0821389139
0821386879
0821383513
0821380011
0821378979
0821378916
0821377177
0821376211
0821376014
0821372246
0821371205
0821370270
082137
0821369
0821368407
0821367957
0821366136
0821363966
0821363638
0821363056
0821362142
0821361065
0821360460
0821359362
0821359334
0821359110
0821356707
0821356205
0821356053
0821355007
0821354303
082135397
0821353691
0821352575por
0821352284
0821351734
0821351335
08213507123
0821348499
0821348117
0821347189
0821346523
0821346287
0821346250
0821345872
0821345431
0821344788
0821344769
0821344458
082134370822
0821341940
0821341566
08213415
0821340724
082134
0821339486
0821338687
0821338656
0821336673
0821335621
0821335178
0821335
0821334980
0821334782
0821334544
0821333877
0821331212
0821330400
0821329375
0821328966
0821328082
0821327925
0821327836
0821327137
0821326811
0821326338
0821325461
0821325416
0821324823
0821324300
0821322542
0821320285
0821317331
0821313783
0821313068
0821312441
0821311922
0821311297
0821310059
0821304389
08213031610808
08213018
0821301450
0821301343
0821301219
082130097
0821300617
0821300015
0821299938
0821299360
0821297767
0821297488
0821294492
0821292689
08212920
0821288376
0821287877
0821287715
0821285238
0821285154
0821284966
0821282774
0821282652
0821281730xxx
08212813
0821278658
0821278599
0821276733
0821276366
08212754kp
0821274249
0821273635
0821272496
0821272426
0821266689
0821264061
08212625
0821260joseryan
0821258292
0821257273
0821257020
0821255024
0821253892
08212535
0821253092
08212530
0821252994
08212528
08212526
0821248550
0821246515
0821246495
082124567890
0821244574
0821244087
0821243516
0821241798
0821241500
0821240012
0821239798
0821239652
082123949567
0821239313
0821238010
0821233124
0821232766
0821232392
0821232323
0821232312
0821231988
0821231874
0821231378
0821230476
08212302
0821230119
0821230052
0821229590
0821227884
0821227769
0821225193
0821222995
08212225
0821221933
0821220l!v€r
08212193624
0821217636
0821217384
0821216861
0821215802
0821215417
0821214543
0821214046
0821213902
0821212730
0821212182
0821211173
0821211092
0821210986
0821210807
0821210369
082121
0821209430
0821208736
0821207569
0821201525
08212009
0821200721
082120037622459
08212001
0821199939
08211996z
08211996
08211989m
0821198956
08211987t
08211987kk
08211985b
082119831983
08211981S
08211981G
0821197374
0821197161
08211970
08211968
08211967
08211965
08211957
0821192700
0821191718
0821190756
0821190160
0821187825
0821186575
0821186328
0821184738
0821184380
0821183641
0821183565
0821183436
0821182941
0821182293
0821182230
0821182041
0821181961
0821181887
0821181853
0821181701
0821181548
0821181369
0821181344
0821181269
0821180850
0821180822
0821180541
0821180369
0821179939
0821179505
0821177691
0821177124
0821176872
0821176871
0821175289
0821175079
0821174208
0821172974
08211709
0821167452
0821167440
0821166816
0821166342
0821165120
0821165118
0821165044
0821164833
0821164456
0821164191
0821164133
0821164
0821163602
0821162723
0821162677
0821162198
0821161600
0821161311
082116
0821159195
0821158994
0821158986
0821158047
0821157939
0821157760
0821157105
0821154556
0821154497
0821154345
0821152979
0821152940
0821152590
0821152245
0821152176
0821152155
0821152154
0821151945
0821151211
0821151125
0821151091
0821150991
0821150233
0821150059
0821149768
0821148576
0821148325
0821148094
0821148017
0821147548
0821147542
0821145451
0821145303
0821145013
0821144998
0821144808
0821144049
0821143594
0821143088
0821142456
0821142273
0821140041
0821138615
0821137804
0821137613
0821137582
0821134613
0821134162
082113373717
0821133084
0821133063
0821132922
0821132895
0821130524
0821130489
08211296
0821128747
08211280
082112522
08211227
0821122584
0821122201
082112210703mip
0821122
08211215
0821121485
08211205
082111991
0821118531
0821116415
0821116032
0821113613
0821113325
0821113037
0821112276
0821112243
0821111501
0821111410
08211111
0821111016
0821110800
0821110761
08211103
0821109685
0821108168
0821107712
0821107065
0821107041
0821104749
0821104121
0821103327
0821103268
0821102924
0821101967
0821101320
0821100692
0821100616
0821100447
08210jr
0821099245
0821098644
0821097658
0821096405
0821091884
0821090815
08210907
0821090588
082108l
0821089869
0821088912
0821086701
0821083593
08210823
08210822
08210821cc
0821081503
0821080665
0821080424
082107pArT
0821079607
0821079573
0821079039
0821078742
0821078580
0821078039
0821077922
0821077028
0821077024
0821076585
0821075728
0821073749
0821072801
0821072013
0821070652
0821070636
0821070195
0821070125
082106T
082106RC
0821069083
0821068648
0821068082
0821067801
0821067001
0821066741
08210666262533
0821066048
0821065362
0821065359
0821064023
0821063735
0821063465
0821063096
0821062386
0821061916
0821061422
0821061088
0821061006
0821060700
08210603
0821060030
0821059960
0821059830
0821059250
0821059245
0821058774
0821058432
0821057181
0821056929
0821056879
0821056693
082105336
0821053074
08210528
0821052578
0821052321
0821052008
0821051
082104tec
082104c
082104b
082104ad
082104ab
082104a
0821049751
0821048125
0821046413
0821045832
0821044203
0821043799
0821043575
0821043387
0821043090
0821042919
0821042769
0821042569
08210425
0821042085
0821041049
0821040569
082103jr
082103dc
082103d
0821039711
0821039608
0821039332
0821039
0821037954
0821037849
0821036192
0821034855
082103371
0821032730
08210325368
08210321
0821030784
0821030098
082102jll
082102ap
0821029343
0821029179
0821026683
0821026272
0821025028
0821024981
0821024595
0821024075
0821023183
0821022807
08210226
0821022466
0821022427
0821022053
0821022
0821021440
0821021308
08210211
082101jc
0821019958
0821019834
0821018981
0821018813
0821018801
0821018589
0821018466
0821016698
0821016685
0821015474
0821014407
0821013302
0821013198
08210111
08210108
0821010689
0821010459
0821009787bb
0821009242
0821009227
0821008712
0821007681
0821007674
0821007651
0821006288
0821005716
0821005651
0821005592
0821005420
0821005406
0821005334
0821005309
0821005023
08210048
0821004687
0821004659
0821004384
0821004342
0821004125
0821004042
082100374