9ny
08149j
08149ash
081499rv
081499jac
0814999866
0814999744
0814999314
0814998949
0814998557
0814998201
0814997851
0814997567
0814997470
0814997440
0814997328
0814997085
0814996560
0814996333
0814996
0814995516
0814995435
0814995296
0814995172
0814994847
0814994755
0814994521
0814994504
0814994188
0814994093
0814993675
0814993437
0814993276
0814993017
08149930
0814992989
0814992955
0814992436
0814991886
0814991822
0814991631
0814991566
0814991549
0814990928
0814990917
0814990764
0814990421
0814990248
0814990122
0814990110
0814990105
081498c
0814989080
0814989008
0814987843
0814987787
0814987439
0814986984
0814986861
0814985376
0814985288
0814985029
0814984771
0814984414
0814983963
0814983443
0814983114
0814983100
0814982473
0814982205
0814981926
0814981834
0814981270
0814981068
0814981030
0814980891
0814980663
0814980176
0814979728
0814979068
0814978435
0814978379
0814977926
0814977917
0814977894
0814977797
0814977490
0814976980
0814976912
0814976531
0814976453
0814976310
0814975456
0814974958
081497479310
0814974763
0814974509
0814974416
0814971907
0814971685
0814971438
0814971388
0814971362fon
0814971269
0814970390
0814970273
0814970111
081496CECE
0814969809
0814969658
0814969533
0814969098
0814968669
0814968349
0814968272
0814968257
0814967761
0814967625
0814967567
0814967386
0814967357
0814966473
0814966231
0814966047
0814965463
0814964944
0814964796
0814964292
0814964029
0814963747
0814963729
0814963546
0814963089
0814962765
0814962717
0814962370
0814962195
0814961763
0814961495
0814961392
0814960924
081495sw
081495rbf
081495j
081495956
0814959099
0814959042
0814958784
0814958387
0814958030
0814957608
0814957600
0814957484
0814956829
0814956722
0814955703
0814955680
0814955452
0814954956
0814954886
0814954066
0814953874
0814953806
0814953803
0814953516
0814953115
0814952559
0814952359
0814951535bank
0814951095
0814951050
0814950938
0814950600
0814950599
0814950209
0814950107
081494l
081494dy
0814949868
0814949720
0814949711
0814948844
0814948123
0814948089
0814947852
0814947662+0852369147
0814947292
0814947223
0814947186
0814947121
0814946968
0814946891
0814946184
0814945299
0814944910
0814943761
0814943684
0814943350
0814942941
0814942749
0814942659
0814942657
0814942205
0814941371
0814940918
0814939795
0814939714
0814939021
0814938560
0814938378
0814938154
0814937958
0814937708
0814937683
0814937334
0814937185
0814936965
0814936494
0814936365
0814936332
0814936192
0814935799
0814935672
0814935419
0814935367
0814935229*
0814933836
0814932774
0814932635
0814932550
0814932467
0814932359
0814932239
0814932027
0814930721
0814930644
08149305202524
0814930384
0814930173
081492s
081492j
081492g
081492f
081492bby
081492a
0814929854
0814928614
0814928232
0814928087
0814927959
0814927549
0814926580
0814926007
0814925914
0814925673
0814924990
0814924869
0814924678
0814924169
0814924022
0814923904
0814923751
0814923394
0814922978
0814922822
0814922533
0814922277
0814922250
0814922248
0814922117
0814920988
0814920622
0814920502
0814920382
0814920098
0814920090
081491JP
0814919966
0814919690
0814919379
0814919063
0814918881
0814918707
0814918696
0814918485
0814918077
0814917464
0814917434
0814917200
0814916276
0814916220
0814916170
0814916033
0814915882
0814915568
0814915407
0814914846
0814914804
0814914494
0814914194
0814913578
0814913562
0814913449
0814912978
0814912891
0814912417
081491231
0814911914
0814911287
0814911232
0814911197
0814910430
0814910382
081490tt
081490j
081490e
081490d
081490a
081490TT
0814909959
0814909804
0814909773
0814908930
0814908832
0814908431
0814908214
0814908185
0814907807
0814907
0814906976
0814906717
0814905533
0814905415
0814904862
0814904072
0814903594
0814903418
0814903367
0814903364
0814902754
0814902007
0814901892
0814901116
081489s
081489mr
081489mmll
081489ml
081489lo
081489l
081489k
0814899988
0814899875
0814899834
0814899499
0814898884
0814898649
0814898502
0814898345
0814898303
0814897872
0814897434
081489721
0814897176
0814896876
0814896818
0814896743
0814896178
0814895559
0814895491
0814894969
0814894670
0814894111
0814893889
0814893536
0814893254
0814892137
0814892076
0814891966
081489111788
0814890672
0814890652
0814890513
0814890081
08148900
081488s
081488m
081488khaloy
081488ck
081488bf
0814889517
0814888772
0814888631
0814888167
0814888
0814887669
0814887564
0814887156
0814885930
0814884996
0814884759
0814884555
0814884315
0814884091
0814883592
0814883038
0814882844
0814882841461615
0814882451
0814882121
0814882008
0814881820
0814881772
0814881601
0814881364
0814881233
0814881185
0814880410zaa
0814880239
0814880021
081487t
081487kase
081487jg
081487j
081487a
0814879665
0814879444
0814879425
0814879132
0814878468
0814878430
0814878400
0814878221
0814877677
0814876700
0814876619
0814875876
08148753081212
0814875013
0814874424
0814874181
0814874068
0814873213
0814873001
0814872922
0814872508
0814872047
0814871974
0814871857
0814871819
0814871644
0814871488
0814871326
0814871214
0814870993
0814870878
0814870679
0814870636
0814870556
0814870483
0814870190
0814870136
0814870026
0814870
081486ms
081486i
081486b
0814869992
0814867710
0814866749
0814866623
0814866372
0814865504
0814864765
0814863916
0814863826
0814863234
0814862087
0814861763
0814861651
0814861418
0814861246
0814861128
0814861068
0814860963
0814860639
0814860469
0814860076
081485paz
081485n
081485ch
0814858525
0814858458
0814858340
0814858286
0814858001
0814857802
0814857527
0814857305
0814856721
0814856612
0814856512
0814856014
0814855562
0814855440
0814855412
0814855117
0814855034
0814854976
0814854305
0814854041
0814853869
0814853246
0814853192
0814853014
0814852847
0814852833
0814852827
0814852464
0814851171
0814850470
08148503
081484c
0814849676
0814849422
0814848616
0814848593
0814848363
0814848308
0814848271
0814847986
0814847903
0814847870
0814847529
0814847194
0814846922
0814846809
0814846692
0814846661
0814846279
0814845655
0814845232
0814845184
0814844769
0814844599
0814844510
0814844489
08148444822
0814844458
0814844141
0814843955
0814843551
0814843336
0814843134
0814843090
0814843030
0814842881
0814842582
0814842156
0814842009
0814841998
0814841969
0814841349
0814841264
0814841087
0814841048
0814841042
0814841036
0814840990
0814840951
0814840384
0814840096
08148400
081483j
0814839665
0814839049
0814838875
0814838620
0814838573
0814837969
0814837774
0814837729
0814837491
0814837323
0814836797
0814836067
0814836040
0814835653
0814835441
0814834985
0814833967
0814833537
0814833036
0814832999
0814832505
0814832497
0814832422
0814831983
0814831830
0814831162
0814831
0814830934
0814830879
0814830869
0814830460
08148304
0814830378
0814830308
0814830031
081482ed
0814829660
0814828986
0814828637
0814828628
0814828324
0814828011
0814827491
0814827270
0814826872
0814826658
0814826474
0814826081
0814825788
0814825525
081482533
0814825308
0814825103
0814825082
0814824169
0814824104
0814823699
0814823490
0814822461
0814822432
0814821963
0814821886
0814821437
0814821317
0814820891
0814820405
0814820210
0814820204
081481r
081481ns
081481mt
0814819668
0814819089
0814818593
0814818314
0814818228
0814817741
0814817692
0814817349
0814817307
0814817274
08148169bj
0814816384
0814816266
0814816231
0814816077
0814815998
0814815780
0814815761
0814815664
0814815534
0814815144
0814814994
0814814551
0814814421
0814814149
0814813817
0814813570
0814813162
0814813133
0814812236
0814811390
0814811230
0814810126
0814809915
0814809521
0814809501
0814809075
0814808807
0814808607
0814808305
0814808059
0814807902
0814807855
0814806852
0814806207
0814806032
0814805680
0814805486
0814804133
0814804103
0814804071
0814803973
0814803603
0814803050
0814802469
0814802388
0814801950
0814801678
0814800347
0814800070
08147t
0814799838
0814799783
0814799756
0814799244
0814799078
0814798690
0814798121
0814797835
0814797802
0814797692
0814797576
0814797480
0814796938
0814796887
0814796799
0814796525
0814795963
0814795820
0814795568
0814795057
0814794953
0814794821
0814794794
0814794789
0814794090
0814793714
0814793456
0814792787
0814792535
0814792275
0814792241
0814792060
0814791972
0814791526
0814791381
0814790628
0814790552
0814790520
0814790238
0814789805
08147896321
0814789581
0814789492123
0814789455
0814789414
0814789324
0814789222
0814789037
0814789
0814788705
0814788426/spt
0814788288
0814788152kon
0814787955
0814787870
0814787662
0814787572
0814787140
0814786984
0814786844
0814786295
0814786000
0814785939
0814785834
0814785802
0814785493
0814785145
0814784987
0814784657
0814784561
0814784206
0814784022
081478401
0814783991
0814783311
0814782588
0814782253
0814782012
0814781628
0814781522
0814781484
0814781343
0814781272
0814780754
0814780708
0814779983
0814779861
0814779749
0814779396
0814778994
0814778955
0814778908
0814778150
0814778136
0814777693
0814777687
0814777564
0814777544
0814777358
0814776922
0814776921
0814776267
08147760644
0814775053
0814774749
0814774639
08147743347
0814774235
0814773557
0814772597
0814772332
0814772277
0814771937
0814771252
0814770969
0814769977
0814769556
0814769510
0814769306
0814769004
08147690
0814768163
0814767701
0814767621
0814767607
0814767268
0814767157
0814767154
0814767104
0814767052jib
0814766777
0814766717
0814766467
0814766409
0814766006
0814765866
0814765353
0814764765
0814764688
0814764409
0814764226
0814763988
0814763832
0814763818
0814763496
0814762501
0814762363
0814761376
0814760887
0814760745
0814760576
0814760538
0814760226
0814760045
0814760026
0814759791
0814759499
0814759496
0814759395
0814759149
0814758477
0814758284
0814758264
0814758038
0814757866
0814757829
0814757609
0814757428
0814757169
0814757159
0814756791
0814756509
0814756307
0814756151
0814755735
0814755286
0814755137
0814755068
0814754572
0814754282
0814753903
0814753790
0814753587
0814753303
0814753224
0814752767
0814752551
0814752486
0814752008
0814752
0814751665
0814751483
0814751233
0814751162
0814750703
081474jvl
0814749510
0814749093
0814748982
0814748959
0814748612
0814748417
0814748346
0814748176
0814747895
0814747831
0814747788
08147475
0814747445
0814747418
0814747229
0814746618
0814746615
0814746104
0814745570T
0814745564
0814745390T.
0814745332
0814745252
0814744988
0814744845
0814744362
0814743905
0814743868
0814743779.2.3.36
0814743329
0814742927
0814742869
0814742846
0814742203
0814741714
0814741556
0814741541
081474117k
0814740711
0814740650
0814740615
0814740290
0814740174
0814740098
081473crr
0814739954
0814739492
0814739479
0814738977
0814738857
0814738847
0814736594
0814736530
0814736486
0814736447
0814736082
0814735984
0814735697
0814735407
0814735143
0814734894
0814734838
0814734789
0814734603
0814734293
0814734292
0814734271
0814734252
0814733870
0814733848
0814733418
0814733304
0814733253
0814733082
0814732449
0814732154
0814732139
0814731589
081473154811069
0814731528
0814731436
0814730807885861
0814730760
0814730327
081472y
081472b
0814729886
0814729171
0814728916
0814728726
0814728653
0814728618
0814728237
0814727768
0814727462
0814727421
0814727072
0814726862
0814726385
0814726343
0814725638
0814724857
0814724555
0814724283
0814723870
0814723532
0814723318
0814723248
0814723098
0814723082
0814722948
0814722599
0814722445
0814722091
0814722035
0814721213
0814720955
0814720895
0814720885
0814720215
081471jmf
081471af
0814719934
0814719816
0814719698
0814718757
0814718618
0814718608
0814718428
0814717849
0814717503
0814717446
0814717157
0814716785
0814716544
0814716530
08147164
0814716337
0814716296
0814716169
0814716140
0814716099
0814715970
0814715698
0814715660
0814715502
0814715447
0814715381
0814715304
0814714902
0814714600
0814714531
0814714121
0814713369
0814713265
0814712398
0814712131
0814711994
0814711982
0814711938
0814711425
0814711401
0814710990
0814710865
0814710614
0814710294
0814710113
0814710
081470jw
081470jenny
0814709868
0814709743
0814709720
0814709338aomjay
0814709090
0814709025
0814708974
0814708642_ping
0814708393
0814708130
0814708115
0814708070
0814707714
0814707679
0814707252
0814706932
0814706863
0814706279
0814706146
0814705909
0814705887
0814705677pipat
0814705499
0814705272
0814704984
0814704740
0814704461
081470377312345
0814703304fern
0814703192
0814702958
0814702932
0814702764
0814702628
0814702554
0814702386
0814702251
0814701748
0814701491
0814701338
0814701176
0814701121
0814701086
0814700926
0814700895
0814700777
0814700723
0814700642
08147
0814699919
0814699885
0814699876
0814699849
0814699632
0814699441
0814699404
0814699391
0814699108
0814698847
0814698760
0814698520
0814698391
08146983014
0814698294
0814697920
0814697913
0814697858
0814697411
0814697402
0814697140
0814697094
0814697047
0814696906
0814696817
0814696700
0814696372
0814696275
0814696153
0814695996
0814695950
0814695944
0814695765
0814695759
0814695707
0814695657
0814695620
0814695474
0814695436
0814695410
0814695361
0814695355
0814695279
0814695083
0814694962
0814694952
0814694713
0814694558
0814694348
0814694336
0814694176
0814694101
0814694
0814693917
0814693616
0814693448
08146932215
0814693128
0814692962
0814692926
0814692582
0814692455
0814692278
0814692009
0814691898
0814691869
0814691710
0814691612
0814691596
0814691565
0814691171
0814691142
0814690807
0814690783
0814690631
0814690585
0814690489
0814690204
0814690040
081468time
081468T
0814689983
0814689905
0814689831
0814689770
0814689749
0814689701
0814689538
0814689397
0814689373
0814689100
0814689078
0814688993
0814688908
0814688574
0814688135
0814688130
0814688038
0814687sandy
0814687874
0814687751
0814687503
0814687372
0814687344
0814687203
0814687157
0814686931
0814686696
0814686693
0814686416
0814686377
0814686351nonniezz
0814686014
0814685993
0814685963
0814685905
0814685810
0814685708
08146857
0814685605
0814685262
0814685154
0814685146
0814685054
0814684808
0814684780
0814684756
0814684712
0814684521
0814684453
0814684253
0814684209
0814684001
0814683914
0814683881
0814683857
0814683823
0814683697
0814683591
0814683389
0814683347
0814683055
0814682965
0814682681
0814682570
0814682361
0814682267
0814682172
0814682038
0814681789
0814681671
0814681449
0814681349
08146812863
0814681210
0814681132
0814680972
0814680953
0814680582
0814680514
0814680437
0814680352
0814680045
0814680032
0814678938
0814678585
0814677096
0814676902
0814676630
0814676399
0814675702
0814675615
0814675538
0814675053
0814672508
0814672073
0814671662
0814671466
0814671391
0814671290
0814671225
0814669708
0814669051
0814667827
0814667295
0814666991
0814666929
0814666369
0814665886
0814664653
0814663334
0814662820
0814662536
0814662363
0814662054
0814662016
0814661925
0814661763
0814661061
0814660643
0814660510
0814660277
0814660150
081463nm
0814634958
081462
081461002
08146060
08146+7
08145j
0814599412
0814598711
0814597508
0814596799
0814596701
0814595997
0814595987
0814595748
0814595033
0814594656
0814593476
0814591152
0814590891
0814590887
0814590577
0814589891
0814589867
0814589602
0814589527
0814589001
0814588734
0814588685
0814588249
0814586926
0814586782
0814586180
0814584529
0814584261
0814583901
0814583734
0814583667
0814583664
0814583554
0814582822
0814582396
0814582313
0814582015
0814581503
0814581460
0814581126
0814580950
0814580390
0814580288
081457ssj
0814579672
0814579214
0814579130
0814579
0814578957
0814578371
0814577994
0814575521
0814575150
0814574865
0814574832
0814574673
0814574517
0814574430
0814573984
0814573800
0814573392
0814573367
0814572871
0814572349
0814572196
0814570309
081456a
0814569992
0814569351
0814569137
0814568164
0814568132
0814568088
0814567890
0814566858
0814566081
0814566046
0814565766
0814565517
0814565334
0814565013
0814564583
0814564413
0814564103
0814563965
0814563759
0814563702
0814563173
0814563141
0814563063
08145626
0814562174
0814562
0814561477
0814561422
0814561283
0814560847
081456
0814559264
0814558518
0814558187
0814557404
0814557025
0814556611
0814556609
0814556573
0814556533
0814555640
0814555439
0814555337
0814555309
0814555171
0814555169
0814555143
0814554955
0814554525
0814554431
0814553937
0814553867
0814553856
0814553358
0814552773
0814552606
0814552591
0814552576
0814552267
0814552187
0814552082
08145514656789
0814551417
0814551315 
0814551174
0814550972
0814550327
081455
0814549317
0814549286
0814548487
0814548245
0814547987
0814547965
0814547706
0814547426
0814547398
0814546535
0814546372
0814545998
0814545473
0814545215
0814544319
0814544138
0814544125
08145439
0814543418
0814543102
0814541972
0814541550
0814541444
0814541154
0814541054
0814540744
0814540736
0814540457
0814540168
081454
0814539837
0814539495
0814539111
0814538902
0814538826
0814538516
0814537269
0814537004
0814536933
0814536782
0814536534
0814536297
0814536127
0814535740
0814535557
0814535369
0814535351
0814535307
0814534970
0814534649
0814534565
0814534179
0814533972
0814533459
0814533298
0814532940
0814532521
0814532008
0814531919
0814531793
0814531755
0814531667
0814531619
0814531439
0814531337
0814531062
0814530864
0814530859
0814530479
08145298
0814529680
0814529001
0814528800
0814528791
0814528589
0814528329
0814527842
0814527828
0814527661
0814527641
0814527558
0814527446
0814527002
0814526615
0814526242
0814526106
0814525928
0814525119
0814525097
0814524863
0814524784
0814523312
0814523120
0814521564
0814521335
0814521100
0814520728
0814520473
0814520457
0814520369
0814520195
0814520103
0814520045
081452
08145199894
0814519808
0814519445
0814519021
0814519018
08145188
0814518699
0814518264
0814518229
0814518066
0814517781
0814517681
0814517346
0814517308
0814517229
0814517123
0814516778
0814516619
0814516530
0814516397
0814516145
0814516080
0814515941
0814515937
0814515865
0814515324
0814515238
0814515172
0814515116
0814514946
0814514839
0814514633
0814514553
0814514522
0814513768
0814513288
0814513174
0814513133
0814513066
0814512691
0814512481
0814512110
0814512109
0814512062
0814511554
0814511216
08145107
0814510487
0814510354
0814510038
0814510029
0814510011
0814509952
0814509909
0814509372
0814509227
0814509052
0814509017
0814508806
0814508481
0814508192
0814508179
0814508114
0814508088
0814508043
0814507604
0814506848
0814506765
0814506715
0814506156
0814505907
0814505750
0814505710
0814505679
0814505604
0814505282
0814504620
0814504273
0814503668
0814503389
0814503262
0814502968
0814502484
0814502173
0814501762
0814501577
0814501530
0814501120
0814501016
0814500816
0814500745
0814500616
0814500592
0814499414
0814498775
0814498639
0814498330
0814496399
0814496205
0814495863
0814495826
0814495607
0814495547
08144953
0814495251
0814495169
0814495164
0814495102
0814494958
0814494909
0814494105
0814493965
0814493941
08144938099
0814493741
0814493461
0814493457
0814493255
0814492886
0814492814
0814492812h
0814492467
0814492455
0814491895
0814491751
0814491717
0814491328
0814490948
0814490747
0814490678
0814490597
0814490360
081449
0814489796
0814489776
0814489066
0814488900
0814488466
0814488447
0814488195
0814488008
0814486730
0814486495
0814486383
0814486261
0814485804
0814485658
0814485390
0814485314
0814485291
0814484367
0814484126
0814484090
0814484061
0814484029
0814483906
0814483788
0814483619
0814483390
0814482900
0814482283
0814481887
0814481821
0814481580
0814481144
081448105310436
08144804882526
0814480263
0814479179
0814479047
0814478005
0814477922
0814477758
0814477689
0814477239
0814477191
0814477047
0814477007
0814476982
0814476300
0814475593
0814475550
0814475403
0814475123
0814475029
0814474685
0814474596
0814474369
0814473784
0814473619
0814473556
0814473424
0814473408
0814472715
0814472135
0814471935
0814471679
0814471195
0814471144
0814471043
0814470947
0814470793
0814470673
0814470160
0814469889
0814469585
0814469517
0814469303
0814469230
0814469132
0814469118
0814468685
0814468328
0814468201
0814467668
0814467558
0814467360
0814466152
0814465484
0814465002
0814464745
0814464261
0814464108
0814463745
0814463733
0814463680
0814463545
0814463498
0814463467
0814463362
0814463032
0814462984
0814462913
0814462810
0814462803
0814462570
0814462387
0814462037
0814461365
0814461265
0814461169
0814461121
0814460747
081446
0814459926
0814459518
0814458591
0814458566
0814458223
0814458054
0814457899
0814457752
0814457663
0814456641
0814456328
0814456141
0814455820
0814455655
0814455650
0814455603
0814455177
0814455094
0814454830
08144544954
0814454466
0814454241
0814454200
0814454106
0814453367
0814453052
0814451827
0814451705
0814451676
0814450903
0814450781
0814450754
0814450724
0814450615
0814450424
0814450076
081445
0814449773
0814448541
0814448470
0814448431
0814447939
0814447899
0814447860
0814447762
0814447479
0814446866
0814446737
0814446517
0814446387
0814446369
0814445997
0814445535
0814444719
0814444656
0814444563
0814444390
0814444333
0814444200
0814443989
0814443518
0814442513
0814442122
0814442023
0814442015
0814441968
0814441608
0814441238
0814441218
0814441124
0814440571
0814440541
0814440398
0814440323
081444
0814439957
0814439115
0814438687
0814438466
0814438423
0814436837
0814436708
0814436657
0814436427
0814436221
0814436110
0814434968
0814434125
0814433963
08144339190
0814433917
0814433538
0814433039
0814432394
0814432214
0814431778
0814431616
0814431417
0814430904
0814430581
0814430481
0814430419
0814430223
0814429532
0814428853sp.
0814428806
0814428795
0814428667
0814428446
0814428374
0814428009
0814427919
0814427385
0814426932
0814426588
0814426088
0814425238
0814425223
0814425119
0814424989
0814424528
0814424141
0814423819
0814422895
0814422798
0814422418
0814422313
0814421355
0814420870
0814420024
0814420
081442
0814419355
0814418696
0814418511
0814418432
0814418249
0814418218
0814418172
0814418012
0814417480
0814417128
0814416755
0814416527
0814415921
0814415800
08144154kike
0814415494
0814415116
0814415044
0814414146
0814414098
0814413721
0814413425
0814413150
0814413111
0814412383
0814412336
0814412209
0814411706
0814411629
0814411444
0814411035
0814411019
0814410895
0814410439
0814410311
0814410023
081441
0814409783
0814409660
0814409226
0814408551
0814408340
0814408128
0814408082
0814408013
0814407915
0814407666
0814407581
0814407322
0814407318
0814407161
0814406417
0814406035
0814405897
0814405886
0814405670
0814405612
0814405442
0814405425
0814404414
0814404146
0814403931
0814403125
0814403010
0814402785
0814402559
0814402490
0814402464
0814402143
0814401261
0814400822
0814400760
0814400734
0814400597
0814400128
0814400106
08144000120
0814399973
0814399452
0814399073
0814398986
0814398747
0814398363
0814397639
0814397403
0814397393
08143972
0814397182
0814397017
0814396728
0814396430
0814395475
0814395049
0814394735
0814394389
0814394360
0814394117
0814394
0814393938
0814393637
0814393565
0814392879
0814392832
0814392800
0814392367
0814391292
0814391152
0814391101
0814390930
0814390892
0814390767
0814390511
0814390071
081439
0814389998
0814389737
0814389608
0814389253
0814388845
0814387784
0814387696
0814387204
0814386558
0814386498
08143863280
0814386113
0814384230
08143842
0814383991
0814383928
0814383681
0814383387
0814383307
0814382943
0814382534
0814382337
0814382152
0814381881
0814380914
0814380872
0814380670
0814380573
0814380540
0814380196
081438
0814379769
0814379518
0814379224
0814379006
0814378855
0814378843
0814378627
0814378608
0814378535
0814377528
0814377402arm
0814377372
0814377083
0814376965
0814376829
0814376607
0814376359
0814376177
0814376103
0814374965
0814374816pop
0814374750
0814374638
08143744
0814374295
0814373979
0814373675
0814373662
0814373254
0814372945
0814372916
0814372794
0814372694
0814372425
0814371693
0814371666
081437084
0814370250
0814370204
0814370183tuk
0814370016
0814369997
0814369810
0814369481
0814369259
0814368852
0814368410
0814368306
08143678845
0814367488
0814367289
0814367019
0814366983
0814366544
08143663430816573755
0814366094
0814365970
0814365779
0814365577
0814365456
0814365443
0814364477
0814364165
0814364148
0814363667
0814363524
0814363307
0814362330
0814362149
0814362037
0814361968
0814361604
0814361313
0814361110
0814360769
0814360701
0814360649
0814360156
0814359572
0814359166
0814359138
0814358965
0814358752
0814357960
0814357941
0814357803
0814357288
0814357009
0814356771
0814356433
0814355672
0814355633
0814355300
0814355205
0814353521
0814353424
0814352911
0814352642
0814352478
0814351945
0814351620
0814351593
0814351183
0814350833
0814350526
0814350143
0814350071
0814350040
0814350011
0814349742
0814349635
0814348240
0814348123
0814348113
0814347260
0814347193
0814346868
0814346712
0814346519
0814346518
081434619600
0814345229
0814345002
0814344648
0814344357
0814344189
0814344106
0814344
0814343875
0814343754p
0814343437
0814343299
0814343155
0814342386
0814342378
0814342141
0814342075
0814342057
0814340420
0814340418
081434
0814339499
0814339480
0814338591
0814338159
0814338101
0814338003
0814337497
0814336700
0814336512
0814336369
0814336353
0814336315
0814336252
0814335834
0814335763
0814335684
0814335311
0814335043
08143349
0814334824
0814334787
0814334610
0814334553
0814334013
08143338565
0814333834
0814332546
0814331985
0814331836
0814331754
0814331562
0814331445
0814330934
0814330790
0814330175
081433
0814329958
0814329124
0814328899
0814328792
0814328724
0814328707
0814328565
0814328314
0814328276
0814328021
0814327404
0814327032
0814327006
0814327004
0814326984
0814326950
0814326638
0814325749
0814325743
0