1
0813667795
081366778290
0813667175
0813666777
0813666761
0813666668
0813666623
0813666490
0813666118
0813665923
0813665361
0813664969
0813664958
0813664822
0813664408
0813664359
0813664296
0813664277
0813664180
081366413741
0813663916
081366388123
0813663692
0813663502
0813663110
0813663008ping
0813662940
0813662574
081366255
0813661921
0813661558
0813661392
0813660889
0813660813
0813660582
0813660444
0813660305
0813660185
0813659752
0813659531
0813658411
081365770385
081365748099
081365738889
0813657236
0813657216
0813657085
081365681941
0813656748
0813656554
0813656537
0813656499
081365644681
081365641842
0813656375
0813656190
0813656001
0813655982
081365589662
0813655499
0813655099
081365445030
0813654418
0813654163
0813654127
0813654018
0813653538
0813653504
081365308027
0813652908
0813652899
0813652210
0813651921
0813650940
0813650341
0813649952
0813649790
0813649539
0813647887
081364783455
0813647800
0813647541
0813647510
081364700762
081364645585
0813645929
081364560709
081364522777
0813645211
0813645174
0813644632
0813644609
0813643928
0813643411
0813643210
0813643166
081364251054
0813642316
0813641219
0813641033
0813640794
0813640615
0813640595
0813640552
081364006373
0813639762
0813639449
0813639203
0813638865
0813638428
08136371
0813636934
0813636819
0813636649
0813636644
0813636539
0813636183
0813635784
0813635335
0813635242
0813635205
0813635099
0813634730
0813634534
0813634463
0813634228
0813634081
081363373566
0813633711
081363288873
081363268561
0813632530
081363224300
0813632069
0813631931ping
0813631433
0813631243
0813631
081362jgz
0813629683
0813629374
0813628982
0813628651
0813627636
0813627394
0813627338
0813626639
08136259
0813625858
0813624847
0813624781
081362465467
081362457776
081362429776
0813624275
0813624138
081362409688
0813623787
0813623526
0813623289
081362289789
0813622858
081362276654
081362268866
081362265971
081362222260
0813622110
0813622
0813621943
0813621925
0813621558
0813621495
0813621457
0813621405
081362139679
0813621173
081362114013
081362111691
0813621063
0813620832
081362070748
0813620577
0813620350
0813620218
081362004221
0813619688
0813619472
0813619160
0813618858
0813618289
0813618101
0813617008
0813616916
081361658829
081361632141
0813616248
0813615993
081361596648
0813615775
081361576608
0813615765
0813615697
0813615632
0813615447
081361544574
0813615216
081361521584
0813615002
0813614911
081361484907
081361464689
081361460461
0813614371
0813614354
0813613788455
0813613698
081361352278
0813613457
081361345546
081361330859
0813613174
0813612792
0813612367
081361214535
081361210914
081361186888
0813611746
081361171476
081361154560
0813611444
0813610754
081361049744
0813610432
0813610188
081361014262
0813610095
0813610082
0813609884
0813609881
0813609360
0813608822
0813607972
0813607881
0813607788
0813606155
081360573060
0813605701
0813605427
0813605408
081360489992
0813604633
0813604425
0813604379
0813604318
0813604268
0813604225
0813604149
0813603519
0813602006
0813601789
0813600860
0813600777
0813600259
0813600144
0813600111
0813600
081359am
081359920
0813598721
08135974
081359568938
0813593401
0813592373
0813591780
0813590607
081359000080
081358l
0813589567
081358883111
081358855791
0813586793
0813586066
081358593257
0813584726
0813584667
0813584441
0813582612
081358233255
0813582011
0813581055
0813580739
0813580500
0813580068
0813579907
081357914000
0813578934
0813578404
081357811195
081357575669
0813575368
0813574947
081357375550
0813573582
0813573226
0813573050778
081357304085
0813572
0813571561
081357113672
081357
0813568655
0813568565
0813568476
0813568327
081356712300
0813565148/
0813564635
0813564044
0813563579
0813563442
0813563248
08135629691714
0813562631
081356237990
0813562007
081356194294
0813560910
081356078989
0813560405
081356016989
0813559837
0813558570
0813558548
081355729046
081355686829
0813555897
0813555879
0813555574
0813555507
081355396835
0813553865
0813552503
081355221920
0813552207
081355155346
0813551319
081355078199
0813550722
0813550705
081355068462
0813550604
081355
0813549855
0813549713
081354963066
08135496
0813549544
0813548011
0813547442
0813545840
08135456
0813544819
0813544722
0813544665
081354400
0813543956
0813543014
0813542819
0813542488
0813541745
0813540979
081354
0813538978
0813537823
0813537709
0813537317
081353672579
0813536376
0813536333
0813535350
0813534147
0813532476
0813531488
0813526000
081352550054
081352300038
081352111177
081352
0813519821
0813519262
0813519080
0813517282
081351639071
0813516093
0813515963
0813515864
0813515582
0813514196
0813513725
0813513549*/
0813513549*
0813513437
0813512577
0813512097
0813511715
081351115533
0813511103
0813510889
0813510875
081351069485
0813510483
0813510403
0813510156
081350949607
0813508a
0813508362
0813507166
0813507031
0813505783
0813505767
0813504601
0813504588
0813503420
081350048248
0813499732
0813499536
0813499524
0813499440
0813499235Yee
0813498946
0813498892
0813498884
0813498801
0813498459
0813497969
081349750945
0813497469
0813497422
0813497262
0813496917
0813496207
0813496040
0813495515
0813495352
0813495296
0813494735
0813494577
0813494560
0813494547
0813494420
0813494118
0813493325
0813493217
0813493213
0813492343
081349228422
0813492148
0813491958
0813491943
0813491535
0813491284
0813491069
081349
0813489990
0813489111
0813489025
0813488284
0813487898
0813487566
0813487417
0813487234
0813486386
0813485578
0813484624
0813484336
0813484079
0813483949
0813483251
0813483174
081348316300
0813482442
0813482208
0813482016
0813481848
0813480888
081348083595
0813480701
0813480660
081348058852
0813480484
0813480423
0813479773
0813479355
0813477031
0813476995
0813476902
0813476823
0813476797
08134764
0813476164
0813476152
0813475946
081347546414
0813475251
081347511074
081347466398
0813474640
0813474378
0813474307
081347394924
0813473934
081347378565
0813473597
081347346520
0813473336
0813473109
0813473041
0813472967
0813472849
0813472772
0813472024
081347190554
0813471701
0813471528
0813471261
0813470909
0813470233
08134702100
081347000
081347
0813469915
0813469389
0813469019
0813468947
0813467908
0813467632
0813467210
0813466933
081346608566
081346605919
0813466056
081346596316
0813465897
0813465423
0813465312
0813464614
081346458116
0813464576
0813464537
081346449056
0813464478
0813464065
081346377524
0813462989
0813462903
081346280012
0813462558
0813462433
0813462118
081346211592
0813461000
0813460911
0813460485
081346
0813459201
0813458909nui
0813458604
0813458314
0813457908
0813457702
081345699920
0813456881
0813456813
0813456252
081345549854
0813455473
0813455110
0813455013
0813454804
081345433423
081345388390
081345385685
0813453832
0813453776
0813453766
0813453616
0813453462
0813453455
0813453370
0813452893
081345267713
0813452398
0813451987
0813451437
0813451237
0813451163
0813450602
0813450410
0813450375
0813450171
0813450
0813449830
0813449535
0813449424
0813449123
0813448948
0813448862
0813448778
0813448214
0813448154
0813447948
0813447871
0813447762
0813447659
0813447257
0813447118
0813447065
0813446516
0813446372
0813445980
0813445408
0813445304
0813444748
0813444549
0813443693
0813443261
081344304026
0813442819
081344241994
0813442238
0813442026
08134412441244
0813441073
0813440992
0813440815
0813440801
0813440710
0813440629
0813440623
0813440508
0813440454
0813440391
0813439037
0813438705
0813438445
0813438043
0813437822
0813437450
0813436984
0813436510
0813436466
081343611740
0813436023
0813435335
0813435130
0813433832
0813433817
08134337311
0813433702
0813433597
0813433538
0813433325
0813432565
0813432437
0813432204
0813431802nut
08134304680
0813429357
0813429329
0813428662
0813428112
081342737957
0813426669
0813426545
0813426191
0813426060
0813425901
0813425747
0813425457
0813425187
081342471939
0813424331
0813423619
0813422553
0813422365
0813421888
0813421500
0813421327
0813421105
0813421080
0813420896
0813420628
0813420609
0813419956
0813418453
0813418282
0813418280
0813418088
0813417816
0813417677
0813417673
0813417218
0813417114
0813417040
0813416598
0813416340
0813416081
0813415769
081341553
0813415503
0813415006
0813414999***
0813414550
0813414540
0813414511
0813414251
0813414071
0813413960
081341341985
0813413004
0813412938
0813412425
0813412320
0813412096
0813411067
0813411037
081341021988
081341
0813409861
0813409858
0813409043
0813408960
0813408542
0813408264
0813407927
0813407505
0813407345
081340726064
081340712776
081340692178
0813406821
0813406728
0813406465
0813405413
0813405371
0813404696
0813404
0813403888
0813403603
0813403346
081340309242
0813402942
081340234444
0813401517
081340080538
0813400676
0813400657
081340055631
0813400555
0813400444
081340018562
081340
08134
081339844761
0813397027013
0813392444
081338775646
081338680892
081338653765
081338651674
0813382
0813381930
081337846786
0813377711
08133766
081337515337
0813370554
081337
081336918643
081336908316
0813368861
081336880211
081336853981
081336765596
081336683736
0813366724
081336600026
081336587487
081336585268
081336430950
081336388695
0813363677
081336355699
081336350573
081336260060
081336056789
0813360237
081336
081335999511
081335998702
081335943487
081335893
081335891011
081335750746
081335666670
081335661384
081335641335
081335511640
081335436370
0813348
08133471266
081334693012
081334691939
081334668804
081334533734
081334450202
08133440096112
081334328600
081334305089
081334252128
0813342114
081334184178
0813341384
08133412
0813341011
0813340107
081334000789
081333889665
0813336527
081333634442
08133337017
0813332687
0813331945
0813331508
0813331416
0813330830
0813330300
081332714601
081332643439
0813326
081332498383
0813324299
081332332513
08133233
081332315
081332289580ditaerlinasilviana
081332278825
0813321707
081332092541
081331895103
081331890
081331868605
081331808596
081331788214
081331740054
081331587494
0813314789
081331441435
0813314335
081331287355
081331272453
081331251575
081331239860
081331219666
081331199504
081331196926
081331097057
081331064691
081331062030
081331024633
081330911127
08133077
081330767138
081330717071
081330615002
081330581343
081330562860
081330524916
0813305136
081330512054
0813304810631
081330425823
0813304209
081330415729
081330384011
081330362842
081330357719
081330302201
081330258282
0813302475rin
081330230281
08133023
081330176469
0813301689
0813301069
081330101610
081330046666
0813300294
081330027
081330002026
081329349214
0813293426
0813293191
0813288695
0813288624
081328840450
081328839782
081328814328
081328787689
081328762472
081328748533
081328715012
0813287
0813286599
081328628163
0813286115
081328590095
081328534655
0813285110
0813285
081328460307
081328443886
081328432460
081328372733
081328333440
081328302950
081328297121
08132829
081328283765
081328263588
0813281541
081328125856
081328096899
0813280703
081328055859
081328035684
081328019160
081328008243
0813279883
0813278199
081327621993
0813275039
081327455495
081327446
081327323343
081327183375
081327143399
0813271423
0813268041
0813268001
0813267698
081326678906
081326657801
0813266118
0813266008
0813265754
0813264748
081326448877
081326360684
0813263041
0813262771
081326254147
0813262
081326179025
081326167123
0813261641
081326068794
081326024272
0813259953
081325767608
0813257668
081325765821
081325723879^_^ismu
0813256870
081325635635
081325633255
081325616421
081325584649
081325555
08132554558
0813254850@j
081325478900
0813253257
08132531
081325300798
0813252885
0813252455
081325240293
0813251991
081325112451
081325110131
0813250966
081325033571
081325000434
081324733331
0813246604
08132464
081324606759
081324483374
0813244383
081324405550
0813243731
081324353132
0813243479
08132431
081324246939
0813242183
0813241919
081324175811
0813241606
081324039858
081323879161
0813238328
081323796105
081323793666
0813237879
081323585303
081323498580
081323325064
081323102693
0813229879
08132290
081322773370
08132261
0813226
081322555364
081322550084
0813225098
08132245
0813222290
0813221315
081322112220
08132207
081322038914
081321978187
081321936979
081321905554
0813219023
0813218623
0813218169
081321782236
081321703497
081321690684
081321685875
081321635807
081321587946
081321587838
081321579330
0813215378
081321486151
081321388852
0813213801
081321377441
081321361235
0813212478
08132120
081321170980
0813211216
0813211215
081321117422
081321103769
081320998832
0813208552
081320719185
081320707069
081320704221
08132066
081320583095
0813205430
0813205390
0813205332
081320486197
0813204551
081320440008
0813204126
0813203844
08132035
081320305923
081320267780
0813202543
081320136951
081320123447
08132009
081320083years
08132008
08132007
08132002
08132001
08132
081319stefa
08131997
08131995
0813199179
08131990S
08131986louise
08131984jm
08131983V
08131983
08131979
08131975
08131972
08131969
0813196892
0813196774
0813196725fa
08131966
08131965
08131963A
081319620398
081319558433
08131953
081319529782
081319455756
08131945
08131944
08131924
081319131747
0813191055
081319092314
08131900
081318familia
081318988563
081318872670
0813188343
0813186858
081318610942
081318543345
0813185128
0813184792
081318356961
0813182483
081318108058
0813180005854631641291
081317945349
081317938878
081317897850
081317748765
081317530214
08131730
081316999983
081316936661
081316751985
081316726237
081316688675
081316584650
081316481763
081316401838
08131627
08131626
081316235373
08131617
081316164461
081316157529
0813160745
081315808388
0813156018
081315599656
081315587180
0813155659
081315541286
081315469519
081315321591
081315264
0813152051
0813151988
08131517
08131513288
0813150173587
0813149153093968
081314884449
081314833661
081314518308
081314353662
0813143030
081314281135
0813142321
0813141539
081314134681
081314126274joo!
081314*
0813137355
0813137236
0813136230
08131362002
081313405
0813132020
0813125648
0813124908
0813124010poy
08131231
08131219
0813121418
08131214
0813121014
081312073
0813117041
0813116423
0813115715
0813114621
0813114523
081311449057
0813114438
0813114222
0813113970
0813113627
081311333223
081311311895
081311281993
0813112535
081311235378
0813111926
08131119
081311138499
081311125390
08131110708
081311068698
081311063000
081311050072
081311011603
081311
081310869002
081310846445
081310845361
081310812750
08131068
08131067
0813106190
081310536444
081310522187
081310473990
081310445252
081310402093
081310396346
081310368003
081310303011
0813103
0813102422
08131024
08131022erjc
081310210207
08131017
08131014
0813101311
08131011
081310102218
081310076417
081310014738
08131
0813099979
0813099437
0813099262
0813099195
0813099156
0813098130
0813096756
0813096531
0813096516
0813096456
0813096403
0813095763
0813095201
0813094950
0813094288
0813093789
0813093320
0813093286
0813092771
0813092739
08130927
08130925
081309243111
0813092167
0813092109
0813090999
0813088860036628130
0813088037
0813087590bam
0813087543
0813087459
0813087248
0813087156
0813086664
0813086409
0813086265
0813086244
0813086119
0813085911
0813085788
0813085714
081308566
0813084392
0813084296
0813084282
0813083614
0813083500taat
0813083163
0813082559
0813082008
08130819
0813081699
0813081373
0813081311NOONINK
0813081140
08130808
0813080331
0813080301
0813080089
081307wva
081307teamobbmozha
081307baby
0813079842
0813079670
0813078878
0813078447
0813078286
0813077784
0813077630
0813077416
0813077145
0813077137
0813077041
0813076797
0813076780
0813076574
0813076459
0813076419
0813075956
0813075852
08130758307549
0813075204
0813074498
0813074162
0813073790
0813073741
0813073175
0813073044
0813072819
0813072646
0813072019
08130717
0813071553
0813071364
0813071352
081306tj
081306jd
0813069727
0813069227
0813069161
0813068815
0813068603
0813068447
0813068024
0813067151
0813066722
0813066664
0813066495
0813065677
0813065399
0813065064
0813064672
0813064667
0813064565
0813064227
0813064180
0813063910
0813063789
0813063640
0813063316
08130628
0813062625
0813062520
0813062462
0813062243
08130621
0813062094
0813061883
0813061481
0813061422
0813061214
0813060509
08130605
0813060457
0813060443
08130604204180
0813060149
081305vina
081305p
081305egm
081305EGM
0813059740
0813059709
0813059351
0813058686
0813058451
0813058021
0813057979
0813057952
0813057682
0813057456
0813057317
0813057166
0813056800
0813056078
0813055969
0813055929
0813055847
0813055632
0813055218
0813054585
0813054425
0813054202
0813053914
0813053802
0813053509
0813053431
0813053055
0813052859
0813052853
0813052644
0813052631
0813051672
0813051609
0813051558
08130515
0813051416
0813051295
0813050971
0813050580
0813050339
0813050249
081304l
081304ba
081304L
0813049757
0813049546
0813049381
0813049044
0813049016
0813048860
0813048358
081304806
0813048012
0813047909
0813047709
0813047176
0813046468
0813046411
0813046214
0813046081
0813045904
0813045205
0813045121
0813045
0813044605
0813044397
0813044333
0813044269
0813044139
0813044116
0813044006
0813043890
0813043888
0813043132
0813042788
0813042746
0813042611
08130424iloveu
0813042434
0813042406
0813041664
0813041342
0813041181
0813040901
0813040854
0813040501
0813040446
0813040441
08130404
0813040344
0813040213
08130402
0813040070
081303haha
081303=sebastian
0813039672
0813039131
0813038965
0813038684
0813038565
0813038233
0813038151
0813037590
0813037104
0813036813
0813036747
0813036564
0813036470
0813036468
0813035920
0813035621
0813035528
0813035093
0813034288
0813033988
0813033685ja
0813033433
0813033253
0813033098
0813032s
0813032686
0813032018
0813031833
0813031393
0813031356
0813031031
08130303601
0813030321
0813030107
081302gg
0813029287
0813029098
0813028643
0813028010
0813028/921
0813027881
0813027843
0813027504
0813027347
0813026959
0813026293
0813025667
0813025476
0813025165
0813025074
0813024959
0813024944
0813023664
0813023639
0813023585
0813023335
0813023259
081302314925
0813023121
0813022865
0813022337
0813022228
0813021968
0813021736
0813021414
08130214
0813021334
0813021300
0813021059za
08130205
0813020460
0813020363
081302.hk
0813019987
0813019440
0813019347
0813019301
0813018312
081301817
0813018009
0813017666
0813017630
081301690
0813016845
0813016807
0813016430
0813016126
0813015268
0813015218
0813014855
0813014667
0813014454
0813014359
0813014077
0813013717
0813013713
0813013313
0813012906
0813012859
0813012695
0813012693
0813012621
0813012598
0813012544
0813012223
0813011888
0813011152
0813011146
0813010617
0813010346
081300J
0813009313
0813008662
0813008523
0813008112
08130079033
0813007765
0813007751
0813007633
0813006568
0813006340
0813006129
0813005954
0813005889
0813005837
0813005748
0813005306
0813005262
0813005231
0813005124
0813004506
0813004349
0813003979
0813003940
0813003584
0813003479
0813003081
0813003054
0813002912
0813002572
0813002293
081300197
0813000822
0813000451
0813000448
0813000187
081300*9938
0812tim
0812tampa
0812se
0812roco
0812r
0812priya
0812poole
0812phs
0812pg
0812paranever
0812pablorocks
0812orca
0812nv
0812nick
0812mh
0812mgb77
0812me
0812mcmc
0812mariacarla
0812lo
0812lma
0812lee
0812kk
0812kjames
0812kd
0812kacd
0812ka
0812k0416l
0812jjbm
0812jeju03
0812jadenmdell02
0812hanah
0812gerjoe
0812g
0812eecart
0812diva
0812dari1522
0812d_e
0812cs
0812charomoza
0812cc
0812cakito
0812bgtkt
0812bayhig
0812aw86
0812alita
0812aki
0812adam
0812ab
0812TEAMO
0812Staxen
0812Jolien
0812EECART
0812@Gw
08129996310
0812999513
08129995
0812999217
0812999058
0812999015
0812998868
0812998835
0812998809
0812998802
0812998801
0812998789
0812998507
0812998328
08129980960
0812997704
0812997344
0812997338
0812997290s
0812997290
08129965828
0812996515
08129965015
0812996477
0812996216
08129958182
0812995729
0812995658
0812995333
0812995158
0812995023
08129947288
0812994715
0812994566
0812993585
0812993542
08129934889
0812993335112
0812993004
0812992665
0812992498
0812992264
0812992205
0812992016
0812991776
08129915777
081299104
08129900
081298beto
081298agp
08129896305
0812988980
0812988717
081298861579
0812988051
0812987900
0812987896
0812987552
0812987543
0812987526
0812987295
081298719589
0812987175006
0812987118aam
08129847
0812984698
08129846825
0812984075
0812983932+-*/
0812983674
0812983369
08129832136
0812982798
08129825
0812981677
081298101597
0812980942
0812980740
0812979614
0812978953
0812978817
0812978788
0812978432
0812978022
0812977845
0812977160
08129769016
0812976856
0812976604
0812976522
0812976321
0812976000
0812975871
0812975861
0812975158
0812974844
08129740324
0812973752
0812973402
0812972469
0812971870
0812971742
0812971278
0812971221
0812970635
0812970407
0812970405
081296l
0812969235
08129691814
08129691474
0812968308
0812967868
0812967572
0812967513
0812966570
0812966201
0812965941
0812965639
0812965
0812964623
0812964620
0812964282
0812964165
0812963015
0812963010
0812962873
0812962447
0812962217
0812962154
0812961888
0812961197
0812961065
0812960619
0812960077
0812960039
081295tj
081295linda
081295k
081295dd
081295c
081295AB
081295A
0812959593
08129595
08129589510
0812958604
0812958534
0812958450
0812957639
08129568xx
0812956873
0812956868
0812956601
0812956485
08129559798
0812955831
0812955549
0812955296
0812954911
0812954803
0812954501
0812954480
0812954464
0812954087
08129539883
0812953818
0812953675
0812953411
08129530145
0812952521
0812952502
0812951080
08129509801
08129503524
0812950336
0812950318
08129502
081294xd
081294n
081294mm
081294maldonado
081294g
081294d
081294baby
081294as
0812949550
08129493968
0812949143
0812948684
08129481
0812947872
0812947565
0812947456
0812947450
0812947
08129465370
08129464719
0812945754
0812945297
0812945255
0812944956
08129448419
0812944325
0812943782
0812943582
0812943426
08129429141
08129420512
0812941988
0812941714
0812941657
0812941639
0812941585
0812941152
08129408773
0812940593
0812940437
0812940273
081294-1
081293r
0812939964
0812939715
0812938874
0812938640
0812938624
0812938526
0812938262
0812938215
0812937926
0812937511
0812937442
08129374297
0812937303
0812937260
0812937115
0812936812
0812936341
0812936081
0812934780
08129343987
0812933368
0812932900
0812932800
0812932583
0812932539
0812932266
0812931911
0812931335
0812930740
0812930542
0812930385
0812930085
081292t
081292m
081292C
08129298256
0812929803
0812928700
0812928266
0812927988
0812927901
0812927849
0812927828
0812927460
0812926598
0812926270
0812926134
0812926020
0812925813
0812925803
0812925735
0812925692
0812925415
0812925395
0812925229
08129248379
0812924711
0812923387
0812923232
0812923191
0812923158
0812923147
0812923064
0812922936
0812922432
0812921754
08129213
0812921219
0812920854
081291nicol
081291js
081291d
0812919787
0812919776
0812919246
0812919242
0812918627
0812917960
0812917802
0812917680
0812917609
0812917204
0812916993
0812915185
0812915070
0812914724
0812914596
0812914161
0812913917
0812913607mp
0812913588
0812913137
0812913118
0812913062
0812912838
0812912835
08129123
0812912249
0812911842
0812910620
0812910583
0812910034
081290skazi
081290sidy
081290nf
081290mada
081290lili
081290dh
081290VSJ
0812909957
0812909611
0812909266
08129092407
08129091083
0812908694
08129073794
0812906981
0812906794
0812906559
0812906197
0812905918
0812905473
0812905010
0812904360
0812904155
0812904135
0812903845
0812903620
0812903462
0812903392
0812902957
0812902665
0812902629
0812902430
0812902340
0812902243
081290219
08129006788
08129001097009022
0812900032
08129000215
081289yo
081289xxx
081289utopia
081289u2
081289u
081289jfk
081289jamie
081289iRVING
081289dzimbo
081289david
081289a
0812899978
0812899858
0812899717
08128997032
0812899659
0812899435
0812899081pen
0812899051
0812899021
0812898888
0812898475
0812898428
0812898087
08128977
0812896826
0812896821
0812896554
0812896332
0812896148
0812895914
0812895526
08128954
0812894846
0812894469
0812894110
0812894
081289350
0812893317
0812893234
08128932
0812893163
0812893151
0812893046
0812892817
0812892511
0812892371
08128922812
0812892197
0812891905-fbteg
0812891551
0812891508128915
0812891450
0812890902
0812890691
0812890
081289*
081288sm
081288kd
081288j
081288danielita
081288M
0812889888
0812889677
0812889478
0812889
0812888026
0812887851
0812887705
0812887259
0812887207
0812887174
0812887073
0812886984
0812886947
0812886893
0812886865
0812885820
0812885235
08128851199
0812884881
0812884837
0812884003
0812883380
0812883160
0812882938
0812882900
08128828651
0812882815
0812882779
0812882272
0812881791
0812881735
0812881470
0812881211
0812881039
0812881
08128809624
0812880808
0812880406
0812880340
0812880083
0812880046
081287mullon
081287m
081287a
0812879676
0812879426
0812879088
0812878932
0812878401
0812877280
08128770411
0812877
0812876178
0812875968
0812875910
0812874637
0812874199
0812873873
0812873797
0812872280
0812871990
0812871944
0812871876
0812871799
0812871670
0812870882
0812870597
0812870584
0812870439
081287040185250506
0812870217
081287...mara
081287*e
081287&110988
081286r
081286L
0812869430
08128694141
0812868066
0812867892
08128677
0812867247
0812866704
0812866657
0812866252
0812865749
08128650400
08128644592
0812864381
0812864214
0812863904
0812863861
0812863631
0812863412
0812863174
0812862628
0812861101
0812860818
0812860648
0812860595
0812860392
0812860196
0812860073
081285t
081285ml
081285j
081285hlj
081285ga
081285SARA
0812859969
0812859323
0812858902
08128589