814325345
0814324960
0814324786
0814324695
0814324454
0814323048
0814323
0814322975
0814322950
0814322923
08143225273014
0814322477
0814322301
0814322147
0814322122
0814322019
0814322018
0814321792
0814321486
0814321413
0814321233
0814321193
0814321182
0814321181
0814321041
0814320626
0814320523
0814320486
0814320419
081432
0814319646
0814318879
0814318325
0814318042
0814318033
081431782
0814317546
0814316912
0814316843
0814316823
0814316024
0814315304
0814314706
0814314364
081431323
0814312912
0814312584
0814311886
0814311826
0814311802
0814311531
0814311458
0814311139
0814311003
0814310714
0814310047
0814309962
0814309759
0814309755
0814309711
0814309691
0814309386
0814308784
0814308765
0814307999
0814307565
0814307194
0814307134
0814307028
0814306371
0814306279
0814306267
0814306264
0814306245
0814306033
0814305561
0814305394
0814304962
0814304933
08143046
0814303935
0814303693
0814303437
0814303303
0814303236
0814303231
0814303181
0814302487
0814302116
0814302
0814301212
0814300628
08143003528
0814300314
0814300032
0814299940
0814299897
0814299343
0814299304
0814299275
0814298954
0814298946
0814298764
0814298705
0814298651
0814298496
0814298199
0814298169
0814297990
0814297838
0814297781
0814297131
0814297068
0814296979
0814296856
0814296670
0814296184
0814295078
0814293985
0814293265
081429300
0814292939
081429281888
0814292567
0814292022
0814291760
0814291416
0814291028
0814290843
0814290441
0814289440
0814289205
0814289129
0814289020
0814289011
0814288662
0814288515
0814288133
0814287526
0814287344
0814286953
0814286680
0814286078
0814285351
0814285
081428483
0814284788999
0814284767
0814284341
0814284173
0814284137
0814284081
0814283871
0814283571
0814283295
0814283279
0814283218
0814282819
0814282563
0814282493
0814282447
0814282415
0814282214
0814281970
0814281489
0814281454
0814281191
0814280925
0814280636
0814279353
0814279352
0814279334
0814279064
0814278826
0814278699
0814278458
0814277875
0814277750
08142776181122
0814277562
0814277209
0814276960
0814276959
0814276954
0814275359
0814275297
0814275212
0814274534
0814274487
0814274388
0814274214
0814273509
0814273208
0814273039
0814272916
0814272617
0814272579
0814272165
0814271445
0814271444
0814270611
0814270203
0814270112
0814270090
0814270046
0814269594
0814268886
0814268551
0814267909
0814267120
0814266901084674
08142667413
0814266483
0814266468
0814266401
0814266076
0814266051
0814266007
0814264983
0814264477
0814264166
0814263502
0814263321
0814263141
0814262846
0814262792
0814262229
0814261865
0814261665
0814261572
0814261218
0814260032
0814259488
0814258575
0814258567
0814258503
0814258335
0814257488
0814256814
0814256474
0814256101
0814255806
0814254770
0814254297
08142535945
0814253586
0814253211
0814253014
08142530
081425292
08142529
0814252770
0814252631
08142524
0814251927
0814251798
0814251338
08142513
0814250614
0814250402
0814249658
0814249447
0814249302
0814249055pim
0814248839
0814248566
0814247578
0814247512
0814246340
0814246262
0814246015
0814245579
0814245455
0814245302
0814244919
0814244706
0814244687
0814244475
0814244344
0814243800
0814243261
0814242972
0814242965
08142425
0814242492
0814241397
0814240189
0814240114
0814240046
0814239829
0814239068
081423897
0814238758
0814238665
0814238423
0814238343
0814236019
0814236006
0814235523
0814234673
0814234259
0814234228
0814233653
0814233390
0814233327
0814232992
0814232901
0814232809
0814232790
0814232744
0814232721
0814232521
0814230585
081422julio
0814229861
0814229606
0814229406
0814229177
0814229128
0814229110
0814228859
0814227097
0814226481
0814225750
0814225371
0814225322
0814225
0814224946
0814224912
0814224463
0814223865
0814223621
0814223182
0814223037
0814222644
0814222559
0814221845
0814221710
0814221675
08142215
0814221320
0814221171
0814220771
0814219964
081421981
0814219793
0814219783
0814219657
0814219561
0814219487
0814218981
0814218769
0814218567
0814218468
0814217757
0814217699
0814217535
0814216734
0814216466
0814216379
0814215100
0814214358
0814214350
0814214198
0814213938
0814213601
0814213537
0814213509
0814213394
0814213299
0814213261
0814212943
0814212366
0814212021
0814211912
0814211413
0814211034
0814210591
0814210114
0814209902
0814209875
0814209868
0814209656
0814209145
0814209025
0814208956
0814208815
0814208176
0814208162
0814207913
0814207699
0814206614
0814206136nEt-
0814205170
0814204373
0814204093
0814203926
0814203883
0814203711
0814203458
0814202719
0814202631
0814202629
0814202514
0814202489
0814202152
0814202118
08142021
08142012
0814201142
0814201028
0814200920
08142008
0814200697
08142003b
0814200333
08142003
08141994joe
08141992pv
0814199
08141989r
08141987k
0814198700409
08141986tm
08141979llk
08141975
0814197
08141967
08141966
08141965j
08141963
08141962
08141956
08141937
08141929
08141927
08141804
08141754
081417245182
08141719
0814171174
0814170566
081416tvp
0814169980
0814169752
0814169746
0814168813
0814167721
0814167589
0814167383
0814167190
0814166869
0814166482
0814166374
0814166334
0814166298donut
0814166253
0814166241
0814166120
0814166082
0814166013
0814165550
08141652230
0814165028
0814164643
081416434
0814163431
08141630057434
0814162687
0814162662
0814162619
0814162473
0814162030
0814161924
08141619
0814161868
08141618
0814161799
081416133
0814161316
0814161274
081416107
0814160683
0814160064
0814159930
0814158030
0814157785sea
0814157246
0814157121
0814156988
0814156686
0814156621
0814156040
0814154461
0814153789
0814153185
0814153112
0814152669
0814151713
08141516
0814151400
0814151371
0814151368
0814151357
0814151333
0814151182
081414c
0814149658
0814149601
0814149163
0814148995
0814148772
0814148354
0814147380
0814147202
0814146816
0814146815
0814146679
0814145964
0814145913
0814145899
0814145456
0814144977
0814144865
0814144643
0814144391
0814144190
0814144132
0814143283
0814143208
0814143017
0814142420
0814142392
0814142047
0814141986
0814141954
0814141424
0814140093
0814139908
08141398921
0814139741
0814139482
0814139376
0814138819
0814138816
0814138498
0814138280
0814138199
0814138086
08141380
0814137704
0814137394
0814136579
0814135a
0814135976
0814135948
0814135685
0814135387
0814135020
0814135
0814134951
0814134922
0814134678
0814133387
0814133200
0814133171
0814133122
0814132901
0814132724
0814132624
0814132617
0814132397
0814132077
0814132024
0814130777
0814130677
0814130537
0814130524
0814130372
0814130187
0814129966
0814129938
0814129905
0814129814/*-+
0814129195
0814128559
0814127048
081412683500
0814126810
0814126658
0814126003
0814124888
0814124647
0814124624
0814124245
08141241222222
0814123685
0814123667
0814123288
0814122997
0814122894
0814122612
0814122600
08141226
0814122339
08141223
0814121713
081412112829
08141211
0814121086
081411a
0814119634
0814119419
0814119389
0814119135
0814118919
0814118550
0814118415
0814118286
0814118128
0814118113
0814117790
0814117779
0814117572
0814116733
0814116385
0814116056
0814115846
0814115774
0814115651
0814115249
0814115166
0814114895
0814114800
0814114575
0814114278
0814114205
0814114160
08141141
081411402108
0814114021
0814114
0814113966
0814113849
0814113755
0814113413
0814112789
08141126888
0814112561
0814112277
0814112168
0814112164
0814111954
0814111858
081411172511
0814111130
0814111028
0814110892
0814110804zz
0814110693
0814110331
0814110088
0814109900
0814109418
0814109141
0814109123
0814109008
0814109001
0814108124
0814107957
0814107832
0814107752
0814107736
0814107230
0814107135
0814106114
0814105939
0814105618
0814105534
0814105482
0814104818
0814104782
0814104590
0814104328
0814104234
0814104103
0814104004
0814103798
0814102812
0814102809
0814102531
0814102465
0814102402
0814102233
0814102203
0814102151
0814102069
0814102046
0814102006
0814101464
0814101077
0814101027
0814100867
0814100816
0814100635
08141006
0814100438
081409ren2
0814099097
0814098035
0814098024
0814097269
0814096575
0814096328
0814096178
0814095757
0814095483
0814095186
0814094523
0814094457
0814094115
0814092985
0814092760
0814092404
0814091866
0814091613
0814090219
0814090123
0814090015
0814089999
0814089350
0814089237
0814089194
0814088718
0814088170
0814088
0814087904
0814087505
0814087274
0814087162
0814086607ku_eaoy
081408612
0814085613
0814085544
0814084997
0814084149
0814083985
0814083679
0814083609o
0814083482
0814083353
0814083226
0814083042
0814082853
0814082262
08140819
0814081882
0814081398
0814081
0814080672
0814080518
0814080094
0814080071
081407kam
081407a
0814079895
0814079520
0814078953
08140786
0814078567
0814078551
0814078277
0814078047
0814078012
0814077705
0814077679
0814077645
0814077316
0814076901
0814076728
0814075052
0814074862
0814074679
0814074537
0814074516
0814074198
0814074184
0814073887
0814073655
0814073358
0814072907
0814072721
08140726
0814072493
0814072380
0814071868
0814071815
08140714
08140713
0814071182
0814071161
0814070910cheer
0814070496
0814070265
081406at
0814069891
0814069735
0814069478
0814069178
0814069174
0814069153
0814069092
0814068402
0814068339
0814068208
0814068103
0814068100
0814067434
0814067329
0814066734
0814066720
0814066646
0814065631
0814065613
0814064794
0814064415
0814064146
0814064142
0814063149
0814063108
0814063046
0814062979
0814062909
0814062725
08140625
0814062112
0814061574
081406149362
08140610
081405love
081405j
081405bhe
081405a
0814059902
0814059685
0814059397
0814058606
0814058009
0814057463
0814057312
0814057121
0814057093
0814055744
0814055636
0814055473
0814054615
0814054211
0814053603
0814053474pang
0814053158
0814052285
0814052113
0814052092
0814051451
0814051353
0814050756
08140507180906253
0814050528
0814050410
0814050384
0814050354
081404tita
081404kgj
081404c
081404a
0814049987
0814049361
0814048845
0814048666
0814048405
0814047840
0814047617
0814046989
0814046819
081404613729scz
0814046081
0814045334
0814045286
0814045253
0814045231
0814045213
0814045003
081404499
0814044012
0814043922
0814043855
0814043817
0814043678pk
0814043473
0814043419
0814043418za
0814043418
0814043380
0814043267
0814042991
0814042939
0814042156
0814042105
0814041885
0814041487
0814041275
0814041270
0814041235
0814040945
0814040884
0814040817
0814040451
0814040181
0814040138
0814040090
0814040050
0814039920
0814039885
0814039788
0814039680
0814039652
0814039538
0814039192
0814039190
0814038532
0814038478
0814038385
0814038257
0814037594
0814037566
0814037319
0814036532
0814036520
0814035739
0814035699
0814035398
08140342
0814033571
0814033381
0814032854
0814032529
0814032082
08140317bz
0814031609
0814031593
0814031485
0814030824
0814030797
0814030442
0814030376
0814030236
0814030233
081402a
0814029933
0814029637
0814029277
0814029262
0814029175
0814028485
0814028444
0814027903
0814027472
0814026721
0814026718
0814026663
0814026369
0814026100
0814026006
0814025979sssj
0814025440
0814025065
0814024648
0814024422
0814024030
0814023972
0814023827
0814023645
0814023217
0814022858
0814022605
0814022539
0814021391
0814021384
0814020991
0814020516
0814020501
0814020433
08140202a
0814019918
0814019866
0814019432
0814019248
0814019132
0814019105
08140191 1
0814019044
0814018844
0814017450
0814016832
0814016339
0814016293
0814015906
0814015835
0814015819
0814015644
081401534
0814015181
0814015057
0814014227
0814014108
0814013875
0814013597
0814013468
0814013341
081401319699
0814013173
0814013133
0814013
0814012980
0814012968
08140126
0814012267
0814012007
0814011647
0814011588
0814011259
0814010588
0814010470
0814010290
0814009717
0814008993
0814008695
0814008386
0814007695
0814007537
0814007489
0814006950
0814006628
0814006562
0814006435
0814005897
0814005643
08140046
0814003563
0814003513
0814003432
0814002510
0814001890
0814001748
0814001214
0814000429
0814000405
0814-MQMQ
0814+mps
0813ut
0813ttu
0813teejay
0813sonopiccolo
0813sms
0813sa
0813r
0813nov13
0813nathan
0813mtv
0813mr
0813mikiangie
0813me
0813md
0813life
0813lee
0813kenley
0813jimcarol
0813jeff
0813jack
0813ileyancrayola
0813enil
0813dc
0813david
0813cj
0813cbv
0813calyou
0813brit
0813ab
0813SBgb
0813INSANE
0813AUG
081399t
081399927328
0813998934
0813998427
08139981542525
0813998060
081399804
0813997766
0813997746_
0813997727
0813997675
0813997363
0813997084
0813997031
0813996841
0813996518
0813996181
0813995456
0813995300
0813995157
0813995074
0813995072
0813994896
0813994571
0813994335
0813994183d
0813993915
0813993600
0813993554
0813993072
0813992885
0813992793
0813992617
0813992240
0813992165
081399181810
0813991510
0813991282
0813991191
0813990682
0813990462
081399000961
081398t
081398j
0813989938
0813989572
0813989310
0813989227
0813989095
0813988470
0813986841
0813986380
0813986265
0813986+566
0813984305
0813983477
0813983315
0813983270
0813983010
0813982905
0813982544
0813982528
0813982015
081398148680
0813980828
0813980360
0813980182
0813980014
08139799
0813979171
081397903624
0813978438
081397840881
08139781
081397736937
0813977020
0813976877
0813976207
0813974850
0813974703
0813974653
0813974375
0813974091
0813973888
081397355170
0813973367
0813973134
0813972932
0813972832
0813972783
081397236579
081397221680
0813972191
0813971860
0813971726
0813971415
0813971311
0813971214
0813970920
0813970084z
081397001625
081396aaa
0813969831
0813969818
0813969630
0813969569
0813969010
0813968590
081396858361
0813967688
0813967257
081396714091
081396694994
0813966865
0813966857
0813966780
0813966616
0813966410
0813966353
0813966264
081396616847
0813966059
081396588944
081396577867
0813965564
0813964638
0813964362
0813963946
0813963443
0813963377
0813963355
0813963349
081396320404
0813962642
0813962499
081396232044
0813962320
0813961972
0813961171
081396087012
0813960800
081396066066
081396033876
081395syc
081395as
0813959993
081395964008153
0813959221
08139592
0813957888
0813957761
0813957484
08139572
0813956514
0813956295
0813956117
0813956024
081395599171
0813955035
0813954937
0813954597
0813954452
0813953710
0813953435am
0813953346
0813953076
081395303090
0813952927
081395288199
0813952537
0813952270
0813952102
0813951890
0813951792
0813951405
0813951207
0813950130
081394mack
081394f
0813949980
0813949544
081394905391
0813948957
0813948717
0813948400
0813948329
0813948279
0813948192
0813947824
0813947576
0813947403
0813946624
0813946460
081394570848
081394560
0813945303
0813945223
0813944570
0813944319
081394427110
0813943990
081394397502
0813943821
0813943604
0813942889
0813942420
0813941950
0813941356
0813941229
0813941129
0813940565
0813940557
0813940438
0813940209
08139400
0813939987
0813939829
0813939784
0813939475
0813939430
0813939313
0813939014
081393894629
0813938200
0813938198
0813937911
0813937408
0813936353
0813936352
0813936283
0813935144
0813935122
0813935077
0813935006
08139349528
0813934736
0813934619
0813934589
0813934546
0813934537
0813934485
0813934124
0813933901
0813933304
081393292006
0813932866
0813931889
08139314
0813931272
0813930893
0813930842
0813930833
08139308111
081393064100
0813930550
0813930430
081393001869
081392lou
081392j
081392hazelyn
081392h
081392g
081392d
0813929969
0813929968
081392911288
0813928776
0813928002
0813927605
0813927214
0813926999
0813926909
0813926733
0813926420
081392551117
0813925247
0813925055
08139249258;p
081392449099
0813924202
081392374186
0813923730
0813923493
0813923355
0813923186
0813922917
0813922886
081392215040
0813921916
081392152929
0813921522
0813921204
0813921069
081392081392
0813920787
0813920731
081391b
081391amm
0813919981
0813919309
0813919262
081391921984
0813919196
0813919032
0813919
0813918406
0813918345
0813918127
0813917620
081391761415
0813917587
0813917036
081391666966
0813916450
0813916366
0813916216
0813916129
0813915791
0813915634
0813915530
0813915299
0813915006
0813914977
0813914944
0813914744
0813914623
0813914521
0813914447
0813914379
0813914180
081391398586
0813913681
0813913310
0813913253
0813913065
0813912906
081391278898
0813912151
0813911957
0813911633
0813911279
0813911179
0813910904
0813910848
081391081391
0813910671
0813910562
081391038346
081390t
081390m
081390a
0813909994
0813909924
0813909400
0813908964
0813908585
081390841712
0813908384
081390789141
0813907320
0813907304
0813906878
0813906555
0813906148
0813905694
0813905645
0813905401
0813905394
0813905051
0813905034
0813905021
0813904922
0813904462
0813904361
0813904193
0813903867
081390374921
0813903721
0813903638
0813903624
0813903278
0813903011
0813902687
0813902585
0813902580
0813902501
0813902183
0813902099
0813901756
08139017
0813901156
0813901017
0813900610
0813900290
0813900287
0813900075
081390000806
08139
081389yuli
081389990338
0813898305
0813896677
0813896407
0813896359ais
0813896098
0813896090
0813896050
0813896019
0813895568
081389509838
0813895017
081389474919
0813894118
0813893822
0813893171
0813893064
0813892816
0813892705
0813892639
0813892638
0813892383
0813891998
0813891744
0813891582
0813891406
0813891281
0813891243
0813891190
08138911
0813890848
0813890624777
0813890036
081388t
081388jk
081388995
081388961745
0813889428
0813889214
0813889
0813888930
0813888719
0813888050
081388763
0813887383
081388718509
0813886825
0813886629
0813886509Za8
0813886489
0813886302
0813885962
0813885824
0813885244
0813885119
0813885096
0813884808
0813884231
0813883979
0813883830
0813883345
081388334387
0813883141
0813882298
0813881743
081388117735
0813881176
0813880997
0813880946
0813880888
0813880690
0813880512
0813880369
081387nat
081387md
081387a
0813879347
08138781
0813877917
0813877651
0813877554
0813877329
0813877323
0813877002
0813876576
0813876495
0813876358
08138754458
0813875384
0813875129
0813875014
081387461746
0813874388
0813874176
0813873738
0813873296
0813872863
0813872624
0813872261
0813872202
0813871708
0813871026
081387091804
0813870517
0813870516
0813870291
0813870027
0813869909
0813869429
0813869299
0813869184
0813868653
0813867564
0813867267
081386724031
0813866850
0813866637
0813866480
0813866449
0813866400
0813866177
0813864762
0813864682
0813864503
0813864386
0813864258
0813864243
0813864071
0813863851
0813863706
0813863683
0813863282
0813863231
0813862500
0813862441
0813861533
0813861499
0813861493
0813861400
0813861234
0813860906
0813860608
0813860571
0813860424
081385lyn
0813859962
0813859655
0813859575
0813858873
081385874861
0813858375
0813858369
0813858278
0813858125
0813857536
0813857527
0813856850
0813856744
0813856513
0813856293
081385582253
081385573558
0813855533
0813855294
0813855079
0813854548
0813854244
0813854149
0813854059
0813854052
0813853955
081385379712
0813853764
081385367226
081385351
0813853303
0813852325
0813852
081385161994
0813851221
0813851198
081385008
081385006240
081385.
081384lg
081384l
081384himsel
081384dr
0813849526
0813849237
0813849223
0813849079
0813849016
081384876111111
0813847686
0813847449
0813847330
0813846564
0813846454
0813846241
0813846101
0813846021
0813845672
0813845517
0813845282
0813845100
0813844930
0813844873
0813844803
0813844549
081384451588
0813844492
0813844353
0813843886
0813843853
0813843578
0813843509
081384336736
081384277033
0813842611
0813842209
0813842189
0813841913
0813841798
0813841678
0813841581
081384127
0813840754
0813840272
081383ym
081383m
0813839426
0813838844
0813838695
08138382687
0813838095
0813838027
0813837940
081383780985
0813837607
0813837503
0813837138
0813836724
0813836642
0813836460
0813836430
0813836409
0813836362
0813836025
081383543444
0813835113
0813835011
0813834984
0813834925
0813834713
0813833788
0813833450
0813833402
081383303317
0813832857
0813832347
08138323
0813832160
0813831502
0813831217
0813831059
0813830909
081383072979
0813830671
0813830592
0813830538
081383027107
08138300
081382r
081382ar
0813829957
0813829502
081382948008
0813829469
081382933790
081382886024
0813828855
0813828682
081382854622
0813828210
0813827410
0813827236
0813827116
081382655
0813826207
0813825930
0813825827
0813825484
081382525265
0813824712
0813824460
0813824201
0813824032
0813823781
0813823635
081382342703
0813823382
0813823300
0813823284
0813822737
0813822686
0813822419
081382222870
0813821982
0813821276
0813821071
0813820827
0813820564
081381t
0813819779
0813819588
0813819464
081381904092
0813819005
0813818812
0813818733
0813818426
0813818335
0813818202
0813817901
0813817728
0813817004**..
0813816507
0813816364
0813816228
0813815935
0813815328
0813814464
0813814395
0813813910
0813813857
0813813674
0813813214
081381300525
0813813
0813812647
0813812319nut
0813811977
081381151412
0813811244
0813811231
0813810921
0813810893
0813810880
08138107a
0813810281
081381022735
081381010430
0813810054
081380b
0813809899
081380855220
0813808466
0813808083
0813807978
0813805489
081380522151
08138050
08138040
0813803450
081380333858
0813803044
081380288222
0813802189
0813801872
0813801710
0813801555
0813800379
081380033752
0813800250
0813799583
081379939595
0813799267
0813798834
0813798121
081379728350
0813797115
0813796415
0813795989
0813795762
081379499495
0813794965
0813793966
0813793735
0813793440
0813793430
081379324290
0813793122
081379310489
0813793097
0813792668
081379246
0813791840
0813791514
0813791371
0813791128
0813790633
081378GW
081378994669
081378973660
0813788556
081378855426
0813788328
0813788138
0813788131
0813787987
0813787497
0813787056
081378686832
0813786620
0813786344
0813786325
0813785513
0813785428
0813784957
0813784261
0813784209
0813784083
0813783489
08137828
0813782319
0813782079
081378171297
0813781547
081378135015
0813780808
0813780613
081378049931
0813780194
081377k
0813779957
0813779955
081377882023
081377855971
0813778550
0813778252
0813778243
0813778152
0813777748
0813777324
0813777135
0813777052
0813776922
0813776885
0813776841
0813776570
0813776417
081377590038
0813775764
0813775592
0813775263
0813775211
0813775183
0813775154
0813774985
0813774859
0813774525
0813774424
0813774141
0813773617
0813773429
0813773356
0813772991
0813771900
0813771679
0813771440
0813771179
0813770395
0813770270
08137701
0813769066
0813767964
081376771108
081376723219
081376716635
0813766443
0813766233
0813765913
0813765776
08137654321
0813765316
0813764227
081376390812
0813763842
0813763796
0813762279
0813762244
081376194708
081376190939
081376102231
081376081818
0813760707
081376051312
081375986547
081375896975
0813758712
0813757744
0813757515
0813757244
081375723206
081375651761
0813756343
081375627373
081375575811
081375574999
0813755265
081375513984
0813755110
0813754140
081375401807
0813753490
0813753252
081375291588
081375212978
0813752023
081375194288
0813751419
081374990956
0813748791
0813748523
0813748339
0813748230
081374780636
0813747729
081374751853
081374711848
081374624300
0813746075
0813745114
0813745
0813744174
081374375766
081374365169
0813743646
0813743107
081374285313
0813742753
081374222822
0813742016
0813740994
0813740927
0813740119
0813738691
0813738161
0813737913
08137377737
0813736194
0813736133
0813735494
0813734975o6jo
0813734660
0813733846
0813733517
0813733347
0813733329
0813733200
081373284040
0813732185
0813731250
081373103778
0813730686
081373020285
0813730124
0813729238
081372911094
08137288
0813727086
0813727
0813726814
0813726128
0813726123
0813725914
0813725668
0813725384
081372527207
0813724881
0813724732
0813724265
0813723728
08137233
0813723258
0813722702
0813722077
0813721293
0813721091
0813720031
0813718262
0813717296
081371727389
081371714050
0813716952
0813716671
081371622805
0813715566
08137142
081371410011
0813713529
081371168880
0813711465
0813711238
0813710816
0813710425
081371000707
081370ah
081370955
0813709544
081370931558
081370874893
081370859940
0813708421
0813708295
081370818635
0813708005
0813707799300
081370770655
081370719758
0813707150
0813706976
081370641414
081370603846
0813705766
081370550070
081370521129
081370476615
0813704345
081370434485
0813704102
0813704100
0813703644
081370257441
0813702547
0813702462
0813701790
081370105549
0813700944
081370092982
0813700408
081370016925
081370003993
081370003636
08137
0813699614
0813699588
0813699321
0813699293
0813699131
0813698876
0813698609
0813698449
0813697997
0813697904
0813697893
0813697795
0813697649
0813697562
0813697383
0813697255
0813697224
0813697154
081369705170
0813697020
08136969d
0813696889
0813696546
0813696461
0813696277
0813696125
0813696019
0813695469
0813695431
0813694507
0813694410
0813694143
0813694023
0813693609
0813693602
0813693503
08136933682532
0813693290
0813693147
0813692949
0813692942
081369270001
0813692460
0813691539
0813690787
0813690628
0813690506
081369039110
0813690281
0813689899
0813689650
0813689621
0813689406
0813689321
0813689080
0813688302
0813688186
0813687948
08136878921442
0813687683
0813687089
0813687052
0813686879
0813686684
0813686235
0813685708
0813685607Toon
0813685383
0813684880
0813684723
0813684506
081368442465
0813684287
0813684239
0813683480
0813683109
0813682844
0813682809
0813682766
0813682663aum
0813682457
0813680810
081368
081367k
0813679977
0813679905
0813679350
081367915958
0813678795
0813678522
081367781063
0813677742
081367715711
0813677121
081367707777
0813676993
081367627428
0813675984
081367587888
0813675377
0813675139
0813674353
0813674080
0813673553
0813672715
081367222333
081367174658
0813671535
0813671529
0813671265
0813670142
08136700
0813669719
0813669648
0813669618
0813669272
0813669135
0813669040
0813668952
0813668834
0813668565
0813668546
0813668402
081366786