810102116
0810102071
0810102052
0810102026
0810102008
0810101980
0810101761
0810101712
0810101467777
081010146777
0810101220
0810101094
0810101080
0810101052
0810101026
0810101010017
08101010
08101009
0810100856Yint
08101006
08101005jjj
0810100539
0810100358
0810100031
08100ellz
0810099940
0810099803
0810099700
0810099569
0810099527
0810099184
0810099102
0810098583
0810098490
0810098420
0810098042
0810098006
0810096379
0810095788
081009555
0810095325
0810095118
0810094800
0810094615
0810093527
0810093355
0810093313
0810093144
0810092980
0810092953
08100929
0810092743
0810092701
0810092496
0810092313
0810091800
0810090905
08100909
08100908
0810090587
0810090544
081008wyfe
081008jb
081008gwp
0810089831
0810089810
0810089511
0810088798
0810088732
0810088368
081008817
0810088124
0810087294
0810086395
0810086334
0810085944
0810085916
0810085822
0810084429
0810084083
0810084008
0810083820
0810083012
081008282
0810082698
08100826
0810082523
0810082139
0810082061
0810082041
0810081319
0810081215
0810081090
0810080921
0810080861
0810080543
0810080513
0810080506
0810080373
0810080231
0810080035
0810080009
0810080
081007t
081007jcmgl
081007j
0810079079
0810078967
0810078666
0810078466
0810078223
0810078041
0810077994
0810077700
0810077429
0810077266
0810077172
0810077052
0810076928
0810076767
0810076672
0810076618
08100765610
0810076226
0810075987
0810075960
0810075837
0810075725
0810075715
0810075605
0810075600
0810075591
0810075560
0810074616
0810074583
0810074322
0810074143
0810074000
0810073713
0810073318
0810073307
0810073150
08100730
0810072745
0810072692
08100726
0810072550
0810072422
0810072308
0810072030
0810071026
0810070906
081006nmj
081006e
081006angyycarlos
0810069613
0810069503
0810069459
0810069308
0810069292
0810069004
0810068764
0810068660
0810068479
0810068372
0810067969
0810067672
0810067640
0810067634
0810067469
0810066921
0810066721
0810066263
0810066253
0810066191
0810066120
0810066111
0810065754
0810065037
0810064727
0810064630
0810064500
081006441
0810064330
0810063708fb;:N
0810063287
0810063284
0810063030
0810062940
08100626j
0810062565
0810062339
0810062100
0810061802
081006171978
0810061650
0810061588
0810061218
0810061122
0810061061
0810061052
08100609
0810060808
0810060703
0810060328
0810060183
0810060069
081005rasec
081005dri
081005aal
081005a
081005WyA
0810059697
0810059645
0810059579
0810059244
0810059205
0810058199
0810058140
0810057868
0810057726
0810057711
0810057665
0810056899kp
0810056602
0810056010
0810055832
0810055717
0810054918
0810054653
0810054547
0810054416
0810054385
0810054238
0810054107
0810053924
0810053826
0810053788
0810053550
0810053379
0810053346
0810053222
0810053061
0810052932
0810052769
0810052601
0810052570
0810052550
0810052428
0810052331
08100517
0810051623
0810051503
0810051442
0810051262
0810051152
0810051115
0810051020
0810050894
0810050709
0810050377
0810050137
08100501
0810050078
081004sjk
0810049930
0810049704
0810049543
0810049350
0810049265
0810049170
0810048145
0810047885
0810047739
0810047703
08100473
08100471581
0810047099
0810046870
0810046779
0810046680
08100466
0810046063
0810046060
0810046007
0810045890
0810045724
0810045545
0810045295
0810045234
0810045001
0810044722
0810044628
0810044579
08100445011
0810044390
0810044378
0810044119
0810043964
0810043854
0810043690
0810043316
0810043299
08100428
0810042582
0810042421
0810042311
0810042235
0810042120
0810041924
0810041693
0810041519
0810041099
0810040644
0810040600
0810040388
0810040326
0810040321
0810040085
0810040073
081003angel
0810039920
0810039415
08100391451994
0810039070
0810038929
0810038703
0810038355
0810038314
0810037783
0810037657
0810037575
0810037482
0810036823
0810036741
0810036549
0810036463
0810036257
0810035765
0810035619
0810035229
0810035
0810034968
0810034755t
0810033983
0810033747
0810033385
0810033183
0810033146
0810033018
0810033
0810032752
08100326
0810032409
0810032335
0810032273
0810032152
0810032095
0810031780
0810031408
0810031384
08100310
0810030921
0810030869
0810030702
0810030645
0810030615
0810030476
0810030396
0810030263
0810030053
0810030036
0810030
081002ex
081002c
081002b
0810029326
0810028412
0810028347
0810028271
0810028149
0810028
0810027882
0810027552
0810027370
0810027353
0810026874
0810026819
08100265
0810026380
0810026115
0810026097
0810026021
0810025932
0810025864
0810025789
0810025551
0810025539
0810025482
0810025433
0810025295
0810024786
0810024690
0810024658
0810024565
0810024528
0810024305
0810024057
0810023736
0810023112
0810022982
0810022873
0810022523
0810022400
0810021984
0810021916
08100217
0810021657
0810021372
0810021177
0810020948
0810020870
0810020688
0810020495
0810020201
081001l
081001h
0810019744
08100196
0810019446
0810019092
08100180177
0810018
0810017928
0810017898
0810017631
0810017365
0810017179
0810017086
0810016859
0810016410
0810016188
0810015990
0810015896
0810015747bird
0810015618275152
0810015475
0810015119
0810015096
0810015075
0810015041
0810015037
0810015016
0810014300
0810014142
0810013710
0810013545
0810013408
0810012983
081001292525794
0810012900
08100128
0810012682
0810012368
0810011781
0810011296
0810011275
0810011
0810010970
0810010963
0810010162
0810010019
0810009711
0810009570
0810009127
0810009080
0810008845
0810008474
0810008473
0810008433
0810008420
0810008381
0810008377
0810008306
0810008133
0810007979
0810007931
0810007922
0810007855
0810007810
0810007711
0810007630
0810007007
0810006948
0810006943
0810006870
0810006722
0810006706
0810006510
0810006500
0810005779
08100056991234
0810005408
0810005389
0810005123
0810005102
0810005008
0810004898
0810004849
0810004767
0810004139
0810004014
0810003789
0810003738
0810003582
0810003385
0810003236
0810003106
0810003078
081000301205
0810002833
0810002370
0810002
0810001871
0810001533
0810001490
0810001224
0810001161
0810001126
0810001
0810000955
0810000640
0810000511
0810000407
0810000366
0810000243
0810000000
0810-06
081/8852280
081.187
081-9966270
081-94
081-9210649
081-9085246
081-906-2274
081-8685130
081-8623482
081-843-8960
081-84
081-6331478
081-5934218beet
081-5885683
081-587-1355
081-4539233
081-3775726
081-3422102
081-2772545
081-1957020
081-1849799
081-14
081-1
081-085-2102
081-083
081-0593026
081-0555441
081-0501622
081-022-3363
081+837+5301
080trexter
080ta256
080s4r4h792
080peolpe
080paul
080net.ch
080kapao
080jokqi
080fykbb
080dfd6060
080cute
080cod
080ahf1967
080adri
0809zzz
0809yiwu
0809verito
0809tum
0809tkm
0809sergio
0809schoool
0809roca
0809reg
0809purple
0809peridot
0809people
0809page
0809p
0809ok
0809mmek
0809mm
0809mj
0809mimi
0809miangel
0809mecha
0809mary
0809love
0809lora
0809ling
0809laloca
0809king
0809junjun
0809july
0809jr
0809jg
0809jazzy
0809jacob
0809iris
0809gordon
0809girl
0809fucku
0809fd15o
0809eileen
0809drae
0809david
0809daniela
0809ctdr
0809ct
0809confainza
0809cdh
0809casiangeles
0809bilguun
0809bbebeng
0809ab77
0809_shivers
0809YOjrrv
0809Sugar
0809MK
0809LYTNN
0809GBS
0809ASD
08099e
0809997
0809995891
0809995678
0809995025
0809995
0809993539
0809993298
0809992132
0809992041
0809992
0809991529
0809991391
08099913
0809991234
0809991
0809990908
0809990390
0809990026
080998v
080998lim
0809986622
0809985435
0809980
080997mk
080997m
080997jb
0809979
0809977491
0809977212
0809976906
080997613
0809975521
0809975254
0809973136
08099715939
080996a
080996GOKI
0809967554
0809966148
0809965540
0809964719
0809964116
0809960830
0809960760
080995oj
080995d
080995bs
0809958587
0809955529
0809953449
0809950797
080995-2008
080995-0818
080994tok1ohotel
080994tink
080994kel
0809949369
0809948381
08099408
080993preciosaad
080993nissan
080993jlt
080993e
080993786
0809936273
0809936
0809933925
0809933156
080992cool
0809929731
0809928967
0809928
0809922029
080991t
080991s
080991kt
080991hs
080991e
0809918603
0809917
08099124
08099118
0809911613
08099112233
0809910150
080990sragenboy
080990mpto
0809909835
0809909799
0809909
08099033
08099017
08099013579147
08099008d09m90a
080989v
080989sib
080989j
080989dani
08098990
0809898680
0809898543
0809894x
0809894
08098919
0809890
080988leomz
080988fh
080988a
08098877
0809886977
080988685
0809880317
080987p
080987m
080987leo
080987amp
080987T
0809876633
08098753
0809874221
0809871736
080986rd
080986d
0809869857
0809867849
0809867597
0809867003
0809866975
0809866895
0809865867
0809865364
0809863617
0809863442
0809863140
0809863029
0809862863
0809862694
0809861775
0809861723
0809861694
0809861411
0809861350
0809860863
0809860849
0809860519
0809860455
080985rrr
0809859316
0809859196
0809859026
0809858198
0809858166
0809858110
0809857653
0809857523
0809856798
0809855268
0809854332
0809854162
0809853881
0809853622
0809853143
0809853017
0809852607
0809852
0809851570
0809851223
0809850708
0809850243
080984jcpm
0809849924
0809849735
0809849348
0809848980
0809848748
0809848685
0809848616
0809848507
0809848437
0809848230
0809848056
0809847912
0809845548
0809845440
0809845412
0809845252
0809845114
0809844693
0809844514
0809843398
0809842891
0809840889
0809840851
080983e
0809839584
0809839434
0809838310
0809838199
0809837490
0809837437
0809836593
08098364
0809836103
0809836
0809835596
0809835297
0809834267
0809834221soup
0809834143
0809833605
0809832923
0809832638
0809832480
0809832175
0809832006
0809830863
0809830325
080982x
080982joao
080982ale
0809829346
0809829227
0809828240
0809827138
0809826095
0809825447
0809825186
0809824889
0809823907
0809823214
0809823064
0809822864
08098220ne
0809821185
0809820968
0809820928
080982090580
080981h
080981erc080981
0809819683
0809819635
0809819616
0809819321
0809819231
080981911818120
08098179
0809815701
0809815431
0809814331
0809814065
0809813398
0809813135
0809812909
08098124
080981234
0809811965
0809811871
08098118
0809811053
0809810469
0809810197
0809810015
0809809622
0809809485
0809809379
0809808730
0809808
0809806757
0809806255
0809805013
0809804775
0809804647
0809804584
0809804194
0809802633
0809801905
0809801
0809800744
0809800675
08098006542184
0809800650
080980-051100
080980 ,
08098
0809799427
0809799093
0809799068
0809798548
0809798512
0809798291
0809798256
0809798151
0809798137
0809797600
0809797456
0809797213
0809797011
0809796405
08097964
0809796017
0809795932
0809795452
08097947988
0809794709
0809794303
0809793914
0809793762
0809793755
0809793340
0809792736
0809791687
0809791685
0809791308
0809791172
0809791061
0809790675
0809790529
0809790435
0809790065
080978nats080978
080978S
0809789758
0809789541
0809789
0809787533
0809787456
0809787449
0809787348
08097868
0809786759
0809785510
0809785400
0809785254
0809785215
0809784980
0809784973
0809784064
0809783954
0809783791
0809782927
0809782773
0809782231
0809781836
0809781784
0809780187
0809780183
080977m
0809779970
0809779131
0809779049
0809777815
0809777587
0809777131
0809777083
0809777054
0809775980
08097759
0809773580
0809773354
0809773314
0809773305
0809772837
0809772794
0809771667
080976t
0809768047
0809767731
0809766174
08097653956
0809765192
0809764637
0809762010
0809761627
08097616
0809761205
0809760578
0809759641
0809759327
0809757511
0809757503
0809756093
0809755251
0809753094
0809753038
0809751474
0809750949
0809747274
0809747008
0809746960
0809746501
0809746135
0809745632
0809745365
0809745123
0809744199
0809744127
0809743575
0809743520
0809743447
0809742585
08097416breakers
0809741366
0809738567
0809737237
0809736753
0809736107
0809735831
0809735536
0809735189
0809735079
0809735064
0809734735
0809734700
0809732998
0809732517
0809732024
0809731891
0809731879
0809731408
0809731060
0809729806
0809729476
0809729104
0809729055
0809728499
0809728389
0809727597
0809727442
0809726768
0809725944
0809725906
0809725586
0809725231
0809723799
0809723784
0809723406
0809722871
0809722146
0809721447
0809721434
08097213
0809720929
0809720408
0809719886
0809719690
0809719401
0809719083
0809718914
0809718661
0809718026
0809717753
0809717393
0809716845
0809716614
0809716491
0809714695
0809714305
0809713930
0809713027
0809712805
0809712730
0809712405
0809710805
0809710140
08097100
080970t
080970mom
0809709964
0809709052
0809708825
0809708313
0809707617
0809707589
08097075
080970736327
0809706879
0809706847
0809705258
0809705107
0809704598
0809704003
0809703194
0809702634
080970156618102536
0809701463
0809701418
0809701
08097000
0809699694
0809699385
0809698994
0809698361
0809698172
0809697743
0809697459
0809697450
08096969
0809696681
0809696478
0809696463
0809695787
0809695654
0809695534
0809695247
0809695
0809694695
0809694658
0809693584
0809693021
0809692961
0809692036
0809690902
0809690497
0809690433
0809690301
0809690053
0809687581
0809686173
0809684854
0809684709
0809684639
0809684520
0809684150
0809684003
0809683198
08096823472
0809682203
0809681713
0809681670
0809681654
0809681631
0809681167
0809680029
080967vg
0809679641
0809679155
0809678729
0809678378
0809674936
0809669476
0809669335
0809668284
0809668213
0809668180
0809667731
0809667172
0809666973
0809666708
0809666489
0809665974
0809665864
0809665383
0809664793
0809664748
0809664154
0809664147
0809663565
08096628104
0809661589
0809661278
0809661136
0809660501
0809658559
0809658011
0809657271
0809655520
0809655180
0809655062
0809654151
0809653050
0809652923
0809652897
0809652821
0809650462
0809648901
0809646159
0809645542
0809645352
0809643312
0809642645
0809642552
0809642538
0809642062
0809642
0809638860
0809638370
0809638002
0809637349
0809637228
0809637074
0809637065
0809636925
0809636914
0809636808
0809636654
0809636
0809635953
0809635929
0809635812
0809635080
0809635049
0809634799
0809634235
0809633913
080963303
0809632205
0809631142
0809630793
0809630740
0809630618
080962so
080962s
080962dad
080962d
0809627896
0809627433
0809626801
0809626505fon
0809626265
0809625856
0809625142
08096247751
0809624299
0809624003
0809621563
0809619288
0809618112
0809618027
0809616869
080961674
0809615092
0809615067
0809614854
0809614650
080961388
0809612293tip
0809612205
0809612120
0809611785
0809611204
0809610622
0809609787
0809609693
0809608731
0809608653
0809608635
0809608065
0809608056
0809607898
0809607024
0809606912
0809606721
0809606107
0809604086
0809604076
0809602693
0809602551
0809602524
0809601685
0809601290
0809600167
08096
0809592740
0809591481
0809591001
0809590990
0809585651
0809572198
0809570847
080956el
0809569427
080955k
08095566
08095564
0809555629
080955201
0809551475
0809551284
0809550382
08095451
080954
0809539305
08095388836
0809538119
0809536642
0809533060
080953148
0809529525
0809527444
0809525509
08095226
08095208023
080951
0809508676
0809504
080950140
0809500716
08094u
08094ag
0809499989
0809495240
0809494943
0809492947
0809490999
0809487
0809473342
0809471588
080947
080946869
0809467913
0809466652
0809462983
08094535
0809452832
0809449920
0809449755
0809449
0809448640
0809448610
0809448533
0809447566
0809446987
0809446921
0809446899
0809446848
0809446631
0809446250
0809445361
0809445238
0809445021
08094449
0809444828
0809443045
0809442901
0809442618
0809442605
0809442183
0809441786
0809441309
0809440973
0809440531
0809440014
080944
0809439648
0809439223
0809439004
0809438794
0809438377
0809438245
080943722007
0809436736
0809436115
0809435900
0809435546
080943547
0809435368
0809434419
0809432887
0809432867
0809432067
0809431885
0809431500
0809429554
0809428755
0809427861
0809427197
0809427061
0809426236
0809426120
0809425964aloha
0809425847
0809425418
0809425256
0809424950
0809424826
0809423960
0809423699
0809423587
0809423561
0809423523
0809422642
0809422639
0809422328
0809422261
080942216
0809422063
0809421312
0809420736
0809420413
0809420336
080942
0809419692
0809419548
0809419276
0809417932
0809417723
0809417391
0809417143
0809417138
0809417083
0809416552
0809416365
0809416061
0809415950ot
0809415686
0809415337
0809415051
0809413904
0809413669
0809413527
0809413296
0809413155
0809412769
0809412377
0809412370
0809411729
0809411538
0809411406
0809410531
0809410295
0809410204
080941
080940975900000
0809409523
0809409262
0809409078
0809408660
0809408034
0809407954
0809407433
0809407286
0809407174
0809405718
0809405317
0809405292
0809405014
0809404436
08094039
0809403859
0809403558
0809401626
0809401307
0809401249
0809401027
0809400214
080940
0809397280
0809396910
0809396878
0809396524
0809396017
0809395450
0809395387
0809395349
0809394935
0809393971
0809393896
0809393784
0809393252
0809393170
0809393167
0809393132
0809393023
0809392761
0809392719
0809391751
0809391562
0809390858
0809390053
080939
080938shaman
080938jan
080938j
0809389891
0809389782
0809389156
0809389154
0809388834
0809388171
0809387730
0809387622
0809387592
0809387225
0809387115
0809387009
0809384795
0809384337
0809383496
0809383450
0809383414
0809383361
0809382926
0809382611
0809382072
0809381429
0809380769
0809380765
0809380736
080938
0809379475
0809379293
0809377745
0809376638
0809375884
0809375828
0809375605
0809375264
0809374865
0809374559
0809374142
0809374024
0809373808
0809373738
0809373236
0809371871
0809370585
0809369775
0809368312
0809367820
0809367223
0809366269
0809366183
0809364275
0809364009
0809363346
0809363047
0809361143
0809360355
0809359965
0809359619
0809359206
0809358527
0809358428
0809357967
0809357829
0809357627
0809357083
0809356828
0809356741
0809356363
0809356
0809355501
0809355322
0809354938
0809354139
0809354098
0809354028
0809353500
0809353366
0809353303
0809352985
0809352892
0809352679
0809352410
0809352265
0809351981
0809351796
0809350785
0809350619
0809350443
0809349391
0809349262
0809348150
0809347647
0809347636
0809347166
0809346807
0809345816
0809345621
0809345542
0809344807
0809344561
0809344010
0809342924
0809342829
0809342774
0809342550
0809342365
0809342034
0809341847
0809341379
0809341279
0809341072
0809340812
0809340746
0809340598
0809339698
0809339343
0809338839
0809338153
0809337620
0809337424
0809337149
0809337035
0809336345
0809336050
0809335473
0809335360
0809334372
0809334
0809333018
0809332871
0809332225
0809331907
0809331587
0809330602
0809329400
0809329279
0809328942
0809327184
0809327138
0809327027
0809325132
0809325124
0809324380
0809323832
0809323804
0809323691
0809323182
0809322532
0809322191
0809321556
0809320251
0809320151
0809319397
0809319358
0809319240
0809319034
0809318106
0809316661
0809316429
0809316123
0809315938
0809315165
0809315066
0809314651
0809314170
0809313872
0809313618
0809313468
0809313285
0809312991
0809312937
0809312430
0809312274
0809311920
0809311875
0809311729
0809310493
0809310417
0809310287
0809310169
0809310007
080930nuija
08093080
080930795
0809306949
0809306045
0809305930
0809305919
0809305916
0809305898
0809305621may
0809304973
0809304895
0809304891
0809304120
0809304104
0809303573
0809302962
0809302375
0809302085
0809301591
0809301430
0809301226
0809301087
0809301063
0809301012
080930072205
08093005
08092k4
0809299849
0809299745
0809299744
0809299505
0809298227
0809297449
0809297420
0809297235
0809297034
0809296951
0809296546
0809296180
0809296003
0809295980
0809295427
0809295416
0809293964
0809293913
0809293023
0809292974
0809292938
0809292658
0809292369
0809292265
0809292031
0809291957
0809291460
0809291249
0809290818
0809290597
0809290302
0809290237
0809290211
08092900
0809288504
0809288238
0809288107
0809287831
0809287591
0809287190
0809286301
0809286298
0809285873
0809285331
0809285295
0809285278
0809283434
0809283379
0809283154
0809281932
08092814
0809281107
0809280716
0809280065
0809280043
080927drake
080927_y
0809279257
0809279141
0809278942
0809278642
0809278456
0809278257
0809276253
0809276184
0809276183
0809275268
0809275095
0809274057
0809273734
0809273581
0809273547
0809273016
0809272433
0809272364
0809271912
0809271858
0809271663
0809271412
0809271366
0809271192
0809271049
0809270483
08092699521
0809269756
0809269489
0809269188
0809269126
0809268673
0809268178
0809267867
0809266715
0809266515
0809265080
0809264526
0809262680
0809262407
0809262034
0809261708
0809260981
0809260487
0809260013
0809259572
0809259528
0809259050
0809258803
0809258345
0809257852
0809257843
0809257658
0809256967
0809256603
0809256380
0809256215
0809255864
08092551
08092549
08092548
0809254746
08092544
0809254287
08092540
08092538
0809253463
08092531annonelove
0809252720
08092521
08092520
08092517
08092515
0809251420
0809251159
08092510
0809250811
0809250736
0809250714
0809250129
080924cg
0809249639
0809248563
0809248406
08092479851
0809247892
0809247853
0809247601
0809247588
0809246435
0809245940
0809245886
0809245191
0809243909
0809243336
08092430
0809242513
0809241793
0809241779
0809241562
08092412
0809241150
0809240890
0809240093
080923sd
080923divinas
0809239916
0809239682
0809239380
0809238140
0809236078
080923584
0809234020
0809233602
0809233284
0809233189
0809232927
0809232671
0809232619
08092326
08092315
0809230160
0809229861
0809229710
0809229088
0809228701
0809228620
0809228254
0809227688
0809227233
0809226493
0809226411
0809226140
0809225461
0809224899
0809223244
0809223182
08092229
0809222814
080922240
0809222213
0809222032
0809221766
0809221618
0809221484
0809221471
0809221421
0809220941
0809220751
08092206l
0809219337
0809218506
0809218481
0809218206
0809218092
0809217425
0809217396
0809217344
0809217062
0809216925
0809216176PO
0809215801
0809215269
0809215124
0809214452
0809214369
0809213926
0809213532
0809213169
0809212504
0809211941
0809211707
0809211695
0809211569
08092115
0809211473
0809211013
08092110
0809210684
0809210663
0809209371
0809208941
0809208462
0809208152
080920808
0809208006
0809207720
0809207547
0809207368
0809207008
0809206785
0809206290
0809206183
0809205897
0809205769
0809205380
0809204265
0809203761
08092032
0809202892
0809202887
0809202831
0809202814
0809202652
0809202509
08092023420805978638
0809202093
0809201889
08092017
0809200950
08092005sara
08092005k
08092005jaimelesex
080919991
0809199868
08091996pereira
080919951925a
08091993marlynn
08091992felipe_
0809199265
0809199214045
08091991c
08091990maria
08091990k
0809199038
08091989yellow
08091989c
08091989a
08091988k
0809198821
08091987vickycit
0809198400
08091983tt
0809198236
08091981678
0809198132
08091977i
08091973
08091969hm
08091966
08091963
0809196202
08091962
0809196198
08091961
08091960
08091958
0809195754
0809195606081979
08091956
0809195507
0809195418
08091954
08091952
08091946
0809194363
0809193735
0809193610
0809192743
0809191997
0809191840
0809191701
0809191621
0809191582
08091910
0809190140
0809189970
0809189795
0809189466
0809189462
0809189351
0809189125
0809188602
0809187731
08091855492019
0809185526
0809185351
0809184771
0809184594
0809184576
0809184402
0809184357
0809184268
0809183971
0809183780
0809183256
080918318586
0809182389
0809182357
0809182005
0809181788
0809180766
0809179973
0809179785
0809179720
0809178641
08091785
0809178347
0809178306
0809177716
0809177701
0809177599
0809177536
0809177325
0809177266
0809177263
0809177010
0809177
0809176240
0809176007
0809176+512
0809175898
0809175676
0809175291
0809174275
0809174238
0809173936
0809173889
08091727
08091726
0809172
0809171850
08091706
0809170190
0809170159
0809170103
0809168240
0809167789
0809166910
0809166
0809164815
0809164473
0809163976
0809163591
0809163392
0809162886
0809161908
0809161701
08091617
0809161067
080915nr
0809156999
0809151900
08091518
08091510
0809150719
0809149796
0809142905
0809141667
0809136742
0809135135
0809134
08091326
0809131570
08091310
080912love
080912fu
0809127939
0809126864
0809126133
0809124954
0809124
0809123321
0809122bld
0809122608
08091223
08091219
080912050501
08091205
080912000073
080911dvd
08091198
0809118
0809116
08091127
08091113
08091110
08091103
080910asj
080910a
0809107417
0809105854
0809103799878
08091012kt
08091012
0809101122
080910098
080909jose
0809096
0809095962
0809095528
0809094566
08090925ds
08090925
0809092350
08090912ngt
080909103
0809090980
0809090911
0809090868
08090908
0809090781
08090904
080908sr
080908liz
080908jkb
080908j
0809089448
0809084
0809082638
08090823
0809082236
08090822
080908120108
08090809m
080908090809
080907ily
080907a
08090797
0809074
08090726
08090711
080907092
080907091
080907060504
08090621
08090616
080906123
08090602
08090601
080905m
080905LMO
0809059918
0809059118
0809059066
0809058619
0809058430
0809057857
0809057534
0809056812
0809055097
0809054410
0809054402
0809054386
0809052asm
0809052503
0809052153
0809051617
0809051193
0809050174
080904jj
080904dt
0809049732
0809048645
0809048636
0809048011
0809047816
0809047338
0809045990
0809045013
0809044968
0809044087
0809043563
0809043257
08090429
0809042553
0809040308
080903taya
080903jc
080903j
080903hassan
080903gc
080903al
08090386
0809038470
0809037940
0809037522
0809037437
0809036781
0809036368
0809035691
0809035410
0809034458
0809034255
0809033981
08090332
0809033063
08090330
0809033
0809032174
0809032008
0809031330
08090313
0809030558
080902to
080902tm
080902kafkas0809
080902k
080902joy
080902CE
0809027736
0809027395
0809027015
0809026559
08090260239301
08090260120000
0809025783
0809025451
080902536
0809024947
0809024409
0809023988
08090237
0809023346
0809022734
0809022576
0809022540
080902224
0809021813
0809021652
0809021630MOO
0809020918
0809020310
080901kw
0809019202
0809019052
0809018839
0809018824
0809018583
0809018180
0809016993
0809016312
0809016227
0809016180
0809016157
0809015474
0809015012
0809014739
0809013397
08