38
0800580155
0800579875
0800579739
0800579125
0800579060
0800578047
0800577994
0800577837
0800576497
0800576122
0800575502
0800575381
0800574715
0800574041
0800574039
0800573847
0800573828
0800573824
0800573780
0800573200
0800573084
080057294
0800572528
0800570906
0800570593
0800570496
0800570420
0800570405
0800570143
080057
0800569689
0800569246
0800569245
0800568523
0800568405
0800567930
0800567421
0800566916
0800565529
0800565213
0800565
0800564956
0800564924
0800564893
0800564661
0800564573
0800564508
0800564468
0800564153
0800563848
0800563829
0800563608
0800563547
0800563513
0800563233
0800562839
0800562595
0800561628
0800561474
0800561308
0800560899
0800560656
0800560042
08005600362526
080056
0800559713
0800559690
0800559610
0800559231
0800558753
0800558521
0800558432
0800558078
0800557864
0800557833
0800557780
0800557708
0800557643
0800557578
0800557505
0800556863
0800556588
0800556470
0800556312
0800556259
0800555630
0800554806
08005547417150
0800554718
0800554486
0800554383
0800554160
0800554093
0800553715
0800553407
0800553114
0800552720
0800552665
0800552602
0800552179
0800552028
0800551801
0800551563
0800551338
080055094
0800550822
0800550787
0800550761
0800550108
0800549852
0800549613
0800549438
0800549432
0800549194
0800548873
0800548769
0800548566
0800548520
0800547305
0800547188
0800547166
0800547062
0800547
0800546579
0800546513
0800546499
0800545805
0800545710
0800545617
0800545507
0800544992
08005448099
0800544503
0800544077
0800543981
080054397155
0800543808
080054370044
0800542962
0800541446
0800541219
0800540773
0800540291
0800540011
080054
080053kb
0800539434
0800538639
0800538090
0800537375
0800536778
0800536670
0800536585
0800535820
0800535648
0800535473
0800535341
0800534780
0800534350
0800533893
0800533859
0800533837
0800533519
0800533352
0800533084
0800532780
0800532661
0800532627
0800532211
0800532092
0800530083
0800529630
0800527736
0800527665siba
0800527646
0800527610
080052717
0800527077
0800526602
0800526584
0800526449
0800525509
0800524640
0800524479
0800524470
0800524299
0800523470
0800523134
0800523
0800522799
0800522607
0800522283
0800522272
080052203
0800521992
0800521903
0800521891
0800521590
0800521165
0800520816
0800520434
080052
0800519734
0800519244
0800518814
0800518740
0800518500
0800518486
0800518477
0800518128
0800517897
0800517854
0800517716
0800517697
0800517504
0800517255
0800517194
0800516892
0800516859
0800516432
0800516362jang
0800516039
0800515898
0800515760
0800515633
0800515370
0800515104
0800514116
0800514053
0800513661
0800513633
0800513562159
0800513455
0800513357
0800512822
0800512771
0800512744
0800512360
0800512292
0800511839
0800511609
0800511201
0800510974
0800510573
0800510517
080051
0800509972
0800509803
0800509592
0800509578
0800509032
0800509022
0800508995
080050874
0800508407
0800508219
0800507882
0800507797
0800507653
0800507630
0800507352
0800507087
0800507061
0800507009
0800506998
0800506983
0800506974
0800506638
0800506287
0800505704
08005051
0800504389
0800503978
0800503891
0800503714
0800503569
0800503566
0800503379
0800502673
0800502461
0800502331
0800501479
0800500230
080050010
08004milkluva
0800499631
08004988
0800498756
0800498235
0800497479
0800497311
0800497212
0800496919
0800496439
0800496330
0800496287
0800495203
0800494718
0800494594
0800494564
0800494251
0800494111
0800494026
0800493761
0800493731
0800493306
0800493
0800492604
0800491791
0800491689
0800491219
0800490950
0800490940
0800490821
0800490462
080049
0800488851
0800487699
0800487174
0800487139
0800487067
0800486856
0800486784
0800486768
0800486566
0800486341
0800485829
0800485526
0800484895
0800483915
0800483904
0800483543
0800483533
0800483376
080048262486
0800482166
0800481982
0800481886
0800481084
0800481052
0800480886
0800480781
080048
0800479982
080047908
0800477985
0800477890
08004778
0800477735
080047772581a
0800477622
0800476664
0800476199
0800475924
0800475547
0800473480
0800472293
0800471871
0800470830
0800470447xx
0800469538
0800469343
0800467948
0800466812
0800466197
0800465705
0800464414
0800462849
0800461184
0800460135
0800460073
0800459296
0800458758
0800457890
0800456717
0800456658
0800456233
0800456117
0800455714
0800453009
0800451927
0800450829
0800450464
0800448841
0800448526
0800447596
0800447232
0800447114
0800445553
0800445502
0800443191
0800442938
0800441634
0800440671
0800440205
0800440183
0800439527
0800439269
0800439199
0800439150
0800438486
0800437325
0800437218
0800436931
0800436836
0800436793
0800436344
0800434813
0800434516
0800434461
0800434241
0800434007
0800433994
0800433601
0800433286
0800433090
0800432826
0800432763
0800432205
0800431220
0800431192
0800430401
080043
0800429300
0800428559
0800427470
0800427142
0800427133
0800427112
0800425912
0800425352
0800424966
0800424553
0800424273
0800424087
0800423450
0800423374
0800423
0800422658
0800422411
0800422173
0800422148
0800422087
0800421137
0800421034
0800420400
0800419912
0800417998arm
0800416735
0800416562
0800416289
0800416169
0800415922
0800415822
0800415674
0800415672
0800415287
0800415167
0800415132
0800415064
0800414921
0800414895
0800414579
0800414210
0800414079
0800414053
0800414033
0800413997
0800413850
0800413840
0800413779
0800413757
0800413280
0800413250
0800413234
0800413033
0800412981
0800412769
0800412678
0800412644
0800412427
0800412356
0800412259
0800412254
0800412099
0800412041
0800412031
0800411910
0800411738
0800411736
0800411346
0800411248
0800411062
08004106350104
0800410622
0800410614
0800410552
0800410233
0800410213
0800410114
0800410078
080041
0800409670
0800409637
0800409389
0800409384
0800409332
0800409317
0800409251
0800409129
0800409035
080040901
0800409006
0800408976
0800408897
0800408589
0800408490
0800408474
0800408342
0800408215
0800407880
0800407866
0800407814
0800407761
0800407741
0800407645
08004073ilamas
0800407259
0800407128
0800407100
0800407006
0800407005
0800407002
0800406760
0800406692
0800406499
0800406332
0800406213
0800406154
0800406118
0800406001
0800405990
0800405969
0800405929
0800405900
0800405874
0800405856
0800405695
0800405571
0800405485
0800405471
0800405313
0800405210
0800405076
0800405065
0800404987
0800404905
0800404842
0800404686
0800404679
0800404584
0800404420
0800404100
0800403871
0800403834
0800403797
0800403544
0800403116
0800402983
0800402807
0800402598
0800402367
0800402274
0800402230
080040131
080040080
0800400260
08004
080039e
0800399609
0800399128
0800399022
0800398098
0800397609
0800396454
0800396427
0800396166
0800396031
0800396002
0800395746
0800395569
0800395311
0800395195
0800395175
0800394780
0800394722
0800394146
0800394044
0800393970
0800393602
0800393596
0800393558
0800393477
0800393471
0800393313
0800393302
0800393288
0800393168
0800393036
0800392801
0800392381
0800392273
0800392053
0800391292
0800391007
0800390498
0800390019
0800390
080039
0800389774
0800389440
0800389001
0800388775
0800388288
0800388168
080038808
0800387815
0800387757
0800387554
0800387544
0800387062
0800386835
0800386519
0800386504
0800386337
0800386225
0800385914
0800385568
0800385520
0800384977
0800384929
0800384535
0800384306
0800383763
0800383681
0800383498
0800383433
0800383289
0800382996
0800382912
0800382732
08003827
0800380958
0800380953
0800380950
0800380878
0800380870
0800380852
0800380793
0800380780
0800380779
0800380743
0800380503
080038
0800379985
0800379752
0800379689
0800379686
0800379488
0800379431
0800379422
0800379401
0800379337
0800379212
0800379141
0800379087
0800378916
0800378868
0800378857
0800378742
0800378595
0800378387
0800378378
0800378278
0800378205
0800378162
0800378149
0800378065
0800378001
0800377996
0800377967
0800377915
0800377851
0800377800
0800377706
0800377675
0800377656
0800377596
0800377586
0800377571
0800377453
0800377244
0800377080
0800376994
0800376931
0800376846
08003761556
0800376037
0800374621
0800374475
0800373968
0800373451
0800372551
0800372296
0800372215
0800372210
0800371544
0800370882
0800370383
0800370248
0800370162
0800370089
0800369643
0800369299
0800369290
0800368999
0800368835
0800367849
0800367198
0800366778
0800366326
0800365759
0800364550
0800364023
0800363871
0800363849
0800363790
0800363637
0800363569
0800363532
0800363525
0800363396
0800363381
0800363289
0800363184
0800363110
0800362291
0800362265
0800361929
0800361681
0800361582
0800361409
0800361173
0800361154
0800360995
0800360730
0800360509
0800360226
0800360143
0800359806
0800359655
0800358920
0800358502
0800358440
0800357970
0800357731
0800356638
0800356620
0800355753
0800355658
0800355425
0800355379
0800355282
0800354869
0800354546
0800354276
0800353683
0800353557ka
0800353048
0800352594
0800352397
0800352361
0800351589
0800351245
0800351223
0800351039
0800350344
0800349428
0800349343
0800349062
0800348986
0800348441
0800348130
0800347819
0800347777
0800347706
0800347553
0800347369
0800347211
0800347167
0800347090
0800347065
0800346861
0800346800
0800346775
0800346612
0800346282
0800346186
0800345528
0800345404
0800345212
0800345089
0800344855
0800344812
0800344566
0800344552
0800344058
0800343948
0800343893
0800343637parn
0800343634
0800343507
0800343459
0800342803
0800342771
0800342712
0800342616
0800342448
0800342296
0800342292
0800342278
0800342052
0800342002
0800341902
0800341791
0800341772
0800341658
0800341575
0800341483
0800341474
0800341466
0800341389
08003412224
0800341207
0800341130
0800341068
0800341023
0800340643
0800340301
0800340248
0800340206
0800340074
0800339899
0800339822
0800339719
0800339676
0800339539
0800339263
0800339010
0800338959
0800338857
0800338496
0800338490
0800338287
0800338106
0800337973
0800337869
0800337656
0800336812
0800336394
0800335354
0800335327
0800334946
0800334404
0800334311
0800333793
0800333770
0800332145
0800332097
0800332009
0800331990
0800331880
0800331462
0800331387
0800331311
0800330165
0800330161
080033
0800329844
0800329475
0800329352
0800329032
0800329
0800328266
0800327956
0800327555
0800327409
0800325537
0800325425
0800325344
0800325166
0800324957
0800324257
0800324209
0800324165
0800324129
0800324064
0800323826
0800323381
0800323298
0800322919
0800322815
0800322431
0800322416
0800322410
0800322234
0800322184
0800322170
0800322022
0800321624
0800321254
0800321233
0800321208
0800321165
08003211391615
0800321132
0800320841
0800320742
0800320541
0800320506
0800320439
080032
0800319651
0800319643
0800319224
0800319076
0800319017
0800318975
0800318942
0800318853
0800318531
0800318518
0800318491
0800318457
0800318429
0800318333
0800318289
0800318169
080031807
0800317876
0800317857
0800317757
0800317617
0800317403
0800317223
0800317074
0800316746
0800316524
0800316388
0800316378
0800316298
0800315848
0800315840
0800315839
0800315570
0800315418
0800315406
0800315393
0800315365
0800315079
0800314618
0800314612
0800314569
0800314481
0800314384
0800314243
0800314228
0800314030
0800313916
0800313851
0800313821
0800313652
0800313486
0800313406
0800313365
0800313312
0800313093
0800313077
0800313034
0800313025
08003130116
0800312707
0800312100
08003120
0800311965
0800311851
0800311612
0800311611
0800311535
0800311443
0800311431
0800311343
0800310934
0800310901
0800310883
0800310842
0800310589
0800310455
0800310295
0800310217
080030z
0800309912
0800309808
0800309057
0800308809
0800308739
0800308692
0800308019
0800307800
0800307496
0800307450
0800306988
0800306853
0800306758
0800306621
0800306335
0800305360
0800305338
0800304692
0800304050
0800303400
0800303056
08003028538
0800302370
0800302362
0800302099
0800301996
0800301107
0800301074
0800301030
080030103
0800300665
0800300476
08003
0800299903
0800298854
0800298832
0800298715
0800298502
0800298414
0800298209
0800298201
0800298006
0800297909
0800297595
0800297569
0800297568
0800297539
0800297526
0800297354
0800297343
0800297255
0800296907
0800296903
0800296635
0800296587
0800296491
0800296406
0800296115
0800296092
0800295574
0800295289
0800295249
0800295026
0800294932
0800294528
0800294435
0800294428
0800294354
0800294342
0800294211pang
0800294112
0800293894
0800293863
0800293677
0800293650
0800293548
0800293376jang
0800293107
0800292987
0800292829
0800292554
0800292503
0800292486
0800292267
0800292117
0800292108
0800291956
0800291833
0800291719
0800291717
0800291648
0800291614
0800291336
0800291290
0800291172
0800291042
0800290729
0800290702
08002906124
0800290578
0800290574
0800290452
0800290432
0800290313
0800290283
0800290180
0800290088
080029
0800289919
0800289813
0800289546
0800289510
0800289459
0800289096
0800288950
0800288758
0800288698
0800288641
0800288567
0800288313188211556
08002883131
0800288143
0800288061
0800288
0800287993
0800287972
0800287880
0800287840
0800287415
0800287296
0800287209
0800287056
0800287000
0800287
0800286872
0800286397
0800286299
080028621
0800285146
0800285
0800284608
0800284140
0800283260
0800282333
0800282163
0800281722
0800281701
0800281436
0800281332
0800281317
0800280860
0800280348
0800280328
0800280162
0800279504
0800279321
0800279197
08002791833
0800279039
0800278987
0800278973
0800278912
0800278481
0800278384
0800278189
0800277833
0800277711
0800276897
0800276796
0800276794
0800276552
0800276441
0800275878
0800275464
0800275419
0800275381
0800275239
0800275092
0800275053
0800274969
0800274560
0800274427
0800274328
0800274175
08002735
0800273483
080027335
0800273133
0800273081
0800273069
0800273051
0800272902
0800272716
0800272467
0800272207
0800272008
0800271977
0800271788
0800271760
0800271511
0800271301
0800270915
0800270754
0800270673
0800270412
0800270093
0800269662
0800269655
0800269426
0800269196
0800268753
0800268658
0800268388
0800268284
0800268134
0800268079
0800268032
0800267716
0800267574
0800266844
0800266781
0800266609
0800266594
0800266424
0800266394
0800266377
080026620
0800266151
0800265964
0800265778
0800265661
0800265653
0800265534
0800265411
0800265361
0800265233
0800265113
0800264887
0800264865
0800263830
0800263527
0800263479
0800263273
0800263044
0800262790
0800262710
0800262705
0800262644
0800262544
0800262415
0800262292
0800262109
0800261764
0800261142
0800261106
0800260725
0800260621
0800260477
0800260391
0800260211
0800260091
0800260090
0800260062
0800259863
0800259340
0800258983
0800258724
0800257971
0800257708
0800257564
0800257261*
0800257252
0800256691
0800256106
0800255310
0800255126
0800255114
0800254839
0800254805
0800254707
0800254636
0800254045
0800253436
0800253255
0800253226
0800253212
0800253140
0800253139
0800252937
0800252853
0800252819
0800252760
0800252736
0800252585
0800252534
0800252476
0800252422
0800252365
0800252036
0800251745
0800251714
08002517
0800251311
0800251187
0800250964
0800250856
0800250549
0800250395
0800250338
0800250331
0800250192
0800250127
0800250104
08002499794
0800249889
0800249494
0800249451
0800249442
0800247230
0800246920
080024681786
08002467
0800246558
08002464
0800246045
0800245808
0800244990
0800244830
0800244823
0800244795
08002442
0800244082
0800243853
0800243818
0800243790
0800243524
0800243348
0800243227
0800243117
0800243020
0800242800
0800242687
0800242532
0800242115
0800241954
0800241569
0800241124
080024
0800239989
0800239793
0800239682
0800239585
0800239519
0800239517
0800239201
0800239006
0800238678
0800238475
0800238316
08002383.92
0800237262
0800237204
0800236873
0800236823
0800236416
0800236292
0800235806
0800235741
0800235669
0800235493
0800235383
0800235360
0800234667
0800234234
0800234136
0800234122
0800234045
0800234001
0800233684
0800233645
0800233604
0800233589
0800233449
0800233309
0800233202
0800233200
0800233177
0800233012
0800232704
0800232463
0800232460
0800232370
0800231743
0800230902
0800230470
0800229920
0800229827
0800229589
0800229340
0800229252
0800229181
0800229020
0800228623
0800228364
0800228331
0800227678
0800227577
0800227461
0800227400
0800227133
0800227113
0800226900
0800226282
0800226040
0800225090
0800225058
08002250022
0800224749
0800224697
0800224466
0800224405
0800224123
0800223936
0800223600
0800223567
0800223500
08002233
0800223263
0800222656
0800222402
0800222101415
08002221
0800222044
0800222034
0800221986
0800221410
0800221301
0800221223
0800221217
0800221
0800220907
0800220633
0800220380
0800220185
0800219755
0800219512
0800219002
0800218763
0800218605
0800218522
0800218300
0800218104
0800217695
0800217636
0800217510
0800217440
0800216973
0800216832
0800216326
08002161200
0800216090
0800216017
0800215947
0800215879
080021562110832
0800215421
0800215181
0800215161
0800215021
0800215010
08002150000
0800215000
0800214889
0800214863
0800214366
0800214225
0800213880mint
0800213822
0800213525
0800213376
0800213289
0800212817
0800212540
0800212523
0800212127
0800211986
0800211868
0800211824
0800211648
0800211599
0800211596
0800211355
0800211345
0800211120
0800210921
0800210861
0800210776
0800210649
0800210440
0800210393
0800210280
0800210141
080021
0800209906
0800209871
0800209805
0800209701
0800209610
0800209507
0800209437
0800209423
0800209402
0800209392
0800209352
0800209342
0800209280
0800209263
0800209218
0800209174
0800209046
0800208973
0800208922
0800208902
0800208894
0800208774
0800208679
0800208644
0800208608
0800208563
0800208546
0800208499
0800208356
0800208225
0800208076
0800208073
0800208014
0800207975
0800207907
0800207852
0800207757
0800207701z
0800207639
0800207478
0800207404
0800207377
0800207362
0800207033
0800207030
0800206881
0800206873
0800206772
080020661385167
0800206604
0800205403
0800205272
0800204923
0800204906
0800204479
0800204060
0800203988za
0800203663
0800203656
0800203623
0800203387
0800203318
0800203027
08002030018
0800202548
0800202353
0800201732
0800201665
0800201306
0800201022
08002008
0800200751
0800200686
0800200566
0800200401
0800200200
08002001
0800200006
08002
080019ARIS
0800199899
0800199294
0800199263
0800198673
0800198308
0800198285
0800197781
0800197577
0800197527
0800196401
0800195915
0800195302
0800195178
0800195135
0800194626
0800194284
0800194084
080019400
0800193596
0800193269
0800193154
0800193071
0800193040
0800192994
0800192942
08001929119
0800192533
0800192035
0800191383zs
08001913200
0800191239
0800191182
0800191151
0800190945
0800190725
08001906400
0800190462
080019
080018s
0800189930
0800189784
0800189567
0800189379
0800188933
0800188815
0800188426
0800188402
0800188334
0800188279
0800187237
0800187018
0800186770
0800186534
0800186438
0800186049
0800185325
0800184928
0800184849
0800184647
0800184626
0800184406
0800184367
0800184047
0800183323
0800183314
0800182695
0800182181
0800182036
0800181819
0800181757
0800181724
08001814T
08001812700
0800181086
0800180721
0800180664
0800180661
0800180549
0800180534
0800180283
0800180041
0800180015
0800179507
0800179221
0800179164
0800179157
0800178842
0800178744
0800178581
0800178533
0800178408
0800178322
0800178249
0800178234
0800178069
0800177941
0800177742
0800177740
0800177718
0800177319
0800177312
0800177137
0800176696
0800176582
0800176492
080017599
0800175499
0800175255
0800175
0800174826
0800174320
0800174307
0800174302
0800174010
080017400
0800173608
0800173580
0800173347
0800173180
0800173091
0800172610
0800172559
080017245
0800172175
0800172172bank
08001720740817969862
0800171782
0800171723
0800171514
0800171405
0800170920
0800170522
0800170449
0800170418
0800169965
0800169403t
0800169323
0800169230
0800169149
0800169055
0800169033
0800168830
0800168735
0800168719
0800168717
0800168557
0800168082
0800168059
0800167780
080016771
0800167688
0800167687
0800167578
0800167474
0800167411
0800167220
080016720
0800167192
0800166995
0800166894
0800166869
0800166594
0800166587
0800166399
0800165928
0800165821
0800165688
0800165677
0800165667
0800165615
0800165487
0800165388
0800165275
0800165192
0800164843
0800164704
0800164691
0800164625
0800164487
0800164435
0800164210
0800164016
0800163741
0800163699
0800163692
0800163638
0800163565
0800163303
0800163246
0800163116
0800163014
0800162687
0800162650
0800162611
0800162607
0800162397
0800162296
0800162202
0800162193
0800162120
0800161960
0800161951
08001619
0800161775
0800161219
0800160628
0800160145
0800159181
0800159053
0800157709
0800156974
0800156635
0800156223
08001561520
0800155227
0800154894
0800154804
0800154696
0800153391
0800153374
0800153359
0800153315
0800153075
0800152587
0800151923
0800150397
0800150366
0800150256
0800150157
08001500
0800149854
0800149611
0800149047
0800148776
08001487665
0800148640
0800148582
0800147818
0800146990
0800146743
0800146491
0800146264
0800146256
0800146128
0800145749
0800145277
0800145235
0800144990
0800144904565
0800144844
0800144739
0800143920
0800143464
0800142747
0800142251
0800142192
0800142136
0800141923
0800141728
080014147271693
0800141362
0800141146poo
0800140855
080014020
0800139928
0800139540
0800139505
0800139072
0800139030
0800138795
0800138663
0800138572
0800138381
0800138291
0800137946
0800137644
0800137533
0800137320
0800137275
0800137157
0800135806
0800135631
0800135334
0800134615
0800134500
0800134395
0800134075
0800133356
0800133286
080013317
0800132976
08001320
0800131929
0800131
08001305751
080013
0800129960
0800129788
0800129720
0800129703
080012891
080012866
0800128628
0800128385
0800128027
0800127715
0800127713
0800127548
0800126887
0800126436
0800126381
0800126316
0800126315
0800126092
08001252249
0800124486
0800124398
0800124327
0800124247
0800124214
0800124200
0800124046
0800123123
0800123077
0800122755
0800122602
0800122399
0800122113
0800122090
0800122082
0800122030
0800122016
0800121730
0800121373
0800120932
0800120381
0800120277
0800120063ais
080012
0800119778
0800118110
0800117542
0800117298
0800117188
0800116974
0800116311
0800115620
0800115569
0800115460
0800115424
0800115388
0800114992
0800114791
0800114731
0800114450
0800113703
0800113063
0800112832
0800112770
0800112570
0800112547
0800112533
0800112342
0800112100
0800112079
0800112055
0800111986
0800111440
0800111301
0800111290
0800111268
0800110803
0800110362
0800110339
080011-011
080011
0800109236
0800108001
0800107550
0800106606
08001066
080010626
080010606
0800105498
0800105076
0800105033
0800104720
0800104436
0800104342
08001042
080010411512345
0800104046
0800103530
0800103304
0800103123
0800102620
080010245
0800102150
0800101836
0800101501
0800101244
08001010801
0800101023**
0800101008
0800100332+
080010
08001
08000rucds
08000picou
0800099774
0800099628
0800098782
0800098593
0800098063
0800097663
0800097657
0800097474
0800097074
0800097057
0800096494
0800096452
0800096406
0800096220
0800095984
0800095873
0800095702
0800095636
0800095617
0800095357
0800095351
0800095031
0800094815
0800094184
0800093625
0800093363
0800092926
0800092797
0800092088
0800091798
0800091312
0800091306
0800091269
0800091178
0800090906
0800090809
0800090659
0800090142
0800090139
0800090001001
0800089288
0800089109
0800088677
0800088537
0800088461
0800088245
0800088193
0800088008
0800087900
0800087813
0800087793
0800087791
0800087696
0800087681
0800087274
0800087166
0800086583
0800086421
0800086167
0800086146
0800085954
0800085827
0800085595
0800085569
0800085451
0800085297
0800085202
0800084662
0800084518
0800084450
0800084118
0800083880
0800083807
0800083569
0800083487
08000833q
0800083346
0800082971
0800082498
0800082275
0800082206
08000820800
0800081998
0800081753
0800081554
0800081535
0800081090
080008065
0800079975
0800079956
0800079699
0800079620
0800079555
0800079525
0800078955
0800078769
0800078612
0800078499phone
0800078424
0800078226
08000782
0800078149
0800077995
0800077990
0800077864
0800077359
0800077311
0800077175
0800077023
0800076824
0800076762
0800076709
0800076255
0800076145
0800075928
0800075878
0800075793
0800075752
0800075538
0800075526
0800075430
0800075228
0800075110
0800075078
0800075
0800074864
0800074841
0800074767
0800074719
0800074686
0800074615
0800074507
0800074344
0800074332
0800074142
0800073986
0800073951
0800073559
0800073343
0800073203
0800073176
0800072951
0800072762
0800072713
0800072667
0800072550
0800072347
0800072173
0800072030
0800072
0800071712
0800071394
0800071353
0800071149
0800070989
0800070881
0800070699
0800070595
0800070544
0800070290
0800070188
0800070143
0800070093
0800069885
0800069330
0800069171
0800069129
0800069126
0800068902
0800068826
0800068676
0800068358
0800068334
0800068238
0800068144
0800068089
0800068060
0800068048
0800068019
0800067709
0800067525
0800067465
0800067443
0800067329
0800067321
0800067023
0800067009
0800066866
0800066815
0800066797
0800066782
0800066581
0800066472
0800066452
0800066358
0800066311
0800066291
0800066269
0800066225
0800066165
0800066164
0800066110
0800065979
0800065870
0800065452
0800065421
0800065280
0800065100
0800065010
0800064984
0800064861
0800064743
0800064719
0800064604
0800064412
0800064243
0800064156
0800064046
0800064024
0800063629
0800063564
0800063489
0800063237
0800063153
0800063103
0800063029
0800062976
0800062901
0800062649
0800062556
0800062528
0800062279
0800062125
0800062092
0800061699
0800061660*55
0800061535
0800061389
0800061150
0800060929
080006087
0800060470
0800060311
080006
080005m
0800059807
0800059575
0800059248
0800059070
0800059
0800058807
0800058608
0800058595
0800058505
0800058484
0800058011
0800057790
0800057677
0800057407
0800057262pam69
0800057116
0800056921
0800056574
0800056321
0800056208
0800055859
0800055683
0800055262
0800055251
080005521
0800055209
0800055205
0800055049
0800055015
0800054988
0800054317