
06189*1
061889k
061889jen
0618899640404582
061889944
061889808
061889790
061889752
061889249
061889190
06188917
06188907
061888mw
061888a
061888884
061888878
061888455
061888408
061888320
061888203
061888177
06188811
061887s
061887rianne
061887m
0618879562
061887862
061887631
061887606
061887565
061887073
061887029
06188700
061886a
061886963
061886878
061886730
061886689
061886494
061886454
061886309
061886265
061885mbj
061885ds
061885ch
061885a
061885760
061885401
061885085
061884zeusdemayo
061884392
061884336
061884245
061884231
06188411
061883866
061883854
06188369
061883415
061883200
06188318
061883079
061883019
061882ph
061882776
061882425
061882351
0618822136
061882003
061881mp
061881832
061881781
061881447
061881294
061881259
061881219mo
0618812
0618810
061880663
0618801933
061880154
061880049
061879715
0618796
061879399
061879177
061879014
061878804
06187870347
061878503
061878443
061878215
061877p
061877np
061877bb
061877454
061877117
06187700
061876743
061876121
061876092
061875j
061875986
061875949
0618758490
061875601
061875571
061875529
061875465
061875359
0618753
061875282
061874574
061874349
0618740459
0618738464
061873310
061873296
061873255
061873199
061873041
061872whb
061872797
061872712
061872273
061871w
061871204
061870638jeaw
061870338
061870282
061870080
0618700128
06187
061869614
061869117
061868960
061868620
061868373
061868345
061867796
0618677358
061867514
061867052
0618668979
061866689
061866679
061866601
061866279
061865988
061865942
06186565
061865377
061864961
061864752
061864536
061864246
061864233
061864231
061864184
061864096
061863866
061863855
0618637512008199
061863665
061863436
061862467tt
061862281
061862254
061861tl
061861913
0618619
061861
061860962
06186088
061860637
061860537
061860425
061860377061860377
061860371
061860329
061860288
061860
06186
061859920
061859841
061859658
061859287
0618591982
061859165
061858386
0618581867
061858143
061858
061857r
061857890
0618577
0618576493
061857628
061857622
061857099
061857
061856938
061856818
061856126
06185595522
0618556I!!
061855636
061855475
061855344
061855223
061855
061854952
061854852
061854794
061854712
061854526
061854442
061854433
061854133
061853370
061853303
061853256
061853213
061853122
061852k
061852jl
0618529802
061852879
061852707
061852650
0618522
061852006
0618520
061852
061851780
061851487
061851260
061851066
061851061
061850999
061850913
061850859
061850841
061850534
061850475
061850393
06185018
0618500598
061849296
061849002
061848896
061848882
061848647
061848070
061847662
061847579
061847532
061847520
061847512555
061847444
061847184
061847118
061847043
061846901
0618467930
061846660
061846430
0618463141
0618461875
061845916
061845825
061845787
061845769
061845625
0618456148
061845608
061845221
061845191
061844955
061844882
061844839
061844806
061844788874
061844593
061843893
061843839
0618432569
061843253
061843220
06184295s
061842573
061842373
061842139
061842113
061842
061841980
061840alba
061840922
061840599
061840410
061840393
061840190j
061840
061839910
061839853
061839655
061839412
061839390
061839245
061838985
061838873
061838855
061838780
061838292
061838216076
061838055
061837745
061837138
061837070
0618369
061836737
0618365
06183630223
061836296
061836139
061836042
061836
061835955zipzap
061835796
061835333
061835168
06183479
061834662
061834619
061834365
061834209
061834173
061834107
06183385nl
061833853
061833475
061833450
061833208
0618332
061832349
061832272
061831908
061831697
061831686
061831567
061831547
061831359
0618313157
061831
061830827
061830717
061830565
061830151
061830048
061830
061829861
061829739
061829578
061829554
061829467
061829348
061829136
061829106
061829093
061828601
061828573
061828536
061828510
061828107
061828044
061828027
061827hh
061827650
061827360
061827076
061826mc
061826aaaa
061826442
0618262
061825989
061825578
061825446
061825419
061825356
061825305
06182525
061825171
061825120
061825096
061824933
061824681
06182446
061824257
061824186
061824183
061823916
061823797
061823609
061823245
061823243
061823050
061822771
061822714
06182240
061822318
061822257
061822203
06182219
061822110
061822041
061821878
061821530
061821330
061821236
06182119
06182113
061820991
061820964
061820859
061820849
061820640
061820481
061820435
061820268
061820101402
06182008hon
061820079
061820028
0618200079
06182000
06182
06181998
06181997godiva
06181997T
06181996VT
06181995b-day
06181994b
061819947
061819946
061819909
06181986123l
06181983
06181982755416
061819800
06181979cj
06181975
06181974
06181973lj
06181967
06181964c
06181961
061819450
06181942
0618193024
0618192d
0618192
061819100
061818664
061818447
0618181818
061817552
061817294
061817123
061816830net
061816648
061816300
061816018
061816
061815998
061815906
061815746
061815600
06181557
061815291
061815229
061814633
061814555.d
061814474
061814470
061814450
061814159
061814005
061813430
061813280
061813233
061812972
061812866
061812643
06181234
06181224
061812212
06181208
061812040
06181201
061812
061811747
061811554
061811361
0618112742
06181115
06181106
0618108
061810731
061810630
06181035
06181021
06181019
06181010
06181008
06181005
06181
061809997
061809956
061809948
061809855
061809847
06180961
061809557
06180911
061808898
061808594
061808425
061808333
061808272
061808181
061808076
06180798
061807757
061807356
061807283
06180718
061807170
061807136
061807050nat
061806a
061806Jacky
061806827
0618066826
0618064
061806334
061806270
0618060m
061806021
061805tf
061805rc
061805jlt
061805jk
061805j
061805h
061805david
061805b
061805ari
061805adam
061805916
061805881
061805748
061805689
0618056185
061805524
061805477
061805188
061805101
061805100
06180510
061805051
06180505000161
061804ts
061804m
061804bb
061804718
061804692
061804647
061804576
0618043008
0618041
061803gl
061803834
061803639
0618036
0618035251
061803398
061803260
061803157
06180308
061802772
061802488
061802470
061802328
061802239
06180217
061802032
06180201
061802003
061801668
061801632
061801611
061801467
06180117
061801123430
061801064
061800906pkj
0618007
06180065
06180061
061800542+07189
061800360
061800250
061800188
061800164
06180010
061800024
0618.money
0618*QUEENV
0617vm
0617urin
0617ss
0617serr
0617rhandz
0617oliver
0617mc
0617m0617
0617love0530
0617killjoy1979
0617jorgeydiana
0617jaw
0617jap
0617inaminute+
0617hc
0617gilbert
0617gabay
0617fm
0617ethio
0617denise
0617da
0617cr
0617cma
0617boys
0617bella
0617anc
0617amsb
0617Vinnie
0617FM
061799aa
061799959
0617999
061799876
061799647
061799448
061799189
061798471
061797mhine
061797570
061797519
061797336
061796ph
061795wr
061795t
061795d
061795chin
061795X
0617956
061794p
061794l
061794aj
061794A
061794954
061794942
061794852
061794725
061794450K
061793lini
061793j
061793aaa
061793a
061793923
061793436
061792t
061792j
061792ac
061792446
0617923
061792242
061792093
061791b
0617917
061791481
061791426
06179113bq
061791069
061791014
061790e
061790b
06179005
06178]
061789s
061789jc
061789et
061789a
061789741s
06178951451
061789502
061788kmw
061788holy
061788P
061788974
061788322
061788313
061787d
061787992
061787558
061787531
061787084
061787076
06178700
061786mj
061786luvz
0617868524
061786637
061786144
061785ca
061785978
061785667
061785305
061785287
0617850807
061784j
0617842494
061784061688
061783636
061783616
061783129
0617826375
061781n
061781693
061781684
06178168
061781209
061780fmlg
061780brb
061780852
0617804808
061780335
061780203
061779786
061778701
061778437
061778330
061777t
0617778042
061777725
061776850
061776764
061776604
061776409
061776364
06177511
061774955
061774752
061774314
061774066
061774045
06177387818
061773400
061773324
0617733223
061773030
061772mas
061772887
061772193
061772145
061771499
061771470
061771333
0617711102zzz
061770qh
06177081jo
0617700898
061770023
061769boy
061769711
061769371
061769353
061768915
06176877
0617685758H
061768544
061767gh
061767824
061765885
061765646
06176542386
06176412
061762761
061762506
061762416
061761679
061761202
061761089
061760557
061760116
061760
0617598917
061759592
061759400
061759137
061759
061758892
061758798
061758748
061758389
0617581721
06175813
061758
061757936
0617578963
061757
061755924
061755699
061755519
061755
0617545377
061754522
061754397
061754323
06175428
061753676
061753260
061753071
0617527619
061752741
061752707
061752190
061752093
061751722
061751180
061751158
061750987
06175082
061750662
061750014
061750
061748445
061748213
061747601
06174749735503
061746
0617457
0617446988
0617446
0617440
06174378
061742486
061742416
061742047
061741915
0617416
061740860
061740851
061740124
061740062
061739lovem&p
061739821
061739380
061738847
061738801
0617383109
06173699852
0617362595
061735826
0617357674
061734866
061734673
061734063
061734
06173387
061733391
061732617
061732198
0617316789
061730446
061730417
06173028
06173025
061730173
061730081
061729419
061728972
061727834
061727762zx
061727505
061727421
06172718
061726544
061726475
061726078
061725980
061725943
061725923
061725851
06172549
06172547
06172530
06172525
061725155
06172487
061724481
061724438
061724317
06172427
061724160
061724079
061723896
061723732
061723498
061723470
061723387
061723380623
061723058
061723046
061722966
0617223
061722178
061722177
061722
061721942
061721937
0617218f
061721890
061721525
061721314
061721067
061720874
061720801
0617208
061720242529
06172011
06172010
0617201
06172008
06172002
061720000
061719l
061719997rr
06171997
06171990deads
06171989DLA
06171978
06171975
06171973
06171972
06171970
06171968
06171966
06171964JK
06171958
06171921
061719141
061719055
06171899
061718789
061717778
061717
061716363
061716355
061716
061715984
061715899
061715481
061715123
061715004
061715
061714571
061714474
061714425
061714277
06171412
061713352
061713274
061713264bb
061713042
06171217
06171201
06171177
061711684
06171147
061711406
061711359
06171130
06171128
06171122
06171116
061710891
0617106061
06171028
06171020
061710077
061710070
061710040
061709918
061709809
061709194
06170907
061708teamobby
061708n
061708537
06170822
06170816
061707721
061707062
061706sc
061706rj
061706magsag
061706jh
061706DLC
06170665
061706539532
0617062813
0617060017
061705ken
061705cole
061705095
061705020
061704859
061704799
061704661
0617044stu
061704318
06170426
061704223
061703x
061703av
06170317
061703054
061702a
061702348
061702118
0617021
06170200
061701fm
061701563
0617014j
0617013130
06170114
061700crs
06170088
061700228
0617-nino
0617&Blue&0315
0616zay
0616vr4393
0616uuummm
0616tt
0616trst
0616tonton
0616rr
0616nt87
0616nc
0616mw
0616mg
0616lc
0616jp0616
0616jk
0616fernando
0616ee
0616dus
0616dc
0616clb
0616ck
0616cel
0616aqj
0616ange
0616abc
0616abbie
0616aa
0616REDmo
061699927
0616995
061698m
061698lr
061698Am
06169853
0616984
0616978926
061697451
0616972366
061696m
061696k
061696957
061696955
061696940
061696708
06169644
061696229
061695y
061695r
061695kas
061695619
061695232
061694kayla
061694a
061694AMRE111008
061694963
061694170
061694116
061693gemini
061693DDB
061693632
061693501
0616933005
061692twilight
061692anne08
061692a
061692J
061692922
061692914
0616927jm
061692476
061692425
06169212300
061691m
061691bt
061691a
061691926
061691713
061691537139
061691442
061690vb
06169084
061690606
06169026A
061690258
061690026
06169*
06168e
061689wd
061689248
06168919
061689162684323
061689158
061689126
061688surenios213
061688rg
061688rd
061688r
061688hans
061688758
06168857
061688269
0616881435
061688007
061687s
061687847
0616878
061687393
06168725
061686srt
061686857
061686725
0616863182527
061686143
0616860540
06168600
061685n
061685f
061684k
061684676
0616844
06168434363
061684106
061684082
061683m
061683cr%
061683921
061683767
061683607ab
061683600
0616833937
061683128
061682yeah
061682s
061682921
061682597
061682152
061682*
061681979
061681847
06168159
061681123
061680z
061680jjb
061680212
06167NINE
061678622
061678621
061678278
061678135
061677ij
061677781
0616771516
061676474
061676147
061674892
061674800
061674636
0616741981
061674082
061673910
061673738
061673610
061673354
061673186
061673
061672867
0616726
061672513
061672454
06167245
061672159
0616721
061671a
0616719eyr
0616719e
061671980
061671795
061671785
061671454
0616714
06167122
0616708928
061670432
061670015
06167
061669866
061669793
061669630
061669303
06166929
06166917
061668443
061668423///ali
061668312
061668246
061668233
061668121693
061668
061667681
0616676
061667571
061666995
061666933
061666905
0616666666666
061666618
061666199
0616661300
061665peach
061665185
061664858
061664742
0616645
06166440
0616634580
061663387
0616633242
0616627
061662344
0616622910
061662281
0616622666
0616622627
061662197
06166191
061661842
0616616006166160
0616615801
061661067
061660065
06165gdm
061659970
061659386
061658400
061658255
061657213
061656894
061656695
061656
061655526
061655448
061654788
061654486
061654107
061654031
061654
061653153
0616530
0616527864
061652640985
061652360
061652
061651878
061651756
061651716
06165118
061650242
061650
06165
06164kgs
061649640
061648376
0616483
061648180
061647397
061647
061646912
061646721
0616466nm
06164669270238
061646412
061645954
0616458
061645745
061645168
061645126
061645
061644582
061644496
061644407
061644382
061644315
0616440748
061644006
061644
061643978
061643964
061643904
061643903
061643872
06164328
061642933
06164288
061642792
061642414
061641975
061641900
0616419
061641853ouy
061641620
061640665
06164063
061640429
06164027
061639cf
061639196
061638672
061638441
061637m
061637728121994
061637335
061637033
061637
061636w
061636888
06163672
061636692
0616364
0616358
061635688
061635512
061635164
061635046
061635
061634967
061634011
061633431
061633361
061633314
061632846
061632747
06163271648
0616324464
061632428
061632320
06163212
061631992
0616319
061631877
061631512
0616315082
0616311878
061631065
061630910
06163
061629cmj
06162988
061629767
061629658
061629195
061628802
06162808
061628051
0616280104
0616273212
06162728
061627080
0616265209
06162636585
06162636
061626329
06162631
061626070
06162607
061625817
061625479
061625411
06162541
06162530
06162525
06162519
06162518
06162506
061625
06162484
061624516
06162432
061624078
0616239269
061623662g9o
061623320
061622620
061622444
061622111
061622023
0616212728
061621003
061620909
061620664
061620329
061620277max
06162024
06162022
061620191
061620110
06162009
061620062
06162005
06162004eli
061620046
06162003s
06162002m
06161zee_
06161997r
06161995t
06161994r
06161994n
061619935
06161992r
06161992bd
06161991k
06161989t
06161989sjs
061619855
06161975
06161967
06161966
06161965
06161962
06161956
06161938
061619281
061619140
061618462
06161824
061618047
061618002
061617469
061617435
061617230
0616172029
06161719
061617165
061616209
061616122
061616002
06161538
0616152
061615134
061614909
061614856
0616148
061614570
0616145110
0616143388
06161425
06161424
061614196
061613660
061612B
061612965
061612823
061612787
061612784
0616124570
061612269
061611920
061611732
061611580
06161147
061611116
061611061
061611057
0616110527
061610306firek
061610266
061610243
06160929
06160920
06160919
06160823
06160801
061607y
061607wkl
061607nd
061607j
061607791
061607552
061607489
0616073516
061607331
06160724
061607133
06160712
0616071
06160709p
061607023
061607...
061606tg
0616068221
061606500
06160616r
061606121407
06160610
0616060560
0616060121056
0616060119847
06160601
061605t
061605sb
061605jc
061605669
06160508
061604a
061604630
06160430
061604268
06160421
06160419
061604008
061603y111385
061603ml
0616039
061603829
061603801
06160345
061603120
06160312
06160307
061602p
061602ka
061602556
06160224
061602236
061602123801
061601gc
061601am
061601a
06160199
06160183
061601816
061601146
0616010153388
061600e
061600d
06160031
06160002
0615xx
0615stars
0615sm
0615rs
0615rm
0615mr
0615mich
0615mario
0615mari
0615lsu2
0615lr
0615lb
0615laura
0615ksom
0615june
0615isme
0615forever
0615eh
0615dw
0615diaz
0615de
0615bjs
0615bday
0615awaw
0615anniv
0615amor
0615aa
0615a
0615Jake
0615ISME
0615Hometown
0615DA1972gadezH
0615BNL01
061599kml
061599670
061599592
061599165
061598d
0615989
061598810
061598498
061598275
06159813
061597mdc
06159799
061597653
06159727
061597083
061596la
061596ket
061596jr
061596a
061596990
061596771
061596575
061596431
061596270
06159623
061596103
061596012
061595jun
061595725
0615957
061595233+
061595024
061594ynah
061594nb
061594k
061594b
061594R
061594JLC
061594824
061594721
061594384
061593tw
061593tr
061593s
061593k
061593j
061593b
061593590
061593484
06159342386413
06159324
061593150
06159312123
061593114
061592s
061592r
061592l
061592315
06159211
06159210
061592099
061591l
061591ash
061591ASH
061591518
061591408
0615910102
061590ju
061590cooley
061590c
061590988
061590371
061590079
061590003
061589t
061589s
061589e
061589S
061589989
061589721
061589480
0615891187
06158900
061588996
061588761
061588663
061588469
0615884154
061588236
06158818
061587x
061587j
061587e
061587deveonah
061587399
061587217
061587201
0615866
061586426
06158596
06158582423768
061584c
0615849878
061584231
0615839
061583394
06158324
061582814
061582078
061581j
061581br
061580905
0615809
061580573
061580350
061579s
061579ep
061579736
061579552
061579353
061578pm
0615786537
061578616
06157861
061578004
061578002
061577j
061577727
061577659
061577136
061576763
061576544
061576509
0615761
061575986
061575084
061574463
0615744
06157419
0615741250132841
061573893
061573887
061573787
0615713
061570k
06157031
061570254
061570186
061570131
06157
061569907
061569904
061569691
061569578
061569311
061569306
061568k
06156878
061568676
061568152
061567
061566p
061566647
0615664956
061566413
061566055
061565689
061565330
06156523
061564356
061564227
061562383
06156224432
061562
061561938
061561310
061561183248
061560704
0615605
0615601326
061560*
061559i
061559995
061559505
0615594200
061559420
061559212
061559
061558297
0615581
061557191
061557079
061557
061556980
061556832
0615567295
061556636
061556525
061556255
061556234
061556230
061556031
061555630
061555493
061555417n1743
061554794
0615547615
061554640
06155423
061553146
061552452
061552343
0615516808
061551073
061550909
061550627
061550618
061550556
061550480
061550271
0615501547
061550
06154muh
06154a
061549935
0615497
061548643
0615483jmn
061548324
061547988
0615479371
061546830
061546721
0615466
061546567
0615460j
061545737
061545582
061545073
061545
061544712
0615446312#1
061544549
061544451
06154409
061543753
061543410
061543
061542933904
0615429120890
061542399
0615423100
061542310
06154226400
061542047
06154197
061541924
061541644
061541445
0615410
061540a
061540578
06154025
061540223
061540118
061540
061539608
061539
0615385853
061538239
061537790
061536952
061536913
0615361223
061535715
061535365
061535120
061534766
061534144
061534111
0615340075
061534
061533632360123
0615335219
0615334
061533200
0615331612
061533
061532555
061532211
061532192
061531831
061531780
0615314746
061530824
061530389
06153
061529660
0615290me
061528dad
06152828a
061528030
061527969
061527835
0615278
061527474
061527384
061527273
061527222
061527130
061527
061526843
061526629
06152660363
061525549
061525505
0615254558
061525446
061525139
061525
061524561
061524493
0615243333
06152433
061524246
061524195
061524137
061523940
061523587
061523523
061523042530
061522986
061522952
061522909
061522218
061521699
06152165
0615214
061521337
061521207
061521097
06152075
061520742
061520397
061520324
06152013
0615200915
06152009
06152007
06152006
06151a
061519kk
06151994l
061519930
06151993
06151989kb
06151989aa
06151988c
06151988
06151987l
06151987g
0615198700329
06151986ap
06151986a
06151986TL
0615198600448
06151984B
06151982
06151974
06151972
061519697
061519678
06151961
061519564
06151953
061519508
06151940
0615193a
0615192449
0615178875
061517781
061517588
061517285
0615172629
06151720
0615171983
0615171910
061516679ton
061516558
0615164750
061516329
061516246
0615161slc
061516181
06151617jos
061515813
0615155
061515410
061515297
061515
061514903
061514721
0615145754
061514320
061514314
061514284
061514268
061514144nok
061514060
061514
061513698
0615136899
061513615
06151336V5r1llb506
0615133
061513241
06151307080
06151288
061512348
0615123456
06151226
06151223
06151219
06151212
06151206
061512046
061511860
0615116991
0615116
061511455
06151125
061511
06151077
06151057
06151016
06151010
061510053
06150lun
061509676
061509609
061509391
06150915
06150910
061509020
06150901
061508hey!
061508e
061508JM
061508581ak1980
06150858
061508495
06150825
06150824
0615081987
06150805
061507p
061507k
061507770
061507720
061507719
06150750
0615074
06150717masaregg
06150704
061506rito
061506mh
061506918
06150683
061506550
06150624
061505jyd
061505a
06150526
06150512
061505050921
06150479
061504627
061504620
061504542
061504507
061504176
0615041177
06150410
06150404
061503j
061503cje1018
061503504
061503314
06150323
061503127
06150302
061502ss
061502R
06150288
06150257
061502555
061502518
0615025
061502241
061502209
061502010
061501ry
061501912
0615018926
061501683
06150131
061501227
061501165
0615011602
06150103
061500709
0615007
0615005
06150047
061500458
061500432
0614wu
0614wendyb
0614ub
0614soccer
0614randy
0614niaps
0614ne
0614ms
0614mc
0614love
0614jordy
0614jess
0614gsg
0614ev
0614dlkm
0614dan
0614bojie
0614amor
0614MLHP
0614JI
0614JAZJEZJDZAPATA
0614DDD
06149t
061499mi
061499a
061499806
061498696
0614985
061497mommysgirl
061497idk
061497ad
061497870
0614974527
061496mc
0614969824
061496908
061496602
06149610
061495no
061495j
061495gr
061495a
061494b
061494A
0614949f
061494708
061493m
061493jjg
061493j
06149303
061492of06
061492mja
061492950
0614927720
061492483
06149222
0614920153
061491tdj
061491j
061491a
061491N
061491951
061491492
061490w
061490n
061490j
061490i
061490e
061490184
06149018
061490050490
06149000
061489mn
061489jl
061489j
06148993b
061489863
0614892
061488sakito10
061488l@tino
061488ar
061488M
06148856mw
0614882109
061488131
0614880174
061487warren
061487jl
061487cr
061487EMILIO07
061487984
061487891
061487833
061487796
061487452
061487164
061487155
061487129
0614870724
061486te
061486ama
061486912
061486212
061486172
061485n
061485f
061485887
0614858
06148518
061484washinton
061484pu
061484k
061484cn
061484c
061484971
061484719
061484432
061484316
061483j
061483ek
0614839872
061483598
0614835038
061483471
061482erica
061482D
061482570
061482067
061481a
0614813668
0614812777
061481083
061480f
061480bebe
0614807594
061480637
06148026
061479s
061479Jr
06147953
0614793083
061479240
061478m
061478518
061478291
061478090
061477ml95
061477mb
061477bc
061477259
061476946
061475ag
061475566
061474533
061473998
061472803
06147062
061470515
061470139
0614701017
061469647
061469490
061468616
061468320
061467762
06146773
061467672
0614666
061466323
061466311
061466288
061465813
0614654
061465318
061465140
061465135
0614650
061465
061464985
06146486647
061464827
061464741
061463952
061463568
061463241
061463
061462935
06146259
061461w
06146186
061461393
061461306
061461283
061461266
061461091
061460wag
061460745
0614607
061460373
061460260
061460236
061460
06145AE86
061459824
061459700
061459535
061459335
061459
061458343
061457d
0614567705
061456439
061456211
061456116
061455818
061455569
0614555658
0614555478
0614554
061455
0614545s
061454252
061454113
0614538
0614530
061453
061452975
0614528889
061452310
0614521796
0614520
061451935
061451801
061451615
06145148
06145141
061451344
061450752
061450681
061450614506145
061450334
06145008282
06144liz
0614496774
061449499
061448818
061448815
061448640
061448468
061448377
061448324
061448203
061448
061447405
0614472296
061447
061446922
061446130
061446027
061446025
061446022
061445852
061445822
06144563
061445479
061445111
061445052
061444634
061444381
061444231
061444
061443355
061443351
061443280
06144300
061442657
061442627
06144241
061442326
061441682
06144110
061441090
061441
0614407623
061440745
06144074
0614403977
061440046
061440
06143az
061439929
061439
061438661
06143866
061438188
061437966
061437873
061437502
061437164aa
061437164
061436m
061436251
061435490aom
061435486
061435413
061435037
061435
061434432
061434345x
061434345
061434159
061434036
061434
061433836
061433724
061433525
06143341
061433375
061433345
0614333
061433200
061433100
061432548
061431783
06143127
06143058110
061430312
061430156
061430
061429690
0614292y61
061429170
06142906
0614286
061428288
0614282698
061427985
061427675
061427363
06142690
061426687
06142648
06142644028
061426170
061426159
061426
061425b
061425741
061425431
061425272
06142523
06142511
06142507
061425
061424707
061424543
061424462
061424035
061423743
061423698
061423691
061423595
061422948
061422947
061422699
0614226559
06142229
061422138
06142209831199
061422009
061421855
06142151
06142124b
061421198
061421192
061420511
061420216
06142006P
06142004
061420029
06142002
06142001
06142000
061419971411
06141995a
06141993t
06141993a
0614198890
0614198669
06141984ad
06141982sm
06141972
06141970
06141967
06141963
06141960
06141949
061419422
061419302
061419227
0614191980
061419043
06141901
06141828
061418271
061418232
06141818a
061417mom
061417965
0614178820
06141728
06141724
0614169673
061416697
06141633
061416253
061415996
061