0531
055260442
055260309
055259978
055259965
055259959Mo
055259816
055259815
055259718
055259682
055259612
055259561
055259365
055259292
055259251
055259205
055259077
055259043
055259025
055259
055258945
055258917
055258817
055258765
055258740
055258632
055258626
055258618
055258495
055258310
055258274
055258101
055258047
0552579215
0552577544
0552576
0552574971
0552572468
055257
0552569533
0552569346
055256286
0552544
055254
055253909
055253854
0552534617
0552533
055253040
055252944
055252896
055252876
055252820
055252727
055252651
055252632
055252219
055252130
0552521
055252099
055251991
055251892
055251876
055251717
055251544
0552515
055251488
055251439
0552513802
055251296
055251254
0552512113
055251065
05525053728
0552500524
055249157
055249079
055249051
055249035
055248909
055248834
055248717
055248591
055248557
055248543
055248487
055248432
055248387
055248348
055248263kim
0552482510
055248233
055248151
055247968
055247913
055247910
055247879
055247827
055247741
055247687
055247679
055247642
055247630
055247479
055247389
055247133
055246940
055246598
055246538
055246470
055246390
055246284
055246240
055246210
055246168
055246125
055246016
055245963
055245912
055245882
055245783
055245742
055245681
055245626
055245330
055245056
055245
055244993
055244962
0552448980852273103
055244879
055244228
055244184
055244031
055244029
055244
055243985
055243770
055243641
05524355
0552435231
055243512
055243411
055243360
0552433112233
055243150
05524308
055242962
05524279922
055242771
055242651
0552422
055242141
055242136
055242002
055242
055241852
055241838
055241814
05524152
055241484
055241397
055241228
055241128
055240732
0552405827
055240195
055240
0552395555
055239008
055238323
055238
055237153
0552365735r
0552365574
0552361936
055236
0552357555
055235570
05523547
0552354413
05523523
0552350
055235
0552344788
055234366
0552343201
05523361
055233535
055233415
0552330681
055233
0552328546
0552327711
055232681
055232637
0552326106
055232498
0552323419
055232303
0552322441
055232180
0552321655
055232040
055232010
055232
055231949
0552318800
055231671
0552314526055
0552313531
055231349
055231199
0552311094A
0552310711
055231
05523097
055230965
055230961
055230874
055230858
055230822
0552306761
055230564
055230547
055230442
055230389
055230309
055230262
055230256
055230248
055230242
055230198
055230062
055230
0552298539
0552296
055229205
055229
055228765
055228758
055228751
055228715
055228590
055228575
0552285362
055228424
0552283824
055228330
055228296
055228252
0552282468
055228220
0552280046
055228
055227469
055227264
0552271016
055226967
055226961
055226950
055226863
0552267927
0552266653
055226630
055226591
055226521
0552264145
055226272
055226231
0552262301
055226176
055226142
055226133
055226107
0552260775
055226
055225588
055225466
055225276
055225178
055225025
055225
055224480
055224396
055224307
055224294
05522412
055224111
055224106
055224091
055224
055223890
055223779
055223395
055223392
055223214
055223210
055223171
055223158
055223080
055223022
055222595[lhgah]d
0552225898
055222480
055222479
055222427
055222357
055222353
055222323
055222306
055222277
055222120
055221979
055221887
055221885
055221836
055221714
055221710
055221707
055221703
05522169
055221680
055221604
055221599
055221554
055221537
055221517
055221493
0552214682
055221349
055221315
055221283
055221255
055221
055220941
055220887
055220841
055220768
055220736
055220620
055220552
055220544
055220521
055220455
0552204040026
05522039
055220320
055220294
055220288
055220245
055220222
055220159
055220152
055220145
055220066
055220050
055219a
055219952
055219887
055219844
055219829
055219793sugoi
055219762
05521976
0552197
055219660
055219323
055219251
055219144
055218929
055218893
055218865
055218833
055218794
055218777
055218757
055218588
055218537
055218529
055218525
055218491
055218490
055218474
055218376
055218355
055218312
05521827633
055218180
055218131
055218
05521799
055217894
055217813
055217693
055217662
055217653
055217604
055217552
055217501
055217490
055217436
055217401
055217357
055217293
055217247
055217218
0552172144
055217212
055217169
055217061
055216966
055216954
055216880
055216744
0552166931
055216598
055216587
055216568
055216559
055216511
055216413
055216406
055216272
055216231
055216212
055216187
0552161810
055216080
0552160478
055216036
055215943
055215782
055215753
055215682
055215666
055215644
055215633
055215601
055215525
055215476
055215398
055215278
055215275
055215266
055215239
055215232
05521523
055215191
055215177
0552151
055215037
055215
055214963
055214912
055214880
055214877
055214872
055214823
055214807
055214748
055214560
055214437
055214339
055214247
055214227
055214156
055214124
055214067
055214049
055214012
055214001
055213839
055213794
055213714
055213657
055213546
055213493
055213434
055213410za
055213410
055213376
055213373
055213357
055213345
055213298
055213285
055213282
055213254
055213229
055213215
055213210
055213139
055213091
055213071
055213065
055213038
055213
055212941
055212935
055212869
055212826
055212472
055212349
055212339
055212338
055212337
055212304
055212263
0552122553
055212240
055212218
055212123
055212120
055212072
055212046
055211957
055211930
055211911
055211905
055211870
055211792
055211661
055211531
055211516
055211500
055211413
055211373
055211304
055211275
0552112155
055211190
055211043
055211
055210953
055210926
055210922
055210902
055210736
055210713
055210703
0552105990
055210554
055210526
055210488
055210452
055210349
055210264
055210257
055210255
055210227
05521012341987
0552100462
0552080174
055208
055207079
05520676
0552062930
0552060714
055205m
05520516
055205020
055203bama
05520395
0552029
05520286
055202781
05520052
05520035
0552000309878787
055200
05520
0551mb
0551jj
0551donj
0551999375
0551995
055199418
055199
0551988
0551987621
0551986
0551975930
055197366
055197
055196618
0551960707
0551957578
0551953188
055194175
0551933
0551925555
0551920844
0551920119
055192
0551917
05519141
05518986
055188914
055188571
055188320
0551853831
055185
0551849970
05518458
055184
0551830078
055182434b
055181598
055181384
055180
0551793
0551786358
0551778267
0551776648
0551776
055177
055176d973379
055176
0551757
055175661
055174579
055173229
055173
055172967
0551729
055172853
05517264
05517242658
055171075
055170904
055169967
0551695563
055169
0551684456
0551683029
055167024
055166829
055166445
0551639216
055163786
05516320
055163069
055162902
055162
055161875
055161363same
055161
055160907
055160610
055160
055159
0551587204
055158
0551571981
0551564
05515555
0551555307
0551553064
055155225
0551537609
0551536666
0551531533
055153
05515283
055152657
055152625
055151785
0551515
0551507011
055150402024-1
0551504020
055150401010
0551501
055149097
055149
055148
055146450
055146
055145459
055145179
055145142
055143203
055143020
055142931vbvb
055142564
05514238267
05514231
05514210200
055142
0551415921
05513929mlgc
055136421
05513625
0551361963
0551359
055135871
055134
0551334
0551332020
05513262
055132431
055131309
0551303905513039
0551300603
055130
05513
05512s
0551298
0551292
055129113
055129
0551289995
055128
055127102
055127045
0551270
055125145
0551245123
0551244802
055124325
055124
0551236
055123456
05512345
0551234
0551232205
055123
0551227791
0551223214
055122
0551218164
055121758
05512134
055121090
055120405004
0551204030342
055119220
055119183
055118894
055118402
0551182990
055118249
0551180456
055118
055117813
0551177852
0551177376
0551175
05511709
055116642
055116489
055116386
055116117
055115917
055115605
0551150
05511493
055114380
055114136
0551140469+
0551136271
0551129734
0551121432
0551121211
055111921
055111
05511017
055110
055109332
055108e
055107278
055106929
05510628
055106104
055105410
055105
055104003
0551033080
05510314
05510308
0551030069
0551030
05510250
055102
05510199
05510194
055101281
0551002225510225
05510010
05510
0551
0550toot
0550sexc..
0550pony
0550j
0550hwmqh
0550av
0550_132
0550982
055097416
055097
055096
055095
055094
055091j
05509131011
0550905
0550895623067
0550894
055089
0550888
055088608
055088357
055088
0550870
0550865432
0550862321
055086
0550857
055085
055084
05508390
055083514
0550827298
055082199
055080s
0550805296
055080220w
055080
055078784
0550786
055078234
055078140
055078
055077600
055077337
0550770746842292
055077036
055077
055076n
0550760
055075377
055074a
05507404
055074
055072
055071123
05507108
055070526
0550701
0550677
055067522
055067258
055067
0550665
05506605506682
055065
055064
055063578
055063268
055062598
055062337
0550622919
055062
05506134040
055061103
055061
055060697
055060679188
055060402719
055060401001
055060352
055060338641
0550602010492
05506
05505l
0550599
0550588
055058186
055058122
0550580908
055057
055056799
055056723
055056559
0550559
0550555
0550550557
055054506
055054
055053609
0550533
0550530
055052
0550518
055051797
055051135
05505074
05505040413ำะ04
0550503
05505011
055048
055046066
055046
055045753
055044374
0550431983
055043193
055043134
05504304
055043035
055043
055042
055041zxr
05504171
055040898
05504035
055040
055039
055038233
055036694
0550365
0550342
055033991
0550332
0550325
055032394
055032
055031467
055030898
055030446
055030089
05503
05502usot
055026512
05502623
0550256747
055025521
055024799
055024165
0550239
05502387
0550232z
055022
055021
055020411043
055020410051
055020410013
055020405008
0550204010429
05501994
05501984
0550195969
0550191
055016
055015503
055015323
055014493
0550137
055012647
0550125710211
055012472
0550123323628012
05501221
055011714
05501128
0550110
055010776205
0550102393632
055008
05500688
0550055550
05500482
055004010
0550040
05500375
05500341721
0550030418-2
055002011
05500199
05500191
05500175
05500173
05500148
05500016
055000124
0550000
055-722213
055-713323
055-610919
055-475792
055-440546
055-412331
055-280673
055-244946
055*1207963
055 9106
054zmrym
054zakrozbuf
054yme79e
054tata
054sthella054
054mama054
054gsm054gsn
054f69
054consolle
054boro99
054aqp
054Runner
0549jenkins420
0549cgc
0549bob
0549ahs
05499qvnic
0549998J
054999705
054998566
054998509
054996447
054996304
05499624931
054996244
054996199
054996002
0549958382
054995130
054994946
054994210
054994175
054993616
0549922150277
0549920
0549918554
0549914
054991
054990951
05499082
054990557
05499
054989062mohammed
054988
05498763
054987097
054987064
054986965
0549868
05498599262
0549859031
054985622
054985
054984vyr
0549841
054983
054982696
05498221195
054982
054981947
054980906
054980
0549799f
0549781sv
054976431
0549764
0549762803
054976
054975697
0549756495
054974926
05497479
0549737283
05497278
054972482
0549724002
054971736
0549714893
05497132502
0549705254
0549692
0549685860
054966578
0549663
054965037
0549646860575
05496457
054964186
054964117van
054961120033-4
054961008
0549603619
0549603612x
0549603612
054960065
05496
054959700
054959491571
054959387704
054959120823
054958068252
054957270
0549565873
054955344
054955138
054954636
054952893
0549527654
0549525a
054952483
054952285
054951955
054951308
0549512
054951067
0549504020229
05495
05494mbybx
054948617
054948149
054947419
054945342
054945025
054943380
054943099
05494120
0549406l
054940540
054940422
054940387
054940340
054940
05493J
0549383263
054938
054937715
054937158
0549370498
0549361
054936
054935143795
054933633
0549334200
054933180
054933134
0549306034
0549301434
05493
054927568
0549268925
054926172
054926
0549244
05492379916
054922287
054921955
054921921
054921196
054920
054919106
0549181704
0549175596
054917
054916280
054916
0549156013
054915127
05491450
054913709**
054912912k
0549128/18
054912040111314
054911
05491
054909504
054909104
054908
0549076
0549071
05490675
05490643
05490508
05490435
054904148
05490406
05490391
054903576
054903511
054903192
05490275
054902398
054902232
054902078
05490200
05490192
054901882
05490153
05490144
054900717
05490066
0549002911
054900139
054900075
0548nv
0548mr
0548arthur13
0548abjdn
05489qinxs
054897
054894
054893804
054893
054892
0548913156
054891293
054891068
054888999
054888411
05488814
05488450z
0548840
054882G
054881989
054880528
05487961
054878357
054876916
054876
0548756122S
0548741
054872
054869339
054869275
054867460
054867
054865192
054863690
054863018
05486286
05486251
054862
0548618
054861
05486080
054860
0548588
0548581
0548578
054857353
05485704
054855540
054850
054849288
054849
054848953
0548488
0548466
054845794
054840788
0548407
05484
054838107
054837570
054836060
0548339285
0548335
054833088
0548326
054831747
0548317
0548311
0548300
054830
054829693
054827075
054826277
054826057
054825713
054825
054824716
054824620
054824541
054824475
054822515
05482250286
0548216j
054820416
054820160
054820
0548196604
054818822
05481879
0548184232
0548173755
05481582978nedaa
0548153044
0548145
0548130
054813
0548126
0548105949
0548104846
0548101
054810
05480955
054809017
0548088898
0548084
0548080752
054806
0548058854
0548056
0548048180
05480380
0548037
0548033
0548024033
0548023510
0548023142
0548021253
054802066
0548015
0548014
0548003150
054800
0548
054799682
054799649
0547996459321
054799620
054799606
054799603
054799593
054799541
054799530
054799526
054799513
054799484
054799476
054799428
054799413
054799294
054799257
054799223
054799215
054799147
054799107
05479906363
054798353
054798262
054798039
054797604
054797452
054797401
05479738099
0547973503
054797314
054797215
054797189
054797090
054797054
0547954496
054795449
054795415
054795403
054795297
054795144
054795120
054795107
054795058
054795050
05479487
0547948079
054794762
0547944a
0547938451
054793568
054793425
054793391
054793020
054792460
054792178
054792059
05479196
054791895
054791805
054791684
054791499
054791497
054791461
054791406
054791294
054791203
054791121
0547910
054790353
0547903195
05479
0547896321
054789632
0547895762
054789550
0547895
054789473
054789379
054789367
054789167
054789151
054789105
0547891
054789026
054789011
0547882193
0547880406
054788
05478789
0547877604123
054787489d
054787423
054787365
054787335
054787278
0547872303
054787192
054787190
054787173
054787122
054787095
054787088
05478692566
0547864012
05478632
0547862
0547860405
054786
0547858376
05478561399
054785488
054785242
054785211
054785175
054785160
054785122
054785110
0547848871
05478354tt
054783290
054783196
054783121
054783037
054782647
054782542
054782533
054782453
054782423
054782421
054782189
054782148
05478214
054782129
054782120
054782103
054782084
0547820431
054782043
054782030
054781988
054781969
054781849
054781831
054781732
054781721
054781648
054781616
054781539
054781511
054781422
054781413
054781303
054781279
054781232
054781036
054781011
054779636
054779420
054779185
0547781311aysd
054778114
054778078
054778054
054778040
054777
054776787
054775865
054775811
054775518
054775426
054775334
054775212
054775204
054775124
054775088
054775069.
054775054
054775016
054774925
054774922
054774916
054774909
054774906
054774899
054774847
054774829
054774788
0547747516
0547747097
054774704
054774598
054774564
054774534
05477452155000
054774511
05477450
054774413
054774371
054774330
0547743172
0547742109
054774156
054774123
054774101
05477409555
054774047
0547737588L.
054773706
054773523
054773509
054773426929
054773215
054773189
054773185
054773110z
054773102
0547730591
054772932
0547728174
054772803
054772796
054772764
054772742
054772721
054772682772099
054772643
054772594
054772556
054772552
054772391
0547723740099
054772351
054772349
054772342
054772324
054772192
054772186
054772143
054771979
054771963
054771857
05477184
054771833
054771756
054771643
054771590
054771516
054771359
054771307
054771107
054771092
054771067
054770
0547696823
05476943
054769336
054769282
054769263
054769231
054769172
054769130
05476905
054769025
054768b
054768BP
054767391
054767347
054767266
054767172
0547667679
05476633
0547662
0547656936
05476518432
0547643821
0547638842
054763357
054763347
054763169
054763139
054763058
054763034
054763
05476283
0547616090
0547614620
054761425
054761228
054761226
054761050
0547609133
05476
05475jha
0547599584saleh
0547598920
0547592508
05475907
0547584973
05475787
054757553
054757526
054757495
054757478
054757440
0547574
0547572221l
054757159
054757105
054757049
054757025
054757020
054756524
0547564618
054756454
054756410
054756383
054756381106
054756283
054756117
054756093
0547559567As
054755704
054755668
054755654
05475558
054755444
054755426
054755401
054755310
054755223
054755206
054755162
054755133
054755123
054755050
054755026
0547548
0547547
054754284
054754140
054754059
054754034
054754030
054753438
054753410
054753369
054753336
054753222
054753221
054753162
054753127
054753058
054753
0547527360
054752574
0547525081
054752493
054752464
054752143
0547521363
054751974
054751923
054751848
054751757
054751732
054751702
054751701
054751687
054751499
054751486
054751383
054751149
054751047
054750909
054750873
054750747
054750678
054750664
054750600
054750547
054750453
0547504495
054750436
054750434
054750399.
054750320
054750197
054750159
054750126
054750102
0547499609
0547495
054749486
0547484568reemix
054747921
0547467599ABDULL
0547464
054746
054745
0547449272
054744101
054743202_P
054743059
054743047
054742598
054742365
054742195
054742162
054742154
054742132
054742101
054742097
054742095
0547420334273240
054742026
054741925
054741907
054741861
054741741
0547417
054741545
054741483
054741470
054741466
054741456
0547414
054741393
05474137
054741311
054741308
054741256
054741073
0547407603
054740319
054740269
054740198
054740159
054740157
054740
0547377567
0547373
0547372599
05473702
0547369110n
0547365708
0547358290
0547357012
0547346
05473284
054732
054731570
054731401
054731
054730305
054730122
0547300
05473
0547298856
05472968
05472888
0547275886
0547267843
0547247850
05472467
0547238142
0547233065231
054723
0547228039
0547224
054721878
0547215629
054719834
054718868
0547183
0547152662
054715123
0547140092
0547125
0547121
054712
054711903
0547119
054711864
054711525
054711447
054711304
054711301
054711275
054711254
054711226
054711178
054711168
054711064
054711026
054711001
054710991
054710974
054710660
0547106
054710536
054710481++
054710456
054710409
054710354
054710306
054710270
0547102438
054710223
054710221
054710103
054710090
0547100141991
054710014
054710007
054709d
054709975
054709002
054708960
054708805
054708752
054708633
054708585
054708458
0547083766
054708354
054708281
054708223
0547081
054708063
0547078
054707154
054706
05470569
054705571
05470547
054705256
054705223
0547051630861933657
054705121
05470495
054703554
054703
05470286
054702
054701099
0546tony
0546er
0546bqrqz
0546ayseer02
05469seaqs
0546998294
0546996450
054699640
0546992853
05469903
0546987570
0546986
05469858
054698210
05469796886+
05469768980
05469759556
05469734
0546972324
0546971428
05469700550
05469694453374
05469672300
0546967069
05469592402
0546958427
05469583458
0546957472
05469569408
05469558948m
05469526398
0546950954518
0546948913
05469486400
054694790621
05469467802
054694565
054694557
05469448387cilekes
054694447
05469432231
05469426007
05469373241
05469356687efe
0546935271
0546934603
05469323180
0546931054"
05469300654
05469295668
05469280603
05469279633
05469279333
054692703243934988-*+
05469268878
05469253260
0546923773
05469228736
05469215094
05469204315
05469195117
05469168872
05469168522
0546915788
0546915686
0546914906
0546913808
05469112320_
0546906029aeman
054690602
0546905039
05469050006
0546904043
0546902456
054690
05468bbtu
05468997553
0546898455
05468963
0546894602
05468941594
05468929631
05468928319
05468925855
0546892069
05468916302,
05468908900_?
05468897543
05468896635ozgun@
054688590
05468851749
054688448
054688160
0546881192
0546880696100
0546878158
05468771018
05468767279
05468733912ilkay
05468725221
05468699274
0546869522
05468690932
05468690502
0546867641
0546867192
0546866
05468625474s
0546859475
054685621
054685332393658728
05468527710
05468516023
05468507314_
0546850
05468496101
054684834
05468476970
0546846
0546843072
05468424764
05468420691189
0546837465
0546836308
05468314831
0546830114
0546828288
0546827587
0546826451z
0546824245
0546820
05468190172
0546818367
05468101589krm++
05468088532
0546807873
0546806
05468054641
054680137
0546801123
05468010871
0546800263
054680
0546786786
05467864855
05467803737
05467800455
05467791
05467779359007
05467722
05467669258
0546762057
05467498468
05467464
05467430243+
054674204215
05467407
05467383967
0546736212
0546734509
0546725112
05467246470turgay
0546724001
05467223351
0546718972
0546718096
054671339
05467123088
05467117662
05467113842
05467109261.
05467107004
054669903100
05466964581989
05466960721cagri
054669540
05466953032
05466947274
0546693304848
05466899406
05466897724
054668849
05466879466
05466876596
05466820171
0546682
05466819571
05466818597
054668158
0546681
05466791310
05466790745
054667872
054667389
0546670677
05466702910
054666994
05466678500123
0546667
0546663048
054666206
0546661436
05466597
05466590090
05466570335scs
05466528150
054665090
05466453055,,,,,
054664489
0546641454
05466413813
054664066
05466393949_q
054663875
054663797
05466347541dm
054663289
05466326ale
05466306
054663
0546627
05466266139
0546626
05466230623
054662048
05466201993
0546617829
05466157942
05466140526_bur
054661245
05466088017fatih
05466084964
05466066549
0546606
054660562
05466034514
05466019628
054660087
0546600742
0546598722
05465919164
054659021
05465885234
0546588187l
05465872781234567890
05465856578
054658538
0546580e
054658
05465798
05465797422_damla
05465780092
05465774442
05465765
054657621616155
05465735532
05465730293
05465695666
05465663787
0546565906
0546564557
05465641840688
05465640088
05465615478a
054656099180936
054656052
054656039426
0546557653
054655255
054655021
0546549865
0546548985
05465449125
05465424538_?serkan
05465407539
054654
0546539312
0546539159
054653386
05465300
054653
05465252
0546523698
054652162
0546520659
054651810
0546511012k
054651038
05465084195
05465084146
05465066294
05465036040b
05465025349
0546502143434
054650134
054649916
054649839
054649802
05464963866
054649607
054649587
054649578
0546495367
054649532
054649506
05464948434_
054649380
0546493611
054649341
054649326
054649286
054649246
054649203
054649201
054649149
054649073
05464900374
0546489621
05464873766
054648636
05464860031+++
054648574
05464856632
054648469
054648279
05464815431
05464803043
054648
05464769209123
05464767749
05464756213
05464753104
054647525
054647518
054647517
054647462
054647450
054647296
05464724641
054647242424
054647163
054647126
05464712301
054647115
054647072
054647064
05464702621
05464683879q
05464678876
0546467778117
054646757
0546466754848
054646571
054646471
05464643738
054646254
054646253
054646196
05464619056
054646083
054646078
054646054
05464591297
05464590484
0546458910894353369
054645862443
054645857
054645798
054645769
05464576531
054645721
054645679
054645594
05464557699alemci
054645576
054645561
05464554872
054645518
054645513
054645509
054645486
054645418
054645404
054645393
054645220
054645202
054645197
054645175
05464514682
05464514613
054645141
05464512
054645085
05464500279
054644800
0546447756**
054644775
054644752
054644730
054644689
0546445840
05464454993
05464451
054644482
054644479
054644475
05464431164
054644290
05464427478
054644240
0546441586
054644147
054644025
054644020
05464397245
0546439
05464381493
05464376932752804
054643701
054643619
05464361577hakan
054643608
054643575
0546435209
05464350546
054643486
054643460
054643432
054643421
054643379
054643375511586
054643373
054643353
05464329974
054643284
054643269
054643261
0546432390851074940
054643213
054643199
054643190
0546430794
054643035
054643030
054642949
054642905884111
054642870
05464281923,apo
05464280161
054642782
05464276939_deli
05464272329
05464264757
054642612
054642603
05464260066,3
054642595
054642533
05464251276
054642503
05464248000..
054642463
054642308
05464230706
0546421450
054642093
054642034
054642021
05464200582
05464190894
05464142916
05464141
05464138945
05464135735
0546412668
054641104054641
0546410914
05464106576
054640971000
0546408681
0546407437
05464073737
054640615
05464061221
054640580
054640545
054640505
054640474
054640436
054640435
05464042606
054640379
054640351391989
054640301
0546402963
054640220
05464018270
054640154
054640033
0546398
0546396471
0546375
0546373379
054637091
054637081
054637080
054637078
0546363221
054636322
054636261
0546362596
054636236
0546361847
054636167
054636144
054636029
0546359618
054635890
054635802
054635750
054635739
054635704
054635686
054635664
054635539
054635479
054635476
054635415
054635382
054635279
054635226
054635224
054635200
054635173
054635138
054635000
054634776
054634491
05463445224
054634386
054634374
054634317
054634307
054634284
054634199
0546341910
054634107
054634100
054634074
054633478
054633435
054633375
054633343
054633251
054633169
05463297
0546329
05463280182
054632380
054632352
054632334
054632225
054632210
054632194
054632153
054632087
054632
054631973
054631854
054631799
054631786
054631769
054631739
054631675
054631645
054631578
054631475
054631452
054631448
054631434
054631258
0546312522
054631208
054631185
05463110
054631065
054631
054630971
054630951
054630946
054630815
0546307