99
055682157
055682120
055682093
0556818080
055681581
055681200
055681195
055681160
055681144
0556810817
055681020fam
055681
0556809
055679217so
055679217os
055679148
055679112
05567904421991
0556786
055678512
05567788
055677500
055677338
055677307
055677284
055677227
055677215
055677172
05567715
055677078
055677063
055676E
05567676709lma
055675732
055675652
055675443
055675392
055675337
055675178
055675150
055675054
0556744
05567374Matti
055673127
055673018
055672920
055672817
055672755
055672651
055672632
055672629
055672568
055672536
055672514
0556723319
055672229
055672217
055672206
055671456
055671393
055671380
055671234
055671129
055671057
055671022
0556709329
0556703142
0556700353kfr
0556688332
0556685518
0556680797
0556680456
0556680300
0556678522
0556677747
055667479
0556674216
055667351
055667164
055667145
055667058
055667034
0556670315
0556666165
055665424
055665007
055664828
055664696
055664667
055664537
055664446
055664411
055664256
055664238
055664221
055664093
055664058
0556637848
05566332
0556631q
055662561
055662509
055662469
055662440
055662410
055662188
055662107
0556620887
055662088
055662035
0556607999
0556606015
055660483
055660347
055660116
055659217
055659081
0556589546
055658439
0556579990
05565759
055657326
055657274
055657160
055657159
055657013
055657
055656
0556556697
0556555202
055655266
0556551421
055655128
055655085
055655036
055654511
0556544885
055654321
055654123
055654
055653
055652862
055652646
0556526
055652356
055652243
055652181
055652175
055652069
0556518
055650810
05565037
0556502472
055650
05565
05564zcntk
0556491500
0556489951
0556489
055647456
055647442
055647143
055647105
055647098
0556459945
055645493
055645338
0556453288
055645305
055645234
055645093
055644908808
0556447478
055644339
055644261
055644217
055644184
055644147
055644083
055643868
055643810
055643694
055643623
055643506
055643475
055643465
055643403
055643370510
055643254
055643163
055643145
05564310502963
055642814
0556427645
055642494
055642298
055642255
055642201
055642050
055642020
055641925
055641867
055641803
055641635
055641497
0556414
055641345
055641274
055641242
055641134
055641016
05564090
0556397
0556396854
055639066
0556389
0556387387@sa
05563781
055637
055636124
05563562
055635204
05563503
0556350
055634365
055634242
055634210
055634135
055634119
055634094
055634063
055634028
055633463
055633458
0556332780
055633229
055633217
055633085
055633033
055633018
055633
055632823
055632808
055632743
055632639
055632625
055632607
055632426
055632388
055632375
055632359
055632348
0556322alg
055632128
055632088
055632083
055632025
055632020
055631572
055631561
055631555
055631446
055631331
055631252
055631205
055631193
055631186123456
05563111923081985
055631042
055631
055630544
055630481
055630463
055630411
055630393
055630080
055629700
055629615
055629561
055629555
055629550
055629457
055629402
055629257
055629212
055629136
055629120
055628740
055628654
055628617
055628528
055628465
055628218
055628204
055628176
055628096
05562785
0556273701
055626635
055626590
0556265652
055626560
05562655
055626522
0556265
055626480
055626463
055626393
055626244
055626218
055626205
055626064
055626060
055625383
0556252170855103733
055625197
055625080
055625050
055624829
055624779
055624665
055624625
055624623
055624552
055624543
055624486
055624481
055624412
055624405
055624268
055624239
055624121
0556240829
055624015
055623753
055623746
055623663
055623618
055623586
055623549
055623483
055623353
055623328
055623321
055623296
055623229
055623141
055623117
055623112
05562306
0556230177
055622627
055622397
0556223161
055622269
0556222554
055622233
055622184
055622172
0556221
055621996
055621986
055621955
0556219355
055621900
055621797
055621646
055621578
055621563
055621530
055621441
0556213
055621144
055621055
055621042
055620919
055620871
055620855
055620819
055620742
055620684
055620627
055620493
055620485
055620460
055620383
055620354
055620351
0556202
055620183
055620158
055620088
055620081
05562000
055620
0556198564
055619
0556182
055618
05561793
0556177278
0556166779
0556164876060950
055616417
055616262
055616099
055614996
055614771
055614748
055614675
055614626
055614508
055614445
055614265
055613979
055613905white
055613423
055613411
055613402ToB
055613391
055613081
055613019
055613002
055612998
055612994
055612835
055612716
055612665
055612624
055612589
055612549
055612466
055612345
055612293
055612286
055612254
055612118
0556120997
055612084
055612074
055612056
055611952
055611901
055611886
055611873
055611520
055611443
055611312
055611231
055611118
0556109m
055610979
055610796
055610624
0556105310
055610355
055610241
055610226
055610211
055610209
055610201
0556101542
0556101234567
055610
05560vtrcu
055608909
0556087889
055607669
05560739
055607
055606452
0556064390
055606357
055606303
055606281
055606254
055604
0556036020
055602030
055601909
0556013jjd
0556013881
055601096
055601
05560050
05560010
05560000
055600
0555uijfk
0555sr
0555ne
0555ehwxr
0555dx
0555britsex
0555bdppq
055599284
055599198
055599
055597364
055597360
055597274
055597261
055597093
055597090
0555959538
055595234
0555951191
055595011
05559470606
055594575
0555933528
055593293
055593080
05559222
055592
055591821
055591793
055591605
055591499
055591114
0555910990
055591076
05559094846
055590
055589663
055589564
055589321
055589164
055589152
055589144
055589080
055589031
055589003
0555887626
055587606670000
055587367
055587227
055587214
055587191
055587
05558660762
0555862551
055586
0555859231
05558569630
05558563319
055585608
055585392
055585286
05558527997
055585224
05558502238_
0555850
055584mp
0555845488
0555844705
05558441500*yild
055583507
055583478
05558345544
05558344339
055583439
055583423
055583359
055583278
055583277
055583074
055583030
05558282538
0555828023
055581778
05558172870
055581587
0555815
055581476
055581191
055581105
055581092
055581005
05558084858adanali
0555808
0555807831
0555800813nina!
0555799661
0555785
055578
05557776706
0555766999
055576220
0555753885
055574537
05557373756
05557337514
05557310579
0555727775
055572523
05557230904
055572040
05557192388fet
0555717838
0555716656
0555712093
0555710508934dj1985
055571049
0555706232806
05557000
05556966066
05556962943
055569486322
055569473
0555694274
055569364
055569359
05556934298
055569334
05556931430
055569259
055569237
055569091
055569030
05556888585
05556817277
0555681368
055568
05556779920
05556773819m
05556751189umut
05556745843
055567266
055567133
055567027
055567000
05556699397
05556661993
05556628101
0555662595
055566197
055566168
055566157
055566156
055566082
055566049
055566
0555658034
05556578046
05556524295
0555652024-ali
05556514854
0555651185
05556504700
05556496682
05556469857
05556412370
055563954
055563927
055563868
055563863
055563790
055563704
05556367466
05556354147
055563443
055563390
055563324
055563303
055563202
055563172
05556309995
05556305478963
055563025
055563011
0555620867
055561861
05556178118
055561523
055561442
055561352097374
055561264
055561238
055561233
055561195
055561045_
0555609256
05556087693
05556080706
05556067230
0555600568
05555dom5
05555979402
05555975945
0555593993
0555591072
055559100
0555588203
05555880218
0555587953
05555876788
0555585885
0555584960
055558449
055558386
0555583357
055558332
055558195
055558171
055558059
055558054
055558021
055557185
05555713886
055557056
055557
0555568028
05555666
055556218
0555562026
0555561737
0555560263
055556
0555559787
05555581659
0555556938
055555666666
0555556610
0555556051
0555555555
05555551502
055555487
0555554635
055555431
05555537199
055555234
05555521881
0555551899
0555551830
05555512288caner
055555066
0555550102
0555547770
05555462033
0555545486
055554436
055554428
055554350
055554265
055554243
055554222
055554212
05555416811
055554145
055554017
0555536889
05555361010qamze
0555534376
0555533523
0555532146
0555532
055553190
055553120
055553062
05555303
0555527296
0555525281
05555252128muco
05555249366
0555523083
055552272
05555226571
055552205
055552202
055552141
055552130
055552125
055552059
0555520275
05555153688okan
055551462
055551451
055551446
055551389
055551280
055551186
05555113570
055551131
05555112826
0555511053
05555108031
05555106489ugur
0555508253
0555506183
055550385
05555019322
055550060
0555500317
05554986621
05554980641
055549616
0555495060
055549412
055549386
05554935772123
05554909496
0555489337331
05554890098
0555485696
05554856318
055548378
055548269
055548166
055548130
055548127
0555480092
05554797913
05554789735
0555478777
055547477
055547474
055547451
055547444
055547439
055547336
055547281
055547278
055547248
0555472130
055547133
05554702953
055546986
055546983
055546824
055546777
055546722
055546575
055546547
055546544
055546519
055546504
055546481
055546424
055546267
055546239
055546154
055546123
055546109
055546033
05554554533i
055545511
055545415
055545363
055545321
055545257
055545166
055545122
055545094
05554501
055544967
055544959
055544858
055544732
055544718
0555446223
055544551
055544454
055544383
055544361
055544360
055544321
05554424462
0555442215
055544196
055544177
05554398061eser.
05554343510123
05554341281n
055543241
055543226
055543
055542977
055542939
055542938-.-
055542884
055542656
055542618
055542497
0555424272
0555423395
055542232
055542164
055542065
055542023
055542
055541926
055541908
055541875
0555418030
0555417430
055541626
055541577
055541553
055541535
0555415275_mwm
055541509
055541421
055541410
05554134
055541306
05554116014
055541125
055541015
0555409299
055540856
055540826
0555408
05554060748
055540560
055540520
0555405
05554048494
05554040487
055540396
055540377
055540311
055540308
0555402547
055540203
055540188
055540117
055540057
05554001919
055540
05553991552
05553968079
05553967580
05553964458
05553926513
0555390427azoooz
05553890130
0555388889
05553865556
0555385501
055538
055537
05553669896
0555366550
055536644
055536419
0555364015
0555362627
055536174*-*
055536174
05553607413
055535DV
05553593013
055535927
055535903
055535871
055535842
055535739
055535734
055535723
055535650
055535638
055535620
0555356
05553558862
055535550
05553552145
055535517
055535504
055535369
055535330
055535308
055535291
055535280
055535225
0555352030
055535189
055535159
055535134
055535126
0555351
055535085
055535078
055535049
055535034
055534904
055534892
0555348810
055534709
055534638
055534607
055534468
055534285
055534253
055534190
055533gv
055533968
055533896
05553386
055533794
055533786
0555337799
055533739
055533728
055533687
055533622
055533602song
055533481
055533350
055533341
055533287
055532876
055532843
055532833
055532755
055532746
05553274109
055532679
055532528
055532505
0555325
055532485
0555324649
055532426
055532394
055532356
055532310
055532229
0555320675
055532
055531898
055531889
055531885
055531884
055531804
055531789
055531719
055531681
055531615
05553160
055531491
055531374
0555313176
0555312146
055531194
055531162
055531135
055531047
0555310318
055531027
0555310110
0555309799
0555309060
05553059022murat
05553025596
0555300310
05552996942
0555297300
05552947929
0555293944
05552838679
05552815750
05552778352
0555275
0555274227
0555263
0555259752
0555259728
0555257267
055525550
05552547670
05552540259
05552508114
0555247710
0555244299
05552439253
05552397601
0555238185
0555233350
05552305380
055523
0555228950
055522290
0555220036
055522
055521l
055521659
0555208374
055520676joejoelove
05552052404
055520411
0555203271
055520300
05552029469
055520270
055520226
055520191
055520184
055520176
055520137
055520062302
05552002319
055519051
055518732
0555185
0555183747
055518
055517898
055517720
055517568
055517392
055516967
055516935062116058
055516924
055516913
055516837
055516686
055516590
055516526
055516488
055516414
055516390
055516355
055516318
055516230
055516226
055516122
055516094
055516069
055516053
055516043
055515959
055515829
0555158270
055515732
055515720
055515702
055515681
055515676
0555156674
055515588
055515500
055515451
055515411
0555154
055515334
0555149210
055514887
055514731
055514713
055514636
055514606
055514575
055514436
055514315
055514250
055514248
055514236
055514230
055514228
055514179
055514176
055514118
055514111
055513992
055513857
055513854
055513712
055513684
055513520
055513489
055513282
055513166
055513073
0555130605
055513
055512974
055512949
055512933
055512872
055512867
055512862
055512761
055512635love
0555125837
055512569
055512480
055512416
055512306
055512270
055512170
0555121076
055512083
055512
055511988
055511859
055511732
0555116963
055511666
055511623
055511589
055511555
055511515
055511511
055511483
055511231
055511
055510
055509032
055509
055508527
055508
0555077794
055507646
05550666
055506610
055506531
0555055500
055505550
055505468
055505
0555036200
055501dbrb
055500921
05550090
05550075
05550052
0555000
055500
0555-408-59-09okm
0555-23-04
0555
0554k4
0554girl
0554_7222_46
055499746
055499357
055499288
055499287
0554990888552003
055497
055496384
055496320
055496278
055496206
055496147
055496
055495821
055495628
055495
055494543
055494520
055494515
05549421153170
055494172
055494006
05549309
055493
0554919599
055491929
055491791
055491790
055491782
05549170
055491603
055491579
055491461
055491259
055491243
055491068
055491026
055491019
055489553
055489406
055489355
055489238
0554892
055489002
055489
055488487
055487
055486231
055486
055485354
055484696
055484161
0554833
05548226491
055481867
055481782
0554816441
055481634
055481587
05548151063d*
055481510
055481405
055481359
055481331
055481281
055481276mn
055481247
055481065
055481046
0554807
05548044069
055480108
055480
055479479
05547947880
055479071
05547883627
0554787524
0554786I
05547863685legolas
055478
05547787844a
05547785700
055477829
0554777907
05547742192**
05547612156
05547606055
055475965
055475639
055475621
055475590
055475403
055475271
055475213
055475197
055475125
055475101
055475030
055475014
05547468512fatihcim
05547445153
05547426185
055473944
055473915
05547372488
055473712mr
055473641
055473401
055473395
055473341
055473159
055473128
055473010
05547250016
05547152206_ct
05547150
055471091
055470444
055470209
055470056
055470038
05546TUNmaneerat
055469215
05546892
055468213
055467915
055467
0554668186
055466332
05546624ap
055466
055465864
0554654685
055465
05546412020
055463660
055463
05546297151love
05546295
05546286562
05546271976
055462687
0554626
05546242457
05546218593
0554613b
0554611893
05546118025
055461180
055461149
055461066
055461064
055461019
055461
05546080191919
0554607686
05546022100
055460081
055459264
0554592222
055459
055458207
055458003
0554576099
055457571
055457523
055457495
055457479
055457453
055457440
0554573j
055457314
055457302
055457280
055457235
055457213
055457153
055457145
055457124
05545706
055457057
055457023
05545651
055456505
055456455
055456375
055456333
055456313
055456259
055456236
055456209
055456159
055456123
055456049
055456036
055455n
0554559187
055455326
055455146
0554551
0554550770
055454927
0554549
05545462
055454587
0554545140
055454366
055454337
055454331
055454271
055454225
055454221
055454168
055454126
055454125
0554540922
055454085
055454076
055453538
055453499
055453409
055453356
055453289
055453272
055453255
055453250
055453231
055453230
055453210
055453154
055453121
055453023
0554526997
055452621
055452607mmnnaaaaaaaaaaaaaaaaaaaaaaaaaaaaaaaaaaaaaaaaaaaaaaaaaaaaaaaaa
055452282
055452258
05545224328
055452213
055452111
055452099
055452093
055452062
055452019
055451352
055451334
055451322
055451212
055451202
05545120
055451199
055451163
055451035
0554506660123
055450663
055450632
055450555
055450489
055450391
055450374
055450352
055450304
055450250
055450227
055450173
055450136
055450127
055450059
055450
05544pau
055449411
055449321
055449224
055449222
055449178
0554491752
055449169706
055449100
055449069
055449052
055449048
055449029
055448988
055448971
055448960
055448953
055448818
055448808
055448691
055448647
055448597
055448596
055448578
055448510
055448494
055448425
055448394
055448383
055448309
055448302
055448265125
055448263
055448218
055448199
055448184
055448122
055448120
055448091
055448080
055448
0554477013
055447356
055447197
055447156
055447081
055446533
055446523
055446520
055446512
055446486
05544646288
0554464605
055446459
055446349
055446254
055446239
055446218
055446175
055446069
055445adi
055445592
0554454889
055445363mint
055445342
055445206
055445185
0554451271441
055445105
055445077
055445057
055445052
05544468692
055444636
055444616
055444603
055444517
055444472
055444414
055444252
055444241
055444123
055444108
055443014316431
0554430117
055442925
055442907
055442884
055442788
055442680
055442638
055442612
055442556
055442550
055442548
055442471
055442420
055442407
055442348
055442293
055442266
055442262
055442134
055442059
055442021
055441813
055441746
055441707335606
055441675
0554416175337
055441587
055441478
055441465
055441455
055441431
055441427
055441244
055441071
05544100549ismail
055440916
055440897
055440846
055440839
055440831
055440725
055440600
055440596
055440521
055440436
055440285
055440252
055440242
055440211
055440210
055440155
055440127
055440104
055440099
055440087
055440056
0554400336
05544
05543myawv
0554396
05543927511PAROLA
055438dc
05543854812
05543769802
05543723014
05543682832
05543565620
055435
0554348a
055434420
0554342587
05543412435
055434
0554334393
05543332068
05543323
055433
0554329448
0554325079
0554323951
055432159
05543213455
055432107
055431930
055431925
055431854
055431708
05543162062
055431606
055431600
055431574
055431531
055431505
055431502
055431454
0554314364
055431408
0554312579
055431222
055431159
05543115394
055431118
055431112
055431051
05543044382MERT
055429433AB1
055429414
055429364
055429162pp
0554290n
055429033
055429014
055428816
055428486
055428353
055428289
055428216
055428179
055428169
055428089
055428030
055428
055427691
055427690
055427644
055427615
055427606
055427525
05542751
0554266069
055425959
055425244
05542450213@begum
05542382980
05542373836
055423
05542269580
055422541
055422283
0554222413
055422102
055422067
05542206220_ayku
055422057
0554220053,0
055422002
055421966+5
05542188126
055421872
055421867
055421865
05542180
055421749
055421741
055421644
0554216
055421540
055421538
055421535
055421504
055421492
055421306
05542126321
055421218
055421191
05542093903
05542088569gfb
05542065553
0554204
05542010137
05542007800
05541984
05541982
055419066
055419022
055418147
055418100
055418092
055418
055417996
055417924
055417839
055417689
055417581
055417521
055417486
055417462
0554173743
0554172955
055416941
055416855
0554168516
055416828
055416634*
055416634
055416449
055416325
055416288
055416275
055416132
055416106
055416045
055416011
055415989
055415987
055415959
055415608
0554154143
055415048
055415015
055414962
055414874
055414765
055414752
055414722
055414720
055414616
055414584
055414566
055414521
055414455
055414293
055414250
055414040
055414011
055413961
055413952
055413910
055413820
055413791
055413701
055413671
055413612
055413594
055413558
055413484
055413280
055413258
055413188
055413153
055413105
0554131
055413028
055413017
055413
055412868
055412851
055412805
055412684
055412582
055412512
055412503
055412448
055412400
055412399
055412331
055412200
055412181
055412136
055412059
055412021
055411910393777
055411906
055411853
055411813
055411777
055411582
055411541
055411464
055411451
055411424
055411394
055411389
055411330
055411239
0554112
0554111644
055411138
0554107
055410427
05541
0554099941
0554083
055407019
055406210
055406081
055406076
055406065
05540588
0554057
0554050200
055404
055403054
055403053
055403043
055402914
055402098
055402093
055401462
05540100
055401
05540096-A
0554003
0554002210knightstaleioamare
0553tike
0553bg
055399411
055399344
055399340
0553983850
055397710
0553976768
0553973035
055396468
055396326
055396322
055396193
0553961785
055396132
055396073
055396035
0553953
0553950544
0553944
0553941141
055394024
055394
0553929407
0553914710
055391196
055391161
055391066
055391036
055389938
055389784
055389666
055389611
055389520
055389406
055389191
055389043
055389
0553882
055388061
055388
0553879371
055387
055386171
055386033
0553860127
055386009
055385059
0553844845
055384132
0553841273
055384122
055384116
0553840025
055384
05538321623832256
0553825226
055382
055381714
055381646am
055381591
055381372
055381291
055381113
055381062
055381
0553800
05537boeo
055378492
055378473
055378404
055378324
055378323
055378254
055378076
055378042
055377917
055377769
055377679
055377601
055377600
055377563
055377519
055377449
055377388
055377332
0553773015
055377298
055377297
055377275
0553772
055377174
055377156
055377131
055377129
055377076
055377060
0553766308
0553761684
055374444
055374407
055374392
055374191
055374009
0553731476
055373
0553724911
055372353
0553720077
055371940
055371870
055371821
055371699
055371575
055371573
055371572
055371330
055371245
055371197
055371133
055371097
055371054
055371046
055371011
055371
05536noyoo
0553692225
055369145
055369139
0553690069
0553668237
0553665079
0553662804
055366
05536595
0553656436
055365541
055365536
055365535
055365373
055365275
055365203
055365191
0553651052
055365015
055365
055364
055363416
055363183
055363117
055363108
055363
0553617533
0553616
055361268
055361243
05536118
055361071
0553604301
055359052
055358siaw
055358954
055358736
055358685
055358097
055358
05535725
05535705152
0553558840
055355452
05535457960
0553540165
055353
05535109
055350498
0553504348
055350312
0553501445
055350138
0553500991
05534king
055349751800
05534601
0553460060
0553453381
0553446204
0553441310
055343478
0553432678
05534265
05534250
0553418549
055341612
055340i
0553404183
0553401339
0553400344
0553399
055338941azim
0553379
055337597
0553374123
055337151
0553371007
05533671
055336331
055336
0553350085
055335
0553349
0553346
0553341674
0553337343
055333163
055333158
055332152
055330360
05532900
0553281624733
0553271369
055327
0553255158
055325
0553248
05532465021
055323948
055323
055322346
055322315
055322043
055320566
0553201739
055318972
0553188344
055318677
055318670
055318567
055318191
0553180
055317
0553166160
055316+6160
055315dayah
055315
0553131
055312864
055312566
055312526
055312474
055312460
055312456
055312350
055312215
055312208
0553121814
055312156
055312109
055312060
055312004
055311969
0553119336
055311908
055311875
055311842
055311671
055311663
055311658
055311646
055311633
055311458
0553114111
055311360
055311142
055311
0553100
055310
055309
0553083c
055308274
055308
0553077890
0553058907
055305707
05530553
055305059
05530500
055304984
055304909
055304763
055304723
0553046922
055304641
055304624
055304481
055304458
055304206
05530411
055304078
055304074
055304056
055304012
055303960
055303947
05530394
055303904
055303835
055303453
055303424
055303358
055303282
055303
055302958
055302936
055302916
0553028
055302759
055302756
055302751
055302569
055302393
055302333
055302219
055302143
055302141
055301xqw
055301ZEHYDA
055301977
055301970
055301629
055301627
0553015565
055301522
055301438
0553014
055301359
055301324
055301319
055301262
0553012
0553011709
055301
0553006787
05530009
05530
0552pat
0552jacko0552
0552iedxy
0552bg
0552999377
0552994322
055299323
055299256
055299242
055299208
055299178
055299166
055299146
05529880
0552987471623
055298553
055298547
055298512
055298470
055298348
055298318
055298292
055298256
055298233
055298147
055298146
0552981
055298093
055298057
0552973
055297242
055297216
055297148
055296k
055296343
055296125
055296069
055295124
055295068
055294383
055294329
055294230
055294211
055294052
055294027
055294
055293447
055293367
055293287
055293109
055293049
055292
055291827
055291656
055291583
055291563
055291507
055291456
055291371
055291216
055291185
055291179
055291177
055291088
055291066
055291
055290651
055290612
055290594
055290533
055290466
05529037788
055290322
055290288
055290052
055290032
055290
05528986
055289
055288834
0552885366
055288220
055288180
055288040
0552879998
055287868
0552878220
055287809
055287783
055287782
055287733
055287661
05528756
055287474
055287404
0552874
055287356
055287289
055287264
055287220
055287159
055287156
055287124
055287111
055287065
055287064
055287
0552864258
055286
0552855862
0552855596
0552847147147
055284668
055284665
0552846068
0552845935650593
055284427
0552842707
055284213
0552842002
055284139
055284119
0552841070869343535
0552841
055284013
055283997
055283220
055282971
055282899
055282797
055282675
055282584
055282556/*
055282549
055282544
055282514
055282470
055282455
055282250
055282219
055282207
055282111
055282053
055282035
05528097761
055280973
055280936
055280911
055280896
055280551
055280537
055280536
0552804915
055280432
055280417
055280216
055280200
055280191
055280175
055280122
055280119
055280088
055280050
055280
0552798
055278406
0552782
05527632
0552763140
055276065
055276
055274
0552726
0552722
05527
05526839
055268094
055268043
0552670101
055266468
0552664662538
055266332
055266267
055266209
055266166
055266082
055266038
055266011
055266
05526533
055265
05526368
0552632213
055263101346
0552630171
055262879
055262525
05526247
055262245
055262188
0552620985
055262083
055261874
055261517
055261256
05526108
05526