3386218
053386148
053386095
0533860852
053386068
053385001
05338491474a
05338486660
053384798
053384751
05338461646.,
05338458009
053384555
0533845490533845
053384513
05338451163
0533844798500!
053384464
053384366
0533843031099
053384266
05338422359
053384218
05338420870
053384152
0533841497
05338412173
053384112
05338410743
05338376505
05338314044
053383060
053383033
053382993
053382925
053382912
053382903
053382872
053382850
053382782popmena
0533826951234567
053382623
053382526
053382357159
053382217
0533821244
0533818533300
0533818
05338111825
053380709
053380685
0533805
053380407
053380343
053380159
053380145
053380
053379988
053379691
053379689
053379662
053379592
053379562
053379519
053379507
053379402
053379350
053379270007
053379235
053379219
053379168
053378177
053377547
053377529
053377503
053377429
053377168
053377116
053377098
053376354
053376322
053376292
053376182
053376156
053376025
053376006
0533756210
053375216
053375195
053375192
053375044
05337492537tanju
05337490508
053374707
05337459905
053374382
053374312
05337421191
053374058
05337367394
05337360752
05337338
05337330021
053373117
053373024
053372941
053372933
053372881
053372867
053372851
053372762
053372710
053372709
053372706
053372603
05337252167
053372444
053372349
053372257
05337217
05337139692
05337132756
053370047
053369852
05336971119
053369596
053369430
053369417
053369406
053369369
053369353
053369300
053369003
053368640
053368489zaza
053368442
053368398
053368235
05336812196
053368094best
053368086
053368074
053368071
053368035
053367922
053367561
053367510
053367493
053367399
053367363
053367308
053367263
053367241
053367214
053367173
053367088
053366687lr
053366316
053366256
0533655499
053365365
053365227
053365208
0533651
053365082
053365040
05336488208puya..
0533644620056
053364
05336399573
053363587
053363568
053363510
053363478
053363291
053363283
053363105
05336302988
05336287
05336262519
0533626
05336233691
05336231
053362201
053362162
053362089
053362049
0533620378
053362
05336194068
053361487
053361474
053361466
053361321
05336115307
0533611
053361068
053360848
053360238
053360213
053360195
053360183
053360085
053360045
053360023
053360
0533588854
053358220
053357807
053357499
053357477
053357443
053357381070123
05335736035
053357198
05335692402@@@
053355979
053355956
053355952
053355873
053355867
053355772
053355612
053355593
053355567
053355537
053355486
053355424
053355410
053355401love
05335532969
053355322
053355202
053354170
053354032
053353982
053353944
053353921053353921
053353891
053353572
053353485
053353368
053353340
053353198
053353190
0533531544
05335298536
053352311+5
053351918
053351584
053351554
053351280
05335117450
053351063
053351017
053350985
053350952
053350797
053350759
053350727
053350515
053350424
053350297
053350283
053350185
053350177
053350104
053350074
05334988
05334842617
053348385
05334835015
053348026
053347633
05334730716
05334701258
053346591
05334530767
053344620
053344575
053344
053343720
053343678
053343668580
05334347612_qnar
053343061
053343023
05334230
053342202
053342144
053341941
053341827
053341804
053341543
053341455
053341445
053341437
053341342
053341278
053341271
053341198
053341095
05334060s
05334
0533396491112
053339648
053339555
053339493
053339304
053339204
05333919739
053339157
053339126
053339
053338796
053338694
053338606
053338561
053338554
053338546
053338500
053338458
053338409
053338392
05333839
053338373
053338304
053338228
053338109
053338100
05333787234
05333687855506
05333683457q
053336786
053336670
053336522
053336471
053336338
053336327
053336310
05333630131
05333579
053334541
053333886
053333541041
053332794
053332768
053332751
053332738
053332627
053332591
053332552
053332512as
053332480
053332416
053332413
05333239869
053332390
053332330
053332263
05333226064
053332255
053332203
053332080
053332039
053331655abcd
053331555
053331382
053331225
053331210
053331170
053330
05333
0533296722943
053329174
053329150
053329112
053329
053327073
05332666857
053326561
05332632085
05332562168sinem
05332561
05332543983
05332512349
05332509330
053325034
05332495/0877608656
05332350898
053323398
053323368
05332331221
053323258
053323251
053323169
053323149
053323117
053323102
053322994
053322972
053322867
053322833
053322736
053322654
053322640
053322583
053322563
053322561
053322453
053322393
053322392
053322067
053322059maw
05332203
053321930
053321920
053321899
05332187
053321814
053321641ten
053321613
053321578
053321277
053321204
05332117911
053321164
053321103
0533203100
05332016119111279
05332007
05332
05331a0426
053317031
0533162235
053315133
053315116
053313025
053313
05331247
053312259
053312180
053312175
053312083
053312041
053311801
053311799
053311640
053311573
053311571
053311529
053311517
053311287
053311248
053311227
053311154
053311031
053311018
053309049
053308813
053308781
053308766
053308657
053308613
053308604
053308485
053308434
053308300
053308296
053308271
053308234
053308223
053308047
053308034
053306744
053306651dow
05330643
053306426
053306381
053306304
0533062914
053306261aa
053306191
05330539
053305138
053304731
053304595
053304563
053304362/24/601
053304362
053304291
053304197
053304027s
05330347
0533034
053303254
053303118
053303
053302908
053302773
053302654
053302497
053302451
053302356
053302169
0533019
053301392
05330134
053301322
053301293
053301172
053301015
053301
05330099
053300078
053300
0532n1057
0532jc
0532cdt
0532cc
0532atm
0532alexc
05329_el
053299963
05329980
053299771
053299738
053299714
053299697
053299668
053299462
053299441
053299434
053299419
053299290
053299211
053299197
053299157
053299137
0532991289
053299096
053299021
053298998
053298989
053298954
053298911
053298908
053298841
053298659
053298589
053298550
053298345
053298337
053298331
053298298
053298194
05329812
053298035
053298034
053297948
053297746
053297732
053297687
053297679
053297662
053297535
053297519
053297507
053297466
053297362
053297288
053297182
053296
0532954227
053295090
053294
053292131
053292098
053292045
053292001
053292
053291965
053291956
053291448
053291412
053291400
053291357
053291353
053291296
053291249
053291235
053291205
053291202
0532912
053291185
053291100
053291006
053291
053290178
053290133
0532899c
053288383
053288287
053288234
053288
0532870e
053286
053285521
053285151141095
0532851440251145541
053284570
05328442
053284414
053284356
053284337
053284026
053283j
053283899
053283690
053283365
053283355731
053283249
053283154
053282995
0532828081
053282797
053282451
053282394
053282175
053282073057
053281979
053281564
053281424
053281417
053281357
053281335
053280940
053280935
053280868
053280863
053280673
053280567
0532804916323804
053280377
053280260
053280227
053280128
053279977
053279933
053279920
053279813
053279699
053279698
053279679
053279526
05327951811053545521142424373
053279515
053279047
053278931prig
0532789
05327884941
053278804
053278684
05327867
053278508
05327849219
053278477
053278318
053278187
053278053
053277798
05327768354
05327765308.
053277639
053277566
053277258
053277217
05327720273
053277163
053277155
053276945
053276914
053276856
053276743
053276701
053276682
05327643363
053276153
053276053death
053276033
05327600
053275921
053275911
053275820
053275738
053275660
053275503
053275474
0532754
053275239
053275093
053274919
053274896
053274747
053274541
053274383
053274322
05327424771
053274217
05327401681
05327397351
053273933
053273902
053273601
053273238
0532730
053273
053272969
05327284680
053272828
05327278308
053272658
05327241342
0532723336
05327227711bursa
053272206
053272184
053272030
053271806
053271761
053271729
0532717
053271622
053271426
053271350
05327134329
053271324
053271311
05327127899
05327123556
05327122528
053271199
053271182
053271148
053271087
053270934
05327084047dilo
053270454
05327036450
0532698741
05326964283
05326959320
05326952650
05326927252
05326918426
053269136
053269129
05326879032
05326872480
05326856145
053267372
053267216
05326714619
053266722
053266607nuch
05326646037
053266319
053266314
0532662739
053266261
053266073
053265787
05326560714
05326534792
05326511107
0532651
05326488dode`
053264848
0532645
05326442657
05326422891
05326420820ayazm
05326417758
05326377255
05326377017
05326355941
053263211
053262919
053262892
053262879
053262847
053262758
053262610
053262518
053262517
053262395
053262233
053262105
053262000
053261942
0532619
053261888
053261512
05326139
053261224
05326118320
05326114
05326112
053261108
0532610
053260951
053260917
05326084421
053260706
053260447
053260383
053260362
053260356
053260213
053260179
05325i
05325930344
0532589m
053258456
05325776346
05325762014mlh
0532574
0532573883
05325726265
053257066387544
053257044
05325675041.
05325673504
05325668162
05325656123
0532563
0532560g
05325604270
053256
05325585698
053255654
053255636
053255560
05325548612
053255459
053255445
053255388
053255372
05325532
0532553
05325521247
05325520450
053255193
053255119
053255114
053255077
053255032
05325502774
053255020
053255
05325439
05325412569
053253wp
053253889
053253426
053252962
053252900
053252833
053252781
053252699
053252675
053252660
05325248806
053252477
053252472
053252408
05325237578
053252365
05325231770
053251971
053251850
05325175175
053251630
053251612
053251451
053251316
0532511
05325089313
05325032
05325022
05325021919
05325001150
053249879
053249653
053249625
053249622
053249548
053249492
05324948246
053249395
053249369555
05324930180
053249129
053249112
053249
053248908
053248823
05324878719
053248753
053248628
053248589
053248489
05324836
05324835
05324829355123
053248293
053248233dear
053248193
053248073
053248068
05324805921*
05324802596
05324800945
053247892
05324779955
053247736
053247684
053247604
053247488
05324747410
053247382
053247332
053247275
05324726112
053247227
053247039
053247023
053247005
05324687753
053246864
053246818
053246811
053246651
053246614
053246540
053246245
053246221
053246137
053246123
053245875
05324578552
053245697
053245678
05324566976
05324543523esma
053245345
053245330
053245193
053245114
053244877
053244773
053244763
053244686
053244561
053244514
053244502
053244461
053244244
053244102
053243867
053243831
053243569
053243417
053243342
05324330742
053243184
05324318368
053242930
053242906
05324278
053242689
05324267823
053242649
053242614
053242526
053242447
053242373
053242305
053242262
05324218
053242075
053242066
053242060
05324201159
053241921
05324184399bak
053241700
053241682
05324165659
0532414
053241310
05324118930
05324110776
053241
053240975
053240961
053240795
053240747
053240696
053240630
053240599
05324056411947
053240554
05324052057
053240487
053240485
053240297
053240288
053240269
053240245
05324023749
053240158g;pN
053240158053240158
053240153
053240008
053240001
053240
05323950416
053239
05323864418
05323838
05323745271
053237318
053236vesa
053236699
053236231
053236
05323567147
05323544882kenan
053234986
053234843
053234736
053234688
05323464860
053234353
053234289
0532340493600112
053233906
05323375446taco
053233605
053233548
053233512
053233411
053233
053232905
05323272
05323264898
053232641
053232565
05323245
053232441
05323243136
053232325
05323230796
053231619
05323155754
05323143607
05323072453eren
05323056391
05323035817
05323018297
053230145
053230067
05323004
05323
05322pfqo
05322977965*a
05322956196
053229504
053229407
05322920045
053229158
053229054
053229016
053228614
05322853758
05322812461
05322807
053228062
053228010
053228
05322743545
05322737327
05322705
053227
053226910
053226822
05322667690
05322654711
053226377
053226285
053226262
053226077
05322578536356
053225686
053225631
05322553819
053225426
053225385
053225365
05322535357
05322530
053225239
053225136
05322501846
053225001
053224r
053224861
05322456696
05322439570__
0532238367
05322382013
053223802
053223788
053223769
053223714
053223483
053223302
053223241
053223225
053223221
053223165
053223137
05322307059
053222641
053222634
053222616
05322257074
053222506
053222433
05322230
053222
053221780
053221685
05322152634798
053221450
05322143702
053221259
053221214
05322080890
053220735
053220708
053220653
05322064766
053220364
0532201184
05322005866
053220
05322
053219975
053219795
053219662
053219641
05321958900
053219586
053219482
05321938z.
053219358
053219318
053219218
053219139105
053219080
053219001
053218703
053218450
053218332
0532182034
053218147
053217926
053217492
053217468_kob
053217297
053217060fine
053217046
053217026
053217008
053216984
05321687
053216864
053216786
053216620
053216545
053216445
053216411
053216309
053216273
053216072
053216
053215979
053215925
053215921
053215715
053215693
053215574
05321551
053215495
053215405
053215227
053215216
053215166
053215138
053215053
0532150
053214955
053214665
053214568
05321456
053214547
053214365
053214321
053214267
0532142
053214141
053214058
053214
053213979
053213935
053213902
053213775
053213757
053213721
053213665
053213646
053213644
053213451
053213349
053213305
053213258
0532132126
053213032
053212994
053212983
053212862
053212839
053212744
053212596
053212562
053212531
053212424
053212366
053212314
053212026
05321175
053211727
053211340
05321133
053211309
053211254
053211106
053211
0532109
053210642
053210515
053210513
053210221
0532101123
053210110
053210053
053210
05320955
053209013
053209
053208971
053208936
053208671
053208602128
0532086
053208579
053208146
053208121
053208083
053208082
05320736
053207132
053207056
053206811
0532065
053206435
05320625k
0532060310
053206
053205062
05320500
0532043g
053204265
053203965
053203911
053203858
0532038
053203695
053203600
053203285
053203145
053203096
053203064
053202786
053202759
05320263
053202509
053202496
0532024568
053202432
053202406
05320226233775
053202132
053202092
053202067
053202
053201961
053201779
053201716
053201669
053201543
053201419
053201412
05320129
053201277
05320126
0532012
053201193
053201066
053201051
053200981
053200861
053200811
053200806
053200803
0532007009
053200567
053200555
053200226
053200194
053200169
053200144
053200113
05320
0531ys23
0531yiyi
0531tina
0531sm
0531sil
0531oscar
0531nene
0531monique
0531mj
0531mayo
0531ma
0531love
0531kenzie
0531jgb
0531hms89
0531geminis
0531ge
0531dalelynn
0531cp
0531cook.
0531celiam
0531ceeya
0531bo
0531bm
0531bell
0531aj*
0531MUCK
05319t
05319Z
0531993
0531990
05319875
05319856
053197b
053197412
0531972276
0531971042530
053196lo
053196am
053195lazy
053195931
05319590
053194s
053194k
053194AL2020
053194507
0531940409
053194026
053193ko
053192ac
053192a
05319299
053192094
053191m
053190p
0531900
053189wfb
05318951
05318927
05318920
05318914
053188mk
053188kb
053188j
053188T
0531882006
053187nsg
053187gemini
053187308466
05318658
05318610
053186083
053185vlw
053185ny
053185643*
053185595
0531854
053185120
053184rt
053184e31
053184cgyvette
0531842
053184141
053183m
053183jp
053183845
05318369
0531836
05318323
053182dml
053182cesar
053182bma
053182089
05318133
0531811
05318016
0531801
05318
05317kkg
05317946
0531788
053177t
0531775
053175dg
05317325918603
05317232
053171
053167ch
0531678
0531675k
053165602ksj
053165
053164
05316388
053162983A
053162944
0531628
053162426
053161659
053161
05316
05315956141
053159
053158
053157095
053157009865
05315531
053153654
053152331109
0531523311
0531520555
0531520
05315170
053151684
0531513
053151
0531505901
0531500817
05315001616
0531494
05314838
053147kd
05314568585
05314520
0531450
053144
0531424
053142369
053141749
053141
053140m
053140
053139105***//
053136
053135763
053135
053134236
053133461
053133
053132711
05313116E
053131143
053130941
053130409
053130200
053130146
053130048
053130
05312930
053129056
053129
05312842433
05312830
053128071
053128058
053127379
0531272540
053127062123
0531268
053126080
05312606
05312597
053125649
053125621
053125603
053125369
053125362
053125325
053125317
053125193
053125188
053125055
053124470
053124385
053124148
053124
053123987
0531239
05312345
053123402
0531233210
053123196
053123147
053123123
053123105
0531231006
053122688
053122660
053122626
0531226
05312228
053122263
053122098167
053122094
0531220792
053122056
053122002
0531219
053121597
053121555
053121186
053121157
05312112
053121056
053120391
053120378
053120364
053120349
053120205
05312019
05312018
053120146
053120125
053120102911
053120099
05312009
05312003c
05312000
053120
05311999a
05311997
05311994
05311992d
0531199102127727
05311990a
05311983ali
05311980s
05311975
05311961
0531191
053119
0531180wendy
053117736
053117720
053117648
053117549+053117549
053117522
05311705
0531170246/-+
053116864
053116804
053116299
05311611500818
053115639
053115137
053115
05311425
053114
053113
0531123
05311221
05311202m
05311201
053111669
053111515
053111196
053110853
053110839
053110826
053110786
053110771
053110698
053110677mimi
053110632
053110392
053110353
05311028f
05311025
05311020
053110161_dltt
05311010
053110072
053109650shd
0531090g
0531087
053107n
053107cj
05310768
0531073
05310726
05310704
053106jb
053106871
05310678
05310618
053105mj
053105m
053105d
053105a
05310531a
053105310531
053104tj
053104kv
053104J
05310495
05310420
053103v
053103t
0531036
05310344
053103290
05310312
0531031
053103062103
05310249
0531023538
05310206
053101mm
053101dmg
0531019
053101898.scln
053101690
053101669
05310150
05310111
053100a
05310075
05310003136
0531000
05310
0531.com
0530ueaxo
0530sj
0530rick
0530lyn
0530love
0530latasha
0530lamar
0530jesus
0530gela
0530f
0530dccs
0530bld
0530bed
0530baby
0530az
0530ajbc
0530a
0530_p
0530_chanforever
0530Sp
0530Sigdia
0530MAR
053099may
05309919
053098w
053098sj
053098jeans
053098ed
053098383965
053096mtr
053096a
0530964
053096053096
0530960530
053095562
053093dd
053093a
053093A
053092vs
053091v
053091s
053091ryj82a
053091d
053091c
053091b
053091024
053090b
053090D
05309011
05309008
05309*697
05309
053089you
053089nc
053089m
053089c
053089brit
0530891182
05308817A
05308801
053087572
053086sg
053086da
05308694
05308619
05308587
053084vj,
053084d
0530841503985
05308408W
053083vm
053083rhb
053083ab
0530830
053082ym
05308284
0530805308
05308026433885
053078sr
0530777
0530770001
053075430
0530750086
053074jac
05307338
053072yellow
053071cms
053071933147
05307
0530662007
053066
05306459
05306456
0530629
0530628tobby
053062
053061900591
0530615
053061
05306
053059t
053058S
0530589
053058
053056m
0530568
053055475
05305473
053054055
053054
053053925
0530534444
053053421209
05305334
053053123
053052846
053051
05305013
0530501
053050
05305
053049572
053048089855
053048026
053045112006
05304509
053045
053044605
053044344
05304241034
0530423
053041365
0530405191
05304050
053040432292
0530404077
053039464
0530374
053037
053034
053033231
0530329
053032615
05303030
05303014
05303003
05302k9
053029
05302828
05302710
053027
053025j
05302550
05302504108011
05302504107801
05302283645
053022
053021516
05302045
053020000
05302000
053020
05301999
05301997
05301996l
0530199405
05301987n
05301986j
05301984AAcb
05301982a
05301980jm
05301979gemini
05301976
05301973
05301972
05301971
05301970
05301969
05301968
05301966ss
0530196345
05301594
05301520
05301501
0530146
05301430
053013996
0530139
0530135
05301255
053012341
05301234
05301230d
05301222
05301216mp
05301204
053011670
053011074
053011068
053010nns
05301086
05301028
05301024
05301020
05301018
05301008
053010
05300wagon
05300cc
0530091993
053008060
05300805
053007karenv
053007a
053007KC
05300722
053007091685102388
05300705
05300622
053006136
0530061
05300601
053005379
053005361
053004lm
053004H
053004A
05300487
0530042558
053004021006
0530036
0530033r
053003358
053003246
05300315
05300311007
053003059897
053003051328
05300304
053001ff
053001819
05300171
053001693
053001331519
053001168
053000i
0530000s
05300
0530
053/9643427
053.6658
053.606178
053.459026
053-816752
053-706-251
053-620106
053-574359
053-536303
053-481610
053-455905
053-421018
053-260558
053-232423
053*377255
052tynese
052three8four
052pea
052m830
052lior
052j9142
052ikkin
052gd752
052fet0801
052bway
052blaze290
052aliea
052agromer
052Girls
052Blz
0529vida@233
0529tl
0529ri
0529reebok
0529penguins
0529newport
0529n
0529kam
0529k
0529jmar
0529hdpjb
0529gg
0529fuck
0529ew
0529bryan
0529bb
0529baby
0529a
0529Crete
0529BRYAN
0529AJ
05299m
052999j
052999905
0529991
052998ally
052998746
052998146
052996love
0529963
052995b
052995a
052995TDB
052995693
05299502
052994t
05299496
052994875
052994201
052993d
052993a
05299387
052993835
052993833
052993817480480
052993601
052993398
052992kl
052992j
052992aj
052992a
052991mrb
052991a
052991833
0529915514867843345
05299149
052991396
05299110
052991058
052990j
052990as
05299083
052990384
05299021
052989D
052989962
0529891308
052988j
052988a
052988762
0529886
052988143
052988052302
05298704
052986k
052986j
052986c
052986anirak
052985sf
052985J
05298569
052985496
052984dob
0529842
0529837
052983389
05298319
052983142
052983042386
052982788
052982241
05298210
052981vane
052981liz
0529817
052981130
05298057
052980378
052980152
0529801
05298
05297ebvpo
052979do
052977msd
052977836sun
052977590
052977077
0529755755
052974a
052974AL
05297499xx
052974724
052974663
052974619
05297265
0529722006
052971551
0529714
05297076
052970282
052970015
052969953
052969600
0529691128
052968ray
052968945
0529687
052968295
052967547
05296628
052965
052964877
052963orlando
052962jt
052962607
052961474
052961415
052960561
052960445
05295dckdg
052959985
052959554
052959539
052959496
052958392
052957815
05295704
0529562
052956
05295451
052954
052952780
05295268Rlaly
052952534
052952117
052952
052951809
0529512j
052951239
05295122195
052951217
052951
0529508590
0529508
052950502
052950409
052950
052949296
052948201
052948020
052948
05294727
0529471
052946621
052946465
052944835
052944117
052943824681
0529432l
05294310
052943
0529426
052942023
052941542
052941006
052940612
052940335
052940
0529393893o
052938736
052938342
052938320
0529382243
052938
052937896
052937885069
0529375586
0529373952//2009
052936731
0529364
052936127
052936
0529353110tacna.
052935
0529346*
052934101
052933949
052933648
052933630
052933509
052933066
052932750
05293193
052931395
05293081193
052930137
05293003
0529296
052929588
052929569
052929398
0529292499
052929199
052929134
0529286
0529276321
052926724
052926659
052926
052925055
052924552
052923136
052922723
052921955
052921808
052921499
052921317
052921
052920884
05292009
052920062
05292005
05292004b
05292003
05292001sj
05292
0529199502
05291994mcmc
05291994lyn
05291993ajgo
052919921404
0529199114
0529199113
0529199102
05291990c
05291981
05291980ab
05291979tim
05291978
05291973
05291972
05291970
05291968
05291967
05291964n
05291964
05291929
052918892
052918740
052918076
0529178
052917658
05291712
052916871
052916678
052916586
0529163619
052916359
052916049
052915973
05291546
052915416
052915049
052913770
0529131411015
052913066
052912344
052912270
05291216
05291208
052911mgt
052911575
052911030
0529102535
05291011
052910036
05290978
0529094
052909379
052909359
05290931
05290904
052908d
052908aniyah
052908978
052908633
052908557
052908196
05290815
052907mj
052907l
052907bendon
052907baby
05290715
052906rs
052906k
052906jjg
052906M
052906987
052906878
052906462
05290630037
05290618
052905v
052905sl
052905l
052905ascm
05290581
05290515
052904m
052904j
052904baby
052904140
052903skr
052903108
0529023
052902289
0529022401
05290200
05290185
05290115
052901004559
052900GT
052900D
052900900
052900802
052900436
052900412
052900239
05290
0528you
0528viper
0528twins
0528tweety
0528sd
0528rm
0528rah
0528mjh
0528md
0528mariluz
0528m3
0528lupe
0528koh
0528kim
0528kenny
0528k3061
0528jk
0528eladio
0528djrey
0528david
0528cmcwjm
0528bj
0528as
0528arkess
0528am
0528al
0528_abhy
0528TM
05289928
052898c
0528988
052898629
052898389
052897b
052897ars
052897674
05289741
0528971788
052897011
052896925
052896379
0528959868
052895950
0528959
052894j20
052893m
052893c
052893941
0528933prc
052892p
052892mp
052892htsr
052892alyssa
052892433
0528922z
05289213a
0528921
052891s
052891m
052891995
05289110
052890may.
052890m001
052890b
052890IAM
0528908975
0528902998
0528902
0528900
05289+0
05288c
052889jlg
052889e
0528898372
0528895657
0528894362
0528892264
0528891870
052888a
0528888
052887q
052887m
052887ka
052887dv
0528871
0528870905
052886d
05288625
05288621
0528861
052886061489
052885s
052884h
052884clm
0528840083
052883t
052883bmw
0528837217
052883581
052883508
052881j
052881aea
05288181
052881102807
05288104
05288101
052880bj
05287951
052878tb
05287888
052877m
052877145
052877052877
052876r
052876bm
052875771
05287503
052874v
0528747868
052874686
0528746141
0528744
052874332
052874003
052873754
0528729225
052871db
052871JV
0528717723
0528715
0528709517
0528707
052869b
0528695552
0528692459
052869218+
052869218
052868mj
0528689s
05286700
0528668454
0528668
0528666
0528656014
05286488
052864450
05286433
0528642
052862a
0528625495
05286208
0528616
052859193
052859
052858088
052857a
052856
052855841
052855438
052854365
0528520516
0528520
052851419
0528500
052850
052848598
052848
0528467913
052846467
052846384
052846091633
052846
0528452331
052845
05284415
0528440043
0528434933
052843
0528427
052842529
052841002
052841
052840778
052840
052839872
05283950528395
052839049
052837
0528366156
0528350738
052835