947
056481707
056481690
056481647
056481607
056481550
056481520
056481392
056481356
056481261
056481222
056481085
056481031
056481030
0564805056
0564802
0564798998
0564790
0564789+
05647878
0564778
056477075
056477
05647690
056476714
056476510
056476274
0564755528
056475199
056475048
056473359
056472316
056471894
056471848
056471362
056471058
05647062355
056470
05647
05646909
056467bu
056467891
056467
056466444
056466105
0564645646
056464203
05646336
05646275
056461987
056461861
056461742
056461506
056461129
056461015
056460821
056460000
05646
05645qqthy
0564586
0564575
0564574
0564573671
056457228
056457212
056456284
0564540469
056453658
056453531
056452281
056452280
056452237
056452113
056452105
056452
056451799
056451750
0564515512
056451548
056451480
056451303
056451238
056451230
056451155
056451018
05645095aries
0564500259
056449642
0564495006
0564494
056449224
05644905
056449
056448505
056448101
056447440
056447385
056447239
056447139
0564459357
056445
056444
056443
05644125
056441
0564400339
056438471
056438346
056438332
056438298
056438279
056438164
056438131
056438110
056438023
056438
0564375
056437325
056437319
056437106
056437063
0564365443
056436235
056436203mk
056436182
056436041
056436026
056436
056435190
056435116
056435107
056434295
056434201
0564341287
0564335yinfei
05643358
056433539
056433527
056433519
056433509
056433472
056433203
056433071
056433
056432554
056432479
056432464
056432450
056432388
05643234
056432236
056432106
056432
056431513
056431469
056431336
056431256
056431150
056431091
056431080
0564309630
056430435
056430379
056430361
056430333
056430169
056430130
056430059
056430024
056430
056428aho
0564284506
0564280092
056427
056426781
056426722
056426659
056426655
056426533
056426414
056426274
056426170
056426077
056426
056425188
056425100
056424605
056424481
056424471
056424326
0564241790
056424149
056424112
056424082
056423608
0564235280
056423349
056423291
056423079
056423047
0564230457
056422921
056422579
05642257
056422540
056422363
056422211
056422169
056421531
056421342
05642130
056421242
056421234
056421203
056421176
056421114
056421112
056420813
056420763
056420591
056420459
056420422
056420269
056420198
056420168
056420154
056420
05641a0565
0564199778
0564190268
05641875
0564184086
056418
05641740
056416903
05641679
056416690
056416480
056416298
056416128
056416021
056416005
056416
056415874
056415577
056415504
056415447
056415338
056415268
056415208
056415199
056415160
056415133515
056415073myu
056415050
056415004
056414965
056414816
056414698
056414375
056414290
056414285
05641423
056414167
056414150
0564139872
056413960
056413887
056413870
056413857
056413762
05641338
0564133
056413255
056412888
056412778
056412733
05641261
05641256
056412542
056412539
056412505
056412483
056412448
056412443
056412271
056412253
056412242
056412218
056412143
056412043
056411939
056411761
056411710
056411680
056411461
056411428
056411388
056411337
056411302
056411243
056411096
056411030
0564096657
056408
056407551
056406670
056406020
056405744
05640479
056403056
056401607
056401420
05640133mml
056401142
05640
0564
0563tcw
0563spin
0563onkts
0563lmds0563
0563isabela
0563KAYA
056399090
0563990233
056395
0563942621
0563904
0563894015
05638755bsh
056387035
0563869
05638674
056386544
056386223
056386103
056386102
056386032
056384602
0563836946
0563832
056383142
056381629
056381
056380527
0563795200
0563771628
05637531
0563753
056374062
056374026
056373503
056373
056372049
056371984
056371409
056371159
056369113
056369079
056368829
0563685
056368344
05636817256
056368043
056367393
056367306
056367168
056367140
056367135
056367125
056367101
056366313
056366174
056366026
056366
056365186
056365183
056365072
056365
056364245
056364035
056363226
056363074
056363067b
056363065
056363
0563626111
056362486
056362478
056362464
056362376
056362325
056362207
056362200
056362104
05636194
0563616
0563613377
056361141
056361117
056360503
056360459
056360310
056360300
056360203
056360201
056360177
056360131
056360084
056360061
05635973
056359309
056359259
056359225
056359212
056359086
056358990
056358789
056358378
056358246
056358083
056357463940
056357420
0563572
056357195
056357148
056357068
056357
056356429
056356288
056356266
056356246
056356198
056356037
056355976
056355837
056355699
056355654
056355540
056355512
056355455
056355412
056355370
056355237
0563551912
056355041
056354105
056354042
0563539762
0563532432
056352493
056352331
056352276
056352233
056352147
056350700
056350529
056350461
056350223
056350168
056350
05635
05634924
056349
056345634
0563455596
056345531
056345349
056345323
056345302
056345265
056345233
056345231
056345222
056345207
056345061
056345059
056345053
056345046
056345
056342713
056342676
056342664
056342388
056342332
056342259
056342156
056342058
056342
056341905
056341872
056341865
056341755
056341694
056341692
056341683
056341519
056341451
0563413
056341208
056341144
056341137
056341
056340136
056339594
056339186056339186
056339099
056339070
056339037
056339028
056339002
056338242
056338220
056338198
056338034
056336l
056336876
056336855
056336835
056336656
056336636
056336615
056336503
056336414
056336394
056336369
05633634
0563363231828
0563363008
056336197
056336181
0563360982
056336059
056336
056334598
056334415
05633441
056334392
056334279
056334207
056334156
056334111
056334013
056333984
056333923
056333920
056333916
056333886
056333747
056333722
056333654
0563336430816
056333582
056333519
056333494
056333322
056333283
056333211
056333203
056333158
056333140
056333082
056333072
05633244
056332133
056332127
056331816
0563317987
056331757
056331582
056331550
056331418
056331411
056331371
056331370
056331369
056331329
056331303
056331202
056331059
056331037
056331034
056331030
056331020
056331019
056330922
056330744
056330735
056330681
056330620
056330601
056330542
056330535
056330449
056330439
056330427
056330364
056330349
056330264
056330260
056330226
056330206
056330115
056330102
056330022
05633
056328910
056328848
056328807
056328785
056328671ok
056328587
056328550
056328444
056328425123
056328380
056328343
056328310
056328123
05632804
056326764
056326738
056326718
056326568
056326502
0563264950871954539
056326491
056326462
05632641333
056326413
056326251
056326209
056326085
056326075
056326058
05632600251
056325258
056325248
056325189
0563250833
056324998
056324664
056324616
056324593
056324522
056324458
056324348
056324273
056324261
056324217
056324161
056323544
0563235029
056323301
056323252
056323222
056323133
056322041
05632147
056321009
0563210
056320527
056320498
056320480
056320452
056320444
056320330
056320326
056320318
056320310
056320298
056320294
056320147
056320077
056320073
056320046
056320
05632
0563198368
056319550
056319489
056319298
056319296
056319246
056319057
056318885
056318817fai
056318810
056318770
056318677
056318657
056318520
05631843456tuk
056318429
056318384
056318136
0563179845
056317705
056317505
056316380
056316304
056316229
056316139
056315829
056315786
056315780
056315697
056315673
056315589
056315577
056315513
056315501
056315410p
05631541
056315301
056315109
056315
056314202
056314140
056314059
0563136211
056313568
056313465
056313430
056313355
056313350
056313339
0563133285
056313317
056313296
056313256
056313212
056313179
05631313
056313108
056313006
056312853
056312814
056312708
0563126991234
056312628
056312591
056312565
056312527
0563125
056312479
056312463
056312340
056312156
056312052
056312000
056312
056311988
056311977
056311965
056311926
056311917
056311758
056311751
056311721
056311697
056311602
056311528
056311521
056311381
056311365
056311254
056311241
056311145
0563111114
056311085
056311
056310880
056310757
056310749
056310644
056310592
056310535
056310508
056310130
056310051
05631
056308176
056307951
056307739
056307315
056307159
056307110
056306805
056306213
056306067
056305884
056305493
056305184
056305074
056304
056303543
056303088
0563030200
056303007
056302695
056302312008
0563022917
056301821
056301564
056301526
056301323
056301137
056301127
056301095
05630088
0563008
0563005103
0562rem1
0562hahn
056299400
056299130
056299051
0562986889
056298011
056297231
056297214
056297081
056296190
056296
056294309
056294044
056294018
056294014
056293062
056293031
056293013
056292671976
056291331
056291060
056291
05629018
056289648
0562888052
056288505
056288426
05628739
0562871652
0562868580
056286084
056285116
056285099home
056284143
056284062
056283563
056283418
056283416
056283385
056283293
056283131
056283094
056282952
056282864
056282833
0562826293
056282561
056282523
056282451
056282435
056282395
056282269
056282083
056282052
056281164
056281059
056281
0562802815
05628
056279221
056279192
056279142
056278265
056278215
056278117
056277165
056277134
056277116
056277102
056277068
056276366
056276273
056276166
056276129
056276030
056276007
056275157
0562743125
056273196
056273030
056272213
056272121
056272096
05627199368
056271990
056271896
056271883
056271615
056271599
056271417
056271177
056271152
056271054
0562703
056270175
056270033
056269663
056269496
056269471
056269335
056269172
056269134
056269094
056269052
0562689n
056268
056267519
056267404
056267396
056267336
056267244
05626711
056267056
056267
056266842
05626622
0562660
056265885
056265622
056265593
056265590
056265390
056265313
056265289
056264968
05626494025
056264664
056264580
056264529
056264502
056264492
056264417
056264264
056264247
056264223
056264198
056264108
056264073
056264028
056263881
0562636276
0562631246
056263011
056263
056262858
056262797
056262680
056262580
056262519
056262460
056262458
056262193
056262132
056262095
056261907
056261823
056261460
0562614117
056261410
056261343
056261052
056260948844595
056260233
056260002
056259678
056259377
056259142
056259
05625878
0562586351
056258
056257407
056257304
056257213
056257178
056257093
056257066
056257048
0562570187
056256942
056256881
056256827
056256804
056256753
056256359
056256224
056256016
056255979
056255897
056255878
056255834123
056255720
056255683
056255660
056255640
056255549
056255515
056255436
056255362
056255334
056255303
056255212
056255014
056255005
056255
056254
056253200
056253157
056253151
056253142
056253072
056253031
056253006
0562529
056252872
0562525022
0562525
056252011
056251747
056251704
056251689
056251665
056251660
056251597
056251594
0562515876
05625139
056251373
056251344
05625132163
0562511744
056251166
056251048
05625101990
0562506
056249462
056249303
056249136za
056249128
056249122
056249049
056249023
056248709
056248676
056248609
056248594
0562485311love=
056248498
056248463
056248401
056248393
056248387
056248322
056248181
056248055
056247115
056247061
056246904
056245595
0562455
056245452
056245375
056245316
056245247
056245191
056245165
056244423
056244235fern
056244235
056244234
056242222
056242184
056242085
056242035
056242014
056241876
056241570
056241567
056241540
056241514
056241444
056241399
056241325
056241265
056241138
056241090
056241081
056241047
056241039+
056241006
05623_meme
056238275
056238084
056237144
056235507
056235
056234g
05623482
056234727
0562343944
056233491
0562332579
056233134
056233
056232908
056232861
056232615
0562324247
056231807
0562317930
056231793
056231774
056231720
056231713
056231687
056231686
056231586
056231486
056231347
056231281
056231221
056231191
056231099999
056231063
0562309
056230875
056230713
056230130
056229925
056229862
056229847
056229810
056229805
056229667
056229651
056229642
056229641
056229359
056229355
056229268
056229215
056229193
056229156
056229146
056229066
056229063
056228937
056228904
056228850
056228725
056228663
056228648
056228420
056228387
056228299
056228281
056227939
056227769
056227720
056227686
056227674
056227624
056227531
056227480
056227343
056227306
056227246
056227226
056227116
056227088
056227040
056227013
056226955
056226900
0562267
056226661
056226655
056226628
056226614
056226561
056226533
056226515
056226349
056226344
056226254
056226132
056226123
056226073
056226065
056226052
056225888
056225808
056225791
056225733
056225642
056225605
05622540
056225364
0562253521
056225336
056225211
056225149
05622514-
056225069
056225052
056224932
056224892
056224889
0562248002
056224780
056224709
056224600
056224578
056224571
05622450
056224464
0562243823
056224358
0562243303
056224313
056224309
056224298
056224253
056224231
056224224
056224164
056224132
056224041
056224040
056224
056223929
056223841
056223837
056223823
056223751
056223741
056223610
056223487
056223477
056223469
056223360
056223359
056223334
056223327
056223305
056223290
056223235
056223234
056223211
056223134
056222703
056222602
0562225127
056222499
056222441
056222029
056222002
056222
056221952
056221710
05622171.
056221648
056221639
056221563
056221534191
056221419
056221386
056221245
056221226
056221214
056221213
0562211
056221039
056220932
056220902
056220875
056220870
056220793
056220747
056220609
056220557
056220533
056220514
056220447
056220434
056220423
05622038us
056220206
056220110
056220084
056219100
056218e
0562184
0562181
056217433
0562169960
056216914
056216894
056216790
056216746
056216625
056216617
056216585
056216574
056216520
056216499
056216469
056216423
056216387
056216321
056216272
056216259
056216221
056216195
056216154
056216105
056215
056214897
056214820
056214812
056214762
056214701
056214643
056214642
056214586per
056214468
056214455
056214336
056214303
056214277
056214256
056214193
056214171
056214049
056214031
056214017
056214
056213998
056213960
056213943
056213888
056213824
056213809
056213651
056213643
056213600
056213590
056213521
056213453
056213447
056213310
056213241
056213200
056213148**
056213133
056213127
056213045
056213030
056213009
056213007
0562129160
056212869
056212837
056212836
056212815
056212806
056212725
056212704
0562126483
056212499
056212368
0562123456
056212269
056212258
0562122244
056212215
056212081
056212079
0562116539
05621091
056210891
05621009
056210028
056209176
056209098
056209036
05620869
056208094
056208035
0562078
056207439
056207417
056207304
056207144
056207116
056207046
056207
0562059217
05620515
056204067
056204060
056204057
05620366
056202120
05620+1
0562
0561jj
0561997
0561993
0561991
0561989
0561987
0561983255
0561982
0561981
056198
0561976D
056197336
056196515
056196098
056195547
05619505
0561945
056193
056191746
056191269
056190236
056189633
056187266
056186802
056185901
056185382
056185169
056185095
056184416
056183369
05618322
056182474
056181969
0561810
056180901
05618
05617985832
056179412
056178112
056177692
0561775
056176609
0561763679
0561758149511
056175050
0561746
0561742323
056173354123
05617278
056172
056170203
0561691904
056169
056168933
0561686
056168141
056167330
0561672
0561660
056165706
056165
05616438
056163797
0561620c
0561614
056160485
056159970
056157pp
056156595
056154987
056154347
0561537151
056153629
0561534473
056153087
0561528815
0561515352h
05615065033
056150566
0561501513
056149490
056148942
0561484219
0561481891
056148114
05614652373
056146497
056145990
056145532
056145
056144572
056143862
056143057
056142
056141985
056141902
0561418303
056141673
056141
056140915
056140890
056140306
0561402613
0561400272
0561397
0561394
056138875
0561365515
05613583
0561341215
056133422
056133133
056133
0561320003
056131
056128
0561275455etoo
0561273
0561248180
0561245
056124
0561221524
0561220395
0561215954
056121125
056120674
05612057
056120113
056120028
056119699
0561185b
056118370
056118
0561175
056117318
0561172admintech
056116738
0561166
056116048
05611603
056112524
0561112
05611019
05611008
0561100696
056110
056108
0561077154
056106
0561048485
056104727
056104
0561038
056103360
056102900
056102844
056101578
056101
056100052
05610
0561
0560matt
0560m
0560corsa
0560977
0560968283
056096761
056096
056090969
0560895667787
056089
0560878720
0560870984
0560848
056084700
056082--21
056081989
05608000
056079
0560784
0560782660
0560777
056077066
056077
0560768
056074
056070819061992
0560708
056070043
05607
05606zezqv
05606enpop
056067122
056062652
0560606576
056060
05605phxaq
056056789
056056383
056056005
05605524
056054966
056052315
05605168177
056051624
0560501680
05605006
0560495
056047
0560441484
05604404
05604213
056041533205
056038
05603690
0560355354
056033859
056032
0560309339
0560305
0560297229
0560284
056027540
05602551
056025005
0560242134
0560234
0560230
0560219
056020390
05602
05601616427
05601503088
056014312
05601390312
056012016
05601126
0560096
0560083096
0560075a
0560074
056007
0560037383
0560030
056002460177
05600155
05600108
056001
05600065
056000114
056/326/118
056-cba99d4
056-78-5920
056-255339
056-241987
056-0091706-5
056+336+137+*+nan
055ش7ةثي055
055yoyo
055sly
055sabroso
055qmzubu
055p71da
055moybp
055maritess
055leiram
055lbi
055jomi360
055jayson
055iam46hattan
055home
055efi
055buba
055brendix360
055b185325
055a7med055
0559svkb
0559999852
055999945950
0559990038
05599679
0559966291
0559961550
0559954559
0559954
055995
0559944310
0559944204
0559944
055994
055993631
0559932708
0559931692
0559926297
055992278000
0559922334
05599173
0559917289632
0559915684
0559909511
0559906064
055990156
055990
05599
055989421
0559889801
0559889298
055988075
055988
055987123
0559862
055986
055984454
0559843942
0559835323
055982697
055982233
0559818091
055981658
055981515
055981291
0559777
0559776
055975390
0559751523
0559731314
055973
055971870
055971
05596anot
0559696871
0559695339
055969
055967
0559650
055965
0559647077
055964655
0559606387
055959925
0559596408.
0559580494
0559575
0559568
055956346rashed
055956
0559558505
055955
0559548
05595405872
05595328
055952978
0559526
0559524689
05595220
055952024
0559516300
0559502112
05595
05594ges07+
055949690
05594940
055949243
055948627
055947430
0559473284
055946L
0559466577
0559445
055943568
055943348
0559426696
055941061
055940
055938176
055936121
05593454
055934266
0559336903
055932145
0559309344
0559303000
05592993541128
0559272658
0559261099
055926
055925519
05592282958
055922170
055921866
0559206
0559201967
055920
0559190783
055917702ple
0559167027
055915
0559146901.
055913kl
05591236987
05591229j
0559111991
0559109028
05591!
055909087
055909045
05590785
0559075
05590742
055907019
0559063736
0559059553
055905
0559049004
05590320
05590213
055901204
055901083
05590087onur
05590
0558lm
05589brown
05589890
055898545
055898542
055897899
055897
055896296
055895i
05589429
055891067
055890922
0558882231
0558880121
0558861619
055885
055884719
0558844772
0558822564
05588217
0558820307
0558814719
055880535
05588
055878017
0558768010
055876
0558753
0558750
05587462
0558739565
0558738268
055872354
055872
055871617
055871071
055871065
0558709964
05587
055868898
05586868420
055868546
0558681772
055868049
0558677477
0558671317
0558669002
0558659
055865270
055864040
0558636
055863553
055863477
0558634178
0558630
055861670
055861275
055861265
055860024
05586000
055860
05586
05585sn
055856296
055854885
055854764
055854711
0558546
055854569
055854565
055854562
0558535
055852838fgl
055852
055851009
055850088
055849442
0558479
0558457172
055844862
055841967
0558412369
055841
055839525
0558384387123=
055837864
0558355240937
055833937
055832
0558299333
055828
055826099
05582390
05582353764
0558232635
055823229
0558224539912
055822265
055822071
055822030055454043
0558207
0558203066
055820066
055818295
055818008
055817
0558167581254
0558165738
055816141
055814489
055814363
055813994
0558125273
0558117166
055811224
05581105
0558099
055809590
0558084533
055808055
055805090
055805
055804516
0558042499
055803601987
0558016n
0558010927
05580100
055800041
0557seksom
0557qap
0557pckwm
0557mcsv11
0557lb
0557999944
055799960
055799880
055799868
055799788
055799782
055799632
055799624
055799566
055799538
055799450
055799385
055799315
055799240
055799206
055799189
055799112
055799095
055799003
055798150
055798109
055798045
055798044
055798033
055798031
055796138
0557957217
055794724
055794231
055794105
055794003
05579332
055792659
055792320
055791075
055791056
0557908122
0557902304
05579
055789364
055789353
055789276
055789054
055789052
055789049
0557879735
0557869944
055786980
055786784
055786757
055786754
055786705
055786562
055786547
055786462
055786421
055786307
055786292
055786257
055786175
055786
0557849492
0557825314
055781901
055781900
0557818711732536
055781829
055781787
055781743
055781739
055781658
055781370
0557812239
055781049
055779654
055779285
055779152
055779045
055779042
055779024
0557788
0557777242
055776j
0557765511
055775071
055775-jab
055774929
055774547
055774109
055773648
05577331880
0557730297
0557727899
0557726478
055772321
055772293
0557722334
055772210
055772116
055771793
0557716872
055771677
055771576
055771553
055771409
055771266
055771259
055771144
055771119
055771071
055771020
055771016
055771
0557702913
05577
055769595
055769554
055769527
055769467
055769381
055769330
055769268
055769166
055769092
0557688sd
0557688s
0557678834
0557672876
055766
055765667
055764
055763784
055763298
055763166
055763079
055763061
055763052
055762123000
055761873
055761852
055761849
055761832
055761830
055761782
05576172
055761637
055761546
055761438
055761415
0557613871
05576132
055761233
055761205
055760492
0557603177
0557576
055757350
055757051
055757
05575602
0557560
055755478
055754a
055754742
055754583
055754529
055754235
055754055
055752556
0557522
055752154
0557521532
055752
0557515798
055751335
055751326
055751065
055750804
055750755
055750596
055750489
055750427
055750339
055750101
05575
055748166
055748033
055746748
055746650
055746611
055745247
0557452134
0557412369
055740604
0557400766
055740
055739286
055739115
055739051
055738800
055738785
055738752
055738639
055738631
055738587
055738563
0557385
055738453
055738382
055738336
055738265
055738228
055738221
05573817862000
055738038
055738027
0557377333
055737045
055737039
055737036
055736255
055736211
055736150
055735433
055735425
055735343
055735280
055735125
055735106
055735082
055735008
05573496
055734266
055734234009
055734125
0557333013
055733224
0557331880
055733148
055733126
055733046
055733045
0557328
055732235
055732136
055731407
055731343
055731266
055731192
055731164
05573111
055731089
055730245
055730055
055730047
055730033
055729440
055729368
055729341
055729303
055729276
055729247
055729225
055729154
055729141
055729113
055728355
055728239
055728196
0557281707
055728159
055728133
055728
055727211
055727113
0557268
055726344
055726266
055726215
055725369
055725195
055725144
055725045
055724524
055724409
055724371
055724328
055724206
055724144
055724
05572383724
0557237560-
0557237560
0557236919hld
0557231564
055722800
055722784
05572267
055722666
055722637
055722625
055722416
055722282
055722270
055722191
055722174
055722169
055722054
055722009
055722
055721962
055721761
05572167626006
055721624
055721621
055721617
055721614
055721551
055721530
055721510
055721474
055721461
055721457
055721400
055721351
055721346
055721281
055721221
055721211
055721151
055721129
055721123
055721113
055721080
055721079
055720476
055720291
055720273
055720247
055720204
055720191
055720083
055720026
055720
0557193
0557184
055718102
055717883
055717827
055717744
055717654
055717644
055717627
055717592
055717583
055717516
055717423
055717411
055717214
055717208
055717173
05571702910229
055716994
055716968
055716956
055716919
055716745
055716654
055716610
055716555
055716507
055716459
055716285
055716247
055716166
055716047
055716039
055716010
05571591
0557155472
055715135
0557150741
055715
055714917
055714683
055714522
055714418
055714304
055714291
055714250
055714249
055714215
055714212
0557141944
055714053
05571403601674
055714036
055714021
055713962
055713832
055713822
055713725
055713718
055713704
055713650
055713644
055713593na
055713593
055713592
055713492
055713425
055713357
055713155
055713129
055713073+
055712992
055712954
055712942
055712923
055712907
055712845
055712658
055712521
055712430
055712414
055712408na
055712400
055712358
0557122889
055712265
055712066
055712016
055711836
05571181210102526
0557117
055711530
055711416
055711331
055711212
055711206
055711193
055711093
055711064
055711
055710470
055710368
055710304
055710294
055710228
055710091
055709004
055708572
055708483
055708281
055708114
055708007
055708001
0557077055
055707641
055707585
055707525
0557074751
055707459
055707369
055706558
05570648
055705514
055705505
0557051918
055704018
055704007
0557022587
055702065
055702057
055702036
055702031
055701a
055701329
055701233
05570123
055701091
055701
055700
055699442
055699338001
055699338
055699299saa
055699299
0556992
055699168
055699139
055699094
055699060
0556987412
055698352
055697391
055697142
055696
055695103
0556950220
0556948816
055693760
055693739
055693474
055693470
055693426
055693403
055693347
055693309
055693212
055693121
0556931
0556920517
055691655
055691233
055691040
0556901lol
055689277
055689185
055689156
055689086
055689
0556888
05568863
055688
055687395
055687274
055687247
055687239
055687177
055687145
055687049
055687003
055687
05568667
0556865424
055685293
055685292
055685034
05568500
0556850
055683133
055683122
055683080
055683
055682990
055682906
0556829
055682798b
055682785
055682623
055682420
055682398
0556821