
067187959
067187787
067187530
067187416
067186561
067186167
067184951
067184496
067184163
067184156
067184060
067183206
067183190
067183102
067182996
067182834
067182654
067182070
067182045
067181771
067181745
067181653
067181526
067181117
067180789
067180698
067180463
067180369
067180359
067180342
067180234
067180
067179143
067178941
067178902
067178741
067178009
067178
067177696
067177692
067177180
0671768802
067176677
067176192
067176034
067175995
067175844
067175435
067174740
067174448
067174407
067174400
067174057
067173986
067173748
06717326
067172949
067171998
067171901
067171562
067171245
067171215
067170797
067170096
06716jj56
067169682
067169355
067169186
0671683
067167848
067167748
067167734
067167659
067166785
067166747
06716666
067166457
067166237
067166209
067165690
067164722
067164260
067164153za
067164139
067164088
067163399
067163197
067162785
067162708
067162677
067162554
067161721
067161148
067160957
067160803
067160651
067160503
067160286
067160241
067159658
067159535
067159400
067159
067158389
067158166
067157716
067157318
067157105
067156970
067156956
067156671
067156629
06715620
06715613
067156
067155825
067155369
067155231
067155086
067155050
067155
067154815
067154802
067154605
067154340
067154265
067154148
067154038
067154031
067154
067153800
067153761
067153550
067153476
067152949
067152783
067152299
067152163
067152084
067152081
067151678
067151239
067150916
067150779
067150541
067150487
067150323
0671500395
067150010
067149892
067149844
067149823
067149640
067149558
067148984
067148915
067148661
06714816891998
067148136
067148011
067147791
067147767
067147173
067146659
067145657
067145582
067145553
067145091
067144282
067144
067143994567
06714379488
0671437948
067143590
067143451
06714340
067143114//++
067143086
067142900
0671428593
067142667
067142571
067142464
067142368
067142367
067142275
067142169
067142
067141982
067141917
067141848
067141561
067141332
067141319
067141184
067140779
067140673
06714051
067140488
067140448
067140309
067140107
067140
067139847
067139815
067139723
0671397
067139375
067139226
067139203
067139055
067138569
067138110
0671378092
067136924
067136844
067136311
067136160
067136050
067136009
067135565
0671355261
067135
067134734
067134724
067134716
067134255
067134
0671336122
067132826
0671327
067132145
067131995
067131547
067131396
067131362
067130859
067130764
067130526
067130513
067130430
067130331
067130325
067130243
067130007
067129923
067129774
067129619
067128881
067128850
067128822
067128449
067128352
067128011
067126812
067126622
067126204
06712555
067125412
067124700
067124233
067124195
0671240026
067123985
067123527
0671232658
0671231797
067123149
067123100
067123070
067123005
0671229766
06712285
067122834
0671227216
067122394
067122032
0671219359
067121855
0671217250
067121675
0671216005
0671213671
0671211955
067121171
067121169
067120959
06711dez
06711987
067119809
067119517
067118649
067118488
067118252
0671182
067118129
067117292
067117213
067116901
067116838
0671159653
067115631
067115608
067115021
067115
0671147386
067114682
0671144395
067114404c
0671139682
067113867
0671136
067113565
0671134627
0671134210
067113196
0671131909
067113147
067113128
067113002_nisa
0671125231
067112129
067112032+hr
067112
067111971
0671117413
067111708
067111705
0671115
067111328
067111
067110763
067110749
067110737
067110656
067110466
0671103469
067110173
067110121
06711000
067110
06710millos
067109904
067109868+ab
067108582
0671085334
0671082430
067108234
067108215
067107929
067107569
0671074534
067107232
067107179
067106850
067106665
067106257
067106048
067106
067105893
067105733
067105723
067105328
067105073
0671042710
06710413
067103845
067103637
067103360
067103282
067103
067102997
067102952
067102570
067102542
067102302
067102190
067102081
067101151
067101092
067101017
067100842
067100840
067100813
067100726
067100587
06710032
067100275
06710021
067100160
06710
0670utvza
0670tweety
0670tra
0670sisic
067099828
067099685
067099550
067099325
0670993195
0670993120
067099070
067098995
067098859
067098354
067098218
067098112
0670978
067097768
0670976866
067097153
0670969138
0670968250
067096770
067096424
067096296
067096265
067096258
067096255
067096246
067096125
067096
067095809
067095786
067095354
067095197
067095025
0670949422
067094847
067094836
06709424555
067094046
067093989
067093826
067093511
067093309
067093206
0670930320
067092844
067092506
067092504
067092342
067092316
067092219
067092084719931214
06709166241033
067091550
067091061
067090490
067090383
067090115
067090049
067089920
067089915
067089903
067089849
067089732
067089670
067089488
067089443
06708938s
067089356
067089230
067088683
06708841
067088020
067087588
067087237
067087095
067087083
067086993
067086497
067086453
067086367
067086347
067086
067085958
067085915
067085895
067085739k
067085609
067085584
067085518
067085
067084933
067084813
067084755
067084679
067083907
0670839
0670838047
067083702
067083567
067083554
067083313
067083236
06708312
067082716
067082624
0670824688
067082177
067081837
067080610
067080556
0670804
067080330
067080
067078942
0670785538
0670784623
0670783513
0670782619
067078197
067078046
067078
067077960
067077952
067077626
067077583
067077337
067077328
067077119
067076882
0670764616
067076387
067075937
067075904
067075706
0670756159
067075525
067075500
067075343
067074901
067074838
067074495
0670742923
067074232
067073887
067073723
067073670
067073278
0670730
067072636
067072387
0670723552
067072059
067072
067071884
067071879
067071540
0670712971
0670706938
06707052569
067070069
067069902
067069711
0670696984
067069500
067069075
067068957
067068322
067068
067067843
067067730
067067683xi
067067650
067067086
067066596tune
067066305
067066265
067066
067065926
0670657
067065426
067065136
067064
067063367
067063231
067062924
067062899
067062724
067062554
0670622x
067062230
067062223
067061941
0670618306
067061823
067060307
067060090
0670600
06706
0670599724
067059733
06705910527
067059017
067058618
067057895
067057883
067057702
06705760662
067057584
067057408
0670573
0670571134
067056621
067056157
067055950
067055
067054875
067054667
067054655
067054293
0670539652
067053868
067053812
067053566
067053332
067053198
0670529323
067052660
06705176745
067051680
067051627
067051593
067050407
067050
06704d
0670499
067049878
067049788
067049668
067049
067048900
067048811
0670487794
067048553
0670482655
067048070
067047654
067047478
067047308
067047301
067047094
067047088
0670470052
067046635
067046610
067046525
067045896
0670453048
067045232
067045201h
067045047
067044559
0670442
067044050
067043902
067043444teeramnan
067042818
067042547
0670423
067042248
067041980
067041951
067041839
067041670
067041143
067040912
067040802
067040655
067040611
067040580
067040534
067040515
0670398380257k
067039713
0670395157
067039409
067038a
067038816s
067038390
0670383361
067036997
067036684
067036490
067036240
067035naj
067035982
067035931
0670355992
067035532
0670353778
067035
067034521
067034158
067033736
067033635
067033537
0670333069
067033076/
06703299
067032434
067032242
067032184
067032096
067032
067031415
0670313869
067031208
067031102
067031
067030836
067030580
067030375
067030342
067030317zeed
067030177
06703010
067029836
067029788
067029202
067028988
067028665
0670285638
0670285
067027924
067027866
067027679
067027655
067027598
067027488
067027201
067026837z
067026806
06702663686
0670262
0670261639
067025993
067025668
067025519
067025034
067024831
067023739
067023343
067021611
067021428
0670210
067020851
067020730
0670203418238lau
067020143
067020018
067020012
067020007
067019942
06701989
0670189
067018870
067018734
067018427
067018254309
067018
067017911
067017679
067017094
067016686
067016578
067016268
067016056
06701603
067015283
0670151965312204
067015185
067015126
0670151
067015
067014050
067014
06701342
067013230
06701303st
067013
067012868
067012629
067012527
067012368
06701234
06701222
067011885
06701153
067011
067010771
067010757
06700niuy
067009963
067009386
067009241
067009175
067009165
067008845
06700830
067008046
067008022
067008
067007607
067007522
0670073
067007227
067006858
067006804
067006745_-8-
067006634
067006531
067006520
067006479
067005845
067005794
067005399
0670050
067004106
067003901
067003766
067003397
067003202
067003031
067002757
06700261l
067002524
067002427
06700227
067002121
067002086
067001300
0670012213-5
06700118307sobeidy
06700117
067000989
067000806
067000790nob
067000478
067000450
067000414
067000401
067000281
067000260
067000189
067000157
067000150
067000
0670-44100
067.40691
066~80~6882G
066yovis
066nx825
066nwk2
066n35ghtshad6w
066cubxt
066benz
0669yes
0669tw
0669nm
0669hj
0669hgcc
0669dbhh
0669SB
06699_1
0669997
066999
066997760
066997285
066996788
066996690
066995517
066995254
066994505
066994038
0669933
066993
06699217
0669921
066991
066990762
06699
066989880
066989789
066988965
066987992
066987821
066987196
066986855
066986714
0669864kina
066986190
066986045
066985571
066985525
066985304
06698423
066984
066983830
066983758
066983667
066983622
066983564
066983255
066982753
066982023
066981bizdaa2409
066981989
06698186
066981204
066980574
066980448
066980
06698
066979770
066979721
06697952
066978494
066978
066977533
066977487
066977401
066977062
0669767859
066976354
066976309
066976191
066975531
06697505312
066974836
066974514
066974382
066974029
066973795
066973722
066973705
066972373
066972343
066971798
066971432
066971
0669705712
066970408
066970337
066969mac
066969735
066969561
066969132
066969123
066968794
066968613
0669685662536
066968498
0669682871
066968252
066968217
0669679830
066967828
066967801
066967709
066967673
066967503
066966748
066966579
066966470
066966402
066966268
066966176
0669660
066965
066964788
066964675
066964630
066964602
0669645918
066964315
066964174
066964057
066963962
066963432
066963163a
066962927
066962804
066962632
066962586
066962585
066961970
066961812
0669616820
066961544
066961533
0669614016
066961385
066961208
066961093
066961063
066960895
066960644
066960500
066960483
0669603704
06696
066959566
066959320
066959027
066959005
066957635
066957491
066957460gtv
066957035
066957011
066957
066956685
066956244
066956099
066955
066954874
066954522
066954471
066954349
066954173
06695411
066953353
066952433
066952297
066952275
066952001
066951836
066951365
066951147
066951063
066951
066950936
066950801
066950770
066950464
066948758
066948553oo
066948407
0669476203
066946644
066946443
0669462647
066945878
066945824
066945395
066945341
0669448500
066944739
066944416694
066944354
066944326
066944046
066944
066943898
066943825
066943341
066943330
066942878
066942775
066942704
066942691
066942669
066942414
066942275
066941423
0669412272/849
066941039
066940803
066940695
066940538
066940512
066940418
066940297
066940241
06693rebelde
06693HI
066939632
066939360
066939108
066939045
066938201
066938084
066937765
066937048
066935776
066934893
066934149
0669335
066933045
066932910
066931936
066931736
066931539
066930841
066930445
066929388
0669292336
066929049
066928903
06692840
066928360
06692804
066927944
066927908
0669276
066927551
0669265337
066926041
066926040
066925581
066925131
066924898
066924331
0669243201
0669240101949900069234
066922422
066922233
066921537
066921003
066921
0669203
06692
066919871
066919450
066919340
066919225
066919035
066918A
066918455
066918320
066918131
066918102
066918015
066917327
066917077
066916782
066916604
06691659690151
066916490
066916245
066916208
066916170
066916149
066916066
0669159950
066915792
066915750
066915507
066915332
066914736
066914562
066914293
066914003
066913700
066913503
066913426
066913180
066913028
066912567
066912493
066912252
066911601
066911039
066911
066910697
066910631
066910562
066910548
066910231
066909967
066909940
066909659
066909639
066909590
066909561
066909322
0669092709
066909046
066909004
066908989
066908774
066908609
066908366
066908341
066908129
066908120
066907693
066907603
066907295
066907044
0669068722
06690669
0669065
066906257
066906129
066905839
066905640
066905554
066905550
066905165
066904911
066904910
066904852
066904793
066904600
066904282
066903914
066903645
0669033
066903064
066902996
066902427
066902265
066901818
0669016711
066901517
066901271
0669012111
066901172
066901141
066901012
066901
066900802
066900781
066900364
066900120
06690
0668adem
066899565
066899538
066899391
066899002
066897813
066897606
066897292
066896983
066896961
066896955
066896911
066896898
066896775
0668967
066896394
06689626
066895798
066894871
066894708
0668940
066894
066893759
066893735
066893734
066893502
066893471
066893210
066892041
066891790
066891584
066891576
066891143
066891140
066890926
066890824
066890360
066890225
066889877
066889780
066889488
066889339
066888605
0668885
066887018
066886899
066886722
066886309
066885926
066885732
066885655oat.
066885457
066885215
0668850707
06688494
066884740
066884338
066884067
066883863
066883628
066883488
0668830
066882934
066882722
066882624
066882529
066882219
066882101
066881916
066881831
066881677
066881202
066881165
066881
066880349
066880183
06688003
06688
066879954
0668799103
066879648
066879060
066878908
066878715
066878593
066878183
066878047
066878
066877956
066877950
066877828
066877584
066877578
066877
066876902
06687662
066876499
066876367
06687618
066876159
066875706
066875625
066875310
066875144
066875
066874858
066874824
066874804
066874771
066874597
066874361
066874310
066873686
066873684
066873295
066873280
066873237
066872906
066872707
0668717
066871476
066871461
066871452
066871010
066870744
066870690
066870282
066870026
066869880
066869833
066869293
066869206
066869143
066868188
066868032
066867923
066867864
066867239
066867201
066866974
066866633
066866366
06686630
066866142
0668657
066863779
066863674
066863096
066861989
066861833
066861830
066861816
066861712
066861579
066860782
066860731
066860687077
066860619
066860518
066860353
066860302
066860120
066860
066859812
066859492
066859304
06685927
066858601
066858595
066858453
066858315
066858288
066858273
066857808
066857572
066857514
066857253
066857116
066857100
066857014
066856607
066856601
066856576
066856572
066856367
066856217
066856
066855014
066854
066853804
066853714
066853463
066852941
066852487092681801
066852332
066852
066851865
066851682
066851612
066851289
066850964
066850616
0668503928
066850137
06685
066849785ao
066849412
066849302
066849287
066849157
06684886
066848797
066848604
066848165
066847299
066847012
066846975
066846912
066846908
066846522
066846356
066846249
066846166
066846084
066846030
066845937
066845617
066845609
066845226
066845055
066844945
066844820
066844789
066844536
066844335
0668442900
066844254
066844231
066844
0668437540
066843738
066843682
066843615
066842863
066842803
066842674
066842052
066841262
066841097
066840797
066840577
066840374
06684010-yo
06683oom
066839875
066839405
066839363
066839339
066839280
066838921
066838255
066838247
066838015
066837868
0668378
066837168
066835702
066835334
066834975
066834685
066834646
066834302
06683415jj
066834045
066833990
066833853
066833711
066832565
066832549
066832411
066832330
066832145
066831986
066831940
066831771
066831467
06683136t
066831336
066831241
066831235
066831125
066831016
066831
066830802
066830730
066830705
06683
06682ฟท
06682am
066829862
0668295944305
066828549
066828119
066827787
066827349
066826933
066826704
066826658
066826310
066825911
066825474
066825206
066824772
066824559
066824546
0668240902
066823923
066823631
0668227330
066822647
066822435
066821970
066821618
066821127
066820804
066820466
066820063
06682
066818388
066817maymay
06681792
066817627
066817554
066817320
066816929
06681658
066816268
066816212
066816
066815968
066815685
066815501
06681526100
066814989
066814979
066814769
066814091
066813661
066813570
066813451
066813133
066812808
066812158
066811627
066811536
066811418
066811306
066810618
066810601
066810598
066810553
06681033
066810290
066810261
066810082
066810016kky33
066810005
06681
066809833
066809821
066809608
066809396
066809025
066808850
066808364
066808298
066808011
066807942
066807765
066807754
066807026
066806727
06680668
066806663
066806082
066806
0668056289
066805482
066805476
066805135
066804807
066804570
066804494
066804208
066804158
066804078
066803705
066803337
066802783
066802756
066802682
066802614
066802578
066802557
066802219
066801496
066801418
066801398
066801327
066801209
066801184
066800428
066800210
066800203
066800119
0667lev
0667juuhw
0667dbm
0667bb
0667bank
066799895
066799606
066799582
066798887
066798869
066798250
066797552
066797452
066797167
066797145
066797013
0667968654
066796656
066796569
066796266
066796186
066796027
066795857
066795630
066795485
066795432
066795303
066795254
066795216
066794964
066794883
066794649-
066794473
066794462
066794106
066793921
066793878
066793537/
066793359
066793233
066793221
066792991
066792653
066792447
066792160
066791744
066791643
066791606
066790865
066790778
066790191
066790117
066790005
066789829
066789806
066789787
066789660
066789613
066789351
066789349
066789257
066789084
066789083
066789066
066788934
066788773
066788689
066788516
066788503
066788453
066788406
066788140
066788136
066788020
066787793
066787490
066787487
066787383
066787342
066787181
066786928
066786800
066786651
066786186
066786087
066785832
066785065
066784694
066784608
066784510
066784393
066783787
066783529
06678346
066783430
066783
066782968
066782960
066782784
066782744
066782500
066782418
066782189
066782122
066782029_fightfill
066782026
066782025
066781827
066781568
066781308
066781200
066780987
066780585
066780548
066780501
06678012
066780012
066780005
06678
066779958
066779698
066779626
066779525
066779353
066778990
066778825
066778299
066778031
066778
066777999mr_
066777907
066777348
0667771
06677657
066776525
066776313
066776259
066776121
066775950
066774498
066774113
066773955
066773696
066773546
066773494
06677302
066772805
066772533
066771767
066771032
066770742
066770542
066770447
066770312
066770220
06677
066769928
0667698655
066769684
066769529
066769298
066769065
066768970
066768698
066768662
066768470
066768381
066767741
066767703
066767699
066767456
066767385
066767312
066767131
066767037
066766317
066766309
066766247
06676621
066765848
066765808
066765595
066765358
066765105
066764899
066764840
0667647
066764611
066764474
066764114
066763863
066763586
066763505741
066763020
066762952
066762674
066762567
066762470
066762292
06676130
066761206
066760920
066760
066759225
066758954
066758923
066758783
066758701
066758162
066757710
066757532
06675728dand
066757
066756978
066756388
066755991
066755760
066755199
06675510
066754882
066754756
066754661
066754645
0667545
066754431
066754415
066754141
06675389
066753520
06675348
0667534
066753288
066753105
066752831
066752815
066752775
066752530
06675200
066751591
066751524
066751323
066751
066750749000
0667507
066750434
066750432
066750106
066750
066749995
0667499
066749419
066749
066748890
066748229
066747574
066746403
066746270
066745029
066744872
066744630
066744553
066744359
066744146
0667438
06674369
066743653
066743524
066743310
066743252
066742749
066742375
066741177
066741034
066740957
066740838
066740268
06673gfp
066739373
066739214
06673893800
0667384226
066738107
066738005
066737887
066737832
066737828
066737733
066737346
066737340
066737297
066737266
066737121
066737031
066736846
066736730
066736542
066736440
066736334
066736262kea
066736
066735924
066735696
066735472
066735453
06673538130
066735363
066735275
066735247
066735017
066734836
066734832
066734613
066734528
066734274
0667341127
066734092
066733773
066733696
066733414
066733223
066733082
066732693
066732423
066732370
066732207
066732168
066732062
066731782
066731729
066731390
066731274
066731264
066731169
066730882
066730786
066730416
066730331
066730232pan
066730102
066730
066729789
066729763
066729643
066729517
066729316
066728791
066728482
066728386
066728338
066728250
066728154
066728099
066727957
066727762
066727648
066727524
066727358
066727332
066727257
066727150
066727129
066727015
066726962
066726851
066726426
066726085
066726054
066726040
066726025
066725803
066725425
066725228
066725044
066724975
066724798
0667246
066724470
066724406
066724170
066724098
066724
066723887
066723533
066723392
066723390
066723358
066722913
0667228
066722709
066722660
066722405
066722361
066722359
066722351
06672220
066722195
066722071
066722
066721670
066721491
066721352
066721189
06672111
066721025
066721013
066720460
066720407
066720380
066720298
066720291
066720278
066720030
066719982
066719680
066719679
066719602
066719255
066719101
0667190979
066718788
066718153
066718091
066717751
066717446
066717346
066717305
066717215
066716890
066716313
066716020
066716
066715956
066715716
066715490
066715285
066715227
066715220
066714589
066714472
066714213
066714074
066714
066713998
0667135608
066713458
066713307ting
066713297
066713078
066712907
0667127784
066712707
066712654
0667123
066712239
066711998
066711860
066711647
066711580
066711531
066711504
066711229
066710952
066710911
066710823
066710656
066710655
066710602
066710331
0667102742
06671021bm
066710088
066710
06670rhpmz
066709931
066709579
066709520
066709486
066709272
066709265
066709199
066709190
0667091
066708958
066708714
066708674
066708645
066708607
0667085
066708116
066708105
066708068
066708041
066708
066707881
066707626
066707448
066707419
066707286
066707130
066707088
06670703
066707006
066706892
066706891
066706863
066706720
066706616
066706545
066706544
066706486
066706476
066706351
066706280
066706212
066706007
066705797
066705796
066705762
066705629
066705559
06670547
066705303
066705216
066705037
066705003
066704972
066704825
066704738
066704562
066704445
066704362
066704347
066704287
06670406
066703990
06670398
066703949
066703530
066703464
066703305
066702900
066702807
066702509
066702403
066702388
066701893
066701870
06670166
06670155x
06670153
066701502
066701377
066701373
066701180
066700865
066700651
066700483
0666wolf
0666tristan
0666sv
0666sata
0666r0
0666ppjh
0666ed
0666a5
066699804
066699787
066699216
066699087
066699061
066699000
066698674
06669866
066698309
066697639
066697523
066697455
066696981
066696871
066696109
066696053
066695489
066695426
066695320
066695181
066695169
066695117
066694614
066694498
066694089
066692718
066692546
066692545
066692101
066692095
066691839
066691661
066691518
066691140
066691035
066690482
066690473
066690206
066690181
066690004
06669
06668tum6030
06668kan
066689718
066689032
066689020
066688918
066688912
066688880
066688699
0666884
06668810
066688004
066688
066687591
066687524
066687376
066687278
0666870152323
066686656
066686204
066686138
066685879
066685313
066685204
066685190
066684686
066684467
066684457
066684126
06668399
066683859
066683542
066683392
066683384
066682776
066681923
066681854
06668160
066681046
06668040
066680371
066680078
0666800255
066680
066679766
066679478
066678879321
066678704
066678521
066678509
066678385
066678104
066676934
066676933
066676878
066676631
066676554
066676342
066675680
066675281
066674780
066674640
066674229
066674104
066674050
066674031
066673998
0666737
066673450
0666730
066672823
066672803
066672793
066672721
066672646
066671910
066671299
066671220
066670964
066670881
066670851
066670817
066670774
066670698
066670580
066669728
066669571
066669063
066668168
066668093
066668014
066667882
06666783
0666676
066667273747
0666666666
066666666
06666660
066666456
066666271
066666232
066666012
066665396
066664863
066664439
066663813
066663395
066663013
066662721
066662271
066662260
066661973
066661719
066661578
066661046
066661033
066660769
06666046
066660201
0666601002
066660047
066659904
066659594
066659225
066659108
066658958
066658798
066658668
066658440
0666584
0666583100
066658263
066658149
066657908
066657572
066657484
066657176
066657007
066656932
0666568757
066656870
066656550
066656499
066656435
066656290
066656022
066655940
066655826
066655802
066655301
066655228
066655217
066655163
066654242
066654225
066654068
066653p
066653908
0666535
066653368
066653302
066653167
066653086
066653016
066652544
066652440
066652418
066652110
06665170
066651379
066651337210
0666512584
066651253
066651087
066650807
066650692
066650313
06665026
066650243
066650201
066649865
0666497250
066649566
066649495
066649481
066649225
0666492
066648971
066648917
066648630
066648604
066648481
066648338
066648186
066648027
066648015
066647800
066647737
066647624
066647369
06664722
06664688
066646673
0666465
0666460606
066646044
066645862
066645846
066645812
066645774
066645706
066645507
066645485
066645345
066644975
066644916
06664490
066644395
066643422
066643251
066642894
066642815
066642533
066642503
0666420
0666416960
066641487
066641006
066640909
066640549
06664040349
066640285
066640265
066640205
066640113
066640096
06664
066639964
066639482
066639200
066638656
066638226
066638156
066637612
066637522
066637302
066637286
066637251
066637063
066636864
066636793
066636559
066636216
066636123
066635987
06663553
066635491
066635126
066634956
066634469
0666344
066634290
066634034
066633894
066633797
066633769
066633751
0666333
06663