415517
061415228
06141521
0614151914
061415189
06141501
061414805
0614146845
061414589
0614142779
0614142485
061414199
061413c
06141396
06141389024233
0614132595
061413
061412927
06141285920
0614124697
0614112007
0614111989
06141110
06141108
061411077
06141102
061410799
06141079
061410367
06141029
0614100
0614098
061409642
061409557
061408mm
061408d
061408847
061408818
061408686
06140861
06140830
0614082005abo
061408143
06140814
061408070
06140805
061407629
06140728
06140722
06140711
06140707
06140703
061406nm
061406n
061406love
061406djs
061406383
06140629
06140624
0614062105
0614061986
061406125
0614060820
061406046
061406025
06140601
061405louis
061405beba
061405LOUIS
061405L
0614059637
061405886
061405581
061405415
0614054022
0614051730
0614050940.sago
061404jp
061404j
061404800
061404713
061404500
06140418
061404040
06140403831164
061403om
061403h
061403c
061403as
06140321
06140320
06140318
061403124
06140303
061402c
061402ab
0614025oc
06140211
061402097
061402008
061401417
061401241
06140113
061401094
061400lee
061400723_diya
0614003021
061400252
061400243
0614001rl
061400068
06140004
06140
0614*tung
0613xmen1975
0613vj
0613ty
0613salalila
0613s76
0613py
0613psc
0613pc
0613palomadeamor
0613noon
0613mkl
0613marty
0613lynz
0613klc
0613joeimyr
0613jnm
0613jn
0613jay
0613hell
0613fuckniggaz
0613co31771992++
0613bpm
0613bp
0613baby
0613avani
0613andrea.19
0613andrea
0613am
0613ab
0613DARK
0613ANTHONY
061399l
061399577
061399405
061399133
061399055
061398b
0613983415
061398102
061398033
061398024
061397br
061396bb
061396263
061396232527
061396194
061396157
0613960054
061395rock
061395dbg
061395chivas
061395c
061395704
061395449
061394mnm12
061394b
06139495
061394702
061394639
061394632
061394600
0613944113
061394133
061393lie
061393k
0613937146
0613933665
061392teet
061392k
061392N
0613929123
0613929
061392826
061391n
061391jk
061391L
06139192
061391486
061391101
061390ss
061390h
061390c
061390ad
061390OG
06139059
0613903245
061390166
061390069
0613900
06138993102
0613899
061389443
0613894
06138911
061389061
06138888
061388688
06138866
061388329
061388255
0613881875
061387lls
061387f
061387a
06138750
061387472
0613870805
061386957
061386893
061386892
061386629bew
061386360
06138626
0613860
061385p
061385893
061385536
061384a
061384973
061384944
0613848
061384757
061384490
061384298
061384032
061383844
06138377
0613836285anne
061383565
061383208
0613827red
061382103
061382056
061381j
061381799
061381723
0613814164
0613813151
0613811908
061380me
061380a
06138077640
0613806m
061379t
061379h
061379818
0613798
06137975vi
061379755
061379406
0613791
061378j
06137896
061378733
061378363
061378182
0613777961
0613777
061377596
0613771418
061376ldg
061376k
061376645
06137572
061375697
061374928653
061373998
061372tm
061372jcm
061372623
061372406
06137216
0613720735
061371fkc
061371783
0613715
0613711719
06137
061369853
061369595
061369459
061369155
061368650
061368503LINA
061367d
061367955
061367805
061367707
061367473
0613672582
061367071
061367030
061366m
0613669418
06136693
061366834
061365663
061365358
061365245
061364732
061364607
061363610
061363449
0613633458
061363183
061362815
0613627
061362237
0613620364
061362
061361b
061361704
061361660
0613614117
0613614041-m
061361271
0613611515
061360776nnn
061360211
061359992
061359756
061358434
061358265
061356lcm
06135691
0613568811
061356819
0613566
061356152
061356111
061355050
0613550034
061355
061354775
061353808
061353536
061353428
061353427
061353193
06135314
061353003
061352603
061351629
061351274
0613512026123
061351
061350mh
061350695
061350
061349490
0613493
061348827
0613488
0613486
061348481
061348211
061348
061347743
061347616
061347460
0613473989
061347166
061346975
0613469297
061346788
0613467281
061345609
061345410
0613453558
061345052
061345
061344886
061344677
061344468
061344408
061344
061343755
061343605
06134340
061342436
0613421354
061342105
06134207
061342045
0613417
061341438
061341427
061340880
061340390
061340069
061340
061339476
061339466
061339211
061339
061338943
0613385553
061338083
061337833
061337678
061337544
061337
061336441
061336
0613355241
061335459
06133515aq
061335103
061335
061334752
0613344
061333730
061333653
061333594
061333497
0613331
061332649
061332429
06133235
06133228214
061331880
061331503
06133121
061330748
061330632
061330475
061330141719
061330123
061330034
0613300
06133
061329923f
061329423
061329354
061329239
06132907
061329043
061328rl
061328941
0613286260
061328384
061328127
061328107
061328008
061327080
06132557
061325461
06132529
06132528
06132527
06132523
06132521
061325178
061325156
061324929
061324627
061324562
061323972
061323552
0613234181
06132310j
061323040
06132289
061322868
06132242892
061322414007
06132229
061322247
061321832
061321309
061320669
06132038yemi
0613201489
061320138alfa
061320116
06132008
06132006
06132002a
06132
0613199412071972
06131993k
0613199313
0613198920
06131987kk
06131985aa
0613197700072
06131973
06131972
06131966
06131963
06131957
06131941
061318668
061318224
061318081
06131805
061318038
061317817
061317747
06131735
061317282
06131701
0613168168
061316526
06131625
06131623
061316024
061315968
061315711
06131527
061315257
061314895
061314560
061314434
06131425
06131419
061314171
061313572
061313380
061313192
061312993
061312685
061312564
0613124
06131222
061312051
061311414
06131125
06131122
061311217
06131101
0613110066
0613109
061310489
061310472
06131021
061310106J
061309524
061309400
0613093
061308ok
061308645130331
0613086
061308365
061307w
06130794
061307930
0613074
061307293
0613072536
06130722
06130719
061307188
06130710
061307094
061307017
061306mym
061306M
061306EC
061306836
061306565
06130632
0613061s
061306163
06130613y
061306130
061306038
061305aa
061305593
06130553
061305210
0613052
061305004
061304aer
0613043263
06130425305
06130417549/11/19
061304114
0613040
061303tm
061303t
061303mp
061303l
061303cs
06130384
061303709
0613035380
06130315
061303029
061302kc
061302jr
061302679
061302626
061302311
061302304.085
06130226
061302188
06130216
061302006
06130200066
061301iobb
0613016032sdu
0613015
06130134
0613013299
061301268
061301183
06130108
0613007
06130068
0613006
061300491
06130025
06130
0613-4
0612yama
0612vicky
0612va
0612tony
0612ta
0612skfe
0612sandy
0612sa
0612rcm
0612popo
0612oz
0612oat
0612o3
0612mracker
0612mom
0612moi
0612mcsa
0612mc
0612mbz
0612mariu
0612mada
0612klb
0612kk
0612kidd
0612khym
0612kc
0612kar401
0612jt.
0612jjj
0612jeremiah
0612jaira
0612isabella
0612fer
0612fdcopg
0612es
0612emellia0612
0612elt06
0612eelhsa
0612disney
0612dicte
0612dd
0612date
0612dale
0612cookie0612
0612cmb
0612cata
0612bubbles
0612bebo
0612bebe
0612ave
0612areli
0612ar
0612anaj
0612aerialerica
0612a88
0612a1025k
06129y
061299ss
06129934028919
061298j
061298e
061298aa
061298925
0612983445026
061297s
061297664
06129703
061296t
061296s
061296939
061296723
0612962830
06129618
061295v
061295mn
061295k
061295coke?
061295P
061295991
061295829
061295569
061295368
061295082395
061294975
061294514
061294409
061294137
061293zzz
061293sam
061293mu
061293mn
061293jhm
061293dj
061293TI
061293061293
061293!plk
061292e
061292a
06129291
061292757
0612926614
0612924631015mvhkyt
061292422
0612924-1
061292182
06129215
06129213
061292**tom
061291D
061291BART
061291922
06129191
061291742
061291708
0612916kkl
0612914
061291187
06129112669
061291.
061290wc
061290r
061290jade
061290ae.+
061290adan
061290_yo
061290Sjclcm
06129091
0612907
061290687
0612906
061290305
06129029
06129020101990
061290171
0612901
061289yr
061289sri
061289oma
061289lahvig
061289jm
061289fj7pcy
061289cs
061289b
061289anmag
0612898788
061289506
061289192
06128915516
061289155
061289131
06128902
061288ss
061288mv
061288juanalejandro
061288DS
0612888
0612885522
06128855
061288535
061288526
061288475
0612882799
06128810
0612880717
061288071006
06128803
061287zeen
061287lb
061287laz.
061287j
061287998
061287969
06128791
061287270056
06128711
0612871092345678
061286dee
061286d
061286a
061286984
061286602
061286465
061286236
061286070505
0612860
061286++
061285cazari
061285bhe
061285b
061285ap
061285897
0612858664
061285714
06128520
061285060106
061284kim
061284cu
061284amorchi
0612847
06128405
061283mi
061283jn
061283firis
061283cmokavac
061283965
061283866
061283540
061283465
061283403
06128336
06128318
061283061283
06128302
061282h
061282gf
061282a
0612829046
0612822209860303
06128217
061281ss
061281l
061281966
061281837
061281775240629
06128177
06128122
06128120920362fa
0612811509
061281131278
0612810110
061280eric
06128091700
061280837
061280804
061280732
06128050
0612802702
061280009
06128/3
061279mmd
061279850
0612797
061279677
0612793
061279227
061278j
061278902
061278685
06127826
06127809
061277c
06127774
0612775
06127743
061277101
0612766
0612764375
061275d
061275785
061274marcora
0612741
061273cr2
061273b
061273859
06127350
061273397
06127301
061272dlimys
06127266a
0612725285
061272392
061271r
06127170h
061271278
0612707b
061270600
061269504
0612692
061268691
061268658
061268589
061268529
061268099
061268011
061267854
061267467
061266lucia
061266215
061266199
0612656
061265535
0612654231
061265227
0612652
061265149
061264754
0612647317
061264604
061264420
06126401
061263906
061263778
061263569
061263470
0612632932
061263181
061263159
061262904
0612622267
061262109
0612621
061262088
061262
06126147JOAN1998
0612612650
061260737
061260501
061260334
06125fredy
061259j
06125995
0612598
061259614
061259573
061259323
061259256
061259212
061259037
0612590
061259
061258548
06125769
061257176
061257129
061256765
061256716
061256641
061256610
0612563jojo
0612563
061255575
061255265
061255264
06125487ma
0612548310
0612547440
061254016
0612538
0612534
061253
061252eb
061252408
0612523
0612521278
061252041
061252
061251984
0612518766
061251701
06125149
06125112
0612510006
0612507781
061250724
061250426
061250296
06125
06124mah
061249rg
061249930
061249848
061249845
061249061249
0612488
061248108
061248036
061247ch
061247749
061247202
0612469992
061246712
061246702
061246617
0612466029
061246314
061246008
061246
061245m
061245651
06124561
0612447
061244051
061243131
061242515
0612424
061242146
061241772
0612411
061241
06124086
06124060968053++
061240452
061240400
0612400806
06124001
06124
06123abc
061239780
061239637
061239614
06123907577
0612389842
061238773
061238036
0612378499
0612374
06123640
06123635
061236344
061236297
061236266
061235966
061235532
061235416
0612354
061235258
061235218
061235201034
06123500
061234tc
0612347303
061234640
0612345
061234481
0612341
061234+
061233993
061233770
061233765
061233670
061233496
061233357
061233233
061233117
061233066
061233020234
061232929
0612329
061231841
061231745
0612316975jsrc
061231650
061231306
0612312305
061231181
06123109
06123103
0612309
061230887
061230512
061230451pccl
061230369
061230352
061230309
061230015
061229729
0612297
06122965
06122961
06122934425367
06122919
0612291600
061228738
061228617
06122838
0612281606
06122811
06122786
061227640
061227600
06122716
0612269318Q
061226407
061226061226
06122602
06122575
06122540
06122537
0612253412082535
061225310
061225282
06122527may
0612252284
061225217
061225201608
06122516
061225149
061225143
06122514
06122507
061225062
06122506
06122503
0612247
0612245
0612242708
061223343
0612233
061223265
0612231745
061223158
06122309
06122308
0612230235
06122302
0612230
061222fxl
0612229
0612228
06122256001035devil
061222502
06122211
06122210
06122209
06122208
061221985
0612219812116
061221691
06122155
0612214654
061221257
061220656
0612204
06122030
061220292
061220165
061220144
061220110
06122010
06122009
06122003nini
0612200219akp
06122 49
0612199990
06121997adri
06121994k
06121994a
06121992jgb
06121992jb
0612199204071984
06121991mg
06121991dani
0612199169
061219911991
06121990s
06121990g
06121990davidsandra
0612199017
061219898
061219891607
06121989123456
06121989++
0612198888
0612198855
06121987l
06121986sk
06121986go
0612198512052005
061219843
06121984111959
06121983l
06121982a
0612197998
061219785
06121977social
0612197750120802285279
06121973md
06121973
06121970
06121969
06121967
06121963
06121960
061219591
06121958
06121953
06121952
06121950
06121946jm
06121938e
06121932
0612193
06121923
06121911MJM
061219084
06121903
061218af
0612187922
06121854
0612183
06121812
06121798
0612179
06121787m
0612177821
061217075
061216900
061216741
061215pink
0612156
06121529
061215263
06121524
061215119
06121494
06121430
06121421
0612142063
061214034
061213641
06121327
06121319
0612131515
06121310
061212ej
0612129
061212873
061212811
0612128
061212260
06121223
061212203
061212132
06121212
06121206
0612117734
061211508
06121123
06121118
0612111
06121085
0612101979
06121010iv
061210017
06120latinflow
06120987
06120982
0612097
061209558
0612094
06120922
0612092
061209110
0612091
06120907
061209061209
0612089t
061208905
0612083334
061208314
06120824
0612081135
06120811
06120808061980
061208006
061207w+vtlv
061207thee
061207mn
061207any
061207LOVE
061207888
061207353
06120733
061207266
061207138
061207099
061207032
0612070216
06120702
061206schatz
061206mebams
061206dhs
061206304
0612062874
06120628
0612062532
06120607chris
06120606
061206.06
061205mose
061205moe
061205maysun
061205max
061205df
061205a
0612052985
06120516
061204zp
061204ta
061204mnl
061204j
061204727
061204660
0612043493692
06120426
0612041991*
061204036
061203sp
061203sc
061203937
0612039039
061203898
0612031
061203084
061203049
0612030475
0612030011
061202ty
061202f
0612029441
061202902
0612028
061202569
061202384
061202038
061201jeci
061201gdl
061201dani
061201b
061201901
06120172
061201366
06120114
0612011
06120109
061201011
061200899
0612008
061200780
06120060182
061200594221986
06120054
0612003
061200298
06120016
061200152
0612000
0612-0915-0211
0612,,ste
0611willy
0611vg
0611tm
0611tkdjl
0611sucks
0611st
0611spoil
0611skidrow
0611sa
0611s1993
0611rahma
0611pinina
0611pim
0611patty
0611nan
0611morales
0611met
0611lrg1186
0611love0201
0611juan
0611jr8886
0611josa
0611jordan
0611johan
0611jn
0611jj
0611ismyfave#
0611ima
0611herring
0611gemini
0611fm
0611farah
0611f456arah
0611equihua
0611cd
0611c1987
0611be
0611aw
0611atom
0611aq
0611_scorpio
0611RICH
0611MeM23
0611JH
0611ESME
0611Aa
0611A1003
061199mya
061199jr
061199jknp
061199dv
061199b
061199692
0611996350
061199310
0611993
061199260
061199217
0611992
061199007
061198w
061198myk
0611989
0611988
0611987v
061198419
061198369
0611983
0611982
061198060
061197s
061197chb
061197a
061197K
061197874
0611978
061197796
061197539
061197156
061196938
06119671
061196592
061196305
061196103
061195l
061195a
061195960
061194lb
061194e
061194cristoferi
061194bj
061194762
061194440
061194222
06119413
061194047
0611940012
061193yuli
061193r
061193maferrosso
061193e
061193b
061193762
061193754
061193642
06119317
0611930
061192lee!
061192bak
061192523
0611924
061192311272221
061192253
0611921502881824
061192135
061191trinity
061191steoc
061191sandy
061191s
061191p
061191nicteHA
061191i
0611919
06119179
06119177*
061191626
06119138
061191141
0611911
061190v
061190lozzy
061190gwv
061190e
061190c
0611907972013
0611907
061190229
0611902
06119015
061190063
061189tamopk
061189soldier
061189d
061189arsenal
061189974
061189725
061189220
0611891UNO
061189117
06118911350
06118907
06118906j
06118903
061188r
061188o
061188fain
061188bv
061188a06131453
061188797
061188573
061188540
061188321
061188277
06118817
061188150
061187s
061187dmc
061187aet
061187973
061187885
061187765
061187666wp
0611875
061187495
06118739
061187344
061187162
061187016
061186e
061186815
061186682
061186515
061186403
061186390
061186195
061186127
061186010586
061185s61570
061185pk
061185mt
061185mark
061185g
061185Y
061185AMB
06118585
061185607
061185593
061185535
0611852007
061184su
061184p
061184:jesus
061184817
061184681
061184554
061184168
06118406Km
06118403
061183n
061183md
061182waldy
061182kar
0611828758
061182847
061182704
061182550
061182501
061182158
06118213
061182045
061181v
061181sg
061181carim
061181ca
0611816J
0611812612
061181229
061181191
061180P
0611807
061180629
06118043
061180076
061179mi
061179DMK
0611799
06117985
061179609
061179576
0611793
061179188
061179086
0611788
061178637
061178471
061178440
061178249
06117824545
0611782
0611781076mika
061177339
061177174
061177141
061177118
061176S
061176K
0611767
06117667
061176651
061176502
061176425gotz
061176413
061176117
061175810
061175370
061175306
061175149
061175105
061174590
061174527
061174298
061173997
061173876
061173709
061173478
061173196
061173144
061173061173
061172945
061172824
061172633
061172611
06117211
061172048
061171a
061171636
061171434
061171397
0611713
06117060
061170526
06117025
061170161jib
061170083
061169821
061169809
06116970
061169383
0611690037
061168sggg
061168KO
061168819
061168599
061168481
061168312
061167931
061167844
061167795
061167564
0611675
061167035
061167!!
061166l
061166883
061166857
061166833
061166728
061166656
06116644
061166398
061166354
061166008
061166005
061165876
0611655
061165440
061165428
061165392
061165248
061164916
061164616
061164166789
061164128
0611640
061163843
061163788
061163646
061163622
061163400
061163111
061163062
061162DEBBy
061162932
061162851
061162782
061162573
061162383
0611621946
061161W
0611619
0611618J
061161891
061161536
061161475
061161402
061161374
061161
061160863
061160795
061160643
061160629
061160483
0611604598
061160444
0611602771
061160063
061160043
06116.
06115com
061159mom
061159970
061159194
0611590915
061159059kukkik
061159025
061158jd
061158d
061158730
061158644
061158635
061158384
06115806
061157985
061157760
061157501
061157397
061157286
061157196
0611571400618952
061157111
061156z
061156706
061156630
061156570
061156466
061156360
061156219
061156207
061155740
061155690
0611550813
061154758
061154696
061154616
061154492
061154474
061154470
061154277
061154136
061154026
061153871
061153812
061153315
061153248
061152707
061152129
061151621
061151413
0611513343
06115132
061151068
0611508363
0611507cocorito
061150669
061150662
061150642
061150552
06115036
061150069
06114ct
061149832
061149229
061149
061148714
061148709
061148699
061148544
06114846233
061148309
061148
061147869
061147846
061147411
061147395
061147297
061147200
061147110
061147083
061147
0611468739
061146841
061146506
061146396
061146369
061146360
061146065
061145802
061145799
061145658
061145105061869188
061145003
061144848
061144751
06114456848
061144524
061144
0611437
061143659
061143599
061143321
061143009
061143
061142702
06114258/006
061142414
061142316
0611423
061142240
061142106
061142023
061142
061141738
061141638
061141563
061141518
061141408
061141379
061141211
061141136
061141
061140dm
061140db
061140880
061140853
061140783
061140589
06114043
061140423
061140237
06114008
06114
061139955
061139585
061139394
0611391791
061139009
061139
061138860
06113811
061137857
06113775745
061137733
061137389
061136593
061136334
0611358792
061135710
0611355
061134paign
061134950
06113457
061134402
061134179
061134065
061133447
061133434
061133375
061133357
061133303
061133270633
061133058
0611329
061132888
061132216
06113200
0611320
0611314642
061131234
061131217
061131135
061131119
061130771
061130681
061130169
0611301055057
061130104
06112mn
06112mhmh
061129iydot
061129930510
0611298
061129588
061129310
061129300
0611293
06112909
061128d
06112831
06112829
061128119
061128054
061127g
0611277
061127627
061127517
061127434
061127226
06112722
0611270
06112630
061126292
06112629
061125732
061125614
06112550
06112549
06112537123
0611253408tel
0611253020
061125300892402328
06112529Nuyy
061125265
06112524777
06112522panda
0611252206
06112515
06112514
06112510
0611250925
06112505
061124su
061124860kame
0611247179
06112410
06112405
061123966
0611237091
0611237
061123680
0611235kb
061123358
0611231210
061123091970
061123025
06112263pha
061122360
06112215
0611220717
0611220206
061121ab
061121990
061121815
061121561
06112150
0611212
06112111
0611211
0611204248
061120424
06112010
061120041412abc
0611199918
06111999*
06111998857
06111994_
061119940214
06111993tj
06111993pop
06111993pelaez5
061119931536
061119920
06111990!
06111988amk
06111986no
06111986!ibo
0611198522
06111984rambo
06111984l
06111984i
06111983pyv
061119830
061119819
0611198116177946g
06111975e
06111974yv
06111963
06111962
06111958
06111956
06111954rina
06111954
06111953
06111950
0611195
06111923
0611191
061118848
0611187
06111823
061117707
06111708
06111703
0611170
061116963
06111687
061116656
06111658
061116242
0611162339
06111616
061116
061115342
0611152
06111501232306
061114673
06111435
06111417
061114141
061114105
0611141
061113858
0611136|
06111353
061113485
061113400
061113385
06111319
06111314
06111312
06111304
061113
061112932
06111228
0611122534
06111224
06111215
061112103
061112095
06111208
061112049
061111844
06111157
061111520
061111214
061111201
061111124acl
061111105
06111107
06111106
06111100
0611107
061110516
06111045
061110331
061110258
06111022
06111010
061110068
061110009
06110999
061109800
061109721
06110971
061109432
061109383
061109061109
06110903
06110894
061108804
0611087
06110829
06110824
0611081726
06110810
06110808
0611080342
061107tlv
061107mj
061107m
061107katty
061107g180
061107cys
061107MOH
061107CD
061107860
06110721
061107097
061106s
061106love
061106cv
061106MYL
061106KEN
06110688
061106864
0611067
0611066
06110643242
06110629
06110611hl
0611060238
061106-061107
061105y
061105lj
061105h
061105g
061105bj
061105baytyleo
061105J
061105583
061105472
061105421
061105408
06110508sue
061104a
061104935
061104587
0611045242
061104417
061104411
06110415
06110411
061104079
061104058
06110405
061104030
061103981
0611039
061103471
06110333
06110311
061102915
06110225
06110210
061102030boy
061102001467351
061101m
061101ff
061101876
0611016
061101581243
06110152+panda
061101508
061101467
06110119
061101075
06110104
0611010250
061101012
061100873
061100642
061100542
061100481
061100339
061100218
061100163
0611001087
06110009274
061100014
061100--
0610yatpa
0610yandel
0610xzasqwfob
0610ty
0610smell
0610skate
0610sd
0610ryj
0610runit
0610rp
0610rob
0610peace
0610pan
0610nica
0610mui
0610montse
0610moni
0610mint
0610mike
0610mari
0610mals
0610lizleon
0610linh
0610linder
0610kimmy
0610jym
0610june
0610jr
0610jp
0610jess
0610jeje
0610irfan
0610icezy
0610gua
0610gabi
0610fyjferteamo
0610evm
0610ers
0610dream
0610dj84
0610dayah
0610dahianna
0610cl
0610ciara
0610chip9751
0610callum
0610boys
0610ben
0610bdg
0610bc
0610anad
0610alex
0610ajm
0610abc0423
0610abby
0610PA
0610Jen
0610Callum
0610APRbran
0610;brodie
061099md
061099956
06109955
061099502
061099500
06109900
0610989455004
0610984
061098297
0610982500
061098061098
061098056
06109800
0610977302806
061097278
061097084
061096rrf
061096AK
0610969191
061096773
06109647
061095mel
061095e
061095614
0610955
061095333
061094sofiatqmss
061094paramore
061094n
061094jtm
061094a
061094_
0610949
061094776
0610945972
0610940709921513
061094060806
0610940
061093vicky
061093m
061093g
061093861
06109363
0610933
06109306
061092s
061092m
061092j
061092g
061092b
061092061092
061091birgit
061091977
061091924
061091549
061091177
06109114
0610911292535
061091021291
0610910
061090rs@\\
061090rs@"
061090rbk
061090jorge
061090erendy
061090abnersese
061090a
061090G!
061090ANDREA
061090703
0610906
0610905782
0610905
061090425
061090313
061090118
061090016
061090003
0610900
06108palace
061089nellyrubi1
061089laura
061089jon
061089aj
061089OUtubro
061089FTTBA
0610899
061089848
061089387
06108917647
061088rafp
061088jeff
061088a
0610889s
06108888
061088618037
061087j
06108797145932
061087461539
061087372
06108728
06108709
061086kp
061086aa
061086963
061086696
061086223
061085j9
061085c
061085714
06108522
0610851100
06108508
0610850073
061084libra
061084968
06108477682
0610847
06108417
0610840940
0610840
061083mrk
061083Joe
061083320
061083**
061082s
061082j
0610829
061082861
0610825lm
0610825leydi
061082302
061082100182
061081a
061081June
0610819700
0610814481
061081206
061081089
061081068
061081.
061080stor
061080j
061080a
06108080
061080702
061080599
061080550JjB
061080082
061080065
0610800164
061079wc
061079mep
061079d
0610799157
0610797352
0610797
061079594
061079194
06107900
061078827
061078424
0610780
061077suigeneri
061077d
061076655
06107533
06107470
061074190571
061073815
061073446
061072hb
061072841
061072531
0610710987
061071073
061071000071
0610708802nu
061070866
0610707411
061070735
061070659
06107
061069619
06106957
061069122025736076
0610691
0610689
061068630
06106830
061068080
061067b
0610676209
061067556
061067344
061067149
061066646
06106578803
0610657080
061065470
0610653
0610651
06106488
061064774
061064735
061064363
061064305
061064103
061063290
061063178
061063104
0610630120654
061062ru
061062562
06106250
061062412
061062150562
061062
061061914
061061495
061061466
061061357
06106124
061061167
06106063
061060494
061060425
0610601184
061060069
06105ct
061059878
061059
061058r
061058375
061058268
0610580
0610572ns
061057276
0610570
0610559
06105553555
061054149
06105395
061053489
061053406
061053318
061053
061052A
061052555
061052
061051596
0610514
061051216
061051178
061050685
06105025
0610501858
061050005
061050
061049721
061049328
061048845
061048463
061048
06104776
0610