00992
04124
04123d2c
0412399992
04123999275
04123994218adelmo
04123981612
04123977464
04123967054
04123962027
04123960440
04123928676
04123927885
041239213
04123912737
0412391
04123907358
04123905824
041239
04123897811
04123894513
04123890249
0412387855humberto
04123869575
0412386301
04123861559
04123856703
04123852376
04123849004.
04123842155
04123840333
04123833076
04123824006
04123823920
04123822518
04123822001
041238196
04123794295
04123789
04123775340
041237716
04123765655
04123762174
04123752057
04123737
04123734568
04123706522
0412370599
04123703610
041236he
04123698516
04123698143
04123693835
04123689652MOLINA
041236884
0412368540
04123680045
04123674724
04123674057
04123673876
041236688
04123653473
04123643967
04123643067
04123641390
04123637812
041236363
04123633215
04123630551
04123628713
04123623172
04123621750
04123621229
04123621034
04123617989
04123617923_
04123615873
04123608045
0412360650
041235987
04123593079
04123587099
04123559114
04123558051
0412355
04123526
0412351280
041235012
04123489722
04123482897
04123481441
041234718
041234714
04123466474
0412346521
041234605
04123459659
04123455
04123453281
041234512m
04123446562
04123441431
04123434450
0412343
041233loogso
0412339448
041233774
04123367862
041233597
04123344844
04123332140
0412332537
041233240534
04123321
04123305089
04123300627
0412328204
04123270275
0412325881
0412325800
041232555
04123219
041232101233
04123206652
041232050535
04123096770
04123095211=
0412307112
0412306794
041230445
041230386
0412303722
0412303010
04123022027
041230156
04123006
041230023
04123001
0412299892159
04122988958
04122986367
04122984548abraham
041229762
04122971511
041229696785
04122967760
041229663
04122956261
04122956211
0412295498763
0412295413
04122950438
04122950215
04122948340
04122935741
04122928932
041229275
04122927267
041229243
04122923225
04122919150
041229181
04122917850
04122917806
04122915505
04122913604
041229051
04122904
041228mine
0412286
041228562
04122855
041228546
041228467
0412284
041228323
0412282905
041228165
04122812
04122802331
041227258
0412272319
041227113
0412270723329
041227030921
041226rafa
041226969
04122671280
041226707
04122661258
041226150
041226051
04122602
04122598660
04122596221
04122588053
041225751836
041225708
041225676
04122550753
0412254986
0412254800
04122544
04122543
04122537
0412253629380
0412253427
04122528view
041225244553
04122522
04122520
0412252
04122519
04122517
04122516
04122512
04122511
04122510
041225051
04122487052
041224660
041224592
04122448
04122447694
041224436
041224218
04122417
0412240410
041224039
0412239598
041223643
04122342355
041223102
041223036
0412229560
041222941
041222932
0412229175
0412229009713628364
04122280156
04122276112paola
04122260922439
04122248925
041222390
041222336
041222313
04122212
0412220
04122199583
041221986
04122192266
041221917
041221685
04122134
04122129
0412211927023
0412210497
041221046
04122099153
04122096831
041220896
041220808
04122078893
041220776
04122069457
04122064401
041220543l
04122044205
041220425
041220380
04122026
04122025714alayne
04122019936
0412201936
041220068
04122005j
04122004j
04122001gerry
04122001
04121997b
04121995=)
04121993nunobust
0412199309061993
04121992ihi
04121992hugogizmo
04121991ra
04121991cgzr
0412199042
04121989a
04121989366
04121988932
0412198720dj
04121987011
041219870
04121986den
04121985ag
041219852008
04121985029
04121984c
041219844
0412198422051980
04121984061
0412198404121988
041219830
04121982at
04121981a
041219801234
04121979p
04121978linda
04121976
04121974j
04121972
04121969MP
04121969
04121964
04121963mb
04121962
04121961
04121957778
04121953
0412195
04121933193
041219315
04121929611
041219204
04121918092
041218kv==
04121878101
041218645
041218624
04121850256
04121846529
04121844163
04121843110
0412184
04121839503
04121828929
0412182830
04121827771
04121821490
04121820838
04121815359
04121808330
04121805
04121803965
0412180245300
041217JEY
041217904
04121789667
04121789540
04121787551
04121775328
04121775058
04121774799
04121774781
04121771730
04121770200
04121769100
04121763891
041217635
04121762874
04121761426
041217614
04121760637
04121756539
04121754642
041217421
041217199
04121686447
041216749
041216608
04121618
04121617550
04121608
041216047
04121590696
04121590
04121589613
04121589547
04121586303
04121578988
041215638
041215601
0412154133333
041215248
041215147
0412151
0412150930
04121489787aapc
04121482838
041214825
041214789
041214600
04121460
041214373
041214368
0412142500
04121412
0412141
041214056
041214025
041214008
04121380244
041213744
04121366931
041213653
04121365244
04121351815
04121350128
04121345027
04121344058
04121342743.S
04121341505
041213412
04121339646
04121328101
04121327798
04121327080
04121325382
041213221
04121320978
04121320259
04121317048agbeb
041213160
04121315307
04121312068
041213114
04121307976
04121300532
041212810
041212730544
041212697
041212685
041212684
0412125
041212487
041212448
041212411
041212398
04121231
0412123
04121228
041212274
041212269
04121224
04121220
041212067
04121204
041211jay
0412118
041211638
0412114919
0412114166972937
041211251
041211226
04121118
0412111006
041211034
041210840
04121083
041210611
0412105
04121013
04121012
04121
04120max
041209991
04120995083
04120991083
04120987194
04120977553
04120971835
04120948833
0412094
041209384
04120929701
041209234
04120921
04120914881
041209125
041208sf
041208michael
041208ams
041208913
0412088938
04120884028
04120873849
04120873117
04120863474
04120860771
04120859067
04120845717
04120843992
04120838481
04120830
04120828393
04120828150104
04120823993
04120823703
04120820
04120818623
04120817225
04120812406
04120811
04120808
041207kgsl
041207_nani
04120792
041207897
04120785
0412078460
041207771
041207768
04120775441
04120758084
04120754136
041207400
04120737478041277375
04120724
04120721489maria
04120711
041207074
041207056
041206rose
041206d
041206CHAPISPECI
0412069
04120685
041206839
04120677
04120666888
04120666085
04120665***
04120656742
04120656
041206338
04120632802
04120617974
04120612
04120611
04120610730
041206100830
041206094
04120608714
041206084
04120604
04120603
041205se
041205nikos
041205feryadi
041205523
04120546855sexy
04120541745
0412053
04120521Jy
04120521927
04120518254beto
04120512
04120511
04120508
0412050012
041204tre
041204rs
041204dean
041204as
041204a
04120489660
0412047367
041204658
041204622
04120461363
041204395
041204291
041204266
04120425
041204240426
0412042230
04120421324
04120405
041203l
041203fj
041203am.
04120394575
04120393367
04120391465
04120388976
04120384620
041203828
04120381237
04120379141
041203699
04120369609
04120365446
0412035099
04120349158
04120343320
041203388
041203368
04120334174
041203200106kt
04120317633
04120313
04120311
04120310762
04120310282
041202p
041202nv
041202996
04120298717
041202914
041202720
04120270
04120269
04120267
04120261575
0412024
041202366
041202301
04120226863
04120224967
0412022409
04120217
04120209763
0412020910
04120208
041202070610
041202040887
04120202
041201baby
041201J
04120184712
041201733
041201713
04120171043
041201586
04120156428
041201562
04120155693
04120152363
04120145572
0412013
04120125870
04120122019
041201206
04120118477
04120109430
04120109
04120107
04120106
041200k
041200871
04120085tarito
0412008
04120062.
0412006
04120056
0412004066
0412004
041200212
041200025456
0412.cristian
0412-6946459
0411yomark
0411yo
0411y0411
0411ww
0411vale
0411va
0411u72538
0411tefyta
0411te
0411taty
0411roman
0411rn0226
0411rip
0411race
0411rab
0411punu
0411ps
0411poy
0411pc
0411pame
0411nov
0411namallik
0411mjt
0411mh
0411md
0411mcss
0411mb
0411may
0411master
0411masnag
0411macho
0411lucky
0411lldj
0411kris
0411kj
0411kirva
0411i
0411hyan
0411hv
0411hui
0411heidy
0411groupy
0411gm
0411drex
0411dk
0411ct
0411cris
0411codymatthew$
0411cecelia
0411bubu
0411ayden
0411angie
0411andrea
0411alonso0411
0411al
0411adrian
0411ab23
0411`84
0411TITI
0411OGlover
0411MANN
041199l
041199770
041199545
041199214
0411991
0411990
041198N
0411989
041198836
041198686
0411986
041198551
0411983
0411981832
041198088
041198080
041197santana584899650
041197D
041197891
041197658
041197436
041197345
041197136
0411971300035
041196l
041196887
041196786
041196709
041196466
0411961793
041195z
041195bb
04119594
041195912
041195750
041195596
0411955264
04119551
041195464
041195340
041195232
041195190
041195015
041194zlc
041194ei
041194d
041194b
041194adad
041194_8
04119494
041194342
0411942359
0411941311
041194088
041194**a
041193t
041193se
041193a
041193KH
041193356
0411933529
04119312
041192s
041192livyostar
0411929
041192700attapon
04119253
0411921
04119205264
041191bre
041191998
04119198
041191763
041191731
041191648
041191582
041191360
041191291
041191185
0411911015
041190s
041190michi00
041190m
041190829
04119048
04119
041189yane
041189rock
041189n
041189kyw
041189dob/dob
041189aNmP
041189121088
0411891155
041189030
04118901
041188madre369rata66
041188kerry
041188fe
041188AS
0411886904
041188560
041188502184
041188351
0411881705851427
04118813579007
041188090
041188067
041187mybaby
041187mack
041187borregos4
041187VANEJENNI
041187Ma
041187CJC
041187961
041187522
0411874122
041187377
041187314
041187173
041187122286
0411871
04118704
041186dit
0411869174
041186893
041186518
0411860509
041185ressa
041185mjd
041185abi
04118588
0411858472
0411857936
041185745
0411855011
041185350544
041185318
0411851700
041185062003
041184lm
041184fatmeh
041184bn
041184an
0411847
041184448
041184411
0411841510
041184040801
0411840
041183pd
041183kc
0411837
041183593
041183577
041183233
0411830686
041183055
041182rip
041182m
041182kst
041182cc
041182RIP
0411829033
041182803
041182648
041182610
0411825530
0411823
0411822905
041182253
04118218393
041182030179
041182001
041181p
041181a
041181CH
041181834
04118123
041181228
04118117
0411811278
041181083
041180n
041180m
041180593kung
041180010
04117fudge
041179qsvpln
041179784
0411797369
041179581
041179556
0411794
041178nlw
04117891*.123
04117891
041178859
0411788353
041178787
041178452
0411782
041178180
041177goldverse
041177746
04117727
041176fatehah
0411767592
0411767591
04117630
041176201
0411762
041176011
041175DP
0411753085
0411747672basid
0411747504
041174587
0411743981
041174395
04117433
041174255
041173823
041173515
041173501
041173330
041173131
041173085
041173030
041173-katy
041172758
0411727143!jbc
041172528
0411722745
0411722538
04117224
041172231
041172218
0411721512
0411719219
0411718002
041171353
0411711956
041171031
041170594
041170184
041170147
041170064
04117
041169y
041169d
041169778
041168912
04116891
04116830
041167930
041167880
0411678092
041167699
041167562
0411668
041166629
041166599
0411662
041166088
041165494
041165133
041164@rey
0411649b
041164820
041164062***
041163798
041163649
041163552
041163406
0411633390
041163319
041162845
041162287
041162092
041162
041161991
0411618
04116177
04116167541
0411616059
041161524
041161413
041161344
041161262
041161211
0411610830
041160430
041160246
04116011
04116
04115hubby
041159567
0411595410
0411591012
041158939
041158903
0411589
041158733
04115868
0411583890
041158266K
041158030
041158
041157990
041157989
041157947
041157732
041157452
041157421
041157415
0411571315
041157084
041157
041156mmdcdgd
041156CB
041156836
041156793
041156646
04115628AlEjAnDrA
0411562714
041155968
041155963
0411559342
041155837
041155710
041155421
0411550863
0411549084
0411548219
041154569
041154
041153a
04115392666
041153849
0411538132
0411534510
041153405
0411532064
04115300210
041152854
041152678
0411524599
041152445
0411523426
041152158
041152
0411515960
0411515
0411512431
0411512078
0411512
041151181
0411510533
041151013
0411509e
041150928
041150726
041150707
041150608
041150037
04115
041149884
041149521
041149160395
041148803
0411488
041148295
04114812
041148
041147551
0411475467
041147488
041147486
041147436
0411474
041147009
0411470
041146882
04114670
041146559
0411464616
041146401
041146367
041145h
041145720
041145262
041145
041144656
0411445480
0411445088
0411443281
041144045
041143899
0411438512
041143684
041143443
0411432335
0411430513746464m
041143
041142882
041142279
041142082
041141826
041141608
041141486
041141464
041141379413gene
0411411
0411408
0411407798
041140742
041140659
04114032210386
0411402794
041140041
0411400
041139994
041139663
04113962
041139311
041138884
0411388
0411386924
041138594
0411382974
041138232
041138214
0411382
04113811
0411378834
041137825
0411376021
0411375412
041137510
041137032
041137022
041136981
04113684
041136609
0411365532
041136384
041136041136
0411356138
041135583
041135541
041135407
041135151034
041134957
04113473
041134673
041134332
041134231034
041134170
041134006
041133928
041133879
04113379
041133623
041133555
041133466
041133444
041133311029
0411333
041133223
041133185
04113304
041133015
041132940
041132903
041132838
0411326734
041132650
041132585
041132510
0411323s
041132375
0411322
0411321687
0411321348
0411321211
04113195
0411317545
0411317009
041131568
0411315361
041131531
041131519
041131442
041131251
041131191
041131105
0411310938
041131011
041131000
041130630
041130603
041130521
041130409
0411301987
0411301
041130084
041130080
0411300187
041129kung
041129827
041129531
04112908
04112906
041128631
041128587
0411285128
04112840228
0411283809
0411280810
041128066
0411278772
0411276209
041127594
041127356
04112730
041127287
04112728
041127088
04112704
041127004
041126b
0411269
04112681
0411268
041126295
04112618ml
0411260901
04112607
041125ol
041125955
041125826
041125771
041125710
04112570525
041125626
041125601
041125534
04112548
04112542
04112539
0411253678910
04112533pu
041125336125
0411253312
0411253126077
0411252
04112517
04112511
04112508
0411250536tong
0411250536
04112500
04112469949
041124512
041124350
0411243250
0411240914knt
04112407121017
04112405
0411238
0411237749
0411235552
04112354989
041123526AEA
041123511
04112350712
041123348
04112326
04112316614
04112310
0411226253
041122396kai
04112233
0411222728
04112210
0411220789
041121n
04112144
0411214
041121349
0411213137
041121123
041121083
0411210296
041120josh
0411202l
04112009
04112007derekin
04112007a
04112004emily
04112003m
04112
041119960573
04111995ssdm
04111994zac4
04111994zac
04111994k
04111994.
04111993thomas
04111993_fb
04111992mapa
04111991b
04111990h
04111989t
041119888
041119882007
0411198799
0411198713021986
04111986elola
04111984j
04111984aa
041119840018
04111982556286
04111978m
041119741105WACP
04111971
04111969wmp
04111969clima
04111969
04111968ruth
04111967
04111966
04111961
04111960
0411196
04111959
04111954
04111953
0411193
04111922mypeople
04111920
041119114
041119101
04111906
04111892
041118786
041118473
0411184
04111801
0411180057
041117x521
041117topi
0411178
041117691
041117242
041117209
0411166987
041116692
041116607
041116462
0411162500sb
041116214
04111591
04111585
0411157mn
041115260
0411152131
0411152124
0411152
0411151631
04111506
0411146880
0411146625
0411146441
0411146095
0411143
04111411
041113macc
04111384
041113709
0411135792
0411130635
04111304
041112915
0411129
041112788
041112751
041112443
0411122229
0411121901
041111987
041111825
041111717
0411115270
041111268
041111225
041111218
041111106
04111109
041111065
041110959
04111085
041110680
041110499
041110404
0411103327
041110232
04111018
041110179
04111010
04111004
041109998
041109969
041109944
04110964
04110928
0411091991
04110916
041109153
04110911
041109091
041108ily
041108950
041108758
041108755
0411082u
041108266
041108242
041108104
04110808
041108006
0411078
041107562g0bo
0411075
0411073403
041107237
0411071996
041107111107
04110705
041107001
041106i
041106325
041106167
04110615221
04110603
04110601
041105rbn
041105k
041105jx
041105Cv
041105925
04110512
04110510
04110507
041104kayleigh
041104A
041104962
04110464
041104479
041104467
041104430
041104353
04110423
041104191
04110418
041104130284
04110412
04110411j
041103zzq
041103bj
041103Na
0411036706w
041103483
041103300127
04110312
041103062
041103059
041103004
041102f
04110287
04110275
041102641
041102534yung
041102474
041102471
04110246
041102382
0411023
041102248
04110219jm
04110204
0411020
041101l
041101759
04110159
0411014655
04110124
041101234
0411012-8+k$
0411011
0411010203
041100jb
041100895
04110088
0411007
0411006rd
041100686
04110061
04110057
041100562
041100416
041100276
041100130
04110000
0411/916323049
0411.bvvf99
0411**
0411*
0410zore27
0410vicky
0410tyrone
0410tax
0410tavo
0410sydni
0410sn
0410ribeiro
0410ql
0410pn85
0410oll
0410oil
0410monique
0410milla
0410metallica
0410mdl
0410mdir
0410m1992
0410m1210
0410lil;kaisa
0410li
0410la
0410knr
0410jc
0410j
0410ivy
0410ihateyou0410
0410hj
0410fred
0410forever
0410e4me
0410daniel5
0410chan
0410cgm
0410cats
0410carlee
0410bs
0410bm
0410baby
0410anm
0410ams
0410alissa
0410Sam
0410SI
0410LVP
0410BFF
0410@1971
041099d
041099cf
041099@lis
0410992
0410991612
041098ordango
041098c
0410989
0410988
041098581
041098536
041098469
0410983440030
0410983175019
0410981
041097whisco
041097crunchie
041097b
0410977710085
041097761
041097687
041097283
0410972490
0410971
0410970691
041096erika
041096C
041096952
041096508
041095mix
041095cr
041095_ell
04109597
041095889
041095600
04109518551
0410951003039510
041094s.trigos
041094gnl
041094708
041094698
04109458492861
041094546
04109451a2s3d4
041093tt
041093teamo
041093jt
041093Pb
041093473
04109345
041093424
041093396
0410932269
0410932
041093118
04109304
041092s
041092renee
041092princess
041092parce
041092ml
041092me
041092jbr
041092@SH
04109254cr
0410923315
041092223
04109216
041091t
041091sbhs
041091ob]6[]
041091l
041091jessiyrodo
041091j
041091cvh
041091b
04109182
041091791
041091711
04109146cosd
0410914
041091294
0410912159kata
04109118
04109116
04109106wenwindy
041091030991
041091008
041090t
041090l
041090josealberto
041090flecks
041090emg
041090ariesnomul
041090aries08
041090aq
041090K
041090952
041090939
041090739
0410905402
041090452
04109029
0410902
041090191
041090161
04109016
04109013
041090102004
041090041090
041090029
04109
041089t
041089sl
041089f
0410898
041089516
0410892709
0410891700
04108902
041089.01FEB2007
041088p
041088k
041088jc
041088h
041088gary
0410889
041088683
041088523
04108833
041088+
041087noe
041087km
041087kd
041087`
0410879
041087559
041087322
04108712
04108710
041086zar
041086a
041086KE
041086AN
041086779
041086548
041086544
041086266
0410861575
041086125
041086041093
041085snash
041085i
041085h
041085ferc
041085810
041085802
041085529
041084d2nny
041084O
041084Cony
041084923
041084689
0410845845
041084527
041084229
041083rr
041083m
041083l
041083j
041083923
041083877
041083780
041083321
0410831
041082lpa
041082elizabeth
041082681
04108256
041082546
0410822565
04108225
041082236
041081sg15
0410819977
0410819015
041081584
041081492
04108143
041081114
0410810710
041080984
041080476
041080469
04108041
04108027johan
041080183
041080039
041080001
04108
04107int
04107dork
04107982
041079675
041079586
0410793
04107903
041078DI
041078455
041078193
041078//
041078--
041077884
04107784
041077510
04107714
0410767646
0410760
041075900
041075763
041075041075
041074844
041074714
0410746690
041074332
041074217
041074055
041073kls
0410736
0410730sam
0410730m
041072637
041072543
041072422
041072251
04107212080319
041072020
04107200
041071soni
041071aa
04107192
041071853cindy
041071640
0410712637
041070351
0410701850001Y
0410701715
041070056
0410698
0410694843
041069325
04106931
041068435
0410683021
0410678598520
04106771682
041067597
041066lm
041066833+-
041066205
0410660806
041066053
0410654214
041064455
041064401
0410643
041064043
041064037
041063744
0410636
041063020
0410620
041061951
041061883
041061864
041061718
041061618
041061316
041061188
0410607829
0410606738
041060494
041060342
04106033
04106025
041060072
041059790
041059722
0410595
041059424
041059
041058dj
04105837163
041058363
041057513
041057#
041056858
0410565112
0410561
0410559
041055803
041055486
0410554
041055
041054664
041054597
041054368
0410541029yamum=
0410541029
0410531a
041053134
041053068
041052k
041052857
041052097
041051891
041051588
0410514
041051345
04105111
041050925-
04105068
041050576
041050267
04105023
04105010
04105
04104snd
041049769
04104947758
0410489
041048725
041048407
041048220
0410481737
041047853
041047714
04104770
041047524
041047195
0410471224
041047100
041046750
0410465
041046393
041046326
041045kj
041045800
0410458
0410454311
041045223
041044850
041044264
041044017
041043925
0410434262
041043052
041043019
041043
041042764
041042721
0410425
041042477
041042259
041042134
041042105
0410420
041042
04104187
041041795
041041770
0410417
041041404
0410412e7194adc1b419a87a47979c36
041041105
041041056
041040918
041040896
0410408885
041040701
041040492
041040298
04104014
0410401012
04104006
04104004
041039959
041039577
0410394
041039037
0410390196
0410390
041038569
041038339
0410381260
041038088
0410379000
0410378594mel!
041037806
0410375988
041037573789
041037413
041037
041036mjm
04103688
0410363
04103603
04103591
041035825
041035711
0410351501
041035082
041035000
0410348939
041034395
041034322
041033868
041033604
041033163
041033011
0410330100
041033006
041032679
041032606
0410325-1
04103235
041032241032
041032166
04103214
04103213
041032021
041032015
0410320
0410315
0410311955
041031101206
0410310145
0410308
041030714
0410305522
0410305
04103042
0410304103
0410303
041030041
0410300110
0410300
04102k
0410299-3
041029874
0410293309
0410292821
0410292009
041029061129
041028841
0410285665
04102845
041028445
0410281
0410280
041027967
04102719
0410268cancer
041026623
041026256
0410261189
0410261124
041026067
041025686
04102549
04102540
041025332409
041025331990
041025321
04102528000000000
041025232523
04102521
0410252+
04102519
04102518
04102515
04102514
04102511
04102509t
04102509
0410250823
04102502
041024993
04102424
04102403
041024004
0410234678
04102324
041023101
0410230989
041022rl
041022668
041022521
04102214
04102182
041021701
041021549
041021412
04102128
041021231
041021211
0410211991
0410211
041021060
041021024
04102102
041020901
041020830
0410206
04102040
0410202527
041020199087
041020180
041020147
04102014
04102013
041020108
04102008/10
04102004xx
04102004kristel
04102001a
04102000nb
041020009
04101998montana
04101997kakay
04101997d
04101996nele
04101995renata
04101994twl
04101994a
04101993joanna
04101992A
0410199217
04101991d
041019914
0410199117e
0410199115
04101990skcjk
04101989portela
041019895587
0410198900
041019890
04101988adnan__
04101987s
04101985nico
04101985010101440
04101983y
04101983TAFAREL
04101982tk
04101982RJ
0410198206042007
04101981t
041019791
041019780
04101973
04101971c
041019652811
04101965
04101964
041019598
041019592
04101953
041019524
04101952
041019466
0410194240
0410194
04101933
04101920
04101907
0410190
041018988
041018981
041018934
041018849
041018391
0410183
04101823
0410182
04101816
041018119
041017589
041017485
041017363
0410173624
041017258
041016896
041016784
041016718
041016540
04101611
041016071
041016058
041015901
0410158426
04101577
041015351
041015304
04101523
04101521
04101519
041014784
041014691
041014615
0410144668
041014358
0410143
04101425
0410141413
041014111988
0410140310051234
041013747
041013732
041013588
041013472
04101310
041012m
041012ljd
041012j
0410127011
041012604
041012343
041012251
04101222
04101219
041012182627
04101202
0410115261709
0410115261252
041011326
04101130
04101127
041011230918
04101107
041011007
041010m
041010957
04101093
04101088777
04101083
0410108
041010623btm*
041010623btm
041010515
041010477
04101044
041010317
04101018
04101010
0410100266
04101
041009k
041009872k
041009866
041009487
0410094
04100930
041009290
04100924
04100912
0410091
04100906
041009037
04100900
0410088
0410087
041008691
041008569
041008494
041008488
04100826
0410082324
041008197
0410080
041007lb
041007jamillah
041007794
0410077855
041007772
04100776
0410076kc
041007688
0410076
0410075
041007373
041007284
0410071623
0410066
041006362
041006321
0410062190
04100612
041006096
04100609+
04100600
041005w
041005ry
041005marco
041005b
041005abe
041005720
041005686
04100567
0410054a
041005233
04100520
04100518
0410051172
041005105
0410050801
041005061189241090
04100501
041004tim
041004m
041004jdd
0410049489740
041004829
0410047
04100468
041004679
041004607
04100429
0410041jahblessed
041004110
041004100
0410041
041003726
041003621
041003611
041003227
041003211
04100321
04100319
041003137
041002a
041002D
041002870
041002815
041002744
04100271
041002616
041002549
0410025149
041002501
041002281
0410021989
04100202
041001857
041001730
04100125
041001119
04100108
041001-110805
041000938
041000923
041000661
041000579
04100056
041000470
041000209
0410000
041-0023
041 51989
041 0 31
040six1
040rdz
040oxnyp
040metroman
040mdscnw
040louise899
040liberty040
040liberty
040impalla
040cbhcbh
040biscuit
040aidil
0409zamiah
0409woupc
0409teen
0409seanSF!
0409rafael
0409piMY
0409mma
0409mariacamila
0409lore
0409lilj
0409kr
0409keyana2002
0409jr
0409jo
0409jake
0409he
0409elmono
0409ejj
0409doma
0409celia
0409bskz
0409birthday
0409baby
0409aj13
0409ab
0409aa
0409YO
0409XIOMARA
0409T1002
0409MC
0409MARIALEX
0409C
04099zam
04099dm
040999112
040998596
040998406
040997sv
040997953
040997760
0409976997
040997364
040997323
040997020871
040996n
040