996769
0409963210
040996231
04099612
040995t
040995jg
040995cs
040995966
040995551
040995446
04099540995
040994ricardo
040994V
0409949573863
040994876
040994863
040994464
0409942039koldun
040993win
040993p
040993late
040993da
040993cal
040993769
0409935387
040993304
040993221
0409931782
04099314
040992sr
040992ru
040992panke
040992jlb
040992hn
040992coyoacan
0409929205
0409925
0409921b
04099213395
04099213
04099208
040992024
040992012891
040991vincent
040991mr
040991losquiero
040991l
040991akv
0409918453
040991723
0409916412
0409913
040991248
04099117
040991068
040991*rpk
040990sh
040990m
040990is*04
040990frank
040990andy
040990ac
040990A
040990923
040990845
04099062
040990353
040990040990
04099004
04098sue
04098moh
040989t
040989ro
040989k
040989da
040989982
040989943
040989755
040989335
040989166
040989040989
040989003
040988luv
040988l
040988jk567
040988jk29
040988jk
040988apple
04098896
0409888
040988767
0409885407454
040988536
0409884427
04098834jr@
0409882382
04098821514
040988069
040987k
040987i
040987dos
040987cg
0409879
04098755
040987362
040987266
040987027
040986yunho
040986bi
040986b
040986abril
040986788
040986678
040986653
04098654
040986269
040986257
040986183
040985kryzray
040985260583
0409852534
0409844
04098406
040984038
04098363
040983565
040982ni
040982j
040982b
04098283
040982813
040982481
040982448
040982170993
040981777
040981595
040981413
04098133
040980tj
040980851
040980749
040980651
040980506
0409803970
040980016
04097lauribe
040979906
040979443
040978cc
040978917
040978643
040978186
040978182
040978001
040977c*
04097792_1803jj
040977102
040977030
040976jean
040976985
040976713
0409765695
040975rain
040975c
040975405
040975074
040974770
040974126
040973m
040973977
040973911
040973129
040973065
040972723
040972599
04097249204
040971a
040971930
0409717158
040971710
040971705
0409713723447pex
040970ely
040970764
0409706213
040970434
040970013
040969hhh040969
0409699081
040969699
0409696685
040969523kwen
040969523c
040969325
040969324
04096922
040969146
040969132
0409690775082
040968d
04096891
040968861
040968789
040968723
0409686
040968581
040968025s
040967990
040967715
0409677
040967370
040966718
0409655449
040965163
040965129
040964823
0409647801
040964501
04096388
040963400
040963177
040963055
040963013
040963
040962774
0409627389,./
040962499
040962251
040962011
0409618918
040961545
0409612
0409610973
040961094
040960fg
0409609978
040960441
040960091
04096
04095efzja
040959962
040959912
040959859
040959626
040959506
040959495
040959297
040959141
040959027
040958659
040958619
040957742
040957594
040957536
040957510
040957309
040957264
040956954
040956669
040955352
040955042
040954971
040954803
040954730
040954222
04095422036banana
040953b
040953723
0409530
040952959
040952728
040952358
040952342
040952120
040951755
0409515395
040951210
0409512
040950602
04095
0409499
040949716
040949627
040949429
040949415
040949239
0409492049
0409487960^
040948679
040948635
040948504
0409483503
0409480654
040948034
0409476259
040947357
040947270
040947160
040946665
040946427
040946113
040945941
0409454941
040945491
040945335
0409452319
040945144
0409450614
040944j
040944750
040944514
0409443
040944293
040944180
040943897
040943856
040943776
040943572
040943306
040943107
040943026
040942788
040942133
0409420k
040941621
040941448
040941322
040940993
040940808
040940718
040940547
040940421
040940274jmr
0409400123
04093DR
0409399698
0409395
040939452
040939
04093895
040938935
040938895
0409386
0409382872
0409373266
040936822
040935720
040935416
040934679
040934582
0409342041
0409340000000
040933996
040933808
0409335
040933112
040932544
0409324585
040932255
040932065
040932029
040931b2
040931757
0409316
040930918
040930705
040930458
040930067
040930025
04093
040929843
04092976
040929545
040929440
040929296
04092923
040928989
040928933
040928794
04092829
040928.020238bie
040927974
0409278i
0409278712
0409277765bwdeh
04092768
040927518
040927383
040927234
040927188
04092704
040926538
0409261529
04092615
040925952
0409258
04092553
04092552
04092549
040925478
040925442
04092540
04092538
04092537_m
04092537
0409253520032527
040925333
04092521mitsubishi
04092519
04092517
04092516
04092515
04092514
04092511
040924953
040924432
040924301
040924240
04092404
04092384
040923600
0409234939
0409234
040923392
040923035
040922886
040922621
0409222627
04092218
0409221189
040921477
04092123
040921171
0409209
040920235
040920212
040920181
0409200904
04092006j
04092
04091998jd
0409199711
040919961998
04091993loulou
0409199331234
04091992maylene
0409199219011994
04091991780780
04091990+diana
0409199*4
04091987joe
04091987borbolet
040919870530
04091986JSCC
04091985rs
0409198522jerry
0409198520
04091981beyonce_knowles
0409198108
04091979jen
04091978kp
040919778
04091975k
04091971
04091970ob
04091965
04091963
04091961
04091952
04091943
04091919
0409188915
0409185646
04091828
040918240
04091810
04091805
040918040
04091804
040917999
040917983
040917689
04091723
04091714017
040916482
0409161720
0409156
040915361
040914951
0409147999
040914708
04091427
04091423
04091407
040914053354384
040914
040913975b
040913351
040913249
04091321
04091320
040913041
04091304
040912867
040912748
040912558
040912301
04091222bri
04091221
040912202
04091218
0409121527
040912152318
04091206
0409120121584
040911674
040911652
040911304
04091130
040910mo
040910b
04091091
04091024
04091011
040909b
040909930
040909917
0409097
0409093369
040909213
04090920
040909187
040909183
04090903
04090900924121
0409090
040908929
040908809
040908757
040908298
040908279
04090825199104
0409081010tt
0409081
04090809
040908087
04090805
040908035
040907teadoro
040907byb
040907aadlv
04090726d
040907252
040907193
040907151
04090708
040906j
040906996
040906433
0409064
04090625
04090622al
040905l
0409058
0409057935
04090578
040905759
040905591
040905369
0409053203
04090531
04090520
040905055
040904iloveth33
040904a
0409049534953
040904110
040904090409
040903x2+1
040903938
0409039
040903790
04090379
040903670
040903669
040903573
040903302
040903203
04090314
04090313
0409030849
04090304
04090303
0409030
040902js
040902981
040902653
040902590
040902567
040902524
040902366
04090228
040902177
040902028
040902027
040901Jonas
040901815
04090139
040901207
0409011401
04090112
0409010824052905
040901062
04090104
040900icc
040900739
040900720
0409007
0409004290925031
040900428
040900377
040900335
0409002a
040900134
040900104
040900078
040900049
0409***
0408yen
0408vicdo
0408stephanie
0408star
0408sharon1992
0408shanz
0408sb
0408puto
0408power
0408pass
0408pao
0408paii
0408nisha
0408naty
0408mr
0408ml
0408louis
0408lmo
0408kevinyiya
0408kevin
0408ken
0408kapow
0408jaja
0408iamjunjun
0408hdz
0408gay
0408favre
0408etd
0408eri
0408eli
0408demitri-yan
0408deciofaria
0408daac.
0408ct
0408cris
0408cat
0408cali
0408babygu
0408baby1
0408babgu
0408at
0408as271040
0408arturo
0408april
0408alysia
0408ajvp
0408ai
0408ago*
0408ad
0408TEAMO
0408RFD
0408RC
0408KC
04089s
04089dfvnh
040899b
040899690
0408992119
040899120
040899098
040898mm
040898h
0408987
040898643
0408986000
040898231
040897r
040897lf
040897833
040897650
040897346
040896tina
040896a
040896861
040896798
0408965814
040896533
040896507
0408964567
0408961007
040896089
040895kccw
040895k
040895753
04089555
040895515
040895187
040895155
040894r0ng3l
040894r
040894b
040894719
0408945869123
040894553
040894375
04089434
040894040
040893yrp
040893rms
040893perro
040893a
040893930804
040893879
040893491
0408931878
0408931577
040892m
040892itzia
040892hiit
040892gvg
040892e
040892ad
040892a
040892_ale
0408928
04089230
0408923
0408922482
04089223
04089214
04089207
040892055
040892051291
040891yidarmy
040891r
040891m
040891kat
040891d
040891ap
040891a
0408919
040891777
040891609
040891600
040891576
040891270692
040891239
04089119
04089116
040890s
040890q
040890k
040890h
040890da
040890d
040890apc
040890_1
040890186
04089010
04089+0c
040889judybu
040889jaza
040889aj
040889AJ
04088992245
0408898104
040889124
040889.yuhwe
040888rubio
040888r
040888c
040888ab
040888T
0408888888
040888670
0408882wm
04088813
0408880
040887merymary
04088787
04088782579
040887476
040887390
040887250889
040886jas
040886h
040886gmrf
040886Alm
04088612
0408861
040885c
040885SKA
0408856940
040885380
04088523776
0408850
040884teamo
040884c
040884ah
0408849@chester.ac.uk
04088484
0408846555
040884102207
040883y
04088377
0408832403Ivania
0408832
0408830361
040882pom
0408828302
0408824472
040882355
0408821347
040881sn
040881jri
040881je
0408819325
04088182
040881651
040880tld
040879v
040879lp
040879gerlin
0408799
040879430
040878a
040878651
040878290
04087829
040877a
040877991
0408777561
0408777
040877336
04087731
040876116
0408761
040876086
040876061
040875n
040875839
04087576990400
040875683
040875611
040875329
040875087
04087459
0408745088
0408743898
040874361
040874307
040873h
040873710
04087325
040872650
040872622
040872319
040872130
0408720
040871638
040870756
040870626
040870609
0408704674
0408701510
040869Sjc
040869918
040869796
0408697896
040869403
04086898
040868843
040868813
040868753
040868372
04086835
040867885
0408675461
0408674756
040867431
040867332
040866875
040866274
040866174
040865904
0408656
04086402
040863D
04086332
040863299
040863006
04086297
040862623
040862314
040862291
040862254
040861886
040861215
040861
0408607038
0408600
04086
040859127
040859
040858610
040858544
040858221
040858201
040857499
040857397355
040857356
040857221
040857175
040857173
040857155
0408571494
040857097
040856995
04085657
040855639
04085558
040855257
040855025
040855
040854452
040854
040853lc
040853825
0408536154bec!
040853475
040853468
040853340
040853261
040853012
0408528084
040852158
040851w
040851776
0408515982
040851525
040851274
040851128
040851112
040850911
040850655
040850530
040850526
040850286
04085
04084984
040849753
040849440
0408494
040849399
0408493
040849092
0408490
040849
040848841
040848652
040848616
0408482733
040848048
0408480194
0408475601
040847090
040847
040846800
040846691
040846630
040846191
0408457847ZT!
0408457
0408454
040845114
040844o
040844602
040844515
040844342
040844187
040844082
0408435323
040842823
040842622
0408425508
040842359
0408421334455
040842107007
040842054
040842
040841922
040841024
040840834
04084081
040840215
0408401766
040840043
04084
04083meg
040839399
0408389866
040838937
0408382577
040838094
04083712355
040836780
040836678
040836397
040836393
0408363851
0408351008
040834944
040834213
040833mook
040833802
040832s.
040832889
040832147
040832010
040831944
040831902
040831683
0408313372
0408312
04083117
04083106
04083103
040830971
040830322
04083024jgjm
04082k4
040829_nanloveploy
0408298873
04082921
040829121
04082908
040828a
0408288
040828689
040828522
0408284569
040828383
040827475
040827413
04082708
04082701
040826500
040826443
04082618
04082611
040826000
040825ๅ
040825808
04082549
04082540
04082539
040825369040194
040825269
04082522supavadee
04082522
04082518
04082516
04082515
04082512
04082511
04082503
04082502
04082491t
04082474
040824326
040824063
040824022
04082312
04082307
0408230
040822706
040822613
04082210
04082203
04082130
04082126
0408211973134679159753
0408210291pikaan
0408200704082007
04082006/JD/
040820044
040820038
040820012810
04081997tomas
040819970
040819964
04081995w
04081994o
0408199404081994
04081993:m
040819936
04081992072808122911
0408199110
040819910
0408199
04081989an
04081989+diron
04081988iubire
04081987jlh
0408198730513053
04081986lvb
04081985a
04081985259415
040819847
04081983kb
0408198261
04081981bichito
040819804673
0408197769
04081975kysr1994
04081972
040819697
04081968
04081961
04081960
04081959
04081958
04081957
040819565
04081953
040819083tat
04081903
040818cc
040818588
040818562
040818068
040817536
040817520
040817407
040817402
040816770
040816671
040816663
040816254
04081610
04081607
0408160203
040816017
0408159809
04081557e
040815378
04081520hugu1to
0408152
04081518
040815166
04081502
040814869
040814757
0408146036
0408145
040814234
040814123
040813cs
0408139791
0408135
040813478
0408134562
04081312557cym
040813
040812575
040812420
04081224dak
040812182128
040812164
040812140
04081209
04081208
04081207
0408113131mapabe
04081123
04081120180218
0408110806
04081107
04081105
040810p
040810937
0408108
040810627
040810351
04081029
040810086
04081005
04081004
040809l
040809bammed
040809570
04080927
04080926
04080924
040809182128
04080905
04080904
040809014
0408090
040808nad
040808love
040808e
040808cath
040808T_T
0408089m.b
04080896
040808909
040808877
040808693
040808311
040808254
04080822
040808048
04080801
040807carlos
040807c
040807LUIS
0408079050297820
040807454
0408074
0408073
04080711
04080709
04080701
040806nf
040806m
040806kev
040806j
040806bislove
040806RZ
040806759
040806727
0408066845
040806462
04080630
040806166
04080610
04080608
04080606
040805kakina
040805a
040805947
040805939
040805289
040805267
04080517
04080512
040805030887
0408050006
040804sss
040804ra
040804mon
040804j-z
040804h
040804d
040804709
040804616
040804324
04080430
0408042012
040804201
040804156
04080410
04080408M
040804063
040804033
040803lp
040803and
040803830
040803413
040803348
04080321
04080320
04080311
040803070
040803038915012008
040802rot
040802l
040802aj
040802960
0408028
040802378
04080206
040802005
040801dyo
040801986
040801975
040801516448
040801387
040801224
0408012
040801188
040801044
040800s
040800k
040800BODA
0408009
0408008
040800737
040800589
0408001986
0408000
04080/8
0408*
0407zac
0407yun
0407yadig
0407will
0407ton
0407tay13
0407tay
0407steve
0407qovd
0407phat
0407patis
0407mo
0407mj
0407metha
0407maris
0407magnet
0407mae
0407madison
0407kym
0407kts
0407kry
0407km
0407jesse
0407jd
0407jake
0407j
0407hgo
0407g
0407fernando
0407fer
0407dennis1993nl
0407danny
0407dani
0407daaa
0407d
0407colbyj
0407cm
0407bryan
0407blha
0407beba
0407bale
0407angela
0407andrea
0407andre
0407amza
0407amorcito
0407KYLE
0407KT08
0407DEE
0407CM
04079vic
0407996
040798sam
040798ns
040798jriii
040798jah
040798994
04079898
0407989
04079884565
040798508
0407983
04079810
040797m
040797A
040797648
0407975674
0407970667@hotmail.com
040797012
040796yh
0407969650
0407961912
040796127
040795mb
040795corazon
040795bris
04079596
0407959254
040795811
0407956414
04079540591995
04079527
040795025
040794tz
040794rj
040794em
0407946847
040794615
040794300
0407942129
040794165
04079414
040793viri
040793p
040793mko
040793k
040793isra
040793cf
040793as
040793CK
040793837
040793679
040793606
040793522
040793165
04079314420
04079312geminis
0407931084Steffen
040793060580
04079306
0407930521
040792r
040792q
040792j
040792fsu
04079297
04079290
040792885
040792836
0407927
0407926445625
040792542
0407925140
04079223
040792134.jimmy
040792099
040791i
040791g
04079177
040791735
040791562
040791300491
040790joly
040790jfgs
040790a
0407909334
0407906509
040790508
040790445
04079018
0407901645
0407900l
040790.a
04078m
040789mor
040789b
0407892332ef70
0407892332EF70
04078918
0407890
040789-
040788nt
040788lh
040788bday
040788953
040788925
04078888
0407888757
040788580
040788226
040788184
040788024
040788020
040787h
040787bd
040787b
040787838
040787807
040787160
040787067
040787019
040786b
040786960
040786928
040786804617
040786634
040786607
0407864279
0407863680307
0407861515
04078603
040785et
040785709
04078522
040784ss
040784mg
040784mdj
040784m
040784k
040784high
040784hi
040784a
040784657
0407845502
04078402
040783yg
040783m@
040783bla
040783876
040783868
040783841
040783378
040783149
0407830916
040782kelly
040782j
040782b
040782anysa
040782_dulce
040782930
040782906
0407825a
040782534
0407822573
040782212
040782210506
040781gfif
040781b
040781794
040780juli
040780eje
040780a
04078085
040780456
04078036
040779t
040779mark
040779952
040779823
0407798060
040779780
040779712
040779490
040779067
040778589
040778488
040778361
040778123
040778087
040778040778
040777k
040777971
040777860
040777372
040777148
040777085
04077680
04077672
0407767
0407764114
040776309
040776245
040776199.
040776-let041082-tas
040775Mh
040775809
0407756693
0407756263
040775469
040775232
040775169
040774711
040774678
040774431
040774076
040773990
040773653
040773557
040773392
040772912
040772724
040772655
040772654
04077258755
040772422
040772345
040772113
040771a
0407718432
040771833
040771750
040771744
040771712
040771493
040771356
0407712916
040771167
0407710616
0407709626
0407707700
040770403118313193
0407701134
040770029
040770026
040769935
040769669
040769456
0407694304
040769426
040768767
0407687450
040768334
040768058
040767952
0407677
040767668
040767410
040767315
0407670736
040766993
040766391
040766210
040766019
040765960
040765864861979
040765790
0407657084
0407656
040765484
040765055
040765029
040764776
0407647272
040764727
040764615
0407644
040764133
040763713
040763694
040763498
040763099
04076256
040762140
040762027
040762020
040761795
040761712
040761213
040761197
040761113
040760968
04075kl
040759786r
0407597864
040758266
0407581958
040758
040757bhb
040757456
040756292
040755ym
040755w
040755cr
040755928
040755100
0407540321
040752
0407516
040750ap
0407507
04075040
040750322
040750
04074swgrv
04074959
040749510
040749141
040748397
0407479m
040747862
040747605
040747469
040747
040746909
040746701
040746548
040745598
040745136
040744958
040744264
040744225
040744214
040744
040743936
0407436706
040743558
0407434v
04074332455
04074212
040742064
040742040
040741746
040741703
040741678
040741611
040741470
040741165
0407409005mum1
040740660
040740396
040740308
040740223
040740212
040739821
040739807
040739681
0407394b
040739439
040739018
040738313
040738250
0407381799
040738156
040738
040737pg
040737my34
040737E
040737910
040737667
0407375
040737496
040737124
040737050
040736994
040736403
040736176
040735502
040735374
040735021
04073496
040734933
040734825
040734780
040734080
040733g
040733882
040733873
040733691
040733449
0407333
040733269
040733006
040732861
040732781
040732687
040732319
040732002
040731991
040731893
040731885
040731324
0407311
040731045
040730697
040730545
040730341
0407302189
0407300898
040730040
04073
04072ILA
040729974
040729748
040729693
040729603
040729421
04072931
040729143
040728e
0407286966
040728200519
040728119
04072807
040727791
040727672
040727567
040727457
040726582
040726406
0407263036
040726271
0407258789
040725694
04072552
0407254564
04072538
0407253499
04072531un
040725304
04072530
04072511
04072508
04072504
040725035
040725004
040724907
040724440
040724262
040724229
04072409
040723tam
04072380
040723722
040723628
040723588
040723272
040722k
040722990
0407224550
040721june
040721693
040721569
040721519
040721121980
0407210431
040720812
040720766
040720664
040720586
0407203
04072006w
040720060
040720013
0407200
04072
04071999cfe
04071998
04071997adina
04071996qw
04071996cr
04071995k
04071995july
04071995be
04071994t
04071994p
040719942005
040719940
04071993j
04071992=P
04071992007
04071991m
04071991andy
040719910231786
04071990zurlyroa
04071990,,
0407198904071989
04071986d
0407198612
04071982ashley
040719801991
04071974
04071971
040719696
04071969
04071967
04071964
04071959
04071956
04071955
04071950
04071943
04071941
04071931
04071929
0407191611
04071903
040719+8028
04071898
040718789
040718664
040718393
040718255
040718200
04071805
040718026
040717743
0407172908
04071711
04071704
0407165780
040716484
0407164535
04071627
04071621
040716082
04071602
0407160
040715640
040715615
040715586
040715414
04071523
040715
040714951
040714813
04071467
040714563
040714289
040714241
04071417
040714160
040714112
040713bi
04071384555
040713772
0407137026
040713667
040713646
0407133o
0407133989
04071308
040712988
040712483
04071227
04071217
04071216
040711a
04071187
04071170
0407117
040711665
040711497
040711306
04071123
04071119
04071115
04071109
040710D
040710989
04071088
040710779
0407107488
040710350
0407102567
04071022
04071020030810
04071012
040710086
040710028
04070g
040709w
040709dmn
040709854
040709813
040709804
040709549
040709449
040709320
04070929
04070927
040709217
04070921
040709202528
04070920
040708zxhuxho
040708da
04070893
040708717
040708415
0407083
0407082539
04070823
04070819
04070809
04070808
040707apj
040707960
040707850
04070780
040707633
040707540
04070743
040707184
040707074
0407070707
040707049090316
040706b
040706_p@u
040706LJ*
040706Jk
040706602
040706569
040706504
040706430
040706344
0407062p
04070614
04070610
04070609
040706061228
040705y
040705952
0407058
040705539
040705489
040705443
0407052391
040705232
040705211182
040704unac
040704k
040704a
040704834
040704591
040704324
040704300477
04070427
0407042615STi
040704210306
040704160
040704071
04070404
04070401
040703835
040703825
04070378
040703639
0407035
04070325
0407031377
04070309
040702keon
040702j
04070299
04070286
040702835
040702714
0407026
040702386
0407023478lani
0407022078
0407020767
040702034
040702021
040701mami13papi17
040701anne
040701565
040701564
04070135
0407013/1139
040701042
040700s
040700gnv
040700ad
040700J
040700Alex
0407009
04070076
04070073telin
0407005
0407004386
04070031
0407000130
04070001
0407.k
0407+.91518_dys
0407&711ij
0407
0406wY
0406u51198_05113
0406thiongthong
0406sary
0406rnc
0406rm
0406ranita
0406pe
0406paula
0406mss7191
0406mojamuz
0406midz
0406miangelito
0406mc@
0406mc
0406max
0406marie
0406mar
0406madalina
0406lusik
0406lhkcd
0406klp
0406kk
0406jka
0406jj
0406iomtg
0406i992
0406han
0406fixyou
0406fam
0406eqj
0406em
0406dz
0406dogi1990
0406danjas
0406daniko
0406d1125A
0406cnbs
0406cav
0406bradley
0406br
0406boom
0406bj
0406bayronB
0406aron
0406armoni
0406ap
0406aoon
0406ana
0406an
0406akp
0406a9
0406UC
0406TIgyu
0406Stephen
0406S9
0406COURTZ0406
04069avjbp
040699lukieg
040699br
040699a
04069975
04069931
040699193
040699110
04069900
0406990
040698919
040698722
040698719
0406986500371
0406986
040698405
040697u
04069746
040697169
040696s
040696n
040696karla
040696j
040696hes
040696annie
040696\\
040696862
0406965416
040696088
040696036
040695pr
040695mel!
040695kt
0406957
040695613
040695540
040695531
040695465
040695217
040695206900
040695192
040695124
040695..rin
040694ruth
040694m
040694d
040694M
040694675
0406945
040694.21426640
040693tumul
040693tani
040693p
040693e
040693=)
040693667
040693330
040693241
040693123
040692luis
040692kb
040692jh
040692ds
040692dkm
040692ab
040692aD
040692997
040692960
040692836055
040692700
040692625
040692528
04069221
0406921
040691r
040691g
040691e
040691_mrg
040691_
04069198
040691766
040691672
0406916600
0406915414
04069100
040690ok
040690elda
040690abc
040690CLAUDIA
040690A
04069090
040690549
040690394
04069024
04069018
04069016
04068merry
040689laisabelhector
040689jd
040689930
0406897
040689624
040689475
040689279
04068925640
04068918
040689123
0406891
040689030307
040688w
040688santos
040688m
040688lmf
040688l3
040688l
040688cute
0406888
040688758
04068855
040688482
040688449
0406882106
04068802
040688003
040687mil
040687luis
040687j
040687e
040687bp
040687P
040687-e
040687*
040686i
040686atie
040686951
040686873
04068666
040686528
0406861812712
040686039
040686030
040685y130886
040685tina
040685ll18
040685ja
040685adi
040685909
040685791
040685629
040685595
040685489
040685260
040685160757
040685020
04068500
040684r
040684dmm
040684993
040684936
040684933
040684866
040684825
040684796
040684707
040684248
0406841707
040684130
0406840301
040683732
0406835luis
040683208
04068312
040683110284
040682p
040682933
040682814
040682620
040682456
040682416
040682403
04068224
040682181
04068205
040681s
040681cath
04068185
04068116
04068104
040681***9
040680w
040680j
04068099
040680429
0406804
040680274
040680132
040680002
04067ami
040679997
040679901
0406798
040679720
040679479
0406794247
040679402
040678NI
040678982
040678798
040678013
040677mct
040677gb
040677865
04067786
040677817
040677421
040677390
040677008
040676383
040676287
0406762008
040676117
040675mauro
040675cj
0406759792
040675767
0406757
040675620
0406754
040675186
040675160
040675110
040675084
040674886
040674822
040674442
040673883
040673860
040673767
040673726
040673622
040673609
040673440
040673147
040672lenlen
040672922
040672579
040672516
040672383
040672119930
040671990
040671933
040671887
040671811
040671600
040671564
040671216
040670cj1
040670737
040670631
040670617
040670530
040670338
040670035
040669833
040669757
040669325
040669176
040669175
040668878
040668806
040668682
0406683
040668066
040668001
040667joe
0406677831554
04066740
040667313
040667270
040667040667
040666980
040666802
0406665207
040666360
0406659237
04066585
0406658228
040665730
040665425
040665323
040665192
040665013
040664968
040664165
040663856
040663713
040663703
040663606
040663374
040663221
040662710
040662629
040662609
040662538
0406623121-
040662277
040662090
040662047
040661j
040661954
040660979
040660960
04066091199
040660856
040660839
040660627
040660477
040660428
040660411
040660111
04065y
0406598133
040659239
040659224
0406591959
040659077
0406590512
0406590166
040658428
0406580364
040657816
040657786
040657720
040657635
040656399
040656312
040656292
040656224
040656063
040655m
0406556
040655534
040655
040654977
040653489
040653350
040653
0406520
0406515779
0406508
040650778
040650277
04065
040649878
04064950d
040649318
0406492635petite
0406492245
04064921730
040