
025116
025115927
0251157
025115427
025114813
025114691
025114577
025114369
02511409
025113948
025113801
0251136
0251131
025112776
025112663
025112639
025112579
025112539
025112383
025112354
025112279
0251122608
025112140
025111976
025111883
025111402
025111222
025111190
0251111734
02511107
02511075
02511071
025110410245.
0251103
025110237
025110182
02511
02510adbeel
025109836
025109369
025109357
02510926
025109258
025109221
0251092
025109175
025109068
025108947
025108887
025108883
025108861
025108779
025108421
025108355
025108329
025108156
025108127
025107754
025107613
025107612
025107562
0251075
025107375
025107325
025107321
025107274
02510727
025107267
025107
025106955
025106951
025106903
025106802
025106677
025106672
025106502
025106463
025106462
025106418
025106416
025106399
025106343
025106287
025106277
025105860
025105835
025105810
025105780
025105775
025105621
025105503
025105459
025105371
025105338
025105120
025105012
0251049
025104844
025104821
025104700203
025104695
025104652
025104589
025104549
025104537
025104477
025104398
025104320
025104290
025104223
025104160ice
025104154
025104066
025104036
025104012
025103796
025103745005
025103720
025103704
025103664
025103653
025103525
025103043
025102804
025102775
025102675
025102629
025102561
025102498
025102463
025102426
025102187
025102183
025101951
025101876
025101814
025101706921
025101610
02510158
025101569
025101510
025101414
0251009744
025100795
025100736
025100705
025100655
025100623
025100582
02510050
025100464
025100437
025100339
025100336
025100258
0250vqapo
0250viqsx
0250robby
0250october
0250js
0250hooi
025099967
025099832
025099684
025099594
0250994907314227
025099434
025099
025098933
025098832
025098643
025098479
025098435
025098417
025098321
025098140
025097979
025097908tom
025097781
025097558
025097062
025097052
025096911
025096718
025096608
025096516
025096294
025096181
025096018
025096
025095997
025095985
025095948
025095875
025095698
025095557
025095230
025095072
025094996
025094994
025094933
025094930
025094732
025094556
025094533
025094520
025094425
025094420ja
025094402
025094355
025094250
025094112
025094024
025094018
025093903
025093803
025093509
025093350
02509331
025093270
025093264
025093090
025093
025092802
025092593
025092523
025092358
025092152
025092
025091987
025091885
025091811
025091805
025091776
025091672
025091556
025091461
025091232
025091114
025091082
025090964
025090791
025090787
025090022
02508nat
0250870
0250863
02508626
025086
02508437
025084
02508333
025082602
0250825
02508225
025082224
025082044
025082007
025082
025081e
0250814286
0250813136
025080965
025080845
025080836
025080762
025080705
025080654
025080623
025080607
025080451
025080381
025080343
025080193624
025080099
0250796
025078208
02507710
025076624
025076303
0250762620
025076
0250756203alex
02507466
0250743118
0250739486
025073536
025073340
025073
0250728
025070
02507
025068
025067
02506425064
02506014
02506
025059
0250574stv
025056
0250553
025053
025052542
025052452005
0250524
025051989
0250515
025050615
02505
0250493
025049
0250486
0250481
025046gee^
02504651
025046150137
025046
025045
0250441
025044
02504279
025042532
025042157
025042110
025042042
025041985
025041978
025041935
025041918
025041874
025041841
025041832
025041745
025041744
025041729
025041693
025041539
025041479
025041285
025041232
025041035
025041023
025040995
025040969
025040912
0250409
02504088
025040848222*
025040821
025040801
025040782
025040748
025040713
025040668
025040466
025040421021-4
025040332
02504019950
025040032-not
025040023
025040
025039945
02503980janet
025039758
025039746
025039653
025039643
025039171
025039142
025039054
025039030
025038989
025038924
025038883
025038829
025038740
025038733
025038718
025038706
025038704
025038679
025038677
025038575
025038542
025038331
025038304
025038300
025038276
025038226
025038169
025038049
025038
025037898
025037814
025037720
025037538
025037530
025037146
025037040
025036817
025036421
025036417
0250363
025036212
025036203
025036180
025036171
025036147
025036111
025036014
025035827
025035654
025035574
025035176
025034614
025034487
0250344050
025034290
025034
025033241
025033138
0250331
02503301
025032944
0250325
025032006
025032
025031700
025031627_
025031355
025031304
025031292
025031200
025031194
025031180
025031177
025031170
025031138
025030896
025030833
025030723
025030610
025030461072-9
025030400
025030375
025030346
0250300
02502991
0250296
02502744
025026
025025men
02502585
02502525
0250250250
0250250123
0250244
025023698
025023054069
0250227
025022
0250217
025021021
025021
025020455
025020134025024231
025020
02501980
02501913califas
025018
025017829
025017270
025017251
025017118
02501625
025016
025015729
025015486
025013495
025013391
025013071
0250130
025012828
025012757
025012679
025012632
025012501
0250124
025012353
025012303
025012135
025011945
025011936
025011911
025011852
025011841
0250117302477
025011653
025011373
025011313
0250111984
025011
02501088tok
025010795
025010598
02501000
02501
02500826
025008087
025008
025007
0250058ml
02500509
0250050
025004095
02500379
0250035
02500321q
02500250a
025002090
0250019
02500165
0250012
02500007
025000
0250
025-9399
025**babes
025**3201
025&ilhan&025
024yosblablla
024yekim
024xzsnd
024wejo
024wdwmq
024wad
024utb
024tirone62
024smudge
024smoke
024sailormoon
024ryan
024runner
024rebel
024ransk73
024rafacka
024pfaa
024nji
024nalaB
024mjfge
024mickey
024mel
024mei
024m1914
024litlbit
024laize
024kcbri
024jun
024jm
024jei
024hnfhcvderz
024feb
024ev
024eromkr
024bah024
024arvie
024_014
024Runner
024ILGKEzg
0249zrwxg
0249yg
0249na
0249kwh
0249credito
024999352
024999
0249986ab
024998597
0249981
024998
02499720
0249953
024993
024992519
024992
024988918
0249867640
0249865338
024986
0249840455
0249837
024983
024982294
0249822212
024982
024981
024980
02497985229
0249798357
0249789
0249786
024978
0249779693
0249770
024977
0249767
0249766
024974
02497314902
0249722
024972117
024972
02497107
0249708
0249707141
024970429
02496bmm
0249685138
0249683674
024968
024967
024966
024964893
0249645452
024964516
024963
0249616058
0249616
0249610949
024960546
024960
02495885
0249586697
0249586123
0249573117
024957
024956914
0249564450
0249559
024954732
024954657
024954
0249538
0249536
024953
02495274300jemmy
024952042
0249515
0249513322
0249512912
0249511365
02495109
024950
02495
024949341
0249482193
0249465614
024946276
024945124
024943
02494280
024942011025-9
024942011010
024941692
02494098
02494
024938
024937
0249369941
0249365372
02493442
024933651
02493315
0249328a
024932207
0249320210266
024931976
02493192
02493049
02492j
0249277s
0249251
0249249
0249248713
0249248
0249244
024922364
024921762
02492049
02492
02491a
0249165214
024916
0249153313
024915268
024914981524
024914923
0249131301
0249130
02491234c
024912289685
0249112
024911
0249107
024910
02490ga
024908674
024908219
024907247
0249070
02490673
0249041
024902599
024901338
0249013
024901233
02490080
024900
0249
0248z7648e
0248cr
0248but
02489jpvn
02489jhonjalo
0248992
0248989
024898
024897
024896
0248956731
0248946t
0248913
02489100
0248904metq
024890486ta
02489012
02489
0248891517
02488789
0248851994
024883dg
024882
024881617
024880yx
024880811
0248795
024879349
024879+6
0248775
024877
024876543
024875742
024875593
024875472
024875466
024875244
024875208
024875102
0248751
024875060
0248743
024874059
024873061
0248722
024871
024870s.students
0248695351
024869
024868
024867935
0248672033
024866275586
0248659731
02486579130
02486579
0248655
0248653433
024865130
0248650
024864
02486357
0248631795
024863
024862A
02486291
0248625896
024861579312
0248615379
024861112082
0248591
024859
02485654820
0248561883
024856
0248559
0248556380
0248553000034
024854
024853367
0248532c
024852118772692
0248519
02485174
024851
02485
0248469
0248456
024844
0248435
024843
024842
0248390
024838
024837
024836
024833
024832
02483
02482feb
0248299226
024829
024828579
0248275091
0248274
024827070
024827039
024826662
0248265
0248264013
0248262878
0248262
024826005814
024825836
0248256
024825381
0248252920
0248248558
024824610
024824443
024824280
024823538
024823146
024822622
024821928
024821859
0248215402396216
024821539
024821163
02482
024819288taylor
024819288
024818
0248169m
0248164826
02481632
0248157369
024813
024812
024811
02480paola02480
024809589
0248094
024809
0248045
0248043
024803
02480248a
024802480
0248016302
02480136
024801247
024801
0248006
0248002
0248
0247yuepo
0247slim
0247krista
0247joel
0247jns
0247dick
0247dacasm
02479egcs
0247994
02479646
024796
024793
0247918
024789
02478510a
024785
0247820
024781549456
024781
024780
02478
024779978
024779923
024779725
024779684
024779269
024779
024778986
024778953113
024778952
02477895
0247789
0247788222
024778655
024778628
024778623
024778572
024778564
024778449
024778388
024778280
024778041
0247777
024777063
0247735519
024773280
024773206
024773124
024773111
024772915
024772784
024772518
024772484
024772290
024772225
024772
024771916
024771798
024771723
024771681
024771655
024771654
024771615
024771585
024771579
024771564
024771494
024771310re
024771258
024771187
024771111
024770992
024770681
024770654
024770628
024770624
024770347
024770296
024770286
02477
024769918
024769827
024769549
024769508
024769403
024769386
024769197
024768948
024768938
024768914
024768772
024768760
024768649
024768622
024768576
024768311
024768202
024768
024767997
024767969
024767965
02476783
024767759
024767718
024767650
024767627
024767463989
02476745963
024767450
024767445
024767411
024767386
024767337
024767335
024767278
024767188
024767177
024767146
0247671
024767097
024767003
024766997
024766923
024766911
024766892
024766852
02476680507
024766711
024766526
024766501
024766449
024766134
02476597624
02476592882
024765886
024765607
024765526
02476545344
024765353
024765273
024765248
024765244
024765144
024765045
024765
024764843
02476472
024764577
024764551
024764210
02476416
024764159
024764016
024763874
02476348714menat
024763341
024762996
024762873
0247628022
02476272415
024762527
024762499
02476239297
024762327
024761954
024761841
024761817
024761632
024761546
024761478
024761452
024761431
024761420
024761408
0247613rs
024761327
024761286
024761244
024760780
024760500
02476
024759620
024759092
024756757
0247567
024756461
024756
02475555
0247550
024754582
024753203
024752685
02475
024749x
024749686123456789
02474899
0247485
024748
02474735
0247455785
0247453231
0247452
024745024745
0247442378
02474367
0247420
024741474
024741231
024741
02474
0247391
024738065
024735
02473410654
02473325910
024732j
0247317
0247316
0247312
0247303
024728012
024727820
024727785
024727651048681
024727639
024727487
024727484
02472741+
0247274
024727361
024727310
0247271810
024727137
0247271
024727009
024727
024726991
024726984
0247266
024726585
024726517
024726458
024726235
024726168
024726083
024726012
024725989
024725964
024725852
024725815
024725800
024725769
024725692i
024725688
024725685
024725671
024725457
024725438
024725373
024725296
024725234
0247252
024725193
024725138
024725136
024725049
024724511
024724467
024724335
024724196
024724068
024724031
024723996
024723987
024723909
024723898
024723793
024723788
024723784
024723759
024723751
024723716
024723709
024723698
024723473
024723406
024723366
024723299
024723290
024723210
024723150
024723082
024723068
024722822
024722658
024722631
024722454
024722400
024722396
024722391
024722360
024722218
024722206
024722185
024722105
024722043
024721997
024721912
024721780
024721712
024721554
024721522
024721443
024721429
024721092
024721054
024720879
024720746
024720329
024720167
02472000
024719
02471888
024718
02471730
0247164119
024715s
024712911
024712
024711817
0247117k
02471099
02471018
02471
024709015
024708510
024707905
02470781
024707773
024707553
024705
02470402006
02470310
0247021
024702
0247007
0247004
02470019
02470
0246yzfr1
0246xj
0246sergi
0246puxpk
0246nino
0246f1
0246dave
0246cycc
0246camilo
0246ca
0246TL
02469888
0246983
024698173a
024697
0246962
024695ass
024695
024692706
0246924299
0246924
0246921266
024691710
02469
02468miki
02468mesa
02468maremasl
02468jls
02468hoa
02468g
02468ctbrd
02468baca
02468asme
02468_wan
024689996
024689848
024689838
0246897531KARENJARVIE
024689625
024689311
0246893
024689191
024689161
02468910
0246890831
024689030
0246890
024688nmd
024688970
024688850
024688795
024688766
024688758
024688468
024688375
024688372
024688240
024688232
024688221
024688131
02468795310
024687953
0246879513
02468793179nidal
024687913
024687911
0246879
024687611
024687591
024687549
024687540
024687348
024687312
024687284
02468715814
02468712454
0246871213
02468711434
02468711118
024687071
0246869575
024686842a
024686842
0246868
024686454
024686420
0246864
0246863635
024686170
024686121
024686001
0246859741
024685949
024685908
0246858M
024685868
024685858
02468571
024685587
024685501
024685450
024685291
024685280
024685226
024685182
024685148
024685109s
024685007
024684833
024684786
024684753
024684723
024684703
024684695
024684635
024684609
024684500
02468446
024684390
024684157
024684035
024683989
024683885
024683823
024683821
024683709
024683438
024683416
024683226
02468314697
024683
024682826
024682797
024682772
0246827222
024682413
024682282
024682072
024682
02468199
024681803
024681734
024681668
024681616
02468153957
024681490
024681480
024681462
024681402
024681358
0246813579loca
02468135790246813579=45
024681357-*/
0246812as
024681298
02468123
024681220
024681186
024681169
024681148
0246810r
0246810j
0246810hihi
0246810245
024681012530
02468101214
0246810121
0246810+L
024680xx
024680j
024680993
02468097531
02468084781
0246808319
0246808
0246805417
0246805123
024680430
024680319
024680180
024680145
024680123
02468...
02468+
02468**
02468!!!
0246798531
024679220
0246789
0246788938
02467823
02467802
0246780
024675792
024675771
024675719
0246756533
02467560
024675498
02467520
024675154
024675026
024674828
024674688
024674672
024674644
024674617
024674609
0246746
024674454
024674404
024674382
024674266
024674230
024674023
024674017
024674
024673991
024673950
024673884
024673800
024673728
024673650
024673615
024673547
024673199
024673007
024672985
024672795
024672789
024672788
024672643
024672460
024672419
024672416
024672227
024672184
024672140
024672122
024672
024671822
024671722
024671662
024671563
024671560ass
024671405
0246713739
024671286
024671176
024671128
024671104
024670960
024670846
024670753
024670748
024670608
024670547
024670390
024670339
024670330
0246702467
024670239
024670219
02467019
024670111
024669977
024669806
024669745
024669718
024669696
024669678
024669403
024669234
024669117
02466911
024669050
024669033
024668999
024668971
024668965
024668961
024668957
024668939
0246688908
024668872
024668831
024668563
024668470
024668430
024668413
024668253
024668102*
024668015
024667965
024667837
024667734
024667688
024667634
024667600
024667459
024667414
024667403
024667322
024667075
024667033
024667
024666946
024666608
024666570
024666545pop
024666542
024666477
024666389
024666385
02466631
024666163
0246661230
024666012
024666
024665988
024665862
024665811
024665784
024665567
024665525
024665508
024665450
024665397
024665340
024665332
024665208
024665138
024665
024664963
0246649
024664707
024664626
024664609
024664564
024664509
024664395
024664377
024664375
024664355
024664276
024664006
024663998
024663968
024663869
024663793
02466374
024663659
024663582
024663567
024663518
024663485
024663446
024663275
024663148
024663135
024663112
024663065
024663006
024663003
024663
024662769
024662581
0246624792
024662415
024662324
024662254
024662252
024662250
024662247
024662226
024662212
024662041
024662029
024661664
02466163132
024661630
024661614
024661550
024661391
0246610955
024661078
024661076
024661040
024660833
024660756
024660630
024660610
024660528
0246603@student.ul.ie
02466029720
024660169
024660096
024660
024659921
02465985
0246595758
024659404
024659402
024659250
024659201
024659138
024659114
024659092
024658998
024658903
0246588800
024658820
024658773
024658696
024658596
024658563
024658550
024658418
024658262
02465822612345
024658099
024658034bas
024657845
024657758
024657703
024657697
024657540
024657517
024657476
024657362
024657280
0246572403
024657171
024657071
024656969
024656924
024656906
024656768
024656755
024656752
024656750
024656745
024656744
024656438
024656162
024656099
024656064
024656012
024655993
024655924
024655917
024655756
024655748
024655732
024655685
024655643
024655616
024655466
024655446
024655392
024655386
024655307
024655265
024655246
024655165
024655134
0246550545
024655019
024655
024654998
024654778
024654711
024654704
024654640
024654602
024654593
024654541
024654372
024654290
024654214
024654190
024654169
024654073
024654012
024653980
0246539
024653848
024653689
024653657
024653626
0246536
024653581
024653566
0246535623
024653481
024653418
024653384
024653316
024653276
024653215
024653149
024653121
024653.848
024652950
024652903
0246528622
024652832
024652756
024652659
024652628
024652469
024652325
024652308
024652255
024652215
024652213
024652118
024652104
024652081
024652045
024652039
024652014
024652
024651960
024651902
024651901
024651787
024651715
024651675
024651575
024651530
024651439
024651411
024651363
024651326
024651294
024651249
02465114
024651130
024651108
024651
024650824
024650821
024650785
024650772
024650688
024650669
024650648
024650641
024650614
024650468
024650301
024650105
024650090
02465000
024650.
02465
024648652
0246480360
024648
024646973
0246461526
0246458850
024645
024644123
024644057
024644043
0246439578
024643328
024643304
024643259
024643241
024643219
02464321301
024643199
02464319187
02464318730
02464317385aa
024643113
024643039
024643023
024643
024642999
024642989
024642906
024642811
024642793
024642759
024642747
024642651
024642634
024642627
024642598
024642577
024642400
024642339
024642336
024642272
024642169
024642114
0246420971
024642075
024642006
024641961
024641823
024641811
024641782
024641225
0246411784
0246411490
024641147
024641128024641129
024641108
024641097
024641085
024641012
024640873
024640818
024640595
024640442
024640407
024640320
024640268
024640259
024640223
024640106
024640070
024640045
024640020
024639914
024639905
024639895
024639838
024639763
024639755
024639601
024639470
024639465
024639388
024639383
024639093
024639059
024639001
024638917
024638800
024638676
024638670
024638612
0246386
024638486
024638478
024638475
024638446
024638407
024638100
024638052
024637592
024637523
024637363
024637064
024637032
024637
024636861
024636786
024636544
024636520
024636516
024636483
024636453
024636448
024636404
024636369
024636253
024636232
0246362094
024636120
024636092
024636088
024635910
024635812
024635653
024635586tee
024635562
0246355
024635485
024635434
024635424
024635411
024635352
024635312
024635180
024635173
024635135
024635083
024635051
024635
024634925
024634906
024634778
024634752
024634750
024634699
024634674
024634672
0246346
024634522
024634519
024634508
024634404
024634036
024634012
024634006
024634
024633992
024633918
024633694
024633670
024633627
024633271
024633054
024633022
024632966
024632761
024632710
024632623
02463262
024632594
024632567
024632480
024632409
024632261
024632254
024631950
024631947
024631944
024631742
024631725
024631653
024631610
024631606
024631534
024631499
024631479
024631475
024631440
024631425
024631311
024631188
024631140
024631062
024631060
024631027
024630967
024630955
0246308980837815
024630857
024630849
0246308090
024630790
024630782
024630691
024630394092428215
024630
02463
024628879
024628830
024628686
024628523
024628205
024628036
024627912
024627802
024627780
024627610
024627559
024627539
024627502
024627335
0246272421
0246271
024627092
024627069
024627021
024626903
024626811
024626731
024626667
02462664100
024626566
024626554
0246264993
0246264291
024626384
024626354
024626258
024626237
024626204
024626187
024626147
024626073
024626
024625962
024625872
024625738
024625644
024625628
0246255031
024625487
024625464
024625405
024625391
0246253849
024625294
024625201
024625072
024625000
02462422
024623
0246223384
024621565
0246215081
02462149
0246213081
0246212263
024621152
024621
024620224
024620124
024620
0246191
024619
024618967
024618845
024618770
024618684
024618679
024618610
024618587
024618573
024618530
024618524
024618464
024618425
02461839
024618322
024618057
024618020
024618
024617987
024617791
024617770
024617750
024617590
024617572
024617482
024617303
024616341
024616263
0246161057
024616015
024615927
024615580
024615432
024615360
024615312
024615006
024613739
0246137238
024613622
024613282
024613275
0246132461
024613237
024613230
024613224
024613191
024613156
024613046
024613036
024613000+
024613
024611997
024611974
024611929
024611925
024611798
024611793
024611768
024611608
024611419
024611332
0246113161
024611247
024611190
0246110
024611
024610rc
024610912
024610806
024610790
024610748
024610711
024610657
024610515
024610471
024610470
024610331
024610277
024610221
024610203
024610136
024610107
0246101
024610042
0246080258
024607
0246068
0246062332
0246056
024605
024604600
024604058321
0246037
0246033
0246031
024602
024601980
024601599
02460156s
02460135258
024601345
024601168
024601113
0246010677
024600885
024600850
024600713
024600550
024600200
024600194
02460
0245tn
0245manzanas
0245malu
0245horses
0245998
024599708
0245992593
024599
024598
0245968828906
024595354
024593
024592
024591598
024591148
0245910142
024590638
0245904620
0245904
0245901mild
024589895
024588229
0245879
024587565
024587
024586
024585
0245846
0245842329
0245842
024584
024583580
024583
0245822321
0245820gob
024581775
024581670
024581561
024581554
024581531
024581300
024581222
024581133
024581106
024581091
024581
024580973
024580956
024580798
024580761
0245802501
02458
024579997
024579992
0245799
0245797789
024579754
024579622
024579619
024579578
0245795
024579457
024579426
024579336
024579318
024579296
024579161
024579113
024579109
024579058
0245789
024578897
024578873
024578796
024578700
024578400
024578365
024578332
024578199
024578157
024578150
024578105
024578038
024577914
0245778542
024577745
024577662
024577634
024577558
024577547
024577542
024577456
024577330
024577280
024577228
024577081
024577018
024576986
024576973
024576956
024576866
0245768
024576683
024576560
024576559
024576522
024576516
024576459
024576424
024576423
024576374home
024576309
024576256
024576180
024576131
024576063
024575906
02457590
024575846
024575831
024575798
024575761
024575559
024575551
024575483
024575395
024575380
024575314
024575235
024575186
024575153
024575137
024575049
024575046
024574975863
024574794
0245747741
024574752
024574736
02457470
024574552
024574482
024574436
024574391
024574330
024574172
024574111
024574027
024574
024573965
024573962
0245736722
024573537
024573489
024573323
024573311
024573251
024573072
024573049
024572943
024572900
024572895
024572865
024572827
024572782
024572755
024572748
0245726559
024572646
024572593
024572571
024572420
024572404
024572345
024572342
024572321
024572312
024572272
02457227
024572136
024572102
024572
024571944
024571927
024571911
024571807
024571475
024571429
024571257
024571243
0245711971
024571089
024570940
024570677
024570578
024570412
024570356
0245703
024570232
024570
02456Ben
0245698521
0245698
02456963
02456935
024569
0245683197
02456789jan
024567891
024567689
024567410
0245673156
024567
024566321a
024566
0245649
02456468324
024563549
0245620370
02456186
0245616
024561053
02456035
024560346
024560331
024560295
024559989
024559915
024559870
024559856
024559852
024559719
024559694
024559659
024559535
024559235
024559129
024559107
024559050
024559049
024559021
024558965
024558858
024558856
024558841
024558802
02455865
024558467
024558419
024558409
024558384
024558355
024558329
02455813601
0245581336923436337
024558125280
024558
024557926
024557778
024557717
024557716
024557461
024557090
024556932
024556854
024556833
024556815
024556672
024556567
024556560
024556512
024556429
024556417
024556401
024556334
024556256
024556234112
024556201
024556199
024556137
024556091
024556054
024556
024555929
0245559
024555797
024555783
024555558
024555433
024555209
024554972
024554636
024554562
024554558
024554523
024554472
024554421
024554227
024554220
024554153
024554007
0245540
024553998
024553960
024553907
024553878
024553802
024553626
024553503
024553440
0245533651
024553329
024553315
024553195
024553124
024553001
024552904
024552711
024552681
024552377
024552360
024552244
024552107
024552104
0245520654
024552045
024551931
024551920
024551882
024551756
024551706
024551647
024551146
024551
024550818822344
024550705
0245506953
024550617
024550597
024550578
024550444
0245501
02455
024549942
024549907
024549899
024549880
024549858
024549798
024549761
024548566
024548064
024548
024547878
024547643
024547641
024547479
024547438
024547419
024547323
024547195
024547142
024547132
024546960
024546881
024546867
024546859
024546848
024546837
024546836
024546717
024546704
024546580
024546505
024546486
024546444
024546235
024546203
024546189
024546112536
024546112
024545942
024545941
024545913
024545896
024545867
024545764
024545694
024545600
02