12945
028930124
028930046
028929477
028929417
028929273
028929117
028928831
028928699
028928691
028928616
028928574ice
028928553
028928385
028928375
028928357
028928352
028928129
028928124
028928024
028927895
028927855
028927852
0289277
028927575
028927573
028927521
028927461
028927419
0289273937623
028927393
028927289
028927068
028927
028926924
028926918
028926892
028926873
028926815
028926802
028926801truffle
028926794
028926775
028926773
028926745
028926707
028926702
028926631
02892662422
028926536
028926509
028926507
028926453
028926444
02892640
028926399
028926259
028926214
028926185**
028926134
028926089
02892605136
028925783titans**
0289254240289258425
028925
028924929
02892474
028924562
028924560
028924454
028924266
028924050
028923995
028923940
0289237819
028923696
028923637
028923621
028923544rakjay
028923528
028923389
028923349
028922935
028922896
028922861
028922790
028922582a
028922517
028922513
02892251
028922507
028922484
028922404
028922386
028922371
028922336
028922160
028922130
028921773
028921771
028921662
028921607
028921143
028921035
028920832
028920723
028920563
028920505
028920448
028920395
028920185
02892
028919978
028919920
028919884
028919857
028919712
0289197
028919574
028919541
028919455
028919383
028919309
028919289
0289192507
028919224
028919208
028919138
028919000
028919
028918966
028918861
028918764
02891852547
028918459
02891827586
02891827442
028918238
028918116123
028917104
028917
02891618
028915986
028915972
028915767
028915385
028915336
028915158
028915134
028915113
028914849
028914818
028914728
02891467329
02891466540
02891466361
02891465740
02891465696
028914583
02891456387
028914537
02891453022
02891451505
028914482
028914429
028914387
028914270
028914154
0289141041
028913924
028913769
028913699
028913693
028913673
028913672
028913656
028913586
028913579
028913560
028913418
028913306
028913233
028913212
028913119
028913097
028913018
028912993
028912808
028912638
028912516
0289125
028912493
028912343
028912201
028912056
028912053
028911ki
028911986
028911916
028911875
028911737
028911571
028911451
028911398
028911396
028911370
028911305
028911285
028911256
028911198
028911163
028911
028910992
028910804
028910597
0289105752
028910562
028910461
028910295
028910
02891
02890gc2006
028909a
028908977
02890876988
028908761
028908740
02890866333
028908655
028908337
02890830329
02890825289
028908185
02890815507
02890814725
02890814549
02890814016
02890808194
02890753871
02890748653
02890743005ab
02890742296
028907388
028907020
0289066
02890655379
028906546
02890651911
02890640133
02890620632
02890620087
028906080
02890603492dw16
02890603435
02890602662
028906
028905949
028905908
02890586833
02890586640
028905771
0289057484go
028905681
028905673
0289056
028905500
028905473
028905459
028905423
028905287
028905239
028905089
02890506249
028904984
028904955
02890491104
028904819
028904631
028904299
028904245
028903898
028903862
028903679
028903614
028903480
02890342696
028903425
028903402
028903399757891
028903348
028903332
028903306
028903231
02890319082
0289031369
028903064
0289030527
028903027
0289030254
028902997
02890297214
028902966
02890290558
02890289
0289028131
02890280987be
028902705
028902677
0289026486
028902607
028902602
028902528
028902361
028902344
0289023387
02890229154
028902201
02890207786
028901955
028901927
0289016765
028901660
0289016
028901579
0289015766
028901535
028901377
028901352
028901346
028901299
028901293
028901286
028901283
028901233
02890123
02890120885
028901205
028901194
028901006
028900975
028900974
028900875
028900642
028900606
028900562
0289004514
0289004411
028900435
0289004343
0289003987
02890036764
028900339
028900214
028900184
028900177
028900135
0289-c
0288zion
0288yare0288
0288mf
0288krf
0288ernesto
028899981
028899946
028899780
028899760
0288991
028898998
028898954
0288988893
028898845
028898766
028898718
028898653
028898622
028898616
028898605
028898412
028898406
028898402
028898374
028898337
028898295
028898202
028898081
028897884
028897859
028897683
02889751
028897484
028897472
028897389
0288972141
028897178
028897170
028897153
028896978m
028896805
028896758
028896745
028896733
028896676
028896659
028896637
028896542oo
028896469
028896359
028896328
028896097
028896073
028895981
028895819
02889541767
028895401
028895328
02889531752
028895184
028895104
0288950a
028895
028894708
0288947
028894579
028894548
028894519
028894492
028894446
028894212
028894090
028894084
028894040
028893640
028893401
028893335
028893304
028893095
028892700
028892695
028892649
028891967
028891894
028891846
028891824
028891709
028891684
028891553
028891343
028891316
028891262
028891128
028891118
028891081
028891042
028891030
0288909801
028890930
028890889
028890833
028890779
028890754
028890708
028890330
028890265
028890184
028890003
028889428
028889403
028889318
028889305
028889237
028888960
028888368
028888347
028888319
028887973
028887715
028887570
028887295
028887017
0288868
028886625
028886624
028886623
028885992
028885482
028885275
028884650
028884588
028884520
028884494
028884453
028884196
028884064
02888373
028883652
0288835628
028883538
028883439
028883415
028883223
028883192
028883119
028881785
028881701
028881100
028880962
028880462
028880439
028880343
028880306
028880258
028880163
028880054
028879961
028879881mbrpN
028879811
028879677
028879582
028879380
028879340
028879290
028878959
028878930
0288789
028878852
028878849
028878816
028878668
028878662
028878616
028878595
028878556
028878502
028878496
028878216peach
028878142
028878128
028878040
028877979
028877956
028877767
028877618
028877578
02887749659
02887748927
028877469
028877463
028877438
028877436
028877390
028877362
02887734
028877301
028877185
028877172
028877126
0288768
028876757
0288767152*9
028876710
028876682
028876494
028876386
028876378
028876359
028876343
028876228
028875802
028875796
028875766
028875719
028875512
028875500
028875226
0288750
028875
028874714
028874650
02887455
028874273
028873
028872593
028872540
028872367
028872295
028872103
028872025
028871892
028871756
028871182
028871
028870894
028870802
028870604
0288703
028870267
02887
028869182
028869027
028868945
028868899
028868636
028868326
028868293
02886821809
028867788
028867688
028867677
028867658
02886763296
028867562
028867548
028867530
0288674
02886737539
028867348
028867093
028866670
028866586
028866548
028866482
028866466
028865964
028865921
028865805
028865745
0288657090
028865682
028865589
028865526
028865339
028865319
028865192
02886503199
028864566
028864
028863708toom
028863331
028863037
0288624
028862363
0288623
028862299
028862118
028862
0288618489216
02886100
028860957
028860837
028860504
028860302
028860166
028860103
028860070
02885c
028859891
028859572
028859538
028859190
028859067
028859010
028858823
028858750
0288586701
028858505
028858402
028858296
028858164
028858153
028858072
0288577956
028857548
028857483
028857450
028856913
028856909
028856887
028856826
0288568212
028856760
028856759
0288567
0288565605
028856526
0288565009
028855996
028855964
028855873
028855791
028855785
02885577507
028855748
028855475
028855244
028855231
028855099
028854980
028854869
028854800
02885474410
028854724
028854697
028854586
028854572
028854446
028854412
028854386
028854298
028854275
02885410
028854061
028854053
028853976
028853850
028853811
028853757
028853535
028853480
028853275
028853235
028853225
028853
028852634
028852551
02885251082
028852271
02885221
028852050
028852
028851946
028851898
0288513014
028851130
028851089
028851076
028851055
028851024
028850540
028850450
0288501769
028850116
02885
028849373
02884918914
028848902
028848687
0288480
0288465
028845821
028845746
028845449
028845194
028845043
028844881
028844741
028844712
028844658
028844451
028844431
028844353
028844310
028844153
028844051
028844004
028843900
028843856
028843807
028843769
028843616
028843384*1
028843296
028842836
028842601
028842580
028842499
028842496
028842490
028842475
028842462
028842391
028842247
028842173
028842156
028842116
028842057
028842001
028841949
02884155860
028841525
028841281
028840988
028840376
028840096
02883d
02883997
028839658
028839243
028839179
028839135
028838802
028838642
028838602
02883858225
028838574
028838381
028838304
028837955
028837740
028837593
028837549
028837519
028837490
028837460
028837452
028837353
028837325
028837323
028837192
028837
028836914
028836805
028836804
028836763
028836646
028836635
028836505
02883645
028836445
028836443
028836436
028836341
028836311
028836251
028836184
028836060
028835494
028835350
0288353
028834848
0288345475
028834492
028834475
028834309
028834250
028834224
028833867
028833687
028833583
028833498
028833336
028833240
028833232
0288331459
028833064
028832849
028832431
028832389
028832286
028832183
028832035
028831804
028831779
028831740
028831739
028831734
028831655
0288316
028831566
028831521
028831425
028831197
028831150
028831143
028831124
028831111
028830633
028830601
028830587
028830492
028830057
028830021
028830
028829481
0288292569
028829124
028829113
028829061
028829
028828995p
028828994
02882897
0288289201
028828873
028828843
028828743
028828582
028828492
028828429
02882840818
02882840735
028828300
028828231
028828193
028828137
028828133
028828067
028828008
0288279923
028827740
0288277013
028827661
028827250
028825611
028825467
028825439
028825396
028825227
028825087
028825032
028825025
028824613
028824457
028824436
028824214
028824169
028824
028823960
028823759
028823745
028823551
0288232788
028823115
028823
0288229
028822802
028822665
0288226596
028822636
028822547
028822530
02882251870
02882251461
028822486
0288224735
02882245653
028822373
028822353
028822292
028822275
028822243
0288221723
02882215355
028822152
02882214202
02882213478tlf
028822131
02882212837
0288221052
028821864
028821843
028821779
028821741
028821739
028821663
028821649
028821511
028821442
028821417
028821310
028821285*-*
028821236
028821185
028821048
0288210346
028821029
028821008
028820887 
028820861
028820860z
028820857
028820773
028820631
028820536
028820391
0288203879
028820361
02882031
028820288
028820273
028820208b
028820174
028820170
028820149
02882010
028820066
0288200600
0288200462
028820018
028819921
02881972
028819599
028818900
02881883
028818816
0288187994
028818691
028818648
028818597
028818106
028818102
028818
028817750
028817741
028817708
028817476
028817426
028817411
028817396
028817360.
028817263
028817
028816898
028816807
02881671026
02881659671
028816576
028816240
028816227
028816213
028816096
028816060
028816037
028815vv/-
028815941
028815834
02881569221
02881566
028815463
0288154
02881537
028815288
028815247
028815155
028815089
028815022
028815002
028815+5-
028814704
0288146948
028814618
028814551
028814435
028814426
028814408
028814291
028814205
028813972
028813734
028813534
028813511
02881349123
02881349
028813482
028813445
028813345
028813325
028813293
028813226
028813
028812539
0288121475
0288119459
028811916
028811841
028811762
0288117589
02881168843
028811550
0288114
028811227
028811038
0288108084
0288103944
028810359
028810344
028810262
028810249
028810216
028810090
028810088
0288100
028810
028809610
028809568
028809399
028808951
028808875
028808798
0288087059
028808657
028808488
028808385
028808263
0288082
028808087
028807704
0288076962531899
02880761181
028807458
028807132
028807
028806629
0288062087
02880615
028804925
028804838
028804837
028804774
028804192
028804174
028804131
0288041215
0288041098
028803905
028803893
028803857
028803758
028803660
028803649
028803590
028803577
028803348
028803337
028803048
028803039
028803033
028803005
028802923
028802892
028802862
02880284886802
02880276
028802711
028802667
028802611
028802467
028802263
028802195
028802144
028802094
02880202869
028801837
028801822
028801729
028801629
028801623
028801566
028801494
028801446
028801358
028801269
028801215
028801
028800958
028800771
028800729
028800671
028800575keng
028800554
028800545
028800528
028800230
028800210
028800186
02880
0287zo3dna
0287jen
0287hmd
0287adw
028799859
028799784
028799684
028799613
028799536
028799523
028799497
028799449
028799405
028799354
028799327
028799302
028799300
028799115
028798886
028798831
0287987621234
028798756
028798735
028798624gta
0287986165
028798606
028798562
028798473
028798428
028798427
028798265
028798262
028798256
028798239
028798190
028798144
028797679
028797614
028797103
028797044
028797037
028796973
028796916
028796848
028796643
028796635
028796446
028796418
028796384
028796367
028796364
028796358
02879627160
028796231
028796184
028796108
028796
028795722
028795496
028795384
028795239
02879523
028795120
028795080
028794714
028794646
028794613
028794455
028794428
028794364
028794357
028794270
02879419212
028794112
028793808
028793799
028793771
028793631mon
0287936287
028793578
028793541
028793448
028793433
028793418
028793317
028793256
028793163@kikky
028793139
028793025
028793015
028792124
028792055
028792034
028791531
0287911vitor
028791155
028791153
028791108
028791044-166
028790649
028790219naja
028790165
0287901
028790004
028790
028789710
028789508
028789452
028789404
028789226
0287892
028788762
028788
028787570
0287860dk
028784089
028783lulay
028783963
0287839344
028783896
0287838936
0287838859
028783843
0287837974
028783760
028783703
0287836874
028783675
028783505
028783477
028783466
0287833572
028783353
0287833512
028783321
0287832961
028783272
028783231
028783165
028783093
028783087
028783038
028783037
028783019
0287822901
028782201
028782152
028782033
028781555
028781399
028781385
028781274
028781163
028781127
028780947
028780946
028780882
028780809
028780552
028780470
028780458
028780428
028780425
028780413
028780319
028780315
028780300
028780290
0287801500
028780150
028780130
028780101
028780089
028780079
028780017
028780
028779607
028779348
028779254
028779214
028779047
028778990
0287789598
028778832
0287787927
028778787
02877877901
028778764
0287786725
028778649
028778585
028778569
028778541
028778436
0287784185
02877832
0287783185
028778317
0287782965
028778240
0287781g
028778
028777813
028777798
028777788
028777764
02877767252
02877766520
02877765170
02877762590
028777559
02877741835
02877741804
0287772323
028777
028776981
028776844
028776764
0287766506
028776443
028776198
028776195
028776100
028776056
028775850
028775575
028774337
028774174
028774161
028774116
028773998
028773938
028773917
028773866
028773799
028773789
028773743-8
028773738
028773673
0287736602
028773633
0287736268
028773613
028773583
028773516
028773495
028773468
028773350+
0287732115
0287728718
028772778
028772746
028772689
028772598
028772412
0287723784
028772264
028772231
0287721797
028772108
02877210615
028772063
028772007
0287720
0287717669
028771737
028771562
0287714823
028771410
028771271
028771263
028770817
028770771
028770740
028770489
028770255
028770135
028770034
028769751
0287697104
028769683
028769682
028769625
0287696236
028769588
028769474
028769467
028769100
028769081
028769011
028768548
028768534
028768513
028768465
028768258
028768015
02876775
028766881
0287667852
028766536
028766477
028766407
028766384
028766260
028766076
028766055
028765832
028765525
028765506
028765464
028765458
028765449
02876534
028765320
028765215
028765124
0287651
028765
0287646706
028763499
028763408
028763395
028763302
028763254
028763202
028763195
028763192
028762825
028762680
028762644
028762548
028762394
028762382
028762186
028762164
028761752
028761637
028761515
028761484
028761338
028761322
02876123
028761024
028760413
028760170
028760038
028760036
028760029
028760015
02876
028759965
028759801
028759580
028759569
028759568
028759563
028759460
028759378
028759374*6
028759353
028759299
028759180
028759034
028759032
028759006
028758871
028758785
028758762
0287587
028758628
028758601
028758369
028758290
028757983
028757963
028757935
028757869
0287578064
02875775
028757690
028757670
028757611
028757463
028757408
028757367
028757276
028757241
028757122
028757121
028757100
028757096
028756906
028756816
028756792
028756785
028756706
028756697
028756245
028756197
028756189
028756116
028756075
028756
028755951
028755751
028755649
028755544
028755525
028755489
028755481
028755339
028755302
028755207
028755151
0287551477
028754839
028754677
028754668
028754665
028754654
028754611
028754595
028754562
028754471
028754412
0287544
028754345
028754312
028754258
028754155
028754058
028753929
028753900
028753875
028753659
028753557
028753315
028753301
02875330
028753212
028752889
028752586
02875253360
028752533
028752530
028752456
028752369
028752328
028752269
028752251
028752198
028751924
028751866
028751741
028751566
028750479
02875043269
028750424
028750362
028750314
0287502329
028750197
0287501418
028750122
0287500273
028750026
0287500176
028749511
0287490
028748220
028748176
028748132
028748131
028748114
028748035
028748009
028747
028746684
028746530
028746457
028746416
028746077
028745740
028745662
028745487
028745483
028745366
028745310
028745296
028745037
028744985
028744980
028744975
028744945
028744936
028744855
028744795
028744714
028744697
028744693
028744628
028744626
028744490
028744466
028744457
028744403
028744398
028744244
028744230
028743210
02874319
028742967
028742891
028742865
028742838
028742706
028742638
028742594
028742534
028742501
028742432
028742407
028742362
028742317
028742300
028742054
028742000
028742
028741966
028741959
0287419
028741860
028741847
028741813
028741693
028741611
0287415789
028741517
028740816
028740754
028740703
028740687
028740637
028740579
028740475
0287403641
028740361
028740342
028740319
0287402
028740061
028740018
02873qsbfv
02873bar
028739978
028739973
0287398765
028739696
028739497
028739264
028739141
028739045
028739
028738847
028738752
028738710
028738693
028738691
028738588
028738577
028738547
028738467
028738466
0287384078
028738300
028738270
028738089
028737188
028736774
028736388
028736172
0287361409
028736132
028735987
028735974
028735964
028735889
028735880
028735875
02873574831
028735691
028735679
0287356380
028735589
0287354
028735361
028735236
0287352
028734986
028734981
028734880
028734839
028734498
028734437
028734404
028734159631909
028734128
028734063
028734026
028734021
0287340
028734
028733869oat
028733724
028733674
028733658
028733580
0287335723
028733564
028733543
028733474
028733463
028733258
0287330630
028733057
028733
028732986
028732965
028732756
028732755
028732732
028732710*6
028732591
02873251
028732490
028732436
028732309
028732283
028732207
0287321004
028732084
028732006
028732
028731982
02873192890
028731872
028731792
0287317274
0287316
028731566
028731552
028731430-4dew
028731424
028731286
028731123
028731048
028731031
028731
028730907
028730830
028730807
028730743
028730632
028730469
028730330
028730084
028730032
02873
02872j
028729918
028729866
028729729
028729690
028729665
028729592boy
028729552
028729551
028729481my
028729448
028729
028728988
0287287989
028728671
0287286536
028728134
028727874
028727724
0287277
028727637
028727493
0287274508
028727450
0287274357
028727241
0287269939
028726923
028726526
028726371
0287263404
028726297
028726267
028726265
0287262506
028726183
028726141
028726074
028725865
0287257103
028725350
028725334
0287253096
028725187
0287249771
0287249596
028724911x
028724910
0287244
028723496
028723484
028723481
0287234318
0287232526
0287231439
028723066
0287230413
0287230117
028723
028722995
028722852
028722842
028722826
0287228058
028722799
028722748
0287226873
028722574
0287224963
028722480
028722414
028722410
028722406
0287223899
0287222468
028722170
028722148
028721371
028721369
028721320
0287212805
028721249
028721232
028721126
028721114
028721
028720926
028720924
028720805
0287206
028720511
0287202248
0287201091
02871984
028719790
028719703
028719641
028719519
028719485
028719419
028719178
028719
028718950
028718851
02871884621
028718817
028718744
028718698
028718540
028718396
028718302
028718121
02871810461
028718074
028717851
028717775
028717570
028717495
028717442
028717386
028717361
02871734
028717291
028717
028716965
028716926
028716831
028716787
028716724
028716697
028716600
028716584
028716491
028716181
028715840
028715483
028715448
028715409
028715381
028715341
028715340
028715318
028715308
028715182
028715165
028715129
028715051
028715021
028715
028714948
028714901
028714877
028714636
028714596
028714436
028714325
02871398991
028713924
028713829674
02871382674
02871374788
02871360933
02871359315
02871359143
0287135
028713389
028713321
028713282
028713197
028713099
02871309320
028713070
028713045
028713
02871292
02871291135
02871290838
02871290675
02871281991
02871281693
02871269101
02871265698
02871260860
0287123994
028712372
028712352
02871228
0287122220
028712186
028712048
028712015
028711977
028711908
028711841
028711640
028711483
028711448za
028711399
028711331
028711242
0287111942
028711141
028711109
028711001
028710979iydot
028710971
028710768za
028710742
028710728
028710703
028710623
0287106079
028710599
028710581
028710560
028710493
028710403
028710339
028710336
028710334
028710290
0287102391
028710228
028710216
028710211
028710177
02870nhnbx
028709906
028709822
028709767
028709642
028709635
028709406
028709322
028709241
028709207
02870920
02870889v
0287087382
028708723
02870868979
028708449
028708374
028708138
028707783
028707432
028707383
028707336
028707296
028707295
028707280
028707088
0287070512
028707041
028707
028706808
0287063723
028706368
028706187
028706068
028706008
02870588
028705805
028705649
02870545
028705286
028705242
028705147
028704952
028704869
028704792
028704759
028704609
028704463
028704365
0287043636
0287041860
028704107
028704048
028704010
028704004
028703784
028703617
028703585
028703576
02870356396
02870354674
028703544
028703476
028703450
02870343469
02870329736
02870329319
02870326794
028703246
028703
028702953
028702935
0287029201
028702895
028702737
028702711
028702695
028702435
028702223
028702134
028702068
0287020536
028702053
028702002
028701478
028701003
028701
028700920
028700917
0287009127
0287008849
028700869
0287008331
028700775
0287007699
0287007697
0287007028
028700448
028700443
028700433
028700410
0287003602
028700246
028700175
028700068
028700010
028700
0286bao
0286ar
0286albacmp
02869943864
028698884
028698870
028698850
028698847
028698757
028698735
028698695
028698689
028698650
028698548
028698519
028698450
028698406
028698402
028698366
028698221
028698207
028697839
028697770
028697762
028697645
028697642
028697628
028697561
028697541
028697512
028697506
028697347
028697296007
028697241
02869710934manuela
028697050
0286970489
028696927
028696830
028696810
028696799
028696784
028696707
028696595
028696594
028696433
028696425
028696418
028696379
028696326
028696302
028696282
028696248
028696195
02869616035
02869614225
02869613126
028696113
028696046
028696004
028696
028695976
028695969
028695866
028695754
028695700
028695694
028695672
028695664
028695574
028695563
028695509
028695461
028695447
028695426
028695413
028695392
028695380
028695355
028695352
028695320
02869531404
02869530817
028695304
02869530314
02869528446
02869528061
02869527581
02869526859
02869526223
028695220
02869520525
02869519205
02869513965
02869513250ramon
02869512425
02869512004
02869511483
028695102509915453
0286951
028695019
028695
028694997
028694959
028694697
028694430
028694367
028694354
028694343
028694257
028694237
028694167
028694112
0286941003
028694036
028693518
02869343113
02869320939
02869317812
02869314633
02869312704
028692968
02869291393
02869271
0286926934
028692693
028692643
028692590
02869249003jessi
028692471
02869236956
028692361
02869234876
02869234312
02869233873
02869232406
028692322
02869231640
028692
028691981
028691951
028691673
028691650
028691427
0286913m
028691320
028691275
028691236
028690958
028690885
028690761
0286907511
028690704
028690629
028690625
028690326
028690033
028689933
02868953
028688882
028688812
028688739
028688469
028688374arm
028688367
028688352
028688242
02868795
028687891
028687746
028687723
028687637
028687631
028687518
028687460
028687454
0286874521
0286874371150
028687435
028687428
028687353
028686826
028686723
028686673
0286865560
0286865509
028686515
028686486
028686416
028686390
0286863732
028686352
028686328
028686130
028686119
028686109p
028686109
028685993a
028685914
028685816
028685757
028685700
028685677
028685669
028685645
028685526
028685486
02868520
028685164
028685146
028685105
028684b
028684849
028684846
028684649
028684576
028684532
028684528
028684064
028684045
028684021
028683731
028683707
028683449
028683175
028683139
028682869
028682577
028682547
028682374
028682368
028682362
028682314
028682235
028682136
028682004
028681989
028681944
028681874
028681809
028681505
028681417
028681267
028681198
028681177
028681099mososay
028681050asd
028681050
028680956
028680845
028680798
028680788
028680755
028680735
028680661
028680529
028680454
028680425
028680016
02868
028679788
028679523
028679046
0286788587
028677b
0286778
0286774
02867738515
02867723605
02867723
02867721705
02867520246
028674
0286737
028673484
028673236
028673110
028672877001
028672504
028672477
0286724589
0286723261
028672284
028672231
028672019
02867183840
02867179923
028671668
028671617
028671454
028671393
0286