720039
0347186087
034718544
034718265
034718225
034718180
034718140
034718135
034717834
034717815
03471770
034717534
034717404
034717366
034717301
034717229
034716980
034716817
034716812
03471680
034716451
034716343
034716073
034716060
034716
034715942
0347159
034715808
034715749
034715656
034715586
034715501
034715410
034715326
034715319
034715200
034715137
034715075
034715028
034715
034714983
034714919
034714899
034714813
034714788
034714709
034714621
034714522
034714458
0347144150
034714336
034714332
034714330
034714250
034714221
034714204
034714
034713984
034713974
034713957
034713891
034713889
034713807
034713446
034713437
034713419
034713387
034713277
034713032
034712931
034712918
034712861z
034712801
034712798
034712582
034712513
034712454
03471243
034712428
034712236
034712188
03471209
034711981
034711827
034711756
034711754
034711559
034711516
034711408
0347114
034711322
034711201
034711142taa
03470jer
0347086
03470733
0347067063
0347056
0347052
034704908
034704
034703515
034702922
034701608
034701575
03470013
03470
0346mc
0346kris
0346kay7
0346cobra
034699322
034698176
0346981
034694117
03469247057
03469117484
03469109832
034690126vi
03468990350
0346891378264
034689123
034689101622
034687262
0346855
0346852791
03468521
034685085
034684pck
034684k
034684e
034681
034680029
034679
03467874112
034677587
034677
034676930598
0346767
0346745reno
0346735
034672529
0346716
0346704
03466814507
034668
03466686670
03466335
034662734
034660
034659709
034659678
034659594
034659557
034659509
034659487
034659485
034659447
034659287
034659195
034659167
034659141
034659058
034658309
034658306
034658213
034658196
034657perez
034657nayeli
03465715
034657081
034657024
034656465
034656334
034656277
034656066
034656051
034656
034655433
034655406
034655381
034655141
0346551
034655092
034655050
034655
03465455332
03465365345
0346535
034653319
034653204
034653150
034653024
034652245
034652208
034652105
03465154833
034650614
0346504826
034650189
034650171
034649795
034649667
034649633
03464956203332
034649426
034649401
034649388
034649322
034649249
034649093
034648004
034647844chu
034647533
034647517
034647363
034647355
03464685260
034646275
034646154
034646117
034646100
034646056
034645170
034645095
034645032
034645
034644059
03464387188
034643539
034643535
034643336
034643171
034643055
034643024
034642272
034642231
034642191yakuza
034642144
034642140
034642129
034642029
034642
03464185146
034641398
0346413
034641125
034641022
034640995
034640872
034640638
034640572
034640443
034640436
034640356
034640298
034640263
034640223
034640097
034640051
034640013
034639410
034639394
03463936
034639357
034639351
034639339
034639327
0346393
034639196
034639070
034639031
034638116
034638096
034638050
034636839
034636803
034636801
034636755@
034636743
034636644
034636488
034636448
034636269
034636162
034636086
034635846
034635844
034635825
034635752
034635585
034635511
034635409
03463538352sai
03463533987
034635330
03463527688
034635250
034635213
034635152
034635139
03463511733
034635117
034635050
034635042
034635033
034634238
034634206
034634077
034634036
034633308
034633290
03463328806
034632=1300
03463285
03463257063
03463240512
034632062
034631996
034631837
034631789
034631715
034631619
034631608
034631480
034631411
034631404
034631310
034631302
034631247
034631202
034631139
034630433
034630388
034630364
034630344
034630299
034630253
034630197
034630183
034630133
03462991
034629263
03462922786
03462882788
034628090
034628088
0346280555
034628055
03462802880
03462773227
03462730675
03462712119
034627042
03462701384
034626849
034626845
034626799
03462657036
034626559
034626507
034626443
034626415
034626319
03462628
034626227
034626120
034626
0346256
034625151
034625128
034625
034624766
034624571
034624505
034624488
034624419
03462435506
034624147
034624104
034623731160
034623566
034623526
034623456
034623445
034623383
034623248
034623121
0346231
034623095
034623012z
034622968
034622787
034622707
034622611
03462259
034622586
03462252
034622495
03462246558
034622414
034622312
034622251
03462214406
034622130
034622124
0346220
034622
03462177
034621611
034621201
034621098
034621071
034621008
034620941
03462088918
034620624
034620572
0346205031741285
034620462
034620367
034620353
0346202031
034620
034619668
034619
03461540
034615096
03461485868
034614
034613999
034613952
034613714
034613611
0346136
034613438
034613376
034613292
034613283
034613262
034613245
034613154
034612977
034612964
0346128lissy
034612869
034612781
034612770
0346126480895380432
034612648
034612309
034612220
034612180
034612152
034612127
034612090
034612066
034612019
034612014
034611936
034611889
034611868
034611865
034611860
034611770
034611746
034611640
034611623
034611549prayuth
034611465
034611449
034611430
034611407
034611339555
034611313
034611278
034611187
034611105
034611048
034611027
0346110
0346101
034610
034608cmj
0346089
0346083
0346064
034606138
0346044
034602879
0346010819850346
034601
034600539
03460
0346+49284
0345tito
0345sl
0345rffes
0345ma
0345luili
0345love
0345karachi
0345juanmanuel
0345josef
0345ct
0345a3034729
0345MCAA
034599s
034599915
034599911
034599895cham
034599823
034599796
034599695
034599686
034599484
034599415.
034599303
034599298
034599220
034599213
034599202
0345972188
03459702
034596
034595478
034595461
034595274
034595256
034595227
034595080
034595070
034595
034594
034593180
034593107
034593021
03459271100
034591425
03459120277
034591139
034591131fp
034591089
034591085
034591
034590012
034589934
034589868
034589810
034589791
034589714
034589644
034589625
034589609
034589509
034589478
034589472
034589446
034589444
034589391
034589338
0345889K
034588191
034588187
034588134
034588016
034586036
034585
03458383576
034583167
03458312456
034581709
034581380
034581190
034581150
034581090
03458107033
034580060++
034580
034579441
034579424
034579392
034579324
034579301
034579212
034579189
034579163
034579083se
034579001
034578
03457727750
034576rds
034576319
034576042
034576036
0345760311
0345755g
03457463663
034574175
034574103
034574085
034574064
0345732
03457299617
0345722
0345719
034571862
034571522
034571521
034571492
034571477
034571372
034571292
034571271
034571255
034571181
034571158
03457052462mama
034569051
0345690
03456891992
0345682596
034568169
0345681212
03456771
03456746326
0345670
034566934
034566858
034566729
034566661
034566656
034566626
034566442
034566405
034566234
034566146
034566084
034566052
034566
034564475
034564278
034564100
034564
03456372500
034563367
03456321
034562832
034562789
034562785
034562723
03456272155
034562718
034562704
034562701
034562657
034562596
034562483
034562367
034562278
034562243
034562218
034562203
034562143nong
034561986
034561981
034561858
034561783
034561770
0345616644
034561637
034561375
034561364
034561270
034561245
034561241
03456123
034561205
034561148
034561125
034561078
03456086177
03456070780
03456020707
03456019652
03455905676
03455891233
0345567
0345563b
034556
034555
03455405156
0345540
034554
034553910
0345535
034553086
034552670
034552647
03455233377
034552001
03455108914
0345510
03455091437
03455090
03455082376
03455074740
03455061118
03455057978
034550489
034550
0345495351
0345481486
034546795
034546164
03454564933
03454410
034543417
034543268
034542994
034542969
034542940
034542868
034542733
034542631
03454239106123
03454234349
034542298
034542243
034542226
03454221467
03454193717awais
034541767
034541764
034541757
034541729
034541684
034541453
034541375
03454135309
034541307
034541217485
034541184
034541078
034541062
03453t
03453998482
03453986143
03453850411
03453795700
034537
03453625929
03453594353
03453543446
03453501110
03453375
03453374
03453366719
03453353145
034533476
034533169
03453314394
03453248671
034532026
03453197773
03453196647
03453196240
03453182270
03453168803
034531571
03453151989
034531510
0345313
03453062385
03453
03452932377
034528962
03452875840
03452851443
03452809189
034528
03452797418
0345275191
03452735313
03452712527
034527
03452678423
03452627074
0345255050
03452510965
03452510
034525
03452471337
03452440205
03452429190
03452408790
03452403781
03452401524
03452386917
03452360772
034523420
03452309248
03452305158
03452274401
0345224
034522209720
03452209116
03452171953
03452168432
034521616
034521615
03452155672
034521529
034521496
034521473
03452142746
034521368
034521179
034521161
034521159
034521157
034521149
034521053
034521050
034521020
034521000
03452092491
03452092024
034520630
0345206
034520489
034520361
034520262
034519499
034518874
034518830
034518824
034518788
034518650
034518590
034518545
034518413
034518367
034518343
034518228
034518109
034517782
034517454
034517413
0345173
034517267
034517246
034517228
034517136
034517105
034517098
034517072
034517022
034516913
034516830
034516474
034516323
034516045
034516004
034516
034515689
034515686
034515622
034515614
034515556
034515546
034515469
034515375
034515227
034515220
0345151214
034515
034514956
034514589
034514427
034514386
034514334
034514227
034514026
0345140156
034513841
034513789
034513755
034513669
034513516
034513503
034513483
034513414
034513353
034513274mo1
034513216
034513131
034513103
034513091
034513028
034513020
034512947
034512929
034512826
034512748
034512740
034512645
034512634
03451252663
034512315
034512257
034512149
034512056
034511987
034511969
034511944
034511941
034511876
034511758
034511707
034511599
034511539
034511521
034511463
034511438
034511403
034511382
034511358
034511204
034511106
034511074
0345105389
03450epqkb
0345097
0345069
03450651
034506284
034506197
034505448/
034504722
0345045
034504426
034504237
034504157034
034504064
034503
034502355
0345023
034502108
034501016
034500230
0345
0344vo
0344l.c
0344km66
0344ee3
0344dp
0344becca
034499617
034499604
034499588
034499452
034499321
034499206
034499165
034499042
034499030
034498747
034498703
034498701
034498693
034498316
034498209
034498045
03449798665
034497827
034497674
034497669
034497600
034497333
034497264
034497228
034497122
034497105
034497066
0344970
034496
0344959
03449562730
034494523
03449320314
034490
03448pnttz
034488
034484936
0344842
034484139
0344835122
034483336
034483157
03448282977
034482783
034482614
034482559
034482471
034482451
0344824481
034482444
034482314
034482255py
034482232
034482230
034482068
034482067
034482060
03448204498
034482026
034481986
034481641
034481554
034481537
034481394
034481356
034481353
034481300
034481291
034481223
03448116
034481098
034481
034480978
034480856
034480738
034480717
034480629
034480579
034480375
034480317
034480200
034480173
0344798531472535
034479790
034479609
034479602
034479562
034479464
034478201
034478196
034478149
034478092
0344777
034476478
034476230
034473983
034473961
034473953
034473826
034473721
03447372096
034473686
034473500
034473406
034473294_yuth
034473108
034472845
034472762
034472753
0344725857
034472425
034472333
034472313
034472149
034472088
034471731
03447144475
034471426
034471343
034471340
034471237
0344712242
034471172
034471078
034471073
03447100047
034470914mod
034470862
034470636
034470557
034470515
034470441
034470417
0344702
034470017
034468278
034468093
034468034
0344661499
034466035
0344656
0344643210
034464
0344628
03446131
034461271
034460343
034460304
034460303
03446029995
034460169
034460147
034460138
03445889230
03445877123
034458296
03445795211
034455500972
03445514808
034455
034454728sarmad
03445418
03445416
034454
03445175593
0344515453278
03445117231
0344509
03445064252
03445043121
034450006
03445
03444s
034449747
034448151
034448099
0344470
03444677
0344462661
03444555
03444428154
03444412889
034443231
034443101
034443068
03444211963
034441537
034441157
03444044296
034440204
0344400
034439
034437
0344360
03443536
034434671
03443416230
0344330
034431615
0344303
03443003398
034430
034429269
034428807
034428424
034428264
03442821130
034428184
034428136
034427801
034427715
034427643
034427375
034427355
034426885
03442688
034426776
034426624
034426497
034426365
034426282
034426197
03442599686
034425906
034425737
034425409
034425280
034425
034424801
034424766
034424725
034424509
034424480
0344243531445
034424198
034424079
034424056
034423993
034423975
034423957
034423855
034423763
034423599
034423550
034423409
034423213
034423169
034423130
034423082
034422939*
034422939
034422768
034422418
034422406
03442226401
034422233
034422097
034422009
034422000
034422
034421900
034421826
034421685
034421657
034421446
034421382
034421275
0344211963
034421166
034421162
034420654
03442030667
03442028858
03442002266
03442
034419392935
0344190
034416245
034414325
034414042
034413989
034413713
0344132624
034412926
034412909
034412898
03441281
034412798
034412758
034412460
034412450
034412371
034412304
0344121819
034412108
03441205
034411976
034411956
0344119439
034411912
034411637
034411623
034411613
034411590
034411586
034411581
034411570
034411562
034411532
034411467
034411438
034411428
034411296
034411203
0344110770
034411072
0344110712
0344106
034409611
034408
0344043
03440378ali
034403084
03440239a
034401398
034401193
034401028
0344003
03440
0343tina
0343technalogy
0343matthew
0343ma
0343cvebx
0343clay
0343bentley
0343allen
0343ALLEN
034399509
034399313
034399261
034399148
034399136
034399059
034398
034397471
034397354
034397309
034395629
034395340
034395325
034393582
034393349
034393244
034393159
034393146
034393107
034393020
0343930143
034393014
034391990
034391910
034391894
034391871
034391550
034391513
034391495
034391252
034391
03439081
03439055
034390
034389171
034389150
0343883049
034388209
034388192
034388056
034388028
034388005
034387141
0343867946
0343858158893
034385736
034385694
034385682
034385522
034385405
034385169
034385096rockyou
034385026
03438464655
034384114
034383941
034383792
034383698
034383634
034383599
034383556
034383456
034383401
03438339
034383389
034383386
034383326
034383165
034383151
0343827486
034382018
034382
034381949
034381882
034381880
034381799
034381724
034381608
034381550
034381549
034381509
034381343
034381292
034381207
034381192
034378451
03437814052
034378107
034378081
034377956
034377939
034377786
034377753
034377612
034377537
034377529
034377303
034377271
034377131
034377110
034376
034375300
034375201
034375104
0343744739
0343742178
0343741643
034373s
034371912
034371596
034371495
034371450
034371349
034371177
034371059
034371046
034371019
034370
03437
034367
034365298
034363472
034363398
034363118
034363
0343622
034362
034361
03436007
034360
034359908
034359464
0343592flm
034359178P2S
034358153
034358122
0343572570
03435612
034355182
03435510372
0343546
034353K
034353748
034352850
034352846
034352720
034352610
0343523456
034352316
0343523030894463
034352170
034351992
034351850
034351760
0343517445
034351713
034351684
034351502
034351495
034351475
034351351
034351281
034351267
034351199
034351188
034351150
034351147
034351087
034351077
034350442
03434944
034348636
034348478
034348324
034348264555
034347976
034347850
034347286
034347137
0343460
034345903
034345810
034345781
034345700
034345482
0343453340
034345332
034345203
03434450
034344337
034344287m
034344069
034343
034342
034340
034339l,
0343399
034339733
034339643
034339548
034339526
034339392
034339285
034339089
034338541
034338383
034338166
034338
03433739
03433637
0343350
034333664
034333607
034333579
034333558
034333470
034333444
034333345
034333272
034333231
034333211
034333096
0343328
034332769
034332751
03433257901
034332430
034332250
034332154
034332101
034332045
034331958
034331862
034331814
034331758
034331677
034331269
034331218
034331164
034331153
034331120
03433019933
034329740
03432929984
034327281
034327176
034326860
034326804
034326783
034326775
034326749
034326715000
034326588
034326584
034326564
034326478
034326458
034326369
034326365
034326360
034326219
034326166
034326085
034326081
034326056
034325933
034325886
034325765
034325660
034325643
034325630
034325581
034325506
034325428
034325340
034325006
034324895
034324894
034324818
034324815
034324739
034324690
034324686
034324679
034324475
034324222
034324150
034324137
034324125
034324024
034324017
034324
034323962
034323697
034323682
034323517
034323496
034323337
034323309
034323099
034323
034322972
034322947
034322940
034322729
03432272
034322665
034322644
0343226030877173318
034322603
0343225y
034322566
034322353
034322301
034322045
034321965
034321740
034321714
034321489
034321438
034321364
034321208
034321120
034321061
0343206
03432023264
03431alif
03431921
034318db
0343178
034315
0343136961047
034313
03431211
034312054
034311906
034311864
034311827
034311559
034311548
034311191
03431033
03431023
034310
03431
034307977
034307730
034307652
034307427
0343073
034306389
034306386
034306293
03430619789
034306185
034306148
034306070
034306061
034306024
034306023
034306014
0343059088
034305693
034305640
034305622
034305609
034305351
034305328
034305298
034305245
0343034
034302651
034302613
034302423
034301767
034301656
034301634
034301235
0343010370
034301024
034301
03430
0342yghpn
0342kevin
0342geysv
0342bz
0342angel
034299954
034299888
03429979283
034299651
034299625
034299499
034299386
034299268
034299254
034299222
034299169
034298353
034298271
034298
034297787
0342977593
034297714
034297700
0342976195
034297434
034297417
034297207
034297190
034296b
034296830
034296818
034296814
034296803
034296690
034296651
034296620
034296465
034296428
034296419
034296397
034296336
034296305
034296304
034296243
034296209
034296079
034295730
034295445
034295399
034295366
0342953102
034295226
0342950941
034295078
034295032
0342931903
034293122
034293067
0342927467
0342921912
034292125
034292113sen
034292077
034291587
034291582
034291553
034291468
034291300
034291242
034291204
034291187
034291112
0342911110
0342911
034291
034290971
034290836
034290810
034290807
034290775
034290681
034290646
034290499
034290466
034290422
034290365
034289992
034289989
034289977
034289971
034289844
034289842
0342898
034289663
034289618
034289603
034289601
034289595
034289576
034289531
034289409
034289363
034289330
034289287
034289204
034289200
03428908
034288890
034288756
034288742
034288726
034288715
034288435
034288425
034288396
034288395
034288190
034287991
034287937
0342878381
034287722
034287718
034287668
034287646
034287564
034287545
034287525
034287518
034287459
034287414
034287412
034287359
034287337
034287156
034287152
034287067
034286950
0342869
034286761
034286551
034286494
034286480
034286201
034286135
034286116
03428610
034286055
034285862
034285837
034285653
034285545
034285511
034285496
034285133
034284831
034284696
034284685
034284680
034284651
034284515
034284431
034284050
034283l
034283404
034283393
034283253
034283200
03428305
0342825
034282259
034282066
034281914
034281849
034281764
0342816enfa
034281664
034281527
034281449
034281397
03428072
034280480
03428042077
034280156
034280152
034280126
034280012
03427vette
034279923
034279025
03427772847
0342774
034277328
03427722903
034276895
034276593
034276530
034276377
034276275
034276026
034275468
034275392
034274536
0342741ari
034273341
034273330
034273310
034273292
034273276
034273213
034272715
034272375
034272319
034272258
034272224
034272080
034272035
034272029
034271985
034271915
034271262
034271165
034271123
034271053
034271
034270824
034270735
0342705262
034270512
034270471
034270039
03427
03426961
0342693
034268596
034267910
034267892
034267864
034267838
034267824
034267742
034267741
034267736
034267726
034267707
034267679
034267642
034267538
034267490
034267461
034267365
034267351
034267342
034267304
034267247
034267244
034267232
034267154
034265
0342645399
034263685
034263482
034263368
034263299
034263212
034263206
034263205
034263202
034262062
034262
034261960
034261921
034261904
034261869
034261794
034261749
034261499
034261355
03426006
03425a
034259534
034259478
034259440
0342594311
034259326
034259314
034259240
034259124
034259028
034258995
034258929
034258769
034258666
034258611
034258498
034258384
034258320ta
034258302
034258300
034258202
034257885
034257835
034257696
034257644
034257467662535soothee
034257420
0342574186
034257288
034257278
034257194
03425719
034256979
03425696226
034256939
034256910
034256808
034256596
034256554
034256512
034256385
034256336
034256327
034256311
034256300
034256174
03425617
034256150
034256055
034255983
034255956
034255905
034255833
034255721
034255705
034255699
034255636
034255621
034255410
034255397
034255383
034255368
034255350
034255327
034255299
034255246
0342552319102526
034255188
034255174
034255140
034255135
034255106
034254976
034254913
034254882
034254859
034254812
034254744
034254677
034254628
034254612
0342545222688
034254511
034254478254478
034254478
034254388
034254232
034254
034253966
034253958
034253691
034253629
0342536
034253576
0342534
034253331
034253072
034253056
034252952
0342529307
034252908
034252846oo
034252709
03425269
034252684
034252571
034252499
034252498
034252384
034252361
034252347
034252326
034252307
034252290
0342522
034252098
034252063
034252049
034252025
0342519900801
034251900
034251757
034251742
034251717
034251698
034251689
03425166
034251653
0342515917
034251499
03425134
03425112
034251031
034250974
034250812
034250811
034250680
034250478
034250424
034250409
03425037
034250353
034250337
034250260
034250238
034250199
034250188
034250178
034250147
03425011
034250096
034250065
03425
034249d
034248042
034246539
034246503
034246280
034246059
03424527088
034245
034244487
034244426
034244233
034244205
034244188
034243903
034243900
034243614
034243573as
034243541
034243491
034243485
034243440
034243055
034243006
034242992
034242939
034242784
034242758
034242749
034242692
034242600
034242492
034242477
034242414
034242398
034242227
034242126
034242086
034242047
034242
03424174
034241605
034241536
034241416
03424140
034241312
034241307
034241253
034241192
034241169
034241
034240022
034240
03423yerwc
034239912
034239750
034239722
034239692
034239598
034239582
034239573
034239367
034239105
034239103
0342382994
034238251
034238185
034238056
034236894
034236513
034236199
034236
034235504
034235
034234906
034234751
034234677
03423462
034234579
034234539
034234412
034234125
03423380016
0342336
034233322
034233069
034232916
034232541
034232516_
034232442
034232273
034232213
034232129a
034232072
03423137
034230898
034230894
034230885
034230444
034230435
034230298
034230112
0342299
0342298
034229747
034229583
034229447
034229312
034229284
034229161
034228726
034228651nook
034228610
034228572
034228533numpadf
034228179
0342280061
034227624m
034227607
034227499
034227385
034227362
034227236
034227198
034227167
034227063
034227
0342268
0342263050
034225908
03422567746
034225647
03422553
034225285
034225217
034225210
034225160
03422516
034225159
034225095
034225055
034225035
034225
03422412
0342239
034223509620
03422320024
034223188
034223116
034223015
034222999
034222679
034222555
0342225263
034222335
034222295
034222277
034222247
034222198
034222191
034222161
034222044
0342218036
034221
034220714
034220670
034220632
034220587
034220573
034220252
034220175
034220073
03421988
03421975064257426
034219670
034219649
034219514
0342191
034219099
034219
034218869
034218865
034218623
034218433
034218365
034218330
034218129
034218051
034218000
034217990
034217849
034217747
034217700
034217488
034217364
0342172835
034217242
0342168341
034216258
034216193
034216175
034216159
034216064
034216009
034215991
034215937
0342158722
034215839
034215788
0342156921429
034215648
034215535
034215433
034215407
034215383
034215306
034215273
034215226
034215196
034215180
034215164
034215149
034215142
034215023
034215
034214980
034214948
034214930
034214864.
034214807
034214791
034214784
034214720
034214686
034214656
034214557
034214507
034214480
034214354
034214327
034214313
034214299
034214277
034214190
034214129aae
034213364
034213340
034213329
034213242
034213188
034213171
034213123
034213044
034213019-p
034213019
034212777
034212520
034212375
0342123625
034212251
034212140
03421214
034212
034211999
034211956
034211881
034211875
034211737
034211726
034211708
034211647
034211638
034211588
034211465
034211455
034211426
034211376
034211343
03421132
034211249
034211230
034211229
034211170
034211148
034211112
03421110
034211073
0342106
034210374
034210323
034210203
034210187
034210
034209645
034209444
034209291
034209016
034208875
034208829
034208792
034208728
034208583
03420844
034208298
034208221
0342082
034208
034207248
034207113
034206949
03420679
034206755
034206696
034206681
034206484
034206472
03420631a
034206311
03420631
034206231
034206182
034206160
034206
034205763
034205727
034205650
034205636
034205621
034205491
034205407
034205380
034205335
034205315
034205238
034205237
034205138
0342051
034205063
03420503
034205
034204742
034204515
034204374
0342043636
034204252
034204179
034204167
034204032
034204020
034204
034203421
03420342
034203345
034203317
034203275
034203226
034203102
034203077
034203033
034203
034202f
034202363
034202318
034202197
034202161
034202110
034202035
034202
03420152
034201239
034201196
0342011196
034201079
034200polly
0342007
034200659
034200638
034200618
034200612
034200527
034200489
034200332
034200310
034200308
034200285
034200232
034200227
034200224
0342001569
0342