722736
019722418
0197222834
019722098
019721785
019721669
019721150
0197211234
0197211045
0197210371019707
019720929
019720926
019720505
0197204040
0197202012
019720019720
01971991670
019719460
019719419
019718941
019718
019717923
019717131166
019716652
019716264
0197159
0197152839
019714916
0197146012
0197145284
019714373
01971399
019713845
019713752
0197134151
01971280471
0197123690
019712219
0197120819
0197120
019712
0197114701
019711278*
0197112530
019711
019710908
0197106060
019710
01970cfc
019709402
0197087j
019708793
0197084851
019708249
01970814738126
0197077221
0197072233
019707
019706641
019706493
0197062917
019706152
0197060
0197056939
019705330
0197049575
0197043673
0197043465
0197041al
019704096
019703948
019703230
01970284260
0197024808
019702431
019702305
019702229
0197020077
019701851
019701738
019701332
019700868
019700824
019700624
019700546
0197005308
019700114pp
019700114
019700046
01970000shoaib
01969951
019699353295
019699
019698592
019698142
019697391
0196973646
0196973241
0196969621
01969667644
01969624749
019695941
0196954966
019695271
019694meannana
019694404
0196943139
019694
0196939093
019693630
0196934985
0196930539
019692935
019692705
0196925253
019692416
0196920362
019691972
0196914530
0196910985fat
019691066
019691032
0196907
019690415
019690284
0196902
0196901l
0196901969
019690181
0196901774
01968e
019689590
019689143
019687939
019687627evilkik
019687388
0196871190
019687
0196868522
01968673201
0196866542
019686504
0196865
0196860457
0196859938
019685190
019685018
0196848
0196844yay
019684461
019684456
019684434
0196840509
019684
019683@aol
019683604
019683593
019682708
019682070
019681755249
0196816325
019680640
019680262
01967k
019679555
0196794516
0196794
019678500
019678
019676726
019676713
019676554
0196764884
019676483
019676392
0196763
0196761man
019676180
019676079
019675397
019675265
019674661
019674512
019674399
019674341
019674
019673a
019673824
0196730969
01967298
0196727711
019672568
0196716406
019671465
019671
0196709094
0196705B
019669866
0196697961
0196681741
01966776847
019667721
0196676955
019667213
019666632658
0196666
0196662948
0196660666
019665924
019665769
019665565
019665544
019665270
01966510074
019665047
019665
01966468
019664637
019664346
0196641704
0196640032
019663395
019663278
019663273
0196632383
0196632315
0196632033
01966308
0196615
019661360
0196612089
019661
019660922
019660890
0196603386
019660203
019660101
019660026
019660
01966**
0196597723
0196595252
0196594
019659093
0196586934
0196586375
019658009
019657985
0196578922
0196574475
0196573181
019657113
019656639
019656023
019655861
019655471
0196553024
019654877
019654874
019654456
019654078
019654062
019654
019653818
019653388
019652948
019652873
019652329
019652319
01965224
019651962
019651248
019651006
019651
019650p
019650934
0196507336
0196505814
01965055
0196504708
019650024
01964rodger527181
01964aruba
01964921
0196485120
019648338
0196483025
019647
0196468797
019646764
019646721
019646623
0196465635
0196462018
0196460762
019645951
0196458
019645489
0196454133
019645226
0196451060
019645
0196449525
019644775
019644532
019644194
019644140
019643967
0196438857
0196435887
019641856
0196418082
0196416684
019641437
019641165
0196410867
0196408932
019640824
0196405697
019640450
019640322
01963coral
019639828
019639450
019639192
0196388114
019638414
019638135
019637714
019637234
0196370582
019636805
0196365
019636350
0196363312
019636141
0196351779
019635166
019635
019634a
019634962
019634850
019634829
019634613
0196344710
0196343749
019634343
019634302
019633r
019633805
019632509
019632262
01963220158
0196320159
0196314745
019631459
019631037
0196306230
019630412
019630233
01962tootie
0196299
019629410
0196290345
019629
0196286860
019628550
0196282112
019628031204
019628
019627765
01962760533jolly
019626392
019625313
019625278
019625269
019625267789
0196252622
019624881
019624531
0196242868
019624
019623885
0196230953
019623
019622kim2x
0196229914
019622
019621694
0196215243
019621405
019621234
0196210013
019621
019620855
019620610
0196203369
019620274
01962
01961Kg
01961983
019619710
0196193268
0196192857
019618692
019618528
01961810
0196178564
019617430
0196173475
019617002
0196169999
0196166529
019616603
019616489
0196152784
019615032NacK
0196150015
01961461734
0196142777
019614005
019613jc
0196138122
019613705
01961360
019612819
0196125076
01961234
0196123183
0196123
019612
019611az
0196116051
0196113
019610967
019610947
019610840
0196106481
019610209
0196095104
0196094110141
0196094
019609380
019609329
019609325
0196092971
019609078
019609004
019608831
019608100
0196079030
019607621
0196076167
01960746
019607
019606854
019606411
019606220
019606080
019606055
0196058623
019604900
0196044j
019604416
019603a
019603840beer
019603414_nook
0196033757
0196032685
019603080
0196030650
019603002
0196029799
019602683
019602215
0196020918
019601960196
01960196
019601917
019601631
0196014408
019601
019600533
019600494
019600410
019600079
0196000096
0196
0195twirl
0195titi
0195katateamo
0195joa
0195chah
0195bmh
0195ac
0195996053
019599545
019599497
0195994315
019599245
01959919
0195991145
019599
019598688
019598680
019598067
019597985
019597850
019597591
019597349
01959717
019597150
019596916
0195966814
019596116
0195959808
019595895-
0195956647
01959561390
0195956
0195955464
0195955435
019595141
019595121
019595
019594848
019593W
019593606
0195930576
0195928363
0195925853
019592536
019592480
019592282
019591848
019591628
019591482
019591122
019591095
01959105400174
0195903181
01959
019589638
0195893755
0195892480
019588937
01958870235
0195886028
019588415
0195884013
0195883633
0195883388
0195883083HELL
019588171
0195880539
019588045
019588
019587593
019587457mm
01958741
019587101812345
0195864609
0195863880
0195862823
0195860937@laura
0195860094
0195858617
0195858065
0195857031
0195856318
019585497
019585439
019585343
0195852712
019585255
0195851743
019585160
0195851298
0195851**
019584938
0195848282
0195847552
0195844606
019584210
0195840115
0195838173
0195836247
0195833337
0195831533
0195829419
019582904
019582575019582575
019582402
0195823327
019582302
0195822452
0195820506
0195819194
0195818835
0195817547
0195816
0195815929
0195815020
0195813974
0195811656
019580871
0195808535
0195807243
0195807025
019580656
019580549
019580395
0195803460
0195802922
0195802429
0195802181
019579741
0195795a
019579411
0195786622
019578527
0195780432
019577920
0195763225
0195756244
019575619
019575534
019575101
0195748635
019574705
019574527
0195743574
019574288
0195739985
019573955
0195738895
019573756
0195733995
0195729829hazi
019572647
019572144
0195720933
019572
019571662
0195715
0195714848
019571471
019571250
019570712
0195706222
019570427
019570213
0195701968
019570095
019570
01956abby
0195697818
0195693523
0195690090
019568538
019568466
0195683766
0195682360
0195681rpel
01956812654
0195680883
0195680095
0195678559
0195678
0195672455
0195672400
0195668714
0195668337
0195665587
019566484
0195661599
0195656910
0195655346
019565382
0195652247
0195648875
019564651
0195644596
0195644
0195643927
0195639151
019563716
0195636640
0195635462
0195635270
0195632
0195631317
019563
019562941
0195625595
019562391
019562301
0195622395
0195622114
0195620798
019561923
019561486
0195613505
0195613018
0195613
019560485
019560248
0195597549
019559523
0195594090
0195592927
0195591435
019558br
019558449
0195582
0195579390
019557237
01955702450
019556820
0195564841
0195564779
0195564068
01955631
01955605655
019555162
01955427
019553415
0195533153
0195530815
0195529847
0195529798
019552955
019552026
019552
019551449
019551159
0195510362
0195510
0195509863
019550435
019550206
0195501
019549343
019548933
0195486586
0195485433
0195483541
019547932
019547888
0195477823
0195477205
0195472560
01954683323567
0195467498
0195464824
019546012123
019546
019545998
0195459100
0195458719
0195457868
0195454514
0195452489
0195452216
0195450735
0195450149
019544832
0195443754
0195443292
0195441611
0195440158
0195439607
0195437953
0195437939
0195437302
0195435517
019543211
0195431614
0195430805
019543
019542973
019542706
01954267931
019542567
019542484
019542186
0195420743
01954201143
0195418674
0195415779
019541198
019540979
019540846
0195407460
0195406588
0195404788
019540442
019540438
019540350
019540304
01953chelsea
01953Anna
0195399501
0195398476
0195396527
0195396043
0195395036
019539461
019539278
0195391373
01953885419
01953884841
01953851237
0195383609
019538060
019538055
0195373088
0195372004
019536871
0195367260
0195364932
0195361094
019536081
0195358991
019535654
019535563211
019535253
019535227271
0195352004
0195351733
0195351647
019535008
0195346767
0195346336
01953451672
01953410
0195340016
019533801
0195338-05-05
0195336131
0195334645
0195332817loveu
0195332442
0195331133
019533061
019533045
019533
0195328349
019532774
019532663
0195325302
019532527
0195324529
0195323524
0195323
0195322870003844
019532240
0195322389
0195322125
0195321022
019532
0195319668
019531862
0195318182
019531784
0195317792
0195314787
019531322a
0195312067
019531156
019531
0195309004
0195305663
0195304
0195303013
0195302l
019530120
019530119
0195300912
019530041
01953*rev
01953*mum
01953
01952wiggles
01952dog
0195298771
019529854
019529584
019529513
0195294851
019529
0195286657
0195286113
019528595
0195282760
01952813312
0195281301
0195281115
019528
0195276
019527458
0195273605
0195264569
0195264559
019526405
0195262192
019526
0195258116
019525700
0195257
0195256783abc
019525427
0195254072
01952522
0195251946
0195251132
019524824
019524724
01952452
019524082
01952402815
0195235260
019523425
019523229
019523221
019523205
019523
019522959
019522867
01952273158
0195226747f
019522645
0195225615
0195225
019522219
0195220227a
019522
0195214861
019521248
019521240
019521187
0195209991
019520623
0195203798
0195203173
019519646
019519294789
019519294781
019519128
019518939
019518788
0195184820
0195183512
0195182648
019518029
0195179225
0195177550ija
0195177427
019517728
0195174215
0195174132
019517023
01951695
0195169389
019516742
019516681
0195166081
019516339
0195163299
0195163007
019516058076128
019515phineas
0195154471
0195153519
019515165262
019515128080
0195151
0195147604
019514678
01951427
019514264
019514177
019513d
0195137623
0195136661
019513544
019513437
019513195
019513176
019513
0195125850
01951230195
0195121256
019512
019511609
019511463
019511456
019511
019510908
0195108345
0195105672
019510559
0195102731
019510233
01951020
0195101603
019510026
019509940
019509105
0195089706
0195085473
0195080732
019507484
019507
0195068298
019506642
019506463
019506
019505b
019505427
0195054106
019505112
0195049864
0195049251
0195048815
019504609
0195043986
019504338
0195040914
019504071
0195040616
0195039746@cheta
01950374
019503718
019503519
019503417
019503166
0195031038
019503042
01950273
019502112
0195018
019501566
0195010109049
019500401
0195000500
019500031
019500028
019500016
019500
01950
0194shanna
0194klj
0194jmh
0194dec
0194SL
019499710
019499493
01949876743
019498755
0194987491
0194979090
019497561
0194974169
0194972516
0194956
0194954891
0194954
0194948734
0194945097
0194945019
0194943843
0194942189
019494200
019494
019493945
019493585
019493530
019493351
019493
019492928
0194927819
019492387
0194922
0194915a
019490460
01949031
01949
019489949
019489909
0194898508
0194896779
019489609
019489484321123
0194894843
0194894837jora
01948948
019489
019488763
01948830641
019487954
0194871685
01948661908
019486602
019486420
0194863944
0194863471
0194863249
019486
0194858421
0194855331
0194855098
019485155
0194848194
0194843341
019484102
0194840930
019484014
019483700552266
0194836951
0194836100
019483402
0194832906
019483131
0194831214
019483
019482955
0194829187
019482835
019482671
0194825kl
019482597
019482420
019482396
0194823815
0194822916
0194821248
019482
0194813066
019481258
019480798
0194800974
019480093
0194800
019480
01947goathland
0194796237milano
019479493
01947949058723
0194794730308201990
019479473030
019479472323
019479
0194786712
019478555
0194785
0194784074
019478321
01947821421
019478056
019478004
019478
019477mb
019477474
019476
0194753776
019475287
0194746954
01947442951
0194733864
019473355
019473324
019473239
019473136
019472236
0194722211
01947212611
019472018
019472012
019471clm
019471768
019471756
0194716854
0194716000
0194715129
0194714438
0194712345
0194710
019470676
0194705039
019470129
01947
01946distington
01946distingt0n
0194698943
0194697447
0194693006
0194691671
0194691537
0194687844
0194687052
0194683951
0194683598
0194681983
019468113
0194679239
019467750
0194676155
019467422
01946728626
0194672450
01946696322kaylie
0194668289
019466544
019466541
019466178
019465946
0194656901669
0194655
0194654533
019464882ฟพะยฟยฟ
0194648621
019464861
0194647794
019464770
0194646552
01946449920
0194643867
0194643600
019463936
019463875724
0194634333
019463329
019463042
0194628735
019462596
019462
0194618198
019461664a
0194615173
019461341
019461311
0194611186
019461061
019461
0194609955
0194609021
019460606
0194603997
019460
01945wisbech
0194597509
019459607
019459481ff
0194591477
0194591009
0194591*kiss
0194589702
019458801
019458690
0194586775
01945863710
019458369
019458048
01945774134
0194577155
019457679
019456853
0194568246
0194566146
0194563643
019456242
019456
019455947
01945589145
019455846
019455466
019455203
01945480857
019454794
01945474311
01945464580
0194545657
019454486
019454394
019454
0194536118
019453387
019453242
019453108
0194530872
019453
0194526869
0194526847
019452517
0194521995
019451983
019451789
0194515851
0194515715
0194513416
019451252
019451047
019451041
0194506650
0194506288
019450339
019450216
019450
01944annick
019449767
019449120
01944910
019449
0194489936
019448637
0194484859
0194480553
01944758800
019447141
019446909
019446366
0194463420
0194461046
0194459006
019445054
0194446036
0194445
019444430
0194444
0194442464
019444203
0194440319
0194436858
019443677
019443641
019443616
0194436
019443581
019443576
0194431854
0194425366
019441951
019441777
019441492
019441337
0194411645
0194411228
0194410
019441
019440530
0194402213
019440
01944
0194397056
019439678
0194395414
019439377
0194386746
019438548
019438117
0194380909
019437886
0194374991
019437451
0194370433
019437
019436495
019436221
019435585
019435184
0194347948
0194344677
01943438850174003125
019434010
0194338327
019433699
0194333625
019433188
0194329625
0194329612
019432706
019432457
019432315
019432313
0194323002
0194322051
0194321742
019432143
019431453
0194313427
01943122
019431200295
0194310009
0194307316
019430272
0194301833
019430156
019430090
019430
01942poynter##
01942pola
019429627
0194293198
0194293187
019429
0194287920
01942875256
019428725
0194285436
019428517
0194285116
0194284750
019428284
0194282002
01942813131
019428112
019428
01942730546
0194272684
0194271509
019427
0194269769
019426929
0194267469
0194265255
0194265131
0194263611
019426167
019425934
019425922m
019425324
0194252a
019425260
0194252260
0194252130194
01942513645
0194249406
019424519
0194243250
019424312
01942430205
0194242172
019424160ta191
019424101
0194240663
019424
019423rm
019423565
019423500
019423169
019423097
019423
0194229
0194223336
01942224722
019422083
0194219886
019421569
019421320
0194212495
0194206098
0194203933
019420157
019419884
01941983
019419088
0194190298
019418701
0194185826
0194180670
019418
019417276m
0194171221
0194157896
019415300
019415019
0194150064
019414953
0194149153
0194149
019414510
019414233
0194133119
019413280
0194130364
0194130061
0194128
019412474
019412454
019412354
0194123
0194122566
0194117411
01941121
0194111688
019410988
019410549
019410
019409410
019409269
019409116
0194090289
019408868
019408698
019408582
019408519
0194082076
01940796
0194078535
019407171
019406294
0194061901
0194060364
019406
019405891122
0194056479
019405357
01940507
0194050628
019404526
0194045
01940403
019403
019402870
019402817
0194024421
019402113
019401j
01940194
019401475
019401367
019401
019400113
01940011
0194000
01940
0193vw
0193tita
0193orange
0193mj
0193jr
0193am
019399730
0193992424
019399115
019399025
019398950
0193989
0193988597
0193983
0193982924
019398
019396948
0193969454
019396775
019396773
0193967644
0193967622
0193967473
0193966668x
0193961617
019396071
0193956003
0193954317
019395088
0193950127
0193944711
019394346
0193937885
0193933474
0193932499
0193932192
0193930605
0193928741
01939220779
019392014
019392
019391681
0193916789
019390562
0193902
019390162
0193901596
01939002200
01938t
019389817
0193897901
0193891926
019388923
0193884j
0193880574
019387831
0193878236
0193873944
019386752kun
0193861822
019386030
019385537
01938553065
019385478
019385150
019385073
019384539
019383950
0193838677
019383818685
019383456
0193832639
019383078
0193822
019382195
019382184
0193813244
0193810086
019380942
019380788
019380321
0193802480
019380
0193798644
0193797863
019379710
019379212
0193791419
019379
0193787314
01937833552
0193782737
0193782619
019377n
0193777997
0193768318
0193766748
0193760618pks*91
01937597800
0193758280
0193756553
0193756428
0193755
0193749
01937456
01937446
019374236
019373edc
019373925
0193737570
0193732485
019373247
0193730366
0193729465
0193728218
019372783
01937268450
0193726487
019372496
019372459
0193722555
019372076
0193718445
0193716888
01937168
0193714
019371295
0193712804
0193708023
0193704566
0193702041
0193700145
01937+++tking
019369834
0193698233
019369365
01936910423
0193690199
0193689215
019368681
019368545
019368520
019368222
019368
01936777123888
0193677518
0193676300
0193673238
019365642
019365411
0193652846
0193648734abby
0193647646
0193646160
019364466
0193643002
01936415219
019364080
0193638387
0193638
0193637519
019363631
019363454
019363395
019363265
019363019
0193627451
0193624940
0193623224
019362002
019362
0193619667
019361728
019361697
0193612320
0193604352
019360419
0193602
0193599370
019359622
019359530
019359427
0193591836
019359083
0193590210193891
019359
019358651
0193584192
01935840323
01935826035
019358043
01935798
0193577779
019357138
0193566059
019356036
0193557239
0193553808
0193552719
0193548m
01935479391
0193545873
0193536092
019353586
0193533504
019352530
0193525
019352336
019352282
019352277
019351894
019351702
0193515141
0193515
019351387
019350892
0193508512
0193504851
019350301
019350256
0193501
019350
019349mm
0193499122
019349255
019349148
019349
0193486001
01934852606
01934852411
01934824506poo
019348184
0193481821
0193481479
01934811306
019348
0193477439
019347743
019347705
019347411
01934741056
0193470168
019346926
019346658
0193465780
019346259
0193461219
0193458807
019345760
0193456922
0193456733
019345281
0193452653
01934526378
01934517522nw
019345
019344879a
019344826
0193443321
0193441994
0193441060
0193438799
0193436198
0193435a
0193434901
0193434540
019343257
0193431667
0193428aq
0193428603
0193425729
019342466
019342429
019342131
019342
019341b
0193419198
019341780
0193415962
0193412554
0193412293
019341
0193407789
0193405067
019340451
0193401886
019339816
0193388996
019338628
019338592
019338181
019338154
0193381135
019338
019337706
019337611
019337
0193365180
01933554662
019335525
019335
0193347941
019334763
019334680
0193340564
019334055
019334
0193331147
019333
019332m
019332406
019332267
01933154
019331266
019331084
0193309
0193307223
0193306165
0193301961
01933
01932holz
01932_341272_joss
0193299
01932971
019329328
01932885173
01932872538
01932866248henny
01932840534
0193283494
01932819132111
019327707
01932765002
019327163
019327135
0193270528
019327
019326895
019326765
0193267001932670
0193265606
0193265189
0193260302
019326001
019325830
0193254729
0193249566
0193249082
0193247399
0193245588
019324505
01932443686
019324207
019323989
0193238654
019323821
0193237910
019323554
01932342992
0193232044
0193228741
019322773
0193224306
01932225435
019322
019321601
019321250
019321210
019321197
0193208770
019320753
0193207007
019320420
0193202468
019320064
019320
01931938829
01931909
019319060
0193189608
0193185969
0193184
019318334
019318330
019318126
019318107
019317934
01931773
01931702
019316942
0193168573
0193163183
019316268
0193161961
0193158539
0193148
0193147786
019314402
0193140452
019314
019313852
0193137293
019313535
0193132218
019313
019312565
019312535
019312035
019312020
0193119462
019311908
019311714
019311697
019311560
0193112210
019310298
019310115
019310073240839*
019310032
019310018
01930love
01930c
0193099289
019309767
019309494
0193091220
019308jay
0193089678
0193089446187
0193087264
0193084699
0193084474shairazi
019308048
019307703
0193073517
019307
019306497
019306481
019306375
019306203
019305bp
019305880
0193057879
019305
019304939
0193039877
019303643
0193033636
0193032434
019303028
0193029203
019302915
019302671
0193026678
0193024424
0193023
019302027
019302
019301919
019301883
019301534a
019301490
01930141
019301361
019301320
019301
0193009606
0193007974
019300617a
0193003031
01930
0192st4c19283
0192mznx83
0192ms
0192marcus
0192k
0192georgeta
0192MARCUS
0192997678
019299356
0192992
0192991370
0192990103
0192989227
019298911
0192989
019298529
0192983855123
019298304
019298
019297845a
0192978
019297593
019297025
019296727
019296138
019296
019295683
019295242
019295
01929471118
019294
019293893
019293328
019293282
0192929ali
019292912
0192929029
019292668
0192921572
019292
019291591
019291234
0192909
01928helsby
019289791
0192894
019289345
01928927
0192891521
019289
01928834550
01928833575
0192877945
0192876281
019287556123
019287203
01928714910
019287004
0192866580
0192866048
0192865382
01928592086
0192857465
0192856275
0192853338
019285272
019285160
0192849335
0192846123
019284344
01928402
019283red
019283p
019283mznxbc
01928384
0192838031_lujain
01928374g
01928374A
0192837465p
0192837465me
0192837465glady=
0192837465bb
0192837465athbgb
0192837465994098
019283746555
0192836
019283302
019283200
019283119
019283103
019283/&minita
0192828660
0192828
0192827
019282693
0192826414
0192823141
0192821340
0192820991
0192820597
019281886
0192811421
0192808112
0192802787
0192801928
019280150
0192800882
019280
0192791428
019279
019278991
019278967
0192789
019278815
019278156
019278127
0192778864
019277710
0192770266kanata
0192770266
019277
0192768396
019276217
0192761860
019276003
019275688
019275652
0192753450
0192753248
019275060
019274941
0192740522
0192740493
019273950
0192733c
019273364
01927260231
019272300
019272253
019271849
019271800
0192716
019271326
0192712007
0192710669
0192704725
0192704475
019270250
019269977
019269884
0192695753
019269455
0192693399
019269
019268974
0192688884
0192686577
01926842935
0192682042
01926735711
019267024
0192666682
0192665513
019266502
019266474
01926641167
0192663382humps
019266188
019265973
0192659233
019265725
019265590
0192653852
019265212
019265141
0192648859
019264568
01926451142
01926419525
01926419322
019264046_ton
019263964
019263767
019263758
0192637140
0192636972
0192633876
0192633
0192631829
0192629669
0192623601
019262350
019262172
0192620122
019261877
0192618382
019261820
0192616768
019261458
019261434
019261
0192605953
019260126
0192600657
01926.
01925m
019259820
0192593017
0192592468
0192592244
019258973
0192587442
019258330
01925814610
019258099
0192577250
0192577147
01925764484
01925731772010
01925711234
01925650606
0192565035
0192564299
0192563671
0192560936
0192559193
019255916
01925574481
0192556972
0192556649
019255622
019255327
01925526612
0192552
0192551826
019255105
01925503
0192550
01925486397
019254747
0192543766
019254093
0192540462
019253k
019253969
0192536930
0192534
0192533008
0192529685
0192528200
0192526796
019252493
0192521489
0192520
019252
0192519619
0192515234
0192514814
0192514609
019251375ZA
019251367
019251178
019250599
0192505473
019250232
0192497878
01924962062
0192493491
0192492408
0192491991
019249071
0192489921
01924897997
01924896907
01924892913
01924882
0192484869170
01924843
01924840672
0192483832
0192483120
019247035
0192468866
0192466339
0192464091
0192464064
0192463
0192461743
019245754
0192454928
0192454813
0192454331jo
019245335
01924528663517956
01924522144
01924515105
0192451204
01924507443
0192450
019244967
0192449190
0192449155
01924473200
019244365
01924412529
0192441
01924407005
019244034
01924369
0192436
019243321
019243204
019243076
019243
019242930
019242876
019242658
01924261051231231
019242415
01924202726387
019241908
01924190242
0192409121
01924088931
01924061114
0192403609
01924031135
019240077
01923abc
0192398943
0192396s
019239623
019239507
0192393
0192389431
0192384123
0192383784
01923826242
01923824913
0192381205
0192378514
019237764
019237645
019237487
019237227
019237215
0192369801
019236928
01923675892
019236623
019236294
019236055
019236
019235352
019235219
019235140
019234998
01923491032
019234856
019234759
019234721
0192346834
0192346141
0192346
0192345259
0192343128
0192335826
019233539
019233492
019233267
0192331715
019233
019232702
019232656
01923251943
0192324994
019232487
019232415
019232371852
019232310
01923230565
01923226203sAm
01923221050
0192320968
0192320620
0192320190
019232
019231850
019231753
01923171649
019231707
0192316592
019231211
01923110772
0192309335
019230851
019230820
019230652
0192302911
0192302491
0192302201
019230