037
0230365
023035
02303413
0230340
023032A
023032787
0230325250
0230325
0230321
023032
0230309
023030101
0230301
023030099
023030
02302mmoda
023029802
023029384
023028023028
023027979
02302721
023027
02302633
023026
0230258455
0230250x
0230250
023024071086383
023023g
0230231
023023000
0230230
023022806
023022557
023022017
0230218
023021778
0230211068
023021023021
02302070
023020612
023020558
02302014m
02301990
02301987
0230186
02301846
0230177
023017
0230166
023016328338
023015xoxo
023015r
02301565
0230154mp
023014507
02301327
02301323
02301322204
02301306839
023012j
023012JN
02301275
02301269722
0230125
02301239444
023012369
02301232
02301215
02301202
023011719
0230115
0230114749
02301027682
02301024
02301011
0230101
02301006
02300unc
0230091
023009
02300831
023008
02300798887
02300698
0230068
023006053
023005992
023005265
0230052531
023004fi
023004969
023004748
023004634
023004485
023004471
023004358
023004219
023004016
023004
02300388409
023003716
023003707
023003468
0230034
023003035
023002992
0230029288
023002893
023002697
023002678
023002673
023002614
023002579
0230025113
023002508
023002422
02300238
023002255
023002252
0230021
023002
023001929
023001876
023001602
023001413
023001326
0230013
023001239
023001170
023001142
023000447
023000208
02300
023.5259
023.0rt
023-67
023*023
022yorzbry
022wrg
022smith
022sil
022servandoi2
022lamin
022kk_s
022jassyteresa
022fzpok
022fjtjq
022dcw8exu
022border
022MAMI
022LAROCK
0229x^iydo6
0229vvm
0229trevor
0229sa
0229pm
0229jdvdb2727700com
0229j
0229emelie
0229eg
0229dff
0229bd
0229aim
0229KDR
0229HPMT
0229994
022999
02299769
0229974
022997
022996jas
0229966
0229962290
0229956
02299485
0229948
0229938
02299325
022993120
022992m
022992janethvb7
022992f
022992cg
022992ad
022992a
0229929
022991844
022991769
022991641
02299121
022991048
0229902299
022990221
0229900
022988471121
022987742
0229871
0229860
022984mb
022984a
022984661
02298448
022983
022982cn
022982830
02298219lewis
022981470
02298090335
02298005
0229780190
022978
0229777
022976a
022976Mad
022976503
022975595
022975535
022975320
022974891463
02297401
022974
02297364
022972rs
022970455
022970241
022970
02296852
022967283451
022965881
0229656
02296384
0229635tone
022963129
022961918
022959
0229574
022957
0229569
022956585
02295656
022954639
022954148
022953516
0229526
022952555
022952539
022952500
022952426
022952326
022952250
0229522
022952185
022951779
022951777
022951679
022951660
022951499
022951316
0229512
02295105
022950388
022949851
022949764
022949756
022949593
022949424
022949300
0229489855
022948627
022948502
0229484203
022948177
022948145
0229476M
02294762
0229475
022947250
022947234
022947041
022946852
022946410
022946200
022945892
022945562
022945460
022945430
022945398
022945026
022944931
0229448411
022944535
022944366
0229443102
022944
022943965
022943624
022943590
022942788
022942708
022942600
022942529
0229423509
022942149
022942046
022941351
022941235
022941093
022941065
022941
0229397piki
0229395
0229393
0229387
0229371g
022936
022935198
022935
022934
022933269
02293289182
0229325
022932422
022932
022931
02293025gg
02293006
022930
02293
02292932246852
02292902
02292900701
02292813126
02292803
022927
02292684205
02292669265
02292547612
02292530
022924568
0229244498
0229241757
0229241189
022924089
0229239
022923306
022923274
022923268
0229231553
02292292
0229228
022922195
02292218036
022922
02292154376
022921482
022921477
022921468
022921317
0229212
022921137
022921047
022921016
022920987
022920748
02292074117
022920548
022920108
022920
02292
02291997
022919949
022919895
02291984c
02291982
02291981
02291973
02291960
022919564
0229195566
022919556
022919511
02291947994
022919393
022919257
022918975
022918882
022918622
022918406aee
022918367
022918356
022918353
022918347
0229183
022918229
022918107
022918037
022918019
022917721
022917637
022917244
02291720
02291717
022917096
022917064
02291704
022917029
022917005
022916i
022916877
022916834
022916801
022916759
022916690
0229166801
022916656
022916643
022916635
0229166
022916553
022916550
022916545
022916525
02291636853
022916292
022916248
022916
022915907
022915815
022915782
022915579
022915568
022915560
022915429
022915394
02291524
022915158
022915072
022914871
022914844
022914812
022914633
022914570
022914466
022914303fill
022914288
02291426
0229142496
022914187
022913AM
022913871
022913857
022913763
022913539
022913506
022913296
022913147
022913069
022912982
02291293774
022912916
022912748
022912606
02291248353
022912315
0229123
02291229052
022912239
02291222pe
02291213
02291201131
022911771
0229116454
022911616
022911571
022911531
022911246
0229109
022910816
022910783
022910705
022910606
022910526
022910460
022910157
022910094
022910064
02291002
022909seg
022909282005
02290832
02290831
02290814
022908*Threatt
02290715255
022907
0229052516
02290518
022905
022904670
022904434
022904393
02290430
022904100391
02290307
022902332
0229018
0229015
0229011
022901
022900j
022900e
02290062
022900297
022900266
02290025
0228wewek
0228wayne
0228sy
0228oo
0228ns
0228na
0228mad
0228leo.
0228kimh
0228kel
0228ing
0228emma-
0228dwl
0228dee
0228davion
0228cashmoney
0228ca
0228briana
0228az
0228RULO
0228KING28
0228KG
0228JesusCristo
0228DANIEL
0228Bre
022899j
022899dfc
02289977m
022899011377
022897b
022896tg
022896nr
022896lwe
022896a
022896F
022896890e
02289654
0228965
022895s
022895joe
0228952
022895117
02289507
02289506
022894tn
022894r
022894n
022894KV
022894833
022894804
022894498
022894461
022894430
022894326
022894221
022894215
022894154
022894113
0228941010221222
022893TJ
022893677
022893495
022893392
022893129
02289306
022892rb
022892M
022892976
022892957
0228927909131406
022892487
022892266
0228921
022892079
0228920
022892.
022891tt
022891nb
022891livan
022891l
022891e
022891b
022891889
022891621
022891614
022891425
022891418
0228914
0228913950
022891370
022891118
022890x
022890jy
022890g
022890a
022890ES
022890434
022890425
022890359
02289014
022890026
0228900
02289
02288mka
022889jr
022889g
022889elita
022889=juan
0228894a
02288911208
022889+
0228885
022888123
0228881116
022887mh
022887g
0228872c
022886p
022886l
022886hart
02288600
022885s
022885r
022885harris
0228854242
022884l
022883s
02288397
02288311
022882ts
022882a
022881D
022881351
0228803845
02288
022879m
022878123
022878022878
022875104
02287508
022874cc
022874592
022874564
022874474
022874195
022872824
022872792
022872770
022872444
022872004
022871985
022871854
022871658
022871574
0228714
022870764
022870721
022870512
022869c
022869987
022869677
02286937609
022869291
022869259
022869226
022869192
022869059
022869041
022869018
022868mb
022868816
022868768
022868501
0228684
022868293
02286821
022868089
022867983
022867695
022867491
022867436
022867420
022867018
022866987
022866876
022866804
022866599na
022866579
022866482
022866149
022866064
022865r
022865506
022865026
022865018
022864mh
022864memopinapinapina
022864805
022864471
022864260
0228642
022864167
022864138
022864
022863964
022863924
022863815
022863784
022863570
022863294
022863121
022863107
022863059
022862947
022862744
022862402
022862357
022862013
022861965
02286190
022861848
022861739
022861689
022861487
022861475
022861284
0228610486
022860JT
02286072
022860485--
022860473
022860291
022860279
022860196
02286
022859
022858930
02285859630
02285691
022856726
022855646
022855496
022854dh
02285473-4
02285449o
022854253
022853885
022853406
022852313
02285220
022852030
022852019
0228520
022851483
0228511
022851
022849166
0228489
022847366
0228456
022845
022844911
022844
022842897
022842712
022842591
02284223
022842207
022842101
022841553
022841246
022841188
022841155
022840938
022840914
022840865
022840539
022840320
022840027
022840
02284
022839340
022838164
022835560
022833
0228314299
0228312
022831058
022830
02283
022829848
022829647
022828900
02282810
0228281
022828027
022827912
022826906
022826655
022826275
022825944
022825727
022825530
02282529
02282527
02282521
0228250134
02282487
022824825
022824584
022824546
022824099
022824
022823613
02282326
022823225
022822754
022822249
022822199
022822080
022822022
022822
022821982
02282155024
0228215
022821240
022821100
022821
022820701
022820572
022820476
022820002
0228200
02282
02281994neo
02281994anessa
02281993mario
02281990amm
02281989mb
02281986K
02281984228
02281983j
02281983c
02281981l
02281980c
02281978
02281977
02281974
02281972
02281969
022819591
02281954
0228195
022818884
022818729
022818236
022818196
022818191
02281806
022817893
0228176
022817554
022817551
022817280
022817132
0228171
0228170698
022816967
022816946
022816679
022816278
02281623
02281620
022815776
022815498
022815273
022815244
022814945
022814921
022814695
022814228
0228141814
022814158
022814135
022813852
0228133675570
022813283
022812802
022812771
022812575
0228124P
022812401
02281236
022812256
0228122
022812102
022812018
022811cy
022811902
022811584
022811356
02281118
022811097
02281077
02281068b
022810431
022810428
022810413
02281020
02281017
022810161
02281
0228092200
02280922
022808cb
022808722
022808509
022808480
022808120
022807878
022807556
022807232
02280720
022807139
022807074
022807059
022806l
022806ak
0228065859
02280623
02280616
02280613t
022805tl
022805t
022805m
022805j
022805at
022805729340
02280559
02280500
022804jd
022804558
022804439
0228044
022804376
022804341
02280419
02280416
02280411
022803jj
022803J
022803672
022803549
022803113
022803044
0228030164
022802dd
02280218
02280217
022802141
022802022802
022802001
022801491
022800893
022800846
022800453
022800430
022800368
02280
0228-06
0228-0429
0227zeph
0227ysrair
0227yepez
0227vm!
0227tj
0227powe
0227pi
0227olongapo
0227mm
0227mine
0227mboy
0227martin
0227l0415
0227keb
0227kag
0227kab
0227js
0227jaz
0227hannah
0227fl
0227feb
0227eddie
0227dezi
0227cor
0227bmnzn
0227ac
0227MeLi
022799erica
022799arianne
02279945
022799392
0227993
0227990814
0227989
022798440
022798114
022797j
022797963mo
022797925
022797857
022797789
022797243
022797056
022796h
022796751
022796681
022796170
02279612
02279607
022795harry
022795d
022795ashley
022795924
022795906
022795862
022795491
022795001
022794sd
022794s
022794jm
022794Nall
022794787
022794542
022794364
022794312z
022794287
02279427147
022794219
022793909
022793908
0227938306
022793760
022793447
022792966
022792841
022792722
022792611
022792515
0227922181
022792213
022792041
022791nr
022791m
022791k
022791988
022791867
022791784
0227914456789
0227913
02279100
022790lddp
022790j
022790907
022790904
022790879
022790590
022790389
0227901226
022790037
022790008
0227900
02278xvsht
022789e
022789c
022789b
0227897845
02278918
02278907
02278882
022788289*
022787t
022787m
022787b
02278700
022786tc
02278620dc
02278606
022785sp
022785nmn
022785n
022785mpf
022785bday
022785683
022785677
022785529
02278523
022784w
022784978
022784888
022784573
022784570
022784477
022784460
02278421
022784170
022783994
022783795
0227837529
022783361
022783197
022782z
022782856
0227825
022782354
022782238
022782237
02278210
022781bn
022781B
0227816
022781504
022781318
022781152
022781099
022780b
022780895
022780856
0227807688
0227806038
022780424
0227800953
022779cf
022779942
022779752
022779469
022779362
0227792m
022779226
022779222
022779088
022779001
022778ss
022778769
022778545
022778126
022778100376
022777814
022777648
022777476
022777362
022777213
022776795
022776635
022776608
022776485
022776456
022776078june
022776078
022775j
022775771
022775633
022775585
022775331
022775216
022775149
022774l
022774feb
022774742
022774453
022773788
022773665
022773597
022773458
022773332
022772737
022772702
022772471
022772345
022771987
022771920
022771919
0227716931
022771544
0227713
022771251
022771087
022771034
022770883
022770725
022770655
022770386
022770260
022770241
022770228
022769771
022769726
022769721
022768977
022768598
0227685022
022768133
022767549
022767461
022767455
022767407
022767380
022767144
022767138
022766681
02276665
022766467
022766395
022766231
022766078
022765969
022765913
022765858
022765691
022765602
0227650
022764528
022764479
022764301
022764137
022763968
022763774
022763748
022763718
022763636
022763627
022763609
02276356
022763504
022763498
022763450*
022763325
022763118
022763105
022763
022762924
022762762
022762742
022762
022761814
022761808t
022761712
022761684
022761633
022761443
022761240
022761214
022761013
022760963
022759929
022759670
0227595202
022759502
022759434
0227592
022759135
022759134
022759
022758847
0227588152
022758766
022758753
022758731
0227586j
022758506
022758441\\'
022758322
022758211
022758176
022757750
022757723
022757548
022757405
022757090
022757036
022756979
022756875
022756866
022756863
022756813
022756806
022756797
0227563833
0227562249
022756214
022756145
022756125
022756053
022756
022755997
022755943
022755883
022755840
022755733
022755707
022755549
0227554549
02275517
022755158
022755
022754768
022754721
022754697
022754652
022754596
022754594
022754277
022754266
022754258
022754057
022754018
022753845
02275343
022753410
022753147
022753051
022753032
022752910
022752643
022752544
022752542
022752365
022752316
022752264
022752054
022752
022751990
0227512924
022751254
022751208
022751042
022750905
022749944
022749904
022749047
022749030
022748756
022748477
022748473
022748470
022748406
022748349
022748252
022748169
022747c
022747918
022747884
022747863
022747849
022747567
022747436
02274689202
022746889
022746747
022746708
022746675
022746593
022746542
022746403
022746312
022746272
022746243
022746072
022746027
022745c
022745864
022745842
022745810
022745766
022745680
022745481
022745438
022745223
022745219
022745216
022745206
022745151
022745095vj
022745
022744756
022744527
022744416
022744384
022743972
022743874
022743873
022743682
022743544
022743381
02274332
022743160
022743
022742852
022742740
022742554a
022742269
022742218
0227410
022740541
022740539
022739158
022738
022735
022733milo
02273396
022733584
02273344
022732341
0227315
022731087
022730275199279
022730163
0227300
02273
022728787
0227281283
0227278
022727400
022727134
022726959
022726745
022726690
022726573
022726475
022726441nun
0227263859
022726184
0227261
022725944
02272536
0227247
022724352
0227237724
022723440
022723382
0227226
0227220
022722
022721537
0227214108722
0227214
022721030
02272101
022720607
0227202145
022720102525
02272010
02272009
02272002
022720010
022720008
022720
02272/81283
02271999
02271998bv
02271994L
02271988b
02271987s
02271987jmm
02271984c
02271979
02271975
02271972
02271971
02271969
02271961
02271959
02271957
02271946lw
02271946
022717diosmio
022716184
02271603
022716
0227153
02271525
022714857
022714521
022714247
022714185
02271415
022714
022713931
022713719
022713659
022713526
022713312
022713277
0227130
022713
022712517
02271231
02271218
02271214
02271208
022711716
022711675
02271127
0227108
0227106
02271025jf
02271025
02271019
02270tyhvj
0227092
0227082533
02270823
0227081920558923
02270814
02270811
02270808
02270803607
02270803544
022707D
02270730
022707250818
022707242
02270710
022706vnt
022706hjl
022706J
022705CB
022705C
022705143
02270514
022705087
02270508
022704tc
02270480
0227043
022704232901
0227042
0227040
0227034
022703192
022703148z
02270311
022702L
022702828
022702794
02270228
02270218
022701ea
02270126
0227011
0227010
022700381
022700283
0227001
0227!zach
0226ym
0226vi
0226timisoara
0226tS
0226stefanski
0226sdc
0226sch
0226quin
0226pp
0226mori
0226mds
0226luh
0226k
0226jking
0226jdcr
0226fer
0226da
0226crismar03
0226cho
0226cd
0226brian
0226ZV
0226NENITA19317
0226MC
0226GY
0226BOOFY
022699w
0226995
022698ty
022696mb
022696l
022696borsa
022696999
022695o
022695kdr
022695fgg
022695boy
0226951
02269500
022694v
022694p
022694c
02269493
022694101892
022693y
022693FROG
022693AL
02269352
0226934
02269314
0226931
02269300
022692t
022692djv
022692831
022691v
022691s
022691cd
0226918
02269148
022690b
022690a
02269013
022690040
022690036
02269*0
02269
02268tlw7
022689d
022689a
022689303
022689198
022689192
022688me
022688b
022688268
022687l
022687103
0226871
022686a
0226865
0226864357
022685at
02268520
022684j
022684976
02268425846
02268403170312
022684031703
0226833846
022683223
022682499
02268226
0226822
0226820
02268139
022680hb
022680c
02268080
0226806374
022680609
0226804
022679tp
02267926
0226779
022676db
022675770
02267500
022674610
0226740
022673c
02267335
022672nlm
02267236
022672243
022671536
0226715
022670353
022670339
022670240
02267024
022670174as
022669844
022669720
022669682
022669613
022669365
022669
02266838
022668207
022666046
0226650585
022665
022664620
022664278
0226642497
022664221.
022664026
0226636878
022663001
022663
022662_no
0226628897
0226625478
022662
022661806
022661414
0226613540
0226610297
02266096505
022660918
022659901
022657s
0226578990266780
022656432
022655110
022654271
02265338
022653207
0226532
022653
022652629
0226515
022651
022650943
022650597
0226505277
02265
0226479
0226467
022646460
02264613649
022646
02264561577
0226455436
022643
02264210
02264153
022641
022640tcm
022640r
0226404790
022640062
022639424
022639034
022639027
022638453
022637
022636079
022634830
0226334
022632975
0226323
02263201
022631876
022630giuliana
02263
022629026
0226283
022627wendy
02262626
02262602
02262533
02262530
02262529
02262527
02262526
0226251j
02262518
022624518
02262409
022624
022623ed
022623834
022623411
022623
0226220
0226212345
0226207348
02262020
02262007joshua
02262007
02262006j
02262001dd
02262000062564
02262
02261999d
02261996H
02261995
02261993d
02261993K
02261992yy
02261990d
02261988a
02261987bt
02261982c
02261979j
022619793
02261977
02261975
02261971
022619705
02261964
02261961
02261957
02261945
02261943
02261877
022617424
022617337
022616518
02261631
0226161kk
02261618
02261603
02261520
02261516
02261479
022614113
022614
0226139
0226133h
022612739
02261229
02261227
02261226
02261121tm
02261119
022611101
0226111
02261106
02261103
022610315
02261031
02261024
02261
02260990
022609603
02260954
02260927
0226092538127171
0226091
022608087281
022607ss
022607k
022607j
022607gha
022607f
02260726
0226071994kevinyque
0226071452
02260622
02260620
022605s
022605jnl
022605e
022605EMMANUEL
022605981
022605898
0226058
022605446
02260503
022605028
022605022605
022604900
022604352
02260405
022604032
022603t
022603berkis
022603b
022603251
022602a
022602818
02260226j
022602165
0226021266
02260205
022601bjh
022601901
0226016
022601506
02260130
02260123
0226010520
022601026
02260093
022600672
022600213
0225zuli
0225yo
0225ts
0225tms
0225teamo
0225ryan
0225pmne
0225pa
0225ozma
0225onnel
0225kissma
0225jm
0225jl
0225jg
0225jada
0225gill
0225ex
0225evan
0225de
0225da
0225d0904j
0225crab
0225cara
0225ca
0225c9
0225bg
0225baby
0225baba
0225ba
0225ally
0225ald6
0225akh
0225abby
0225USA
0225Mafia3
02259a
022599af
022599858
02259913
022598875
022598742
0225984488
022598058
022597dj
022597813
022597698
022597603
022597318
022597090
022596e
022596978
022596897
0225962315
022596200809
02259618
0225961
022596064
0225960
022595roman
022595lerb
022595898
022595737
022595688
022595451
022595271
0225952538
022595136
02259508
022594jonalyn
022594_t
022594T
022594F
0225946599
022594534
0225942
022594157
022593will
022593891
0225937145251471
02259343
02259315
022593123
0225930oda
022592s
022592132
022591g
022591cwk
02259179676
022591773
022591733
022591674
022591327
02259120887
022591084
022590rtml
022590mr
022590j
022590dl
022590A
022590751
022590715
022590396
02259015h
022590!!
022589ccf
0225899+
022589677
022589264
0225890
022588m
022588j
022588169
022588161
022588113
022587nj
022587620
022587595
022587410
02258741
0225871
022586b
022586986
022586938
022586385
022586271
0225861
022585f
022585896
022585843
022585812
022585805
0225855220
02258519
022584d
0225841
022584062_9
022583030
022582smp
022582angel908
022582823
022582818
02258264
022582303
02258225
022582188
022581le
022581em
022581ch
022581c
022581574
022581315
0225811
0225810
022580ls.
022580lfc
022580estrella
022580ag
02258080
0225803
022579sc
022579mam
0225787b
022578365
022577D
0225777
02257708
02257628
0225753
022574A
0225739
022573119
0225731
022571shaggman
02257140199410
0225714
022571111
0225707
02256hjzfd
02256h73
02256geo
022569461
022568
022567A
02256789a
02256789
02256700
022565312
022564bd
022564639
022564541
0225644
0225630
022562020
022562
022561mama
022561ku
022561
022560ayp
022560816053
0225602256
0225596
022559568
0225592
022558al
022558899
022558402
022557884
02255754
022557336
022556644
022556638
022556633
0225562967
022556
022555860
022555206
022555
022554673
022554272
0225541
0225533
022553076
022552632
02255261
02255229
022552
0225517
0225515
022551495
0225511628
022550860
02254978
0225496110
022549
0225485485663
022547343
02254702
022547
0225460770
02254602
022546
02254545123
022544kt
022544797
022544628
022544532
0225445
02254412
022544
022543802864891
022543316
0225431935543193554319135431913
022543192
0225431144
022543
022542794
022542487
022542388
022542332
022542172
0225420s
0225420
0225419855
0225415237
022541310
022541201250929
022540473
02254
02253jkc
02253970
022539499
02253918
02253866320
022538137
022538000
0225373
022537260
022537
02253654
022536313
022535455
0225353
022534852
0225344
022534238
0225336
022533536
022533346
0225333
022532324
022532313
022532134
0225321
0225320320
022531729
022531323
022531276
0225311
02253051
022530150
02252k9
022529804
022529797em
022529405
02252920
022529152
0225289m
02252817
022527822
022527777
022526940123
022526428
0225263
022525773
02252539
02252527
022525$
022524899
02252485
02252476
0225246
0225245323
022524461
022524283
022524150
022523627
022523604123
022523201
022523162
0225226110
0225225
022522107
02252201
02252158
022521502
022521460
0225212mh
022521202
022520859
022520560
0225201rm
02252003m
02251998_princesstan
02251996cs
02251996
02251995cacs25
0225199506141994
02251994h
02251992af
022519916
02251989n
02251987pf
02251986t
02251986c
02251985d
02251982b
022519790
02251976
02251974
02251967
02251962
022519618
02251959
022519075
02251808
02251804
022518014
022517954
022517473
022517335
022516d
022516965
0225164809
022516232
022516198
0225160
02251512
02251505
022514m
0225148
022514295
02251403
022514
02251330
02251329
02251322
022513099
022513008
022512789
022512646
0225124
02251216
02251207
022512062
022511988
022511975
022511927
0225117
02251114
02251111
0225111091
0225110856
02251104
022510833
02251074
022510459
0225102531
022510168
02251014
022510136
0225101
02250927
02250925
02250909
022508ljc
022508b
02250815
0225081
022507m
0225079
02250702
022506sc
022506gk
02250617
0225061
022506022506
022505wed
022505u
022505dj
022505cwc
022505c
02250583
022505794
0225052524
0225051
022504tkj
0225043884
02250437
022504291702
02250428
02250412
02250311
02250310
02250305
022503034
022502rr
022502l
02250226
02250225rd
02250201
022501961
022501581
022501538
022501230
022500tty9fk
022500413
022500324
0225001ads
0224xavironaldo4
0224vic
0224uk87
0224tlsdi
0224tink
0224steven
0224nida
0224muay
0224kwin
0224ko
0224js
0224johny
0224jfme
0224jen
0224jay04
0224javy
0224jam
0224iverene
0224epxef
0224eg
0224cjt
0224bk
0224bestfriends
0224beau
0224andrew
0224ah
0224_c
0224KO
0224JJ
0224GIJoe
02249v
02249A
022499wytwwb
022499n
022499hunter
0224999
022499800
022499756
022499681
022499612
0224996
022499574
022499154
022499147
022498j
022498gabe
022498783
022498311
0224979530211
022497756
022497603
022497547
022497486
022497231
022497051
022496ac
022496963
022496893
0224968
022496677
022496521
02249649pk
022496394
022496184
022496150
022496*
022495961
022495879
022495843
022495421
022495306bm
022495306
022495226
022495224
022495117
022494m
022494db
022494991
02249493
0224947936
022494569
022494505
022494249
022494236
022494136
022493z
022493b
022493774
022493646
022493481
022493473
0224934
022493288
0224931042
022493025
022492tam
022492t
022492mb
022492e
022492834
022492727
022492581
0224925775
022492524
0224922987
022492240
022492232
022492173
022492029
022491n
022491m
022491k
022491979
02249149
0224912
022491*
022490v
022490j
022490h
022490as
0224909761
02249091
022490316
02249
022489l
022489e
022489c
022489a
0224895jenna
0224890
022488yupielmejo
022488cr
022488a
022488463
022488327
022488266
02248824js
02248807
022487ng
022487lp
022487e
022487a
022487679
02248727
022487022487
022486js
022486701
022486690
022486597
0224865387
022486499
02248637
022486357
022486194
022486171
0224861679
022486160
0224861
022485m
02248588
022485879
022485628/
022485628
022485480
022485251
022485180
022485138
022485017
022485006
022484s2pido
022484pc
022484898
022484803
0224848
022484748
022484697
022484661
022484471
02248421
02248402
022483at
022483980byme
022483824
022483820
022483609
022483581
022483568
022483523
0224835
022483405
022482582
022482361
022482324
02248219
022481t
022481r
022481al
022481867
02248171553
0224816
022481567n
022481469
022481451
022481424
022481414
022481383
022481339
022481092
022481064
022481053
022480t
022480957
022480468
022479848
022479716
0224793
022479104
022479053
022479046
022479016
0224790025
022478t
022478pd
022478960
022478924
022478780
022478700
022478027
022477601
022477289
02247726l
02247726
02247711
022476cp
0224767
022476494
022476229
022475lm
022475980
02247