
016528654
0165285771
016528451
0165284439
0165284082
0165283172
0165282478
016528230
0165281583
0165281332
0165280867
016528
0165279826
0165277943
0165277524
0165276805
0165276003
0165275233
0165275108
0165275
016527345
0165273089
0165272774
0165272700
0165272657
0165272585
0165271804
0165271499
0165271354
0165270605
01652678814
0165266
01652657625
016526571
016526495ะนนื
01652649140
01652640105
01652635569
01652634720
0165257290
0165256533
0165254873
0165254790
0165254
016525326
0165252920
0165252566
0165251407
016525138
0165251360
0165251277
016525003
016525000
016525
0165238215
016523608
0165235600
01652331995
0165232446
016523171
01652314
016523002
016523
016522871
0165228334
0165227751
0165227681
0165227544
0165226111
0165225845
0165225541
0165223975
0165222967
016522265
016522238
0165222379
0165222100
0165221943
0165221880
0165221475
0165220748
0165220363
016521895
0165218163
016521616
0165215
01652125
0165212409
01652114
0165210966
0165209
0165206363khalif
0165205566
0165204550
016520455
016520437
0165202225
0165202223chee
016520013
016520
016519993
0165199863
0165199532
0165198823
0165198553
0165198190
0165198141
016519599
0165195099
0165194681
0165194330
016519289
016519282
0165192718
0165192110
0165192093
0165192081
0165191951
016518992
016518922
0165188849
0165188652
0165188
01651873105abc
0165186695
0165185588
0165185444
0165185432
016518501
0165184785
01651842736
01651842623
0165183369
0165183261
01651826-5tt023
0165182562
0165182382
0165182251
0165180826
0165180235
016518022
016518
0165179755
0165178470
0165178125
016517698
0165176237
0165176067
016517569
0165175226
0165175020
016517269
0165171641
0165170646
0165169506
0165168521
0165168428
0165167710
01651669711
016516696
0165165805
0165165804
0165164614
01651633
016516258
0165162157
016516212
0165161261
0165161125649
0165160102
0165159958
0165158253
0165157246
0165156821
01651568
0165156716
0165156568
0165156511
0165156503
0165155871
0165155568
0165155517
0165154614gogo
0165154100
0165153818
0165153579
0165152923
0165152478
0165152169
0165152003
0165151985
0165151663
0165151519
0165150815
0165150560
0165150424
016515
016514867
0165148487
0165148292
0165148110
016514721
0165145m
016514500
0165144653
0165144068
0165143490
0165142694
0165142186
0165142025
01651418142368672
0165141224abdo
016514029
0165140
016514
016513922
0165138868
016513802
0165137899
0165137868
0165137325
0165136726
0165136204
0165134910
016513462
016513453
0165133798
016513359
0165133302
016513312
0165132367
0165132165
0165130741
0165130732
0165130596
0165130075
016513
0165129602
0165129367
0165129258
0165129075
0165128
0165127927
016512644
0165126413
0165125529
0165124151
0165124
0165123580
0165122182
016512043
016512
016511826
0165117179
0165117120
0165117071
0165115887
0165115871
0165115802
0165114962
0165114229
0165114207
0165113206
016511231
0165112099
016511105
016511
016510ptl
0165109684
0165108399
016510753
016510688
0165106434
016510545
0165105433
0165103959
0165103925
0165103919
0165102870
0165101817
0165100103
0165099210
0165098863
016509829
0165097633
0165095054
0165094254
0165094020
0165093877
0165092664
0165092594
0165091127
0165090638
0165090
016508756
0165084266
0165083569
016508240
0165082060
0165080913
016508009
0165079724
0165078396cjh
016507805
0165078
0165077058
0165076
0165075589
0165075088
0165074743
0165074501
016507412
0165073628
0165073534
0165073275
0165071764
0165070678
016507018
016506972
0165068871
0165068074
016506747
0165067068
0165065570
0165065426
0165065302
0165064959
016506411
0165063341
0165062873
0165062436
016506229123
016506099
0165060812
0165059957
0165059862
0165057665
0165057518
0165057348
0165056677
0165056458
0165056253
016505616
0165056142
0165055921
0165055382
0165054668
016505437
0165054114
016505370
0165053693
0165051293
0165051095
0165051092
0165050460
016504959
0165049433
016504904
0165048949
0165048372
016504828
0165048131
0165046980
0165046203
0165046072
016504580
0165041314
0165040522
0165040134
016504
0165039018
0165037437
0165036908
0165036889
0165036299
0165036050
016503522
0165035163
0165034975
0165034756
0165034388
0165033983
016503380
0165033619
0165033052
0165033043
0165033031
0165031348
0165030929bmy
0165030110
0165028894
0165028672
0165028056
0165027730
016502657
0165026117
0165025837
0165023153
0165022a
016502284
0165022656
0165022402
0165021288
0165020931
016502050
0165018658
0165018150
0165017754
0165017743
0165017738
0165017622
0165017610
0165017548
016501753
01650165a
0165016
0165015565
016501505a
016501415
0165014132
0165012310
01650119rpz
016501191
016501124
0165010742
0165010667
0165010124
016501
0165009645
0165009389
0165009046
016500864
0165008217
0165006809
016500640999
0165005630
0165005165
0165005020
0165005011
016500413
0165004025
0165003023
0165002192
0165001309
0165001024
0165000946
0165000615
01650
0164ut
0164spider
0164ph
0164patrice0164
0164marie
0164997844
0164997259
0164997030
0164996932
0164996716
0164996078
0164995657
0164994585
016499434
0164993327
0164991128
016498910
0164988682
0164986665
0164986601
016498595
016498510
0164983704
016498149
0164980805
0164980552
0164979095
0164978681
0164978051
01649780
0164976603
0164974318
0164974103
016497397
0164973576
0164972731
0164971560
0164970930
016497066
016497
0164968862
016496878
016496631
0164965895
0164963858
0164961885
016496025
0164959434
016495927
0164957907
0164957
0164955371
0164955195Adran
0164954829
0164953463
0164953443
0164952618
016495173
0164951415
016495037
016495
0164949007
016494894
0164948408
0164947862
0164947654
016494710
0164945901
0164944863
0164943865
016494309
0164942411
0164940639
0164938994
0164938308
0164935806
016493580
0164934870
0164933877*
0164933590
0164931615
0164931404
0164930106
0164928810
0164928521
016492767
0164926477
0164922315
0164922156
016492175l
016492050
0164920243
0164919907
0164918350
016491772
016491699
016491241
0164911747
016490889
0164908546
0164908436
0164907221
0164906755
0164905930
0164904680
0164901868
0164901289
0164901184
016490006
01649
0164898019
0164897532
016489679
0164895932
0164895297
0164895045
016489452
0164894104
0164891371
0164890737
016489004
0164890012
016489
0164889373
0164889110
01648883-4
016488806
0164887910
0164887809
016488758
016488654
0164885291kosamk
0164883390
0164882480a
0164882480
0164881067shima
0164880294
0164880164
01648797
0164878542
016487735
0164875755
0164875321
0164873921
0164873523
0164873450
0164871588
0164871470
0164870422
016487
016486s
016486971
016486790
0164867519
016486734
016486698
0164866828
016486548
01648653300
0164863567
016486329
0164862465
016486185
016486066
016486
0164858627
0164858625
0164857196
0164855
0164853162
0164851449
016484987
0164849511
0164849394
0164849135
016484900
016484869
016484855
0164848498
016484687
016484407
0164842149
0164841ep
0164841993
0164840683
0164839380
0164839056
0164835878
0164835855
0164834265
016483348
0164832792
01648327
016483250
0164832030
0164831593
016483
016482SUET
0164828439
0164827766
0164827474
0164826376
0164826093
0164826050
016482513
01648248
0164824652
016482317
0164822383
0164821828
0164820672
016482041
0164820089
0164819445
0164816000
0164814105
0164812348
0164811985
0164811856
0164808461
0164807983
01648078674.
0164806800we
0164805006
0164803070
0164802272
0164802138
016480
01648
016479936
016479002
016478981
0164789385
0164788990
016478865
01647884720125021571
0164783910
0164782359
016478234
016478226
0164782021
0164781310
016478085
016478
0164779192
016477882
0164777872
0164775608
016477547
0164774683
016477404
016477353
016477249
0164771961
0164771501
0164771315
0164771013
0164769527
0164768879
0164768197
0164767828
0164767548
016476716
0164766555
0164766147ann
0164764891
0164764764
0164762835
0164761255
016476
0164758097
0164756889
0164755283
0164755261
0164755111
0164754767
0164751413
0164751392
0164751276
016475123
0164748377
0164748216
0164748058
0164747784
016474757
0164747402
0164745140
016474382
016474348
0164743441
0164743181
0164743067
016474273954
0164742444
0164741898
0164740985
0164739s
0164739S
0164737158
0164736720
0164736207
0164735527
0164735008
0164734309
0164732156
0164730238
016472788
0164726920Hwa
016472225
0164721610
016471810
0164716812
016471678
0164714110
01647103swsk
0164709810
0164708253
016470806
016470634
016470520
0164705190
0164704849
0164703692
0164702386
0164702276
01647004172846941
01647
01646hg83
0164698871
0164697536
0164697099
0164696977
016469555
0164695130
0164693819
016469
01646888179
0164688249
016468488
016468464
0164683919
0164683215
016468179
0164680411
016468032
016468
0164679927
0164679310
0164676770
016467651
0164676302
016467558
0164674753
0164674238
0164674055
0164673634
016467340
0164672597
016467186
0164671195
0164668980
0164668274
01646680579
016466774
016466650
016466643
0164666206
0164664025
016466327
0164662666
0164662632
016466198
0164660978
016466
016465893
016465634
0164656334
016465248
016465229
0164652190
0164651701
0164651173
0164651129tota
016465100
016464943
016464894
0164648852
0164648425
0164646114
0164646
016464557
0164643831
0164642909
0164642330
016464231
016464113
0164640652
01646402942010
0164638216
0164637315
0164636328
0164636226
016463603
0164635144
01646349930164473472
0164634745
0164634642
0164634191
0164633810
016463
0164629765
016462856
016462644
0164625776
0164623141
01646230480164632879
0164620175
0164620114
0164619966
016461896
016461680
0164616172
0164615035
016461463
0164614254
016461344
0164613274
0164613144
0164613080
0164612633
016461228
0164610410
0164608943
0164606389
016460560s
016460494
0164604718
0164602799
0164600268
016460
01646
0164599679
0164598973
016459851
0164598317
016459831
0164598233
0164596425
0164596093
0164595915
0164595432
0164595061
0164592429
0164592281
0164588975mena
016458823
016458521
016458021714
0164577625
0164577074
0164573626
0164572729
0164570210
0164570044
0164569405
0164569344
0164564862
0164562156
0164561944
016456
0164559038
0164558849
0164557802
0164557003
0164554944
016455435
016455227
0164549471
0164548727
0164548481
0164548430
0164546545
0164545850
0164545557
0164543936
0164542300
0164541813
016454181
0164541606
0164541219
0164540736
0164540377
0164540323
0164540129
0164540078
016454
0164538393
016453814
0164537494
0164537347
0164537120
0164535300
01645344776013
016453441
016453434
0164532693
016453256
0164532244
016453161
0164530962
01645287
016452779
0164526062
016452535
0164524205
0164523608
016452282
016452241
0164519391
0164517979
0164515798
0164515217
016451414
0164513397
0164511940
016451020
016451
0164507039
016450608
0164501645
0164501374
016450022
016450
01645
0164498
016449784
0164497321
016449711
016448970
016448892
016448764
016448557
016448540
016448
01644782
0164476269
0164474426
016447295
016447221
0164471387
0164469951
016446767
0164465544
016446151
016446138
016446133
016445961
0164456232
0164454410
0164454332
0164453812
016445355
0164452
0164450
016445
0164448079
016444416
01644420862
0164441327
016443991
016443957
0164439476
0164433976
0164433552
016443206
0164431413
016443118
016443
016442917
0164428681
016442813
016442794
016442788
016442786
0164424970
016442465
016442461
016442428
0164424
016441809
0164415020
016441417
0164413880
0164413473
0164412498
0164411325
016440877
0164406913
01644051
0164404868851996
0164404046
0164403237
016440079
0164400024
0164399868
0164399811
0164398555
0164398123
0164397502
0164396615
0164395184
016439394
0164393040gehad
0164389446
0164388032
0164386491
0164386
016438537
016438377
0164383708
0164382813
01643821316
01643820
016438181
0164379794
0164378846
0164378471
0164377251
0164376k
0164376551
0164375346
016437424
0164373397
0164373252
0164372627
016437089
0164370876
01643707421
0164370552
016437
0164368837
0164368663
0164366706
0164366575
0164365527
0164365503
0164365459
0164365429
016436526
0164364430
0164360366
0164360357
0164360166
0164359978
01643587
0164356449
016435604
0164354251
016435418
0164353168
016435298
0164350727
0164350311
016435018
016435
0164349691
0164348291
0164347315
0164346493
0164346284
0164343929
016434378
0164343552
0164342659
0164341780
016434170
0164341036
016434
0164339916
0164339406
0164338109
016433676
01643361
0164335680
0164334956
0164334162
016433392
016433192
0164331267
016433098
016433
016432893
0164328799
016432850
0164326211
01643258
0164323
0164322194
0164322093
0164320845
0164319905
016431973
0164318151
016431703
016431698
0164315940
0164313006
0164312316
0164311587
016431142
0164310502
0164308189
0164306816
0164306619
016430580
0164305446
0164304625
0164304603
016430443
0164303618
0164303499
0164303307
0164302551
0164301264
0164300733
016430068
0164300079
01642s
01642popice
016429947
0164297844
016429634
016429108
01642898793
01642894587
0164287904
0164285570
016428555
0164285321
0164283944
0164283389
0164283021
0164282755
0164281920
0164281606
0164280885
0164280621
0164279151270119
0164279
0164278408
0164278230
0164277530
0164277065
0164276268
016427477
0164273029
016427286
0164272768
0164271526
016427077
0164270739
0164268786
0164266946
0164266667
01642650315
0164264045
0164262999
0164262747
016426
0164258793
016425433
01642542
016425282
0164252481
0164251369
016425
016424886
0164248513
016424780
01642475358
0164245873
016424511
01642447544497
0164244754
016424393
016424351
016424093
016424
0164239974
0164238
016423691
016423523
0164235021
0164234020
0164233846
0164232226
016423203
016423163
01642315664
016423153
016423130
016423
0164228215
016422740
0164227125
01642262386
016422363
016422334
016422322
016422264
016422252
016422103
0164219497
0164216181
0164211a
016421169
0164210021
0164210
016421
016420877
016420772
0164207409
016420584
0164205305
016420441
0164202060
016420081
0164199
01641977
016419716
016419552
0164195247
016419203
0164190134
016419
016418901
0164189
0164188809
016418754
016418545
0164185108
016418000692
016418
0164179388
0164174685
016416895
016416831
016416719
016416675
0164165522
0164165505
0164164111
016416393
0164161149
0164161066
0164160181
016416
016415988
0164156629
016415513
016415494
0164154478
016415409
0164152779
016414808
0164146115
016414314
016414106
01641410450102914991
0164139516
0164139135
016413674
0164136
0164135736
0164133686
0164133542
0164133090
0164132142
0164131
016413
016412911
016412424
01641240
016412149qw
016412
0164118695
0164118542
0164116550mm
0164116199
0164116152
0164115639
0164115076
0164114562
0164112085
0164111916
01641103swsk
0164107876
0164105820
016410467
016410402
0164102998
01641
016409978
0164099550
0164095634
0164095389
0164093759
0164091554
016409054
016408995
01640896633
0164089642
0164088274
0164087949
01640878840182626792
016408759
0164087052
0164085372
0164082662
016408225
0164082218
01640805020
0164079306
0164079008
0164077559
0164071013
0164071
0164070829
016406shehab
0164069646
0164067969ruran
016406666
0164066542
0164064955love
01640646270163506133
0164062
016406195
0164061360
0164061160
0164061097
0164059851
0164059772
016405886
0164057475
016405707272
0164056334
0164050980[,lhkm
016405080
0164050580
016405
016404768
0164045935
0164043758
0164043710
0164043182
0164043066
016404265
0164042065
016404172
0164041
016404062
0164040315+++++
0164040202
016404
0164039771
0164038614
0164038184
0164038060
0164037996
01640373
0164036009
0164034322
0164034160
0164032389
016403060
0164030390
0164029728
0164028029
0164027902
0164026446
0164026357
016402600
0164024321
0164023602
0164022204
0164021483
0164021397
0164020991
016402079
0164020200
0164020168
0164019047
0164018279
0164017880
0164016799
0164015751
0164015452
0164015325
016401523
016401
0164009840
0164009235
0164008503
0164006648
0164005638
0164002914
0164001490
0164000781
0164000761
0164000657
0164000571
016400044
0164000121
01640
0163zen
0163rj
0163kf
0163amorlatino
0163998217
0163997652
01639969293
0163996
0163995454
0163994577
0163988482
0163988456
0163988389
0163986430
0163986023
0163985663
01639845801
01639842237
01639812526
0163980165
016397920
0163977454
01639771909dad
016397671
01639760324
016397491
0163972215
0163971291
0163969247
0163967397
0163966434
016396514
016396372
01639631518
016396236
0163962103
0163961302
0163960772
016396
0163958035
0163958019
016395663
016395418
0163951950
016394d8
0163946asd
0163946901
0163946367
016394564
0163943613
016394228
016394186
0163940730
016394
0163936915
0163936642
016393491
0163933334
016393291
0163930788
016393
0163928611
0163927694
0163922900
0163921696
0163920128
0163919735
0163918244
0163917080
0163916080
0163915931
0163913667
0163913662
0163912571
0163911492
0163910225
016391
0163907564
0163906628
016390646
0163905289
0163904597
0163903228
0163901005
0163900545
01639
0163898283
0163894956
0163893879
0163893136
01638925443
0163890291
016388964
0163889040
016388768
016388427
01638831327
016388194
0163880567
01638790
0163876301
0163874616
016387454
016387288
0163872235
0163870551
0163870188
01638700778
0163870025
016386ut
0163865938
0163865548
016386380
0163861258
01638604043
01638602414paris
0163859432
0163857594
0163856970
0163854893
0163854862
0163854658
0163854299
0163853800
0163853415
0163852957
0163851201
0163851
016385
016384899
0163848903
01638477
0163844660
0163844279
0163842970
016384296
016383933
0163838761
0163838146
0163837492
0163836055
0163836012
0163834597
0163833736
0163832370
0163831035
016383095
0163830908
0163826604
0163825646
0163825377
01638245693834862
0163823482
0163823150
0163823122
0163819301
0163819260
0163816782
0163816041
0163815404
0163814337
0163814239
0163814104
0163813810aas
0163813713Sky
016381307
01638123770
0163812377
0163811854
0163809
0163807929
016380481
016380410
0163803232ana
0163801750
0163801189
0163800288
01637ee
0163799839
0163799129
0163797037
0163796226
0163793951
0163788776
0163787515
0163787498
016378587a
0163782886
0163782778
0163780043
0163779896
0163779421
016377731
0163777199
016377718
0163776501
0163776417
0163775915
0163773379
0163771124
0163770809
016377
0163769263
0163769
0163768342
0163767942
0163763983
016376276
0163760447
016376
0163759810
0163759683
0163757471
0163757
0163756745
0163755230
0163754235
0163753628
016375212
0163752082
016375031024000
01637503102400
0163750278
0163750063
0163747566
0163747024
0163746476
0163745545
016374317
0163740161
0163739838
0163738186
0163737606
016373735
0163736760
0163736048
0163734999
016373232
0163731610
0163730766
0163730307
0163729605
016372921
016372767
016372712
0163721631
0163720462
016372026
0163720091
016371860
0163718468s
0163717628
0163714073
0163713625
016371068
0163709
0163705953
0163705866
01637049819
0163704211
0163701698
0163701024
0163700664
01637
0163699863
0163698967
0163698910
016369852
0163697721
01636968632
016369453
016369393
0163692934
0163690683
0163690201
0163690060
016368970
016368944
01636893982
016368764
0163686721
0163686503
0163684142
0163682381
0163680956
0163679756
01636774741
016367747
016367721
0163676646
016367633
016367597
0163675623
0163675442
0163675232
0163673418
016367014
016367
016366939
0163669324
0163669151
0163668801
01636686766
0163668458
0163667502
01636674408
0163666913
016366630
01636659015
016366583
0163665746
0163664903
016366470
0163664562
0163663933
0163662371
0163661906
0163661516
016365974
0163659593
016365927
0163659013
016365837
0163656937
0163656506
0163653294
016365232
0163652108
016365107
016365100
016365091
016364885
0163648391
01636474313
016364717
0163645871
0163645298
0163644358
016364366
0163642353
016364019
016364015
0163640070
0163640
016364
0163638086
0163637388
0163636364
0163636014
016363598
016363482
0163634760
0163633521
0163633103
016363290
0163632
016363185
0163631766
0163631
0163630
0163629160
0163627624
016362535
0163624863
0163623983
0163622111
0163621436
0163620559
016361965
0163619436
0163619337
01636190
0163618610
016361700
016361609
0163614808
016361437
016361324
016361265
016361113
0163610w
0163610a
016361008
016360972p
016360966
016360934
0163608829
0163607943
016360773
01636066789
016360557
0163605334
0163605109
016360400
0163601017
0163600503
0163600332
01635q
0163599980
0163599530
0163599333
0163599061
0163595489
0163595278
0163594643
0163593893
0163592492
0163592242
0163591855
01635917305901386
0163590114
0163589309
0163588388
0163588153
01635860393
016358479
0163584260
0163582401
01635821809
01635820749
016358
0163579089
0163578892
0163574879
0163573310
0163573201
01635679708
0163567449
0163567429
0163564136
0163562667
0163560593
0163558850
016355876
0163557567
0163557199
0163556780
016355661
0163556005FDJV JAD:
0163554099
0163551790
0163551466
0163551368
0163550602
0163550361
0163549715
0163549119
0163545265
0163545204
0163544499
0163543986
0163541631
0163540157
0163538661
016353798
0163533hong
01635308
016352742
01635271
01635269126
0163526186
016352613
0163523542
0163522980
01635200013
016352
0163519904
016351981
0163518880
0163518548
01635177320
016351658
0163516269
0163513053
016351287
016351252
016351
0163507589
0163506753
016350608
0163505460
0163500614
01634dom
016349657
0163494996
0163493614
0163492826
016349222
0163490231
016349
016348916
0163486s
0163486463
0163484695
0163482776
0163482485
0163482238
0163481741
01634811738
0163480352
0163479501
0163479196
0163478504
0163476213
016347
016346matty
0163469412
0163468622
01634682878
0163467110
01634671055
0163466877
016346645794
016346593
0163465783
0163465583
0163463676
016346350
0163462030
0163461919
0163460605
0163458887
0163458199
0163457526
01634573852
01634567481
0163456624
0163456194
0163455712
0163455218
016345313
0163453022
0163452657
0163451207
0163449254
0163447074
0163445686
016344564
0163443667
01634409847
0163439906
0163438751
0163438451
01634372589
0163435642
0163435283
0163434454
0163432827
01634321390
01634319872
0163431814
0163430366
01634280605
0163427852
016342686
0163426051
0163425960
0163422798
016342236
0163422356
016342215
0163421873
0163421264
016341927
0163416513
0163416094
0163415033
0163413885
016341314
0163412778
0163412316
016341146
016340955
016340877
0163408232
0163408049
0163406922
0163406168
016340463
0163400568
016339993
016339907
01633968
0163396
01633932270163393227
0163391622
0163390856
01633894028
016338811
016338787
0163386896
016338367
0163382706
016338126
0163380971
0163380602
016338007
016338
016337812
0163377751
01633774763
016337646
016337394
016337235
0163372068_010
01633718886
0163371829m
016337153
016336994
016336894
016336754
016336699
0163366065
016336603
0163364109
016336345
0163361597792
01633614050
016336109
01633601889
016336
0163358456
0163357562
0163356259
016335535
016335513
0163353626
016335320
0163351986
016335167
016335051
0163350183
0163349154
016334877
0163348695
016334754e
016334732
01633469846
0163345245
01633448481
0163344730
016334199
0163340446
016334039
016333922
016333735
0163336809
016333458**
0163333928
016333321
0163332426
016333151
016333123
01633250963
01633213122
0163321079
0163317903
016331784
016331314
0163311910
0163309991
016330999
0163308273
016330822
01633081
0163307800
0163306830
0163305919
0163305790
016330485
0163303
0163302832
016330
0163298
016329603
0163295890
016329534
0163293789
0163291831
016329
0163289829
016328900
0163287991
0163286918
016328364
01632815
0163279855
0163279636
016327899m
016327724
0163276910
016327677
016327590
0163274445
0163274113
0163273610
016327231
0163271275
016327093
0163270125
0163268431
0163267975
0163267260
016326650092883592
016326611
016326609
0163265440
0163264894
0163264804
01632644
0163263351
0163262328
0163261614
016326081
0163260
016325456
0163253178
016325162
01632512225
0163249433
0163249287
016324808
016324726
0163246023
0163245601
016324514
016324445
0163243300
0163241843
016324
0163239304
0163235460
0163234128
016323411
0163233679
0163233528
0163233368
0163232970
0163232709
016323261
0163232187
0163231
0163230552
016323
0163229512
0163227868
016322772
016322727
0163226032
016322563
0163224549
01632242089
0163223635
0163222732227
016322171
0163220552
016322
016321punk
0163219331
01632184440104136246
016321560
0163214655
0163214290
0163214135
0163213475
0163212756
016321268
016321006m
016321
0163209845
0163209795
016320901
0163206928
016320607
0163205504
0163205497
0163204579
0163203677
0163202163
0163201714
016320081a
0163200625
0163200490
01632
01631claire
0163199713
016319928827
0163198233
016319817
016319737
016319710
0163196482
0163195986
016319534
016319374
01631935355
0163192515
016319251
016319133
0163191106
0163190628
0163190434
01631902
016319
0163189067
016318591
016318479
0163184
016318307
0163181867
016318
016317792
0163177149
0163176692
0163176221
016317582
01631756221
0163175322
0163175268
01631750231
0163173929
0163173083
0163172837
016317218
0163171853
0163171598
0163170575
0163170185
016316e
0163169480
0163169464
016316905
016316881
016316772
016316695m
0163166932
0163166576
0163166300
016316547
0163164992
016316303
0163162458
0163161848
0163161626
016316118
0163161137
0163160915
0163160560
0163159332
0163159232
0163158855
01631572970
0163157190
01631570841
0163156936
016315670532
01631565191
0163154133
016315327
0163152989
0163151345
016315
0163149797
0163149087
016314570841
0163145381
01631443
0163143394
0163143224
0163143
0163142774
0163138780
0163136436
0163133193
0163132827
0163132651
0163131826
0163130316
016313
01