6
0125632869
0125632684
01256326656
0125632233
01256320240
0125631989
0125631789
0125631312
0125630612
0125630113
0125627872
0125626477
0125626398
0125625642
012562561
0125625
0125624941
0125624627
0125623990
0125623454
0125623183
0125622926
0125622593
01256224391084174
0125622404
0125621236
0125621195
0125620488
0125620438
0125620007
012561q
0125619746
0125619742
0125619562
0125619225
0125618688
0125618678
0125618244
0125618
0125617348
0125617142
0125616698
012561654
012561567
012561447
0125614337
0125613767
0125613664
0125612901
0125612755123
012561271
0125611730
0125611690
0125611404
0125611385
0125611313
0125611210
012561116
0125609187
012560883
012560659
012560604
012560480
0125604492
012560420
0125603815
0125603032
0125602933
0125602011
0125601957
0125601686
0125601125
0125600468
012560040
0125600357
012560031456123
0125600201
012560013
01255r84
012559911
0125598801
0125598639
012559852
0125598049
0125597299
0125596782
0125595820
0125595684
0125595623
0125595
012559496
0125594623
0125594081
0125593755
0125593574
0125593190
0125592909
0125592421
0125590982
0125590727
0125589
0125588827
0125588573
0125588362
0125587844
0125587295
0125586852
0125585740
0125585525
012558442
0125583970
0125583735
0125582572
0125582361
0125582327d
0125581818
0125581225
0125580630
012557dad
012557990
0125579686
01255789l
012557884n
0125578694
0125577717
0125577
0125576573
0125576419
01255762130000000000
0125576
012557499
0125574510
0125573298
012557272
0125572616
012557
01255679592
01255678688
0125567864
012556748
0125567352
0125566783
012556677
0125566435
0125566173
0125565771
0125564991
01255649
0125564886
0125564633
0125564294
0125563294
0125563207
0125563
0125562788
0125560797
012556012556
0125559133
0125558238
0125558012
0125556569
012555594
01255558
0125555555
012555555
01255551752
01255551094
0125555
012555434
0125553905
012555230
012555220
012555132
0125549611
0125549578
0125548777
0125548506
0125547947
01255474854
0125546785
012554661
012554618
0125546106
0125545468
0125545404
0125545218
0125544869
0125544571
0125544121
01255436111
01255434991
0125543306
01255431859
0125543120
012554310
0125542269
01255417766
0125541620
0125541082
0125540928
0125540795
0125539982
0125539875
0125538190
0125537953
0125536969
01255355
0125535103
012553392
0125532347
0125532
0125531708
0125530360
0125530116
012552908
012552754
012552621
0125526
01255255
012552522
0125524973
0125524643
0125524539
0125524080
012552404
0125523208
0125523118
0125522863
012552283
012552254342
0125522452
01255224132
01255223903
01255222905
01255222625Tomlin
0125522084
01255220739
0125521942
0125521744
0125520840
0125519092
012551742
0125517162
0125515106
0125514288
0125514144
0125513253
0125512305
0125512093  
0125512093
0125512
012551198741
0125511656
0125508417
0125508323
0125508217
0125507945
0125506705
012550547
012550507
0125505040
0125504450
0125503498
01255025840125502584
0125502343
012550126
0125501233
0125500477
01255
01254natalie
01254me
01254bensxc829207
0125499358
012549926
0125499148
0125499140
0125499006
0125499001
01254986
0125497482
0125496018
0125496
0125495876+0182200840
012549560
0125495111
0125494982
01254942310106562701123
0125494141
0125493832
012549361
0125493582
0125493030
0125492536
012549172
0125491505
012549079
0125490617
0125489903
012548978
01254897
01254888164
0125488
0125487694
01254875431
0125486351
0125485352
01254853357
01254852038
0125484
0125483648
0125482580
0125482388123
0125480687
0125480019
012547m
0125479897
0125479844
012547973
0125479319
0125478_mlla
0125478965
01254789
01254786786
01254785christ20
012547810
0125477488
0125476710
0125476661
01254764630109411090128446902
012547638
012547551
012547463
0125474583
012547405
01254721678
0125471794
0125471702
0125470106
012546r
012546987459
0125469356
0125469136
012546897
01254689
012546844
0125468233
0125468210
01254682
012546801
012546777
0125467667
01254671416
0125466907
01254664089
0125466
012546584
01254655455
01254654
0125465388
012546497
0125464920
0125464258
012546398
0125463381
0125463
0125462853
0125462849
0125462829
01254623114296737
0125461979
012546002
0125459869
012545976
0125459551
0125459156
012545905
0125458988
0125456970
012545601
0125455626
012545446
0125454347
012545398
0125453453
012545236
0125451670
0125451177
0125450095
012545
012544971
01254489313131
012544859
0125447965
012544791
0125447886
0125446505
0125445465
012544475
012544373
0125442291
0125441690
0125440636
0125440561
0125439480
0125438799
0125438793
01254386501
0125438236
0125437742
01254376510
0125437417
0125437090
0125437023
012543664a
0125435440
012543466
0125434524
01254343366
0125434180
0125434
0125432719
0125431928
0125431725
0125431634
0125431564
012543141
012543
012542819
0125427556
01254265366
01254260335
0125425652
012542535
0125424785
01254240604394559
01254239876
0125423712
0125423371
01254230174
012542279
012542232
0125422132
0125422072
0125422022
0125421759
01254214006
0125421094
012542104
01254207613
0125420601
012542012542
012542010
0125420066
0125419520
0125419416
0125419261
012541812
012541756
0125417285
01254171632
0125417078khaledzezo
0125416921
0125416868
0125416446
012541625
0125415121
0125414785
012541457
0125414094
0125414092
0125413754
0125412802
01254125820
0125412541254
012541230
0125411805
0125411484
0125410844
0125410830
01254102
0125409222
0125408754
012540779
012540770
01254068720636
0125406490
012540535
0125404975
0125404240
0125403739
0125403442
012540322
0125403
0125402912
0125402158
0125401255
0125401104
0125401065
01253scooby
01253genuine
0125399510
0125399455
0125399126
0125399005
0125398105
0125397415
012539698
012539587
0125395313
012539419
0125393319
0125393282
012539231
012539228
0125391700
01253909
0125390241
0125389334
0125389120
012538909
0125389
0125388ming
01253885810
01253882284
0125388196
012538812
0125387932
0125387224
01253872208
0125386761
0125384787
01253836406
0125382410
012538063
0125379644
0125379512
0125379491
0125379331
012537893
0125378225
01253767206
01253753982
0125375075
0125374319
0125374293
012537279
0125372518
0125372401
0125372400
0125372194
0125371918
0125371337
0125371093
012537088may
0125370767
0125370606
012536fon
012536945_ann
0125369
0125368280
0125368232
0125367634
0125366
0125365249
0125365025
0125364919
0125364647
0125364557
0125364473
0125363964
0125363943
0125363224
012536308
0125362879
0125362618
01253626136
01253625831
0125362466
0125362354
0125362336
012536231
012536221
0125362188
0125361968
0125360389
012536009
012536004
0125360
012535866
0125358426
01253577799
0125357747
0125357562
0125357421
0125357274
0125356351
012535604
012535558
0125355560
0125354514
01253545
012535357
0125353467
0125353077
0125352678
0125352527
0125351820
012535160
0125350553
0125349672
0125349457
0125349302
0125346675
0125346500
0125346310
0125346115
0125346110
0125345900
012534581
012534579
0125345639
0125345509
0125345229
012534509
012534505
0125344940mmm
0125344308
0125343947
0125343912
012534386353308
0125343691
0125343050
012534249727583871
0125341336
0125340760
012534044
0125339828
0125339343
0125339334
0125339267
0125338078
0125338035
0125337964
01253378516517261
01253368777
012533591
01253356925
0125335667
012533501
012533464
012533433
012533427
0125334223
01253323640
01253314840
0125330118
0125328423
0125327699
012532656
012532623456
0125325729
012532547
01253254-273868742
012532533
0125325144
012532454
0125323459
012532320
0125322942
0125322615
0125322536
01253212187708989
0125320907
0125320516
0125320297
012532028
0125320157
012532013
0125319284
0125319113
0125318776
0125318426
0125317458123
012531718
0125315969
012531534
0125314511
012531428
012531400
0125313902
0125313900
0125313555
01253115035
0125310001
012530sansai
0125309862
0125309471
0125309104
0125308842
0125308805
0125308165
0125307582
0125307577
0125307266
0125306644
012530643
0125305431
0125303871
012530375
0125303315
0125300926
0125300313
01253002
01252kasd
0125299729
012529858
01252984
0125297524
012529715
0125296941
0125295940
0125295334
0125294760
0125294490
012529435
01252927fido
012529261
01252924s
0125292478
01252922
0125291953
0125291298
0125291117
0125290
0125289247
012528907
0125289059
0125288808
0125287278
0125286301
012528580
012528389
0125283597
01252835374
0125282808
012528239
012528209
0125282054
012528166
0125281008
0125280261
0125280210 0128146108
0125280136
0125279836140125
0125279632
0125279607
0125279508
01252793008
0125279229
0125279147
012527859
0125277369
0125276014
012527521
0125275147
0125274198
0125273920
012527253
0125272357
01252721180
0125271481
012527095
0125270629
012527035
012526fabricio
01252696
0125269040
0125268769
0125268691
012526866
01252686598
01252686242
01252682303
0125267848
0125267770
012526756
012526750
0125267071
0125266967
01252665880
012526641
01252660924
012526577
01252656702
0125265159
01252647051
0125264068
0125263732mesoEM
0125263439
0125263352
0125263308
0125263306
01252620587
012526121401250112140129949124
012525q
012525pa
0125259963
0125259856
0125259851
0125259052
0125258556
0125258482
0125258082
0125257375
0125257344010
0125257196
01252563
012525628601199
0125256256
0125256083
0125255654
0125255543
0125255439
012525526
0125254824
0125254747
012525444
012525437
0125254328
0125254136143215
01252539
01252536
0125253306
01252533
01252531
012525286
01252527
0125252300
01252521520
0125252140
012525211
0125251862
012525175
0125251220
01252511743
0125251024
01252501
0125249913
012524945
0125249
0125247320
0125247219
0125247184
0125245294
0125244974
0125244973
012524478412
0125244221
0125243815
0125243433
01252425
0125242370
012524080
01252404614
01252404226
0125238645
012523863
012523817
0125237807
0125237759
0125236187
012523552
0125235122
0125234126
012523390
012523348
0125233
01252326732
0125232497f
0125232497
0125232112
0125231916
0125231406
0125231055
0125230547
012523053
012522975
0125228776
012522817
0125227611
0125227451
012522713
0125225423
012522538
0125225305
0125225281
0125225236
0125224969
0125224450
0125223884
012522353
0125222765
0125222731
0125222396
012522221
012522129
0125220769012
0125220069
0125220065
0125220
0125219518
012521914
0125218135
0125216765
0125216626
012521606
012521533
012521487
0125214078
0125214
012521383
0125213330
0125213155
0125213106
01252128
0125212675
0125212565
0125212501
012521155
0125211454
0125211202
0125210521203
01252100
0125210
0125209223
01252088
0125208712
0125208410
01252076260124623036
0125207030
0125206596
0125205513
0125204848
0125204559
0125204538
012520379
0125203291
0125202760
0125202307
0125202160
0125201496
0125201433
0125201252
0125201003
0125200712271982
01252003hl
012520014
012520001970
0125200
01252.holly
01251r
01251farah
012519991
01251999
01251993_bg
01251992D
0125199217
0125198910
0125198668
012519840
0125198028
0125197720
01251976m
01251975oj
01251972
01251971
01251970
012519690
01251969
01251968
01251964
0125196
01251952L3
012519358
0125192695
0125191964
012519163
0125191529
0125191380
0125191297
0125189775
0125189619
0125187215
012518720
0125186186
0125185843
0125185314
0125185167
0125183173
0125182998
0125181990
0125181813
0125181778
012518093
0125180087
012517lizely
0125179816
0125179166
012517798
0125177805
0125175823
0125175411
0125175259
0125174394255251
0125174043
012517269i
012517227
0125170726
0125170
0125169965
012516966
012516933
0125168661
012516801
012516790
0125167755
0125167611
0125166991
0125166980
0125166906
012516660
0125166161
012516553
0125164665
0125164584
0125164433
012516368
01251636
0125163102
012516307
012516289a
0125162872
012516245
012516178
0125161591
01251614
012516129
0125161187
012515970
0125158630
012515836
012515778
0125157742
0125156829
012515545
0125153677
0125153532
0125152854
0125152469
012515234
0125152053
012515165
0125150339
0125150269
0125150126
0125149619
012514909556
0125148686
0125148245
012514699
0125146985
0125146849799
0125146320
012514616
012514489
0125144366
0125144
0125143954
0125143519
0125143432
0125143180
0125142644
0125142058
0125142020
0125141613
0125141414
0125140500
0125139639
0125139468
0125139319
0125139141
01251390967110145
0125138984
012513870
0125138557
0125138195
0125138029
0125137997
0125137282
0125136999
0125136351
012513604
01251359810109170625
012513572
0125135579
012513497
012513490
012513465
0125133954
0125133412
012513341
012513254
0125132279
012513205
0125131986
0125131595
0125130924
0125130
012512ri
0125129977
0125129549
012512941
0125129345
0125127886
0125127874
0125127232
01251270
0125126201
012512537
01251253698
012512534
0125125333
0125125044352779
0125124497123456
0125124411
012512411
012512399
0125123716
012512362
01251236
01251234567
0125123194
0125123083
01251229
012512188
0125121778
0125121736
0125121588444626
012512140
0125121339
0125121281
0125120817
01251206
0125120531
0125120307
0125119671
0125119491
0125119359
01251187
0125118628
0125117931
0125117847
0125117470
0125116823
0125116737
0125116425
0125115873
0125115193
0125115137
012511512
0125114255
0125114123
0125113905260026
0125113124511
0125112534
0125112176
0125112161
012511211
012511181983
0125109904
0125109749
0125109733
0125108150mero
0125107654
0125107274
0125106732
0125106630
012510632
012510608049
0125105965
0125105744
0125105272
0125105222
0125105180
0125104954
0125103743
0125103740
012510332
0125102626
01251025
0125101813
0125101588
0125101520
0125101252
012510120
0125101127
01251003
0125100089
01251
01250p
012509marasal
012509jag
0125099883
0125099355
0125098962
0125097888
0125097
0125096692
0125096290
0125096036
0125094662
0125094448
012509411
0125093186
0125092985
0125092486
0125091366
0125091081
012509084
0125090837
0125090204
012508olivia
012508jd
012508ge
012508ac
0125089275
0125088169
0125087931
012508784
0125087258
012508658
0125084247
0125084170
0125083893777
0125083328
012508272
0125081150
0125081136
0125080839
01250802
012507jx
012507MHOT
0125079850
0125079475
0125079312
012507716
0125073618
012507277
01250722
0125072140
01250720
012507182
0125071245
01250709
012507058
0125070537
012507011
01250701
012506su
012506m
012506945
0125069237
0125068974
0125068775
012506729
0125066977
012506556
012506529i
012506529
0125064069
0125063605
0125063331
0125063148
0125063066
01250628
01250626
012506224
0125062138
0125062034
0125061628
0125061335
0125061204
012506088
012506081
01250607
0125060402
0125060
012505rj
012505jr
012505jk
012505ds
012505992
0125059851
0125059642
0125059329
0125059005
01250586005026965
0125058568
0125058420
0125058346
0125058010
0125057423
0125057271
0125057162
0125056297
0125056280
0125056093
0125054407@memo
01250544
012505424
0125054211585354
0125054211
0125054038
01250528
0125052535
012505251
0125051995
0125051877
0125051319
012505123
0125051097
0125050353
0125050262
0125050
012504mj
012504harry
012504aa
012504993
0125049496
012504894
0125048266
012504809
0125047583
0125046774
0125046663
0125046461
012504565
0125045390
0125045344
0125045195
0125044882
0125044338
0125044250
01250442
012504403
0125043351
0125043195
0125043020
0125043
0125042520
012504246
01250422
012504204
012504198
012504130724
012504107delete
0125040390
0125040204
012503s
012503mnt
0125039202
0125039020
0125038409
01250384
0125037941
0125037299
0125037033
012503676
012503589
0125035020
0125034797
0125034036
0125033562
012503329
0125033226
0125033207
01250330
0125032236
0125032117
0125030388
012502a
0125029503
01250289
0125028483
0125027812
0125027026
01250269600124126960
0125026129
0125025227
0125025
012502490
0125024835
0125024809
0125024136
012502389
012502343
0125023336
0125022164
01250220
0125021571
01250209
01250206
0125020423
0125020264
012501kd
012501Dj
0125019004
012501894g
012501819
0125016668
012501551989
0125015304
0125014376
0125013682
0125013142
01250128
0125012703
01250125sk8
01250125k
012501256
01250119895732622
0125011412
0125011149
0125010923
0125010306
0125010.
012500joan
012500hd
012500fer
012500baby
0125009126
0125008582
0125008052
0125007862
012500595
0125004128
0125002961
01250028
0125002176
0125001815
012500080280
0125000
0124tink
0124rf
0124ree
0124red
0124radmila
0124r3
0124pld
0124om
0124nj
0124mmmm
0124mm
0124mj
0124me
0124marie
0124lore34
0124lasy
0124ip
0124gm
0124gd
0124dahn
0124cl
0124ch89
0124ale
0124ZXOWTX
0124Shana
0124New1
01249hawkings
012499999
0124999831
0124999818
0124999479
0124999297
0124999143
01249989910
0124998991
0124998104
012499802
0124997951
0124997265
0124996622
0124996568
0124996333
0124995917
0124995735
0124994825
0124994812
0124994660
0124994382
0124993819
0124993552
012499264
0124992
0124991665
0124990935
0124990085
0124990016
0124990
012498ca
0124989782
012498952
0124986661
0124986364
01249861081987
0124984379
01249834
0124983364
0124983244
0124983197
0124982375
01249822317
0124981298
0124981256
012497b
0124979609
0124979565
0124979485
01249793911
0124979307
0124979123
0124979032
0124977634
0124976797
0124976660o
0124976009
0124975798201278
0124975566
0124975407
0124975397
0124974551
0124974123
0124973015
0124972322
0124971825
0124971
0124970760
0124970539
012496mnt
012496B
012496AL
0124969973
0124968445ng
0124968118
0124966588
0124966037
01249659482+
01249659482
01249650990
0124965014
0124964957
0124964374
0124963348
0124961717
0124961215
012495r
012495maria
012495kc
012495jm
0124959799
0124959365
0124959121
0124958731
0124956325984575359516450
0124955400
0124955199
01249548366
0124953006
0124952125
012495019
012495018
012494x4
012494pugs
012494c
0124949863
0124949838
0124949809
0124949525
012494949
0124949124
0124948950
0124948498
0124948493
0124948303
0124947824
0124947325
0124947170
0124946564
0124944701
0124943884
012494250700
0124942306
0124942095
0124942010
0124941333
0124941236
0124940591
0124940405
0124940272
0124940
012493e
012493aaj
0124939841
0124938120
0124937777
0124937415
0124937112
0124937103
0124936944
012493648
0124933693
01249300386
012492r
012492j
012492ilo
012492bm
012492_15!
0124929411
0124928390
0124928161
012492625123
0124924985
0124924383
0124923456
0124922826
012492253
0124922
0124921166
0124921126
0124920193
012492016308
012491mya
012491m
012491j
012491e
012491b
0124919823
0124919384
0124919155
0124918797
0124918676
0124917550
0124916863
012491655855
0124916339
0124915690
0124915159
0124914824
0124914562
0124912487
0124912381
0124910929`
012491004874
012490wb
012490b
012490A
0124909515
0124909330
0124908500
0124908037
0124907622
01249067
0124906045
0124905634
0124905202
0124905018
0124903940
0124903854011
0124903854
0124903010
0124902769
0124901920
012490*
012489yuridia#
012489984
0124899101
0124898416
012489840
0124896754
0124895937
012489587
012489531
0124895130
0124894981146
0124894465
0124894416
0124893744
0124893365
012489325
0124891674
0124891247
0124890810
0124890647011
0124890617
0124890240
012488sm
012488k
012488j
012488a
0124889982
0124889738
0124889444
0124888187
012488781
0124887187
0124886683
0124886427
0124886141
01248860445346880
0124885996
012488535
0124885022
0124884
0124883089
0124882868
012488216
0124881258
0124881028
0124880910
012487vicho
012487nl
012487lc
012487c
012487ak
0124876849
0124875612
0124874412
01248737
0124872835
0124872196
0124872112
01248715500
01248715
0124871373
01248712909723892
0124870794
012487079
012486jub
012486david
0124869986
0124868983
0124868658
0124868249
0124868096
0124868066
0124868008
0124867701
01248671074
0124866742
0124865828
012486557
012486538
0124864677
01248646
0124864475
0124864395
0124864242
0124863765
012486355
0124862794
0124862
0124861990
0124861933
0124861490
0124861374
01248611
0124860993
01248609081959
012486070904
012486029
012485l
012485am
012485M
012485J
0124859471
0124859
0124856512999
0124855843
0124854903
012485417
01248540875774519
0124854085774519
0124854052
0124854023mano
0124852775
0124852654
0124852047
01248518383
0124851726
0124850380
012484a
012484995
0124849723
0124849383
0124849061
0124849015
0124849
012484886201
0124848711
01248484
012484826324
012484816618
012484816058
012484815354
0124845763
0124845251
0124845028
0124844512
01248440755
01248440617
0124843880_eissa
0124843547
0124842461
0124842
0124841978
01248416
01248415462324
012484152
0124841025
0124840506
0124840505
0124840504
012483ae
012483ac%
01248396chCH
0124839404
012483922
0124839195
012483916400
0124837576
0124837295
0124836912
0124836447ss
012483626
0124836146
0124835833
01248354303
01248351783
0124835167
0124833
0124832424
0124832309
0124831815
0124831562
0124831215
0124830920
0124830860
0124830448
012483020
012482ty
0124829910
012482967
0124828961
0124828931
0124828456
0124827680
0124827136
01248263960127871143
0124826159
0124825679
0124825088
0124824366
0124824103
0124823274
01248222952223462
0124821418
0124820589
0124820375
0124820272
012481z
012481yankees
012481bday
012481@
0124819569ahmed
0124819236
0124818944
0124818844
0124818466
0124817610
012481756825336
0124817005
01248163264126
0124816
0124815326
0124815026
0124814806
0124814637
0124814475
0124814469
01248131832304476
0124812684julie
0124811765
0124810332
012480o
012480dvo
012480PAKO
0124809676
0124809530
0124807396
0124806569
0124806551
0124805643
0124805463
0124804495
0124804321
012480369
0124803252
012480240
0124802141
0124802103
0124801679
0124801581
0124801406
01248014
0124800810
012480069
0124800055
01248
0124799018
0124797818
0124797700
0124797604010
0124796941
0124795922
0124795172
0124795148
0124795001
0124794459
0124794017
0124793833
012479346
0124792329
0124791247
0124790868
0124790674
0124790465
0124790
012478m
0124789900
0124789723
0124789563
0124788808
0124788774
0124788754
01247885236
0124788288
0124788129
01247877900
0124787126
01247857
0124785698
01247830071
012478289
0124782030
0124782018
0124780353
012477h
012477b
0124779893
0124779355
012477930
0124778548
01247782763
0124777725
0124777485
01247773l
0124774603
0124774363
0124774039
0124773774
0124773620
0124772664
0124772005
0124770250
0124770156
012476cnl
0124768841
0124768611
01247685895617166
0124767867
0124766346
012476610
01247649r
0124762949
0124762673
01247615034420279
0124760645
012475e
0124759380
012475931
0124757890
0124757503
01247575
0124756745
0124755431
012475478
0124754097
0124753549
0124752967
0124752910
012475181
01247506014520742
0124750286
0124750063
012475*
0124749992
0124748874
0124748689
0124748253
0124748222
0124748102
0124747897
0124747771
0124747474
0124747435012
0124747314
0124747298
012474729126
0124747157
0124747
012474646
012474554
0124745302
0124744582
01247441900
0124743841
0124743248
0124742525
0124742262
0124741852
0124741389
0124740663
0124737748
0124737461
0124734891
0124731506
01247313888
0124729334
0124728622
0124727699
0124725642
0124724798
0124724774
0124724749
0124724719
0124724627
0124724309
012472410
0124723007
0124721539mo3ty
0124720096
012471990
0124719522
0124718572
0124718383
012471807
0124717772
012471606850121
0124715994
0124714194
01247138
0124713750
01247136
0124713158
0124711923
0124711673
0124710670
012470emma6677
012470955201234
0124709019
0124707854
012470737
0124706616
0124706170
0124706054
0124705694
0124705391
0124704663
0124704335
0124704018
0124703149
0124702205
0124702113
0124702
0124701386
0124701247
0124700627
0124700154
0124699985
0124698916
0124698777
0124698726
0124698580
0124697465
0124695490
0124694470
0124694022
0124693549
0124693407
0124692271
0124692049
0124691877
0124691765
012469154897rem012
0124691517181920
0124691502
0124691089
0124690316
0124690216
0124690072
012468hana
0124689191
0124688979
012468880
0124688639
0124688233
0124687967
0124687021
0124686635
0124686498
0124686145
0124686015
012468483
012468369
0124683320
0124683129
01246830
0124683
0124682579
012468255
0124681973
0124681012
0124680209
0124680
012467a
0124679
01246789
0124678886
0124677457
0124676453
0124675858
0124674884
0124674618
012467357
0124672862000
0124672862
0124672167
0124671839
0124671753
012467173838
012467145
0124671225
0124670341
0124670041
0124670
0124669910
0124669798
0124669629
012466909
012466884
0124668770
0124668681
0124668557
0124668499
0124667993
0124666342
0124666259
0124664517
0124664055
0124664
0124663026
0124662985
01246629086
012466188
0124661858
0124661802123
0124660675
0124660038
0124659880
0124658913
0124658699
0124658489
0124658477
0124658311
0124658081
0124657852
0124657821katmor
0124657104
0124656823
0124656602
0124655975
0124655461
012465505833
01246546755542681
012465452
01246540138
0124653991
0124653435
0124652285
0124652136
012465200
0124651568
0124650202
012464rc
012464co
0124649982
0124649809
012464973103
0124648467
0124648434
0124647618
0124647572
0124647069
012464700476
0124646468
012464631
0124645927
01246448533621386
0124644121
0124643788
01246435599
0124643218
0124642990 05744744
0124642570
01246420
0124641997159753
0124641997
0124641937
01246418456
012464141
0124640742
0124640362
0124640234
012463l
012463a
012463SALVATORE11
0124639875
01246381472119
0124638055
0124637445
0124637063
0124636552
01246364
0124635522
01246347
0124634500
012463376
0124633317
0124632787
0124632534
0124632393
01246322084326920
0124632196
0124632019
0124631642
0124631300
0124631246
012463096
012462j251
0124629755
0124628842
0124628773
0124628328
0124628225
0124627969
0124627610
0124627011
0124627
01246264
0124626152
0124625433
0124623236mk
0124622848
01246224730
0124622039
0124621533
0124621298
0124620462
01246201