46
0124619694
012461922
0124619213
0124618944
0124618058
0124617939
0124617692
0124617668
0124617125
0124616195
0124616113
0124614759
0124614720
0124614512
0124614264
0124612604
0124611718012
0124610973
0124610389
012461
0124609121
0124608083
0124607859
0124607268as
0124606632
0124606276
0124606032
0124605432
01246051410123
012460508041
0124605079
0124605015
0124603056
0124602396
012460203
0124601507
0124600927
0124600786x
0124600786cxz
0124600734
012460070502
0124600531
0124600505
0124600502
0124600472
01246
012459e
012459978
0124599467
0124599197
0124598831
0124598109
01245980
0124597672
0124597320
0124596978
0124596378
0124596294
0124596122
0124595561
0124595164
0124595003
0124594595
0124594586
01245939cdk
0124593990
0124593793
0124593520
012459253
0124592250350483
0124592075
0124591965
0124591152
0124591049
0124591003
012459085
0124590849
0124590690
0124590505012
0124590272
0124590242
012459*
01245899
01245897
0124589406
012458873
0124588210
0124587862
012458780
0124587527
0124587285
0124587262
0124587161
0124586739
0124586189
0124585932
0124585839
012458554090275321
0124585305
0124585238sam
0124584244
0124584135
0124583937
0124583226
0124582979
01245823
0124581902
0124581323
0124581318
0124580626
0124579282
0124579094nohp
0124579
0124578j
0124578elm
01245789victor15
01245789m
01245789625321zx
012457896
012457830
0124578286
012457801147
012457791
0124576524
0124575044
0124575026
01245748
0124574580
0124572860
0124572484
0124572207
0124572040
0124572
0124571687
0124570603
0124570597
012457021
012457012457
0124569763
0124568707
0124568583
01245685596
0124568511
0124568
0124567932
01245678910
012456789
01245678
012456761
0124567204
01245669753301245
0124566338t
0124566
0124565794
0124565667
0124565608
0124565605
0124565518
0124564884
0124564444
0124564416
012456378
0124563419
0124563213
0124563
0124562961
0124562840
0124561467
01245607630125620338
0124560763
0124560562
0124560269
0124560183
0124560143
012455Daico01
0124559805
0124559742
012455968
0124559151
0124559035
0124558795
0124558526
0124558375
0124556737
0124556576
0124556
0124555897
0124555742
012455457
0124554426
0124554123
0124554004
0124553915
0124553897
0124553552
0124553489
0124553434
01245534
0124552703mo
0124552437
0124552
0124551970
0124551862332800
0124551246
0124549999
012454963
01245495
0124549484
01245494
0124549073
0124549063
0124548923
0124548907
0124548833
0124548605
01245485555
0124548368
0124548320
01245482301
0124547729
0124547649
0124546585
0124546380
0124546242
0124546190
012454619
0124546061
0124546021
0124545de
01245457
0124545651
0124545642
012454545
0124545407
0124545122
0124545
0124544823
0124544741
0124544703
0124544647
0124544271
0124544177
0124544143
0124544044078951
0124544
01245439481626
0124543668
0124543536
0124543486
0124543423
0124543262
0124542980
01245421547
0124542040
0124541302
0124541282
0124540562
012454052
01245404
0124540
0124539897
0124539592
012453940
0124539297618401
0124539272
0124539179
0124539169
0124539033
0124538511
01245367
0124536
0124534846
0124532994
0124532653
01245322193
0124532032
0124532013
0124531201
0124530306
0124530
0124529992
0124529755
0124529035
0124529
0124527452
0124526619
0124525588
0124525515
0124525405
01245254
0124525312
0124525013
0124524999
0124524986
0124524445
0124524151
0124524060
0124523808
012452356789
0124523469
0124523448
0124523112mimo
0124523047
012452213678
0124522126
0124521855
01245218155
0124521773
0124521620
0124520149
0124520069
0124520
012452
0124519219
012451908
0124518863
0124518310
0124518132
012451811
0124517469
0124517340
0124517268
0124517177h
0124517140
0124516956ahmed
0124516438
0124516301
0124515648
0124515610
0124515147
0124514858
0124514574
0124514360
0124514034
0124513547
012451321
0124512m
0124512799
0124512707
0124512499
012451222
0124512211
01245122
0124512157
0124512079
0124511635
0124511222
0124510115
0124510003
0124508448
0124508006
0124507842
0124507631
012450708
0124506960
0124506542
0124506374
012450601122
0124505875
0124505632
0124505494
0124505318
0124505220
0124505132
0124504991
0124503738
012450279
0124502730
0124502219
0124501977
0124501870
0124501805
0124501020
0124500826
0124500720
0124500
012450
01245!!
01244tia810182
0124499643
0124499
01244984saMY0124
0124498388
0124497767
0124497430
012449740
0124496874
0124496710
0124496388
01244959010
0124495743
0124495665
0124495380
0124495157
0124494944
0124494499
0124494059=-
0124491131
01244908
0124490608pepo
0124490218`q
0124490172
0124490091
0124490090
0124489818
01244892030
0124488866
0124488486
0124488277
0124488256
0124488226
0124487559
0124487458
0124487124
0124485911
01244836312=me
0124483593
0124483522
01244831890
0124483131
0124482853
0124482261
01244818134
01244813739
0124480587
0124480358
0124480355
012447aq
0124479886
0124479627
0124479480
0124479286
0124478986
0124478481
0124475967
0124475643
0124474584
0124474167
0124473049
012447202
01244710607
0124470934
0124470652
0124470097
01244696920
0124469109
012446892701
0124468486
0124468342
01244681628
0124467957
0124467690
0124467677
0124467014
0124466811
0124466674
0124466047
0124466
0124465947
0124465880
0124465711
0124465550
0124465068
01244644050
012446436
0124464062
0124463969
0124463964
0124463602
0124462901
0124461916
0124461718
0124460769
0124460623
0124460215
0124460213
0124460207
0124459914
012445979
0124459738
0124459534
01244595310123621999
0124459219
0124459092
01244586477
0124458526
0124457671
0124456659
0124456611
0124456162
0124455837
012445578
0124455347
0124454980
0124454860
01244547413tJONES
01244547159
0124454698
0124454293
0124454214
0124454200
0124453965
0124453414
0124453
0124452826
01244524955547125
0124452313
0124452302
0124452277
0124452218
0124452189
0124452125
0124451900
0124451197
0124451176
0124451
0124450275
012445
0124448974
0124448220123
0124447766
0124446565
0124446548
0124445995
0124445423
0124445
0124444041
0124444010
0124444
0124443610
0124443565
0124443
0124442514
0124442458
0124442118
0124441678
0124441
0124440844
0124440700
012444
0124439566
01244393
0124438736
0124437809
0124437451
0124437105
0124437027
0124436815
0124436800
0124436676
0124436057
012443595245
01244342260
0124433919
0124433658
0124433124
0124432087
0124431
0124430480
0124430125
0124428892
0124428609   3534415
012442851
0124428400
0124427280
0124427117
0124426716
0124425877
0124424877
01244247441
0124424652
0124424295
0124424121
0124423098
0124422800
0124422703
0124422476
0124422164d
0124421610
0124421594833691
0124421228
0124421001
0124420a
0124420538
01244201105152
012441@@
0124419155
0124418200
0124417664
0124417023
0124415715
0124415537
0124415009
0124414716
0124413644
0124413630
0124413
0124412899z
0124412793
01244127610
0124412554
0124411826
0124411672
0124410956
01244108755
0124410514
012441
012440958
0124409345
0124408991
0124408613
0124407903
0124407016
0124406882
0124406845
0124406478
0124405605
0124404412
0124404279
0124403049
0124402211
0124401985
0124401903
012440140o
0124400490
0124400049
0124400
0124399225
0124399169
0124398701
0124398564
0124397889
0124395780
0124395530
0124395270
0124394864
0124393192
0124392852
0124392174363563
0124391870
0124391360
0124391239
0124390416
0124390198
0124389716
0124389232
0124388626moussa
0124387739
0124387337
0124387211
0124386408
01243863580
012438590
012438569
0124384914
0124383129
0124382448
0124380671
0124380595
012438
012437er
0124379542
0124379486
012437903
01243788190124814172
0124378805
01243779622
012437773
0124376893
0124376553
0124374889
0124374554
0124374276
0124373436
0124373419
0124373044
01243728728
0124372215123
0124371382
012437129
0124370683
0124370420
012437
0124369992
0124369809
01243678662
0124367536
0124367406
0124366741
0124366494
0124366450
0124366009
0124363
0124362026
012436199
0124361689
0124361501
0124360741
0124360636
0124360177
012436
0124359895
0124359716
0124359274
0124358761
0124358687
01243586
01243585792
0124358022
0124357689hugo
0124357689
01243573
0124357157
0124357006
0124356866
01243568
0124356720dddd
01243567
012435585
0124355232
01243544
0124354224
0124354108
0124354050
0124353824
0124353484
0124352
0124350800
0124350401
0124349880
0124349836
0124349156
0124348828
0124348639
0124348544
0124348
0124347504
0124347430
0124346952
0124346355
0124346020
0124345788
0124345200
01243452
0124345158
0124344801
0124343636
0124343488
0124342876
0124342001
0124341921
0124341819
0124341716
0124341611
0124341193
0124340690
01243406885
0124339675
012433911
0124337902
0124337
0124335719
0124334764
0124334316
0124333679
0124332897
012433261
0124332537
012433224
01243320
012433154
0124331391
0124329971
012432982
0124328573
0124328186
0124327749
0124327721
0124327715
0124327382
0124327229
0124326344
0124326275
0124325935
012432536
0124325154
0124324948
0124324
0124323433
0124323420
0124323346
0124323079
0124323063
0124321524
0124320918
0124320370
0124320354
0124320076
012432
0124319846
0124319709
0124319657
012431960
0124319586  0012
0124319471
0124319066
0124318606amgd
0124318405
0124317970dana
01243175790
0124317318
0124314864
0124314805
0124314490
0124313626
0124313182
0124312456
0124312243
0124312037
0124311830
01243116
0124311479
01243114
0124311272
0124310468
0124310349582239858348565858111
0124310349
0124310212
0124308842
0124308265Jun
0124306308
0124306211
012430524
0124305167
0124305147583883
0124304948
0124304867
0124304863434340
0124304831
0124304245
0124304051
0124303873
0124303771
0124303405
0124302730
0124300906
01243008yo
012430067
0124300365
0124300234
01242g
01242Toni
0124299507
0124299401
0124298910
0124298399
0124297
012429680
0124295932
0124295619
0124295428
0124295339
0124295052maiuo
0124295052m
0124295
0124294134
0124293600
0124292689
0124292562
0124291976
0124291723
01242907
0124290681
0124290148
0124290122
0124290012
0124288120
01242880540
0124287923
0124286072
0124285694
0124285255
0124284911
0124284378
0124283691
0124282627
0124282191
0124281854mido
0124281854
0124280538
012427winifer
0124279252
0124279123
0124278250
012427751
01242775
0124277445
0124276783
0124276765
0124276125
0124275750
01242716
01242715489
0124271524
0124271422
0124270749
01242703009
012427012
01242695357
01242693104
01242688
0124268545
0124268489+
0124267618
012426724601252302080122897659
012426724601242672460108007274
0124266857
0124265906
01242653970106694126
0124265007
0124264255
0124263825
0124262696
0124262130
0124261273
0124261200
0124260840
0124260635
0124260442
0124259883
0124256781
0124256318
0124256267
0124255543
0124254081
01242534
01242532
0124253169
01242531
01242530
01242529
0124252775
01242526
01242524
01242520
01242519308
0124251747
01242517
01242515380165484234
0124251531
0124250967662671
01242499
0124249773
0124249694
012424904
0124248956
0124248441
0124248265
0124248227
0124248159
0124247460
0124247457
0124247433
0124247423
0124246454
0124246420
0124246145
0124245950
0124245879
01242457265406450
0124245726
012424527
0124243957
0124243713
0124243456
0124243318
012424274
012424270
01242420000
01242410440
012424104
0124241001
0124240561
0124240029
0124237698
0124236985
0124236546
012423605
0124235645
0124234063
0124234011
0124233536
0124233118
0124232330
0124231015
0124231010
0124230955
0124230094
012423
0124229939
01242297720
0124229478@l;
012422938520
0124229369
0124228025
0124227639
0124227636
0124227421
0124227334
0124226987
0124226779
0124226719
0124226688
0124226319
0124226
01242256390101198631
01242252405
012422520
0124224536
0124224229
0124224139
0124223885
012422320
0124221062
012422066
01242205
0124219741
0124218548
0124218530
01242181175843321
0124217580
0124216978
0124216764
0124216464
0124215949
0124215724
0124215039
01242132
0124212708
0124212311
01242118282846126
0124210243eman
0124210243
0124209997
0124208655
0124208271
0124205674
0124204691
0124204686
0124204149
0124203340
0124202707
0124201992
0124201797
0124201627
012420121
01242009
01242007lyl
0124200764
01242006
01242003
01242001200
01242001
012420
01241999
0124199850
01241998
01241996a1
0124199630
0124199595
01241994ex
01241994
0124199333
0124199326
01241990aja
0124199066
0124199017
01241987Q
0124198576213
01241984j
01241982
0124198127
0124197631
01241973
01241972
01241969
0124196629
01241964
01241963
01241961
01241960
0124195asakhapa
01241944133
0124194370
0124193916
01241924
0124191882
0124191754
0124190153
0124190051
0124189328
0124188534
012418831
012418825
0124187208
01241871413
0124186802
0124186223
0124185763
0124185591
0124183823
0124183063
0124182969
0124181947
0124181804
0124181674
0124181514
01241813
0124181144
0124180833
0124180484
0124179790
0124179137
0124179
0124177802
0124176914
0124176839
012417657
0124176345
012417551
0124175449
0124175354
0124175350
0124175067
0124174096
0124173682
0124173677
0124173517
0124173457
0124173438
0124173165
0124173004
0124171703
0124171445
0124171405
0124171260
0124171006
0124170576
0124170301
0124170264
0124170035#65
0124170035
012417
0124169521.0
0124169403
0124169195
012416891
0124168734
0124168197
01241680
012416757
0124167016
0124166506
0124166293
012416565
0124164843
0124164739
0124163918
01241624
0124162
01241618
0124161680
0124161605401208
0124160548
0124160071
012415dz
0124159985
0124159579
0124158030
0124158010
0124157528
0124157126
0124155212
0124155147
0124154855
0124154701
0124154295
012415421
0124153328
0124153238
0124153200
0124153
0124152616
0124151577ee
0124151438
0124151274
012415074
012415071607
012414962657
0124149297
0124149231
0124147897
0124147837
01241471717
0124146165
0124145881
0124145757
0124145532
0124145111
0124144733
0124144680
0124144589
0124143144
0124143082
012414303
0124143
0124142089
0124141874
012414180942
012414177718
0124141591
0124141291
0124141178
01241410460
0124141023
0124138956
0124137127
0124136909
0124135665
0124135513
0124135266
01241350930107695733
0124134918
0124134615
0124133
012413290000
0124132813
0124131812
01241310
0124130597
012412979
0124129438nour
0124128370
0124127842
0124127452o
0124126677
0124126364
0124126278
0124125686
0124125433
0124124124
0124124034
0124124009
01241240
0124123843
0124123625
0124123280
0124123223
01241231
0124122750
0124122241
0124121880
0124121686
0124121166
01241206
0124120525
0124119630
0124119206
01241189200124118920
0124117727
0124117483
0124117210
0124116238
0124115110
0124115001
0124113782
0124113596
0124113345
01241133
0124113070
01241127
0124112273
0124112262
0124112190
0124112022
012411148019
0124110650
0124110205
0124110128
0124109020
0124108347
0124108087
0124107694
0124107447
0124107354
0124106509
0124106284
012410626
01241061
0124106009010222
0124105868
0124105622
01241052
0124104620
0124104550
0124104542
0124104082
0124103558
0124103555
0124103543
012410344
01241029
0124102775
0124102557
01241017
01241009
012410072
0124100574
0124100382
012410
012409q
012409mash
012409k
0124099863
0124099664
01240994600
0124098967Q
0124098843
0124098283
0124097909
012409673
0124096577
0124096295
0124096055
0124095489
0124095204
0124094927
0124092670
0124091990
01240919
0124091487
0124090987
0124090924
0124090430
0124090333
0124090313
0124090083389010
0124090073
0124089542
0124088829
0124087418
0124087256
0124087186
0124087109
0124086983
0124086930
0124086908
0124086752
0124085279
0124085021
01240844030124849875
0124084027
0124083720
01240827aaa
0124080843
0124080750
01240806020
012408060
012407ek
012407edc
012407d1985
012407989
012407919
0124078943
012407767
0124077256
0124077202rt
0124076040
0124075805
0124075778
0124075126
0124075088
0124074489
012407379
0124073414
01240731
01240729
01240726
0124072489
0124072401
0124071658
0124071657
0124071230
0124070733
012407066
012406r
012406ja
012406ej
0124069937
0124069804
01240685
0124068456
0124067755
0124067646
0124067525
0124067171
0124067089
0124066938
0124066578
0124066215
0124064677
0124064636
0124064254
0124063247
0124062624
0124062080
0124062037
01240619
0124061785
0124061630
0124060895
0124060711
0124060593
0124060587
0124060236
0124060039
012405tapc
012405g
012405estefy
012405C
012405998a
0124059902
0124059753
0124058885
012405855
0124058062
0124057847263117
0124057412
0124057310
0124055352
0124055244
0124055004
012405472
0124054277
0124053418
0124053177
0124052955
0124052605
0124052521
0124052204
0124051988
012405099
01240508
012405060
012405041690
0124050027
012404j
0124048035
0124047702
0124047402
0124047391
0124046849
0124046419
0124046094
0124045966
0124045668
0124045620
0124045470
0124045430
0124045271
0124045058
0124044656
0124044548
01240445400105339677
0124044412
0124043377
0124042719
0124042299
0124041467
0124041413
0124041369
01240412
0124040667
0124040637
0124040567
0124040191
0124040180
01240400
0124040
012403cuncon
012403agb
012403abn
012403a
0124039414
0124038368
0124037119
0124036368
0124035390
0124035202
0124034468
0124034451
0124033
0124032978
0124032535
01240325
0124031900
0124031771
012403144
0124031236
0124030813
012403066
012403053879
012403050
0124028653
0124028075
0124027673
0124026972
0124026522
0124026
0124025947
0124025811
0124024929
0124024134
0124024
0124023994
0124023711
0124023540
0124023507
0124022907
0124022736
0124022687
01240226480124022648
0124022537hell
0124022463
0124022430
01240222
0124021634
0124021479
0124021085
012402102124286
012402090
0124020483
0124020462
01240204
0124020136
012402008
0124020058
0124019812
0124019744
012401929
0124019104
0124018939
0124018791
0124018618010
0124017993
0124017098
0124016813
0124016801_menna
0124016065
0124015969
0124015611
0124015558
01240147578
0124014710
0124013007
0124012868
0124012862
0124012687
0124012656
01240125
0124012264
0124012009
0124011440
012401141
012401125
0124011052
0124010710253
0124010490
012400d
012400c
012400b
012400985
0124009716
0124009456
0124009214
0124007802
0124007479
0124006877
0124005645
0124005522
0124005446
0124004833
0124004148
0124003890
0124003590
0124003399
0124003307
0124003166
0124002625
0124002586
0124002328
01240020491
0124001982
0124001729
0124001687
01240015
0124001238203520000000
0124001194
0124001070
0124000549
012400012
0124..25
0124.
0123zxcvbnm
0123zxc
0123zuhai
0123yay!
0123y
0123wawa!
0123vyj
0123vicypao
0123vedat(pavyon
0123tita
0123tayfun
0123tarkan
0123suzay
0123slh
0123simon
0123shanna0123
0123sen
0123se
0123sdf0123jdl
0123sammie
0123sah
0123rp
0123rox
0123rock
0123riad
0123raudys
0123ra
0123r12
0123qwe
0123qw
0123pu
0123prasad0123
0123poiu
0123pocho
0123pimp
0123peter
0123palito
0123otc
0123nort
0123nnb
0123niloc
0123nikki
0123netsrik
0123nam
0123my
0123muin
0123mu
0123momo
0123mnc
0123mike
0123melek
0123me
0123max
0123mami
0123ma
0123love.
0123love
0123lol789
0123lei
0123le
0123ldlp
0123lb
0123lawlatt
0123laredo.spain
0123la
0123kro31+
0123kelaniya
0123kel
0123kcirred
0123kaboom
0123joejonas
0123jh13
0123jd
0123isabitch
0123ij
0123i05343
0123hh
0123he
0123handman
0123h18h18h10h
0123guard
0123grace
0123graafV1992
0123gow
0123gemstar
0123gabi456789
0123g
0123football
0123fel
0123fast
0123et
0123er
0123dsa
0123dragon
0123dmjm2420
0123dee
0123dayo
0123crys
0123cris
0123coolfm
0123cm
0123cleberito
0123cleber
0123chido
0123cheer
0123cesar0123
0123catarina0123
0123burak
0123bro
0123benim
0123bella
0123bbl
0123bb
0123azrail
0123azq
0123at
0123asiangirl
0123asdf
0123as
0123ao
0123ann
0123angel
0123anac
0123ami
0123alexo
0123akakilo
0123agmp
0123ae
0123ad
0123abcd....
0123aaad
0123a9
0123a
0123_ismail
0123XYZTKM
0123TUTTYcute
0123Moo
0123MUSTAFA_
0123MILA
0123LOVE456
0123KP
0123KFC
0123HM
0123Betul
0123BIKES
0123AAAA
012399tm
0123999729
0123998579
01239951342
0123994701
0123994427
0123994149xxx@
0123993023
0123992878
0123992387
0123990338
012398lilly
012398955
0123987841
0123987654
0123987456
0123987008
01239870
012398642537
012398593
0123985761
0123985447
0123985098
012398305
0123982702
0123982230
0123981800
01239811265
0123981
0123980419
0123980079
012397plr
0123979834282282
0123979332
0123978229
0123977958
0123977162
0123977036
0123977
0123976447
0123976277
0123975948
0123974870
0123972598
0123971988
0123971308
0123971242
01239711055264160
01239710389
01239705
0123970361
012396rd
012396b
0123969836
01239698204
0123969409
0123968541
0123968448
01239682088
0123968061
0123967999
0123967197
0123966307
0123965936
01239658210
0123965250
0123964926
0123964431
0123963d
0123963969
0123962253
01239621934
0123962114
01239614541
0123961422
012395car
012395c
012395a
0123958226
0123957073
0123957
0123956791
012395439
0123954020
0123953690
0123952601
0123952423
0123951163
012395074
012394k
0123949889
0123949224
01239482377
01239470817
01239459650
0123945282
0123944604
0123943087
0123942657
0123942313
0123941
0123940974
0123940693
0123940294
0123940281
0123940246
0123940
012393mara
012393i
0123939719
0123939528
012393910900
0123937956
0123937896
0123937638
0123937012
0123936079
0123935417
0123935101
012393479
0123934237
012393418
0123933736
0123933094
0123932886
0123932532
0123932
0123931802
012393155
0123931423123
0123931235
01239302434
012392l
012392j
012392b-day
0123929851
01239298
012392920627,,lu
0123929114
0123929
012392896
0123928406
0123928/96
0123926786
0123926179
0123924960
0123923277
0123922679
01239221
0123920756
012392072892
0123920645
0123920602
012391ss
012391kc
012391a
0123919776
0123918413
0123918228
0123917666
0123916935
0123916327
0123916289
0123915784
0123915754
0123915619
0123915302492060123
0123915098
0123915087
0123914945
0123914564
012391410
0123912443
0123911990
0123911560
0123911483
0123910016
012390okay
012390majo
012390l
012390CA
0123909625
0123908095
0123906295
0123905587
0123905165
0123904873
01239039056
0123903288
0123902685
0123901092
0123900923
0123900150
01239
01238s
01238ak
01238Marisita
012389m
012389kh
012389hiyaj
012389hehe
012389ac
012389Yami
012389YAMIL
012389HEHE
012389912654123
0123899070
0123898913
0123898770
0123897401
01238974
0123895774
0123895198
0123894453023177599
0123892201
012389115910210n
0123890255
0123890116463398
0123890104
012388vee
012388jm
0123889882
0123889841
0123889455
01238893010
01238889
0123888897
0123888372
0123887329
0123886946
0123886778
0123885941
0123884712
0123884247
012388359
0123882713
0123882554
0123882540123
01238821
012388182
01238816kz
0123881300
0123880789
012388065
0123880550
0123880099
012387kw
012387c
0123879691
0123879359
012387930
0123879
012387855123
0123877477
0123877160
0123877092
0123876994
0123876496
0123876
0123875942
0123875902
0123875563
0123875545
0123875018
012387451
0123873895
0123872goose
0123872780
0123872172
0123872015
0123870266
0123870182
012386jl
01238696232010
0123869570
0123869219
0123868890
0123868460
0123868271
0123866644
01238659
0123865110
01238645134747
0123864154
0123863597
0123863561
0123863256
0123862978
0123860942
012385k
012385e
0123859559
0123859522
0123859505
0123859341msn
0123858278
0123857772
0123857538
0123857464
0123856256
0123855997
012385564
012385456
0123854308
0123854108
0123853274
0123853026
0123853
0123852892
0123852753
0123852226
01238521
0123851709
01238512
01238507951671987
012384daisy
01238497923
0123849771
0123848200
0123847351
01238466
0123846526
0123845732
0123845012
0123845
0123844920
0123843885
0123842180
0123841864
0123841702
012384148
0123841151
0123841144
0123840637
0123840332
012383vh23
012383th
012383di
0123839268
0123839244
0123839111
012383895
0123838859
0123838834
012383833911
0123838283hkh
012383825363juli
0123838242
0123838180
0123837997
0123837843
0123837332
0123837
0123835320
0123835129
01238346708
0123834249
0123833146
0123833130
0123833098123
0123832620
0123832355
0123832*28
0123831920
0123830193
012382md
012382764
0123826425
0123826169
0123825
0123824074
0123823069
0123823043
0123822912
0123822863
0123822848
0123822171
01238221070
0123821986
0123821967
0123821939
0123821769
0123821749
0123821003
0123820407
0123820272
0123819843
0123819558
0123817730
0123817172
0123816121
0123815775
0123815623
0123815257
0123814867
0123814482
0123813575
0123813110
012381239
0123812353
0123812331
0123812210
0123812089
0123811295
0123811228
0123810912
0123810060
012381000
012380silay
0123808520
012380838755
0123807216782866
0123807070
0123805698
0123805298
0123804701
0123803014
0123802605
012380226
0123802011
0123801908
0123801468
0123800467963
0123800315
01238
01237mka
012379r6
0123799739
0123799299
0123799209
0123797439
0123796784
0123796672
0123796291
0123795204
0123795
012379486219
0123794718fatimah
0123794499
0123794479
012379404
0123793996
0123793270
0123792823
0123792592
0123792279
0123791954
0123791918
0123791913
0123791571
0123791470
0123790845
0123789po
0123789j
0123789969
0123789910
0123789654
012378956
012378945600
01237894560
0123789230
01237891
0123789054
0123788485
0123788455
0123788401
0123787610
0123787606
0123787379
0123786786
01237866920
0123786692
0123785587
0123785054
0123783692
0123783589
0123783072
0123782478
0123782469
0123781962
0123781
0123780258
0123780205
0123780093
0123779911
0123777809
0123777669
0123776848
0123776576
01237765412
0123776216
0123775596
0123775222
012377474
01237746044679
0123772985
0123772355
0123772001
0123771435
0123770096
012376MC
0123767612
012376747
0123767277
012376680a
0123766548
0123766273
0123766104
0123765162
0123764686
0123764625
0123764244
0123764203
0123762350
0123762024emi
0123762024
0123761876
0123761452mh
012376136789
01237612121
01237603
0123759690
0123759055
01237589955
01237589
0123756975
0123756388
012375634110