842aa.aa
0133223048
0133218526
01332148
0133214083
0133212575
013321139
0133205
0133204014123
01332$limzT=
01331988
0133189297
0133189253
0133187689
0133184437
013317696
0133171b
013316746
013316363
013316305
0133161
013315571
0133154676
0133151546
0133150
013315
013314954
0133148
013314703
013314
0133137710
0133137535
0133136472abgown
0133133827
0133133
01331247
013312435
013311995
0133115932
0133112404
0133112024erdalk
0133111472
0133111130
013310829017FUCK
0133104791
013310241681
013309899
0133094Ul
0133094575
0133093660
013309035
0133089348
013308450
0133081049
013307ab
013307788
0133077
01330701
013306470
0133058293
013305643
013305270
0133052
0133050
0133048555
01330425
013304
0133030031
013303
013302546
0133023109
0133017555
0133006580
01330042
0133004
0133003957
0133001447
0133
0132loveya
0132kmz
0132jj
0132gm
0132dl
01329love
0132993128
0132992054
013299152
013299
013298/
0132978
0132975244
013297485
013297228a
0132971331
0132969335
013296661
01329661514
013296186
013295561
013295470
0132952597
01329515813
01329510559
0132933
013293177
013292974a
013292959
0132929105758
0132929
013292860
013292547
0132924987
013292309
01329221
013292
0132917663
013291696
013291142
01329110
013290428
013290072
013290050
0132900
013289
01328823513
013288
0132878
013287478
013287250
013286650
013285654
013285302
0132842847
013284024
013283713
01328254
0132824240
013282315
0132815371
013281375
0132801328
013280131
01327gg
0132793
013278928
01327871401
013278687
0132779200
013277809
013277622
0132775967
0132775
013277220
013277110
0132766225
0132761
013275773
0132751627
013274882
0132747557
0132742660
0132734609
013273349
0132732
013273193
0132729757
0132728469
013272770
0132727024
0132725650
0132724251
0132722721
0132720787
0132720148
013271996
0132716562
0132712199
013271170401218
01327113
0132711
0132704413
013270328
01327007897
013270
01326_211075
01326969
0132695
0132693189
0132690
013268786
013268678
0132680045
013268
013267992
0132678495
0132667705
013266508
013265812528096
013265798
01326572626
01326565918
013265610
01326560986
013265266
013265265
013265
013264683
013264101
0132637604
0132635391
0132635291
0132635098
01326348
01326340604
013262851
0132627960
013262609
013261959
0132617377
0132614709
013261253
013261235
013261104
013260913
01326070
0132603390
0132601324
01325aimee
0132599258
013259809
013259730
0132596583
0132588a
01325846
0132582
013257907
01325764
01325732100
0132570549
0132569851
0132562458
0132562337
0132560n
0132553312
0132551109
01325485904
0132544974
013254442
013254226
01325410.
013253956539
01325364766
013253560
0132535327040
0132532
0132527334
0132527001
013252668
0132526
01325252690
0132525
0132524967
013252311
0132522538
01325214
013252
0132519
0132516241
013251325
0132510865
0132510
01324sammie
01324lisa
01324Elise
0132496
013249207
01324879775
01324876494
01324873085
013248707
013248569
01324851795
0132485113
01324825365arlene
01324823649
01324820574
01324819560
01324819046
013248151
01324810525
013248088
013248
013247913
013247275
013247270
01324716976
01324716693
01324716064
01324697858
01324687
01324677i
013246702k
013246555134600.
0132464178
01324638288
01324614712761983
0132461471
0132461303
01324611020
0132460860
01324570135
0132456987
0132456879o
01324563807
0132454
013245179
013245118
0132449716
01324483645
0132448193
0132444m
01324434
013244121
013244
013243660
0132436173
0132430229
0132429
013242896
013242761053
013242397
013242372
0132415
0132412
0132411
013241
013240401
0132402499
01323s78709
0132393403
01323886
0132386533
01323845023
01323833205
013237978
013237897
013237681
01323766865
01323724684
01323723420
013237
013236914
01323683
0132367041
01323643810
013236314
013236263
013236199
013235b
0132359741
0132357659
01323567dni
013235585
013235294
0132350260
0132349r
0132346670
013234500
01323449259
01323440148
013234372
0132342682
0132341561
0132340892
013234
0132339879
013233763
0132336j
013233421
013233365
01323323
013233118
013233
01323260
013232332
0132322091
0132321
01323166
013231295
0132312141
0132311083
0132310700
0132310541
0132310309
0132309a
0132308714
0132308261
013230598
01322youcef
01322ww
0132295523
013229059
0132283ne
0132280206
013228
0132276819
0132276766
0132276210
013227413
013227029
013227
0132268
01322660322
013226157
0132260752
013225arip
013225908
013225854
0132253163
013225304
01322525027
01322522
013225157
013224871
013224324
0132242101
013224
013223141
013222919
01322289torree
0132227903
0132224
0132223669
0132223477
013222263000
01322221166
013222107.
013222022
013221720
0132215
0132214069
0132209107
0132208scf
013220
013219472053
013219417
013219180
0132177899
0132174999bb
0132172623
013217
013216957
013216654
013216549
013215910
0132154321
013214004
013214
013213670
013213591
013213500
01321314
01321272921
013212708
013212521
0132123790
0132121255*
0132121204
0132121140
0132119162
013211610
0132103
0132102586
0132101
013210
01321 nutter
0132097
013209
0132085908
0132084780
013208
01320788sebastian
0132078627
0132076
0132075641
0132068ab
013206548
013206385
013206384
0132063
0132062t
013206099
0132060
0132054
013205072
013205
0132047k
01320465
013204454
013203962
0132036
013203065o
013202731
0132024153
0132023417
0132023255
01320228
0132022753
0132021796
0132020023
013202
013201JOC
0132018151
01320123
013200653
01320061
0132001
0132
0131vj
0131tanya
0131s875
0131rds
0131rach
0131pptt
0131neicha
0131monycch
0131mom
0131mk
0131mary
0131loveyou
0131logan
0131ko
0131kb
0131jmba
0131jls
0131jj
0131jar
0131grl
0131farlake
0131enter
0131eliana
0131drh
0131ctl
0131cris
0131cnb
0131bsh
0131brusha
0131brayan1995
0131ao
0131alex
0131aj
0131997
013199512
0131994
01319899
0131989
01319860
013197j
013197drp
013197ab
013196l
01319680
013196694
013196570
013196300
01319622
013196177
01319601
013195m
013195X
0131958
013195411
01319526
0131947
013194152
013193780
013193371
0131933
01319315
013193111208
013192w
013192sp
013192gang!
013192e
013192_aimee
0131924dm
013192288
013191mag
013191djv
013191a
013191CCC
013191822
0131918
013191457
013191106
013190psl
013190bl
013190321
013190282
0131902
01319017002378214619
0131901217
01319
013189ac
0131897
01318910
01318900
0131885
013188435
013188311
0131879c
013185m
013185787
013184l
013184juicy
013184hugo.
013184b
01318429
013183r
013183b
013183893
0131837884
013183510
01318316
013182k
013182jm
013182a
013182785
013182732
013182434
01318200
0131820
013181smit
013181p
013181a
01318169jmb
013181559
0131815
01318100
01318
013179p
013179c
013179391
013178639
013178037
013177le
013177844
013177737
01317728435
013176p
013176ja
013176677
013174270
013172a
0131716
013170e
013169ra
013169783
0131690
013168ru
01316845
013167g
0131679648
01316723a
01316721187
013167
01316679270
01316661848
01316661116
01316653663
01316641677
01316640310
01316631031
01316624515
01316609810
013165t
013165cjf
013165729
013165700
01316549148
01316521021
013165184
013164l
0131639
013163771
01316269
013162458
01316214134
01316201700
013161609
013161316
01316110
013160635
013160
013159411
013159220
013158988
013158822
013158
0131573
013157053
013157
013156671
013155Mn
01315561
013155439
0131554
01315525913
013155
013154923
01315488
013154540
013154090
013154
013153iv
01315394731
01315392186
0131538191
013153389
0131530711
013153054
013152880123
0131522
01315209
0131520
013152
013151778
013150946
0131506
01315#Q
01315
01314andreya
013149311
013148802
013148691
013148477
01314776101america
01314769565
01314769181
01314760855
013147546
013146960
0131469
01314676318
01314656
013146517
013146016
0131457z
01314520
013145013145
013145
01314477891
013144556
013144297
01314422648
0131442186
01314404042
0131440277
013143880
0131438
0131430
013143
01314257689+
0131415753
0131415
013140403
01314011
01313972
013137400
0131369
0131365
013136109p
013135960
013135644
013135403
01313503
013134996
013134770
013134636
01313391478
0131339
013133776
01313373
01313371033
013133693
01313364335
01313343322
013133419
01313329235jg
01313326215
013133
013132805
013131j
013131737
013131615
0131313461351
01313128390
01313127904
0131310
013130312
013129J
01312989
0131298401
01312933
013128742
0131286
013127blue
01312750
013127494
013127493
013127317
013126343
01312605830
01312585050*
01312584220
01312581953
013125547
013125468
0131254
01312532
01312523
0131251
0131250
013124663
013124433
0131243
013124153
013124082
013123642
0131233
01312314
01312312
013123
01312283715
0131228
013122700
0131225
0131224
01312233
013122207
0131221
013122
013121488
01312131
013121079122
01312071991
01312009
01312006
01312004
01312002
0131200
01311999
0131199231
01311991031626
01311989k
01311986j
01311980j
01311977
01311976ag
01311975ls
0131197531
01311971
01311970
01311961
01311958
01311950
01311949
01311944
0131194
01311923
013119
013118997
0131181
013116579
013116433
0131160825
013116039
013116
013115640
013115350
013114732
013114467
01311406
013113422
01311326
01311321
01311310
013112811
0131127rg
0131126cb
013112504
01311237654
01311227
013112
013111821
01311177
01311129
013111238
01311114me
01311108
01311103
01311050
01311025
01311013
0131101
013109nt
013109886
013109439
0131093
01310928
01310926ta2
01310921
01310918
01310910
0131091
013108hmh
0131087
013108589
01310830
0131082z
01310806
01310802
013107jr
0131077
01310722
01310701
013106i
013106hg
013106M
0131065
013106311
013105jxb
013105jnf
013105c
013105959
013105510
0131051391
01310513
013105040986
013104l
013104jm
013104J
013104775
013104591
01310425
01310421
013104019
013103mj
013103kyra
013103b
013103814
013103637
01310355
0131034
01310331
01310318
01310308
01310301
013102v
013102pretty
013102k
013102i
01310270
013102198
013102091
01310201
013101adam
013101a
01310171103
01310132
013101000301474
013100gc
0131000
0131/2005
0131-443-2069
0130z
0130tx
0130ti
0130shay
0130rudy
0130rmm
0130mokus
0130mi
0130md92
0130kt
0130juan
0130dmd
0130cnw
0130cb
0130buster
0130bsal
0130belly
0130babe
0130ammy
0130_kn
013099860011
013098wp
013098h
013098antonio
01309891
01309813512
0130980
013097957
01309779
0130977
013097534
0130974
013097208
013097005
013096gch
013096990
01309633
0130958
013095123
013095031
013095!!@#
013094bk
013094905
013094749
013094602
013094579
0130944400
013094385
0130940
013093j
013093hotgirl
013093HOTGIRL
013093394
013093115
013092y
013092nc
013092m
013092k
013092EJL
013092834
013092251
013092132
013091ina
013091565***+
013091561
013090y
013090m
013090ab
013090457
013090414
013090286
01309025344
013090230
013090215
01309019
013090096
013089bhey
013089946
013089790***
013089651
013089431
013089007
0130890
013088896
013088500
013088313
013087c
013087blue
01308792410
01308769
013087020
013086bv
013086a
013086714
0130863
013086084
013085266
013085069
013084sa
013084a
013084974001056
01308486
0130845
013084306
013084247
013084183
013083570
013083532
01308350
013083299
013083263
01308321
013083021884
013082norma
013082DLT
013082824
0130825l
013082561
0130825220
013082462
013082241
0130820607
013081mar
013081a
013081993
0130819
0130817
013081426
013081334
013081063
013080mel
013080j
01308 2
01307yel
013079aa
01307979ed
013079481
013079004
013078mm
013078j
013078b
013078744
013078664
013078530
013078425
0130784
013078342
013078244
0130782
01307818868
013077709
013077687
013077562
013077329
013077165
013077161
013077037
013075997
013075754
013075278
0130751990
013074jan
013074938
013074717
0130746
013073mlp
013073a
013073818
013073799
01307371
0130737
013073176
013073008
013072980
013072882
013072636
013072462
013072347
013072058
013072029
013071979
013071974
013071701
013071441
013071018
013070darr
013070899
0130702
013070106
013070031
01306d
013069869
013069500
013068ll
013068944
01306875723
013068543
013068533
0130684
013068208
013068189
013067PALOMA777
013067686
01306747209
013067286
013067132
013067129
013067119
013066822
013066633
01306660
013066557
013066
0130645215a
0130642
013063934
013063832
013063675
013063221
013063
013062989
0130628
013062794
013062063
013061634
013061040
013060760
013060748
013060554
0130604
013060037
01306
01305hotmail
013059904
013059680
013059556
0130590
013058766
013058669
01305861522
013058347
013057809
013057240
013057167
01305682
013055j
013055510
013055156
013055123962
013055101
013055
0130545554
013054058
013054
013053996
013053913677
013053614
013053591
013053407
013053387
0130530
0130529
0130527
013052366
013052056
013051778
013051646
013051107
013051
013050903
013050734
013050566
01305020801
013050191
0130501
013050071
013050045
013050
01304ga
01304as5525
013049864
013049808
013049606
013049502
013049206
013048920
0130487
013048660
013048544
013048540
01304822995
0130477
013047570
0130475
013047052
013046682
01304619210
0130460790
013045829
013045755
013045706
013045673
013045530
01304532114
013045099
0130445
0130443
013044170
013044166
013044
013043756
01304330074
013043261
013043204
013043165
0130430706
013042l
0130426
01304240156
01304226635
01304219438
013042187
01304200
013041986
013041808
013041588
013041415
013041334
013041245
013041185
013041123
013041
01304051
013039891
013039793
013039502
013039432
0130394
013039339
013039
013038959
013038952
01303894482
01303892929
013038875
013038739
013038331
013038216
01303814183
013038011
013037765
013037576
013037544
013037506
013037342
013037060
013036964
013036850
013036407
013036377
013035687
013035622352
013035451
013035437
013035422
013035170
013035064
013035013
013034990
013034805
013034123
013033464
013033377
013033336
013033
013032849
01303274715
01303270081
01303256720
013032561
013032531
013032459
01303244987
013032382
0130322
013031863
013031644
013031502
013031357
013031176
0130310607
013030860
01303085
013030734
013030658
013030420
013030363
013030303
013030081
013030037
01302lolpop
01302isthestart
01302elma
01302ebonni
013029798
0130297
013029615
013029258
013029213
013028837
01302865535
01302859144!
01302854707
01302812
013027989
01302791
013027884
013027317
0130272
01302714101
01302701588
01302645670
013026422
0130263229
01302586
013025754
013025370
01302532
013025312532
01302530008
013025243
013025189
01302511
013024592
013023967
013023934
0130239
01302369618
013023686
01302343673
01302339723
013023311
0130233
01302327990
0130229
013022897
013022541
013022082
013022029
013021332
013021152
01302114
013021055
013020989
013020851
013020441
013020407
013020351
01302025270
01302006aag
01302004
01302003
01302002
01302
01301999
013019962
013019921824
013019878
01301982
01301981dee
013019756
01301973
01301971t
01301970
01301961
01301954
013019489
013019419
01301928
013019244059204775
013019210105
0130192
013019
013018858
013018020
01301798
013017896
013017509
0130173608
013017024
01301702366
013016500
01301637
013016267
013015105
0130151
013015
013014w
013014759
0130147
013014463
0130143doln
013014396
013014322
01301415
013013973
01301383
013013527
013013492
013013491
01301337542
013013172
013013150
013013128
0130131
013013088500
0130130
013012685
013012306
01301229
01301222
013012144
013012010.
013011j
01301198
013011952
013011322
0130113011
01301124
01301111
013011010
01301101
013010984
013010883
01301084
013010711
01301014
013010030
013009baby
013009841
013009804
013009710
01300911
013009074
01300907
01300905
013008a
013008987
013008952
013008428
0130083
01300822
013007y
013007j
013007ab
013007997
013007732
0130076
01300728
0130072521
0130071
013007038
013006k
013006836
013006765
013006661
01300627
0130062504cmesj.
013005mz
013005370
013005260
01300513
0130050
013004rp
013004jo
0130049
013004889
013004426
01300416
01300415
0130040378
01300341086
0130033
013003262
013003228
013002babykyle
0130028
013002486
01300210
01300202
013002004
013001jayron
013001aj
013001975
013001343
0130013
013001219
0130010719149
0130010311202s10
013000517
013000457
0130000
01300
013-52868864ever
013-3495257
013,.5466dragon
013*jar
013*013*
012zumbi
012zabdiel
012za0894807609za
012yoky
012yeah
012xra7c
012xoxemo
012xara
012wednesdaytora
012waynee
012wana
012wan016
012wan
012w5250w1w2347
012viper
012vin
012ung005
012uda
012tutu
012tigerfan
012theman012
012tater
012syikin
012sugteamo012
012solo
012slimster
012sky091
012skin
012sing@m
012shawty
012sexybitch
012sasa
012sabbio
012s688b639c
012ryan
012runthis
012runit
012rizkiah
012rider
012rainer
012prez
012poland
012pepsi
012patrick
012panda00
012pak
012okia
012nine
012natalieportman
012mylove
012morel
012mo7amed
012mie
012mido
012micole
012medo
012may
012maxis
012mada
012luvu
012luvmeno
012love
012lk
012lee013
012lando
012lampard8
012ladybug
012l789p
012l,]n lhk
012king
012kendrick
012jojo
012jjazzy
012jansen012
012jalanan
012izcrunk
012iop
012hug
012hot
012hit789but
012hanan5678
012habib
012habeba6777917
012gf07
012fukkyou
012frigi
012flames
012fatass012
012fami
012er3
012enrique
012elkady
012eiggam
012ecs
012dinu18
012daddysgirl
012cutie
012cri
012cookie
012click
012chris
012chiq
012chink
012cheese
012ch117
012cezar
012ccv
012bt04
012brat
012boyz*
012bn4
012beam012
012baller
012baby
012aventureiras012
012asdfghjkl
012ardnas
012angelito
012angel
012andre@ceci
012alpha
012alleya
012agv
012abd
012aaliyah
012a3c4f
012_sassy
012_medo
012__abc
012_210
012_03
012_012
012Rock
012POOH
012MYLOVE
012M@R37Ta
012LLIFE90
012JOHN
012JET
012J3060
012ALLDAY
012@ilovefoo
012?shi
0129yobana
0129yo
0129vanta
0129undead
0129teddybear127
0129talc
0129sr
0129sean
0129rious
0129pr
0129mom
0129mhs
0129meli
0129matt
0129m
0129louie
0129ka
0129james
0129hw
0129huy
0129hawk
0129ejca
0129desi
0129deewee
0129d
0129corazon123
0129alfred
0129ai-
0129adyn
0129_thai
0129TAY.
0129RICH
0129MON
0129DIES
0129A0129
01299s
01299mg
012999rs
012999783456789
012999700
012999662
0129995095
0129994860
012999424
012999235
0129992
012999144
0129990745
0129990741
012998kidz
01299898866
012998820
012998783
0129987467
01299847544444
012998270
01299826299
0129980983
0129978937
0129977925
012997781
0129975642
012997460
0129971182
0129970264
0129970039
012996t
012996985
0129967472
012996656469877
012996537
012996349
012996347
0129962p
012996259
0129962569
012996231
0129961917
0129961807
0129961129
012995958
0129957866
0129957184
012995689
012995647
0129955572
0129954330
012995237
0129952130
0129950352
012994njb
012994amy
012994aj
012994969
012994950
012994839
0129947744
0129946724
0129946692
012994514
012994510
012994438
012994415
012994386
012994262
0129942595
0129941208
0129940942
0129940717
012994**
012993s
012993m
012993d
012993T
012993C
01299388
012993843
012993811
0129936334
012993567
012993530
0129935+h
012993481
0129934460
012993122
012992oski
012992m
012992j
012992itzy
012992e
0129929930
0129928501
012992822
012992782
01299270069
0129924221
0129924190
012992340
012992313
0129922769
0129922267
0129921822
01299215
0129921143
0129921
012992071
012991lg
012991juanduche
012991ajp
012991T
0129919782
0129919528
0129919500
0129917472
012991720
0129916378
0129915663
0129915095
0129914469
012991392
0129913348
012991323
012990alex
012990a
0129909948
0129907705
0129904118
0129903556
0129902370
0129901142
01299+10621
012989yg
012989s
012989c
012989b
0129899219
0129898842
0129898100
012989783
012989505
012989428
012989411
0129893330
012989324
0129892568
012989219911
0129892140
0129891906
01298912
012988kl
012988c
012988ah
012988aa
0129889120
0129888718
0129888
0129887572
0129887057
0129886960
0129886779
012988618
0129886150h
012988602
0129886
012988460
012988438
0129884193
01298838522
0129880714
012987veronica
012987miti
012987mg
012987jab
012987j
012987dr
012987cesar
012987baby
012987alm
012987949
0129878590
0129877479
0129877011
0129877
01298761
0129876066
012987423
0129873763
0129873556006006
012987344
0129872
012987111
0129871035
01298705susanacarvalho
012986t
012986i
0129869762
0129868854
012986609
012986578
0129865272
0129863804
0129863399
0129862399
01298611
012986103
0129860373
012985p
0129858929
01298587
0129856743743
012985642
012985636
0129855302
012985461
0129853890
0129852770
01298520
0129851289
012985120
01298512
01298505912009
012985014
0129850034
012984s
012984d
012984a
012984799
0129846633
0129846032
01298457
012984532917852
012984513
0129844878
0129844192
012984377
0129842369
0129842268
012984129
012984092
0129840365
012983james
0129838893
0129838280
0129837665
012983761
0129837300
0129835396
0129833698
0129833198
0129830770
012982sol
012982k
012982GW
0129829468
0129829023
0129829010
01298284
0129827852
012982731
0129826267
012982615
012982608
0129825839
0129825806
0129824909
012982474
0129824249
0129823862
0129823520
0129823307
012982286
0129822260
0129821240
012981me
012981cb
012981922
012981915
012981912
0129818667
0129818374
0129817781
0129817232
0129817010230160
0129816427
0129814958
01298145933
0129814041
012981344
0129813
0129811663
0129811423
012981120
0129810434
0129810011
012980a
012980809
0129808050
01298064
01298030
01298026
012980252
012980151
012980112
0129800227
01297elena33567
0129799988
012979929
0129797533
0129796989
0129796585
0129795349
01297950092491989
0129794525
012979371iCe
0129793291
0129792429
0129791721
0129791671
0129791570
0129790998
012978d
012978D
0129789709
012978595856
0129785
012978432
0129783168
0129781872
012978122066
012977ck
012977c
0129779967
012977991
0129779313
0129779
012977852
0129778171
0129776631
012977619
012977593
0129775886
0129775652
0129775427
0129774849
0129772330
012977.g0tti
012977!30
0129769927
0129768858
0129768443
0129767858
0129767512
01297672
01297667431789
012976630
012976512
0129764740
012976464
01297645
0129762953
01297616
0129761414
0129760
012975795
012975499
012975475
0129754539
012975081
0129749984
012974993
0129747852
0129747652
012974765
012974673
0129745401
01297445122140342
0129743978
0129742777
012974249
0129742041
012974136
01297410
0129737717
0129736075
0129735628
01297343495
0129734322
012973421
0129733561
0129732488
0129732330
0129732172
012973151
0129731
0129730464
0129730014
012972s
012972902346
012972838
0129727750
012972770
0129727181
0129726610
0129725988
0129725100
012972433
0129724124
0129723399
0129723156
012972134
012972022
012972002527
012971987
0129719309
012971905
0129718674
0129717069
0129716726
0129716425
0129716320
0129715776
0129715696
0129715605
01297149
012971312
0129712205
0129712168
012971011
0129709966
0129709872
0129709005
012970807
012970699
0129706156
0129706065
0129705812
0129704787
012970415
0129701047
0129700574
0129700441
01297
012969a
0129698920
012969613
012969577
012969258
0129692458
012969214
0129690
0129689938
0129689619
0129689488
0129688923
012968816
0129687763
0129687586
0129686703
0129686488
012968610
0129686
0129685812
0129685753aduka
0129684864
0129684750
0129684710
0129684068
0129683 157
0129681404
012967989
0129678934
012967861
0129677357
012967599056228360
0129675581
012967536
012967332
0129673286
012967193
012967165
012966978
0129668557
0129668047
0129668
0129667574
0129666949
01296660784
012966602
0129665012
0129664908
0129663794
0129663141
0129663066
01296625562
0129662312
012966059
012965987
0129658054
012965773
0129656902
0129656426
01296560243
012965486123
01296545
0129654
012965335
012965273
0129652286
0129652060
0129650015
012964s
012964989
0129648643
0129647991
0129646630
0129645820
01296454540507230439400132
0129645002
0129644mel
012964401
01296437547
012964375
0129643235
01296428644
0129641134
012964031
0129639908
012963965987
012963852741
0129637423
0129637272
0129637057
0129637
0129636924
0129636775
0129635778
0129634366***
0129633491
0129633381
012963260
0129632289
0129632136
0129631876
0129631240hn
0129630398
0129628856
012962868400
012962742
0129627193
0129626777
0129626662
0129624280
0129623186
0129623119
0129623
0129622149
012962199
0129620379
012962
0129617217
012961686
0129616190
0129615111
01296138675
0129613177
0129612535
0129612389
012961232
0129611221
0129610500
0129610203
0129610145
0129610
0129609815
012960933
0129609030
012960775
0129606990
01296060
0129605145
0129604039
0129602237.
012960212
0129602
0129600659
012960056
0129600350
012960026
0129600164
01295ss
01295rm
0129599285
0129598159
0129598001
0129597611
0129597608
0129597556+she7a
0129597505
0129596269
0129595861
0129594175
0129593352
0129593304
012959157
0129591361
0129589522
0129588415
0129586652
0129586525
0129584449
012958434
01295842964437368
0129582810
0129582596
0129582287
0129582057
0129582042
0129580165
012958
012957mg
0129579512
012957896
01295788414
0129578454
0129578223
0129578137
012957790
0129577681
0129577608
0129572679
012957227
01295721962
01295715
0129571
012957
0129567581
012956649
0129566239012
01295661family
012956583401332712110183992868
0129563422
012956312
012956288
0129562231
01295621140109214328
012956145
012956137za
0129561287
01295611
012956
0129559568
0129557194860117065140
012955604
0129554128
01295536
0129553587
0129552778
0129552191
012955129
012955111
0129551041
0129550676
012955
0129549283
0129548217
0129547014022817374
0129546216ahmedkeml
01295457590106603223
0129545424
0129544700
01295446683584979
0129542764
0129541452
0129541359
0129539865
0129539
0129536419
0129535136
0129533980
012953324
012953197
0129531088
0129530530
0129529974
0129529871
012952857
012952845
012952747z
0129526922
01295265252
01295263467
01295259397
0129525111
01295247
0129524575
0129523350
0129519951
012951978
0129519230
0129519189
0129518562
012951832
