1075115589
0107510980
0107510966
0107510571
0107510373
0107509547
01075086
0107508409
0107507718
0107505606
010750484
0107504502
0107503887h
0107503356
0107503213
010750320
0107502953
01075028
0107501264
0107500631
0107500533
01075004
0107499203
0107497680
0107497462535895
0107496648
010749445123
010749419
0107492643
0107492192
0107488385
0107488113
010748773
01074874
0107485922
010748459
0107482910
0107482883
0107481167
0107480911
010748056
0107479923
0107477920
0107477607
0107477389
010747727love
0107477270
0107476667
010747665
010747581
0107475788
010747516
010747489
0107474105
01074734
0107472698
0107472692
01074721033
01074719
010747123
01074709
0107470470
010747
0107469791
0107469428
0107467
01074669
010746654
0107464974
0107464919
010746424
0107464170
010746306
010746
0107458704
010745831
0107456242
0107456078
0107452695010
010745199
0107451008
010745080
0107450705
010745037
010745007
010744973
0107449422
010744909
0107449037
01074480
0107447911
0107447219
010744485
010744468
0107444275
0107443479
0107442010
0107441098
0107440
0107439611
0107438819loved
0107436824
0107436130
0107435909
0107434384
0107433
0107432949
0107432122
010743153
0107430399
0107429953
0107428437
01074271
0107426161
0107423646
0107422044
0107421093
010742018
0107420
010741987
0107417492
010741479
01074141R
0107411215
010741101
0107410838
0107410164
0107410111
0107410070
0107408764
0107407854
0107406984
0107405183
010740294
010740245
01074023930174023
0107402279
0107402270
0107402130
010740213
0107401441
0107401084
010739818
010739770
0107397186
0107397120
0107395503
0107393153
01073912842452
010738zaza
0107388078
0107386674
010738619
010738616
0107386028
010738590
0107385052
0107384384
010738379
010738319
0107382717
0107382656
010738173
0107380782
0107380400
0107380114
0107379491
0107378304
010737809
0107377693
01073771521
0107376053
0107376021
010737413
01073741
0107373669
010737362855
0107372820
0107372322
0107371790
0107371
01073686
0107368486
01073683
0107368176
010736804
010736684
010736555553
0107365466
0107363
01073615
010736
0107359889486
0107359018
0107357578
010735548
010735530
0107355062
010735439
010735235
0107350273
01073502599998877
0107349020
0107349
0107347m
01073463207
0107346307
0107345606
0107344888
0107344796
0107344
0107343778
0107343372
0107342553
0107342026x
0107340868
0107340278
0107339
01073371820
01073371233
010733660
010733577
0107335713
010733484555799285582190
0107334393
0107333937
01073332
0107331148
01073311
010732943
0107329177
0107328679
0107328071
0107326988
0107326624
01073262
0107326113
0107325
0107323804
0107323111nancy
01073230
0107322024
0107322
0107321940
01073208
0107318900
010731854
0107318183
0107317j
0107317738
0107317708
0107317288
0107315162
0107315082
010731284
0107312613
010731200532
0107311071
0107310869
01073107520
010730td
010730999
010730903
0107308443
010730778
0107307764
0107306701
0107305918
010730588
0107305105
0107304322
010730361
0107302263
010730122504
0107301138novy
0107301121
010730073
0107300685
0107300381
01072k2
010729nologo
01072999
010729973
010729967902
0107299500
010729819
010729783
0107297467
0107297243
0107297
0107296939
0107294838
0107294020
0107293539
010729267
0107292512
01072924493143339
01072915120105
0107290838
01072901
0107289007
0107288281
0107287913
0107283846
010728273999
0107282725
0107282237as
0107282
01072816262615
0107281626
0107280k
01072808
010727R
01072787
0107277838
0107277790
010727749
0107276289
0107276142
0107276070lolo
0107275474
0107274650
0107274170
0107273984
010727389
0107273706
0107272993
0107271871
0107270436
010726hd
010726bi9m2x
0107269008
0107267765
0107266928
0107266304
0107265781
0107264
010726378
01072635110
01072611y
01072609
0107260195
010726010
0107259900
0107258407tornedo
0107257576
0107256541
0107256261
01072551
0107254967
0107254695
01072545
0107253938793685
01072539
010725322200547
0107252993
0107252874
010725214
01072517
01072514
01072513
010724florsh
0107248156
01072464
0107246367
010724522
010724402
010724285
01072427
01072425
0107242131
0107241282
01072412
0107241190
01072340341985
0107232896
010723236
0107231427
01072307
0107229197
0107228971
010722739
0107227113
0107227109
0107225848bb
0107225046
0107224496
010722438
0107224214
0107223984
01072228
0107222713
01072223
0107222120
0107222
01072215
0107221252
01072211
010722060303
0107220269
01072199070
01072195009
0107219358##
0107219215
01072182808
01072180224
010721789
01072178577
01072156646
01072151527
01072146070
01072133727
0107213178
010721256
0107212357
01072112549
0107211021
01072102589
0107209869
01072083
0107207473
01072072377
010720368
0107203
01072025382006
01072022875607
0107202111
0107201540=mk
0107201297
01072006t
010720016
01072
01071`989
010719eighty
01071999kp
0107199970
010719990
01071997d
01071997a
01071996mahdi
01071994nana
01071994ee
01071994111571odiola
010719941
01071993k
0107199231011992
010719920
01071991italia
01071991amh
01071991a
01071990612
0107199017
01071989e
01071988666
0107198801086
010719861
0107198500157
01071984m
01071984d
010719842003
0107198402858
0107198400941
0107198400
01071981YA
010719813
010719801
01071971.37
01071969
01071967
01071964
01071963
01071962
01071961
0107195726
01071956
01071955
01071954
01071948
01071946
010719429
01071941
0107191353/*-+
0107191189
0107190399
010718991919
0107189558555
0107188244
01071871450
0107185724
0107185342
0107183670
0107183307
0107182872
0107181324
010718094902547161
01071805
0107179656mido20687
01071786
0107178
0107177716
010717732
0107175762
0107174623
0107174578
0107173705
010716987
0107169248
0107169144
0107168939
0107167977
010716595
0107165397
0107163537
0107162822
01071621
010716123
0107160168
0107158808
0107158152
0107156817
0107156531
0107156505
010715589514
010715301233
010715199
01071516
0107151297
010715122
0107151040
0107150730
01071503
0107150188
010714mq
010714901
0107147687
010714681
0107146406
0107146362
0107145502
0107145095
0107144833
0107141567zozo
010714143
0107141
0107139844
010713946
0107139171
01071391
010713873
010713661
010713628
0107136128
0107134785
0107133654
010713301
01071321
0107131763
01071313
01071302
01071301
010712d
010712837
0107125268
0107125
010712484
0107123291
0107123157
0107123101
010712301106
0107122959
01071223899
0107122300h
01071218
0107120934
01071209
010712089
01071208
010712055
0107120318
010711aj
0107118288
010711825
0107117424
010711665
010711607
010711522
0107115
010711329
0107112355
0107112074
0107111831
01071118
0107111425
01071112
01071102
010710c
010710ami
0107109693
010710759
0107107244
0107107067
0107107
010710443
010710390
0107103657
01071029
01071028
01071024750
0107102410
0107101754
0107101464
01071011
01071010
0107100737
0107100527
01071004
01071002
01070f
010709sam
010709822
010709809
0107097502salma
0107097339
0107096391
0107096265
0107095733
0107095295
0107095184
0107095064
01070922
01070918
01070917
0107091648
0107091322
01070907
0107090372
0107090100
010709008
010708wedding
010708jac
010708E
0107089
0107088880
0107088470
0107087559
0107086632
0107085470
010708484
010708265
01070819
010708093140
010708090
01070809
010707eyj
010707c
0107078978
01070780
010707768
0107077233
0107076905
0107076789
0107076588
0107075685
0107075169
0107073445
010707285900
01070726
010707197
0107071959
0107071951
0107071606
01070713
0107071126
0107070946
0107070700
010707010707
010706tj
010706pc
010706jj
010706c
010706b
0107069613
0107068339
0107067872
0107066549011
0107064145
0107063828
0107063040
01070617
0107061203
010706118992love
010706118992cyp
0107060983
0107060613
010705yyd
010705will1974
010705k
010705gg
010705bs
0107059841
0107059388
0107059141
0107058908
010705812
0107057791
010705751
010705707
0107055464
0107055455
0107054746
0107053067
010705299
01070528
01070522
0107052196
0107051981
0107051355
01070511
0107051005
01070507
0107049984
0107047880
0107047325
010704714
0107046880
0107046749
0107045699mohame
0107045347
010704438
010704429
0107043876
0107043211
010704261
01070425
0107041816
010704170
01070414
0107040913
0107040758
010704015joe
010703ad
010703909
0107038966
0107038839
0107038107
0107037741
010703741
0107036092
0107035668
0107035570
0107035536
010703536
0107033670
01070335
01070322
0107031982
0107031093
01070310
0107030863
01070308
01070305105
0107030510
0107030474@dodo
01070301029
0107030
010702kab
0107029777
0107029038
0107028522
0107026627lola
0107026447
0107026415711
01070263063
010702604
0107025431
0107025042
0107024777
0107024420
010702432
0107023995
010702287
01070224
0107021690
01070208
010702050205
0107020458
01070190566
010701885
010701815
0107017901
01070171
010701601
0107012543
0107012484n
0107011255
0107011037
01070107j
01070107J
0107010673
0107010622
010701043
010701025
010701010901
010701009
0107010
01070087370
0107007050
0107005222
0107005036
0107005
0107004499
010700399
0107003941
010700374
01070032zn
0107002722
0107002390
0107002257
0107002222
0107001861{
010700167
01070014
010700118
0107001
010700044
0107000207
0107000000
0107-6
0107+92
0106will
0106vp
0106small
0106sam
0106rccc
0106prince1982
0106pai.
0106oioi
0106nd
0106nasi
0106mytwoboys
0106moos
0106me
0106m*
0106ks
0106klutz
0106june
0106joelito
0106jesus89
0106jaida
0106irina
0106iker
0106hw
0106huda
0106hm/s
0106hls
0106hereicome
0106elibri
0106dl
0106djc
0106die:go05
0106desi
0106deividy1
0106de
0106daniela
0106da
0106cum
0106cedar
0106capri
0106cap
0106batcuri
0106afiq
0106aa
0106a123
0106_era
0106TALIQ
0106KI0106
0106@geminis
010699a031201d
010699875
0106998547
0106997946
010699783
010699773301410
0106997733
0106996987
010699665
0106996425
0106995933
010699564
0106995611
0106995143
0106995051
0106994769
0106994451
0106994325
0106992873
0106992705ALIA
010699107
0106990908
010699075
0106990223
010698e
0106989
0106988866
0106988185
0106988
0106987030
0106986435010
0106986412
010698454
0106982
0106981927
0106981748
0106981036
010698038
0106980028
0106980
010697mh
010697b
010697ac
010697998
0106979089
0106978721
0106978454
0106976954
0106976514_medo
0106976396
010697536
0106972179
010697124
0106970466
0106970050012424
010696aa
0106969586
01069695
010696931
0106969298
010696929
010696887985
0106968689
0106968029
0106966568
0106966180
0106966061
0106966
0106964927google
0106964
0106963089
0106962623236105
0106962098
0106961919
0106961798
010696126
01069609
010695mili
010695men
010695love
010695chango
010695as
0106959209
0106959149
0106958
0106955456
010695477
010695123955664
0106950846
0106950776
010695010695
010695..
010694s
010694fredy
010694duvalin
010694dr
010694a
01069492395494
0106948947
010694626900
010694572
0106945329
010694426
0106943961
0106942149
0106941379
010693keven
0106939685
010693802
0106937159
0106936902
0106933917
010693372
0106933589
0106932689
0106932562
0106932339
01069321lazy
010693197prrp
01069304
0106930355
0106930293
010692t
010692pa
010692mc
010692lb
010692cC
010692960
0106929042
0106927
010692603
0106925754
010692428
0106923691
010692357
0106923567
0106922696
0106922007
0106921612
0106921505
0106920682
0106920655
010691melissa
010691m4846
010691k
010691dao
010691bday
010691ab
0106919956
0106916602
0106916528
010691457
0106914180
0106913679
01069131177
0106912211
0106912143
01069115moni
010691152007
0106910778
01069107551
010690sinbandera
010690paty
010690moniek
010690lalo
010690kl
010690js
010690hp
010690abs123
010690a
010690MNNS
0106908938
010690666
010690580
0106905524
0106905501
0106905442
010690356
0106903448
0106902399
010690236
0106902324
0106902269
01069018
01069016
0106901463
0106900234
010690014
01068lee
01068andres
010689milula
010689mei
010689k
010689jr
010689j
010689estrella
010689a
0106899770
0106899766
01068994
0106899090
010689890601
0106898800
0106898
0106896989
0106896626
0106896
0106894123
0106893
0106892185
0106892158
010689206
0106891978
010689123
010689090
010688k
0106889295
0106889
0106888362
0106887763
0106887178
0106887006
0106886926
010688684
01068859
0106885181
0106883467
0106883375
0106883267
0106882272
01068816
01068814
01068813
010687nayeS
010687luiskadir
010687j
0106877807
01068776450112034169
0106877645
010687764
0106875250
01068749791
010687462
0106874133236576
0106873914
01068738255
010687327minglove
01068730548
0106873
01068725370
01068723369
01068721335
0106871621
010687101189
01068708
0106870715
0106870604
0106870571
0106870212
010686karla
010686fi
010686eegf
0106869810
0106869524
01068686
01068683
01068677200
01068671411
0106865864
0106865
0106864714
0106863154
0106863056
01068621
0106862098
01068603
010685pr
010685a
010685928
010685911
010685873
0106858648
0106858424
0106858278
010685825a
0106858217@Raya1
0106857koky
0106857725
0106857594
0106857257
010685671
0106855926
010685538
0106854920
010685459-6
0106852901
010685090
010684jan
010684b
010684a
0106849837
010684959812
010684826
010684777
0106847759
0106846258
0106845151
0106844769mando
0106844478
010684380
0106843574
0106841891
010684174
010684158
0106840991
0106840916
0106840721
0106840698
010683ms
010683d
010683D
01068384tx
0106837381
010683686
0106834400
01068342732950738
0106834223
0106833797
0106833778
01068325
01068324801
0106832272@hotma
01068319677
0106831640
010683151
0106831501
010683136
010683090
010683/5komp
010682m
010682l
010682e
010682alv
010682E
010682921
0106828209
0106828123
0106827738
0106827631
0106827
0106826669
0106825588048795150
0106825499
0106825242
0106824350
01068240
01068235812281992
0106823176love
0106822766
0106822717
0106822250
0106821723
0106820135
0106819
010681807
0106817733
0106817447
0106816616
0106813500
0106813337
0106811045
010681038
0106810287
01068100
010680892
0106808838
01068080jes
0106807925
0106807630
0106806705
0106806015
0106805170
010680493
0106803944
0106803835
010680360
0106803140258
0106800443
0106800411
010679fyav
0106798417
010679792
0106797880
0106796850
01067965644
0106796564
0106796294
0106795982
0106794638
0106794580
0106792722
0106792671
0106792660
0106791942
01067918
0106790
010678mm
0106789995
0106789834
0106789013
010678860
0106788376_m
0106788
01067878
0106787602
0106786045
0106783637
0106782959
0106782711
0106782101
010677a
0106779820
010677979
0106779720
0106779416
0106779180
0106777302
0106777221
010677694
0106775925
0106775201
0106775030
010677503
0106774341
01067743145
0106773631
0106773372
010677123
0106770859
010676t
0106769443
0106767579
0106767335
0106767
0106766833
010676583
0106764641
010676440
0106763903
0106763728goudz
01067614062264645
0106761353
0106761317
010675jk
0106759696
0106758210
0106757259
01067570004
0106756475
0106756397
010675602
0106754
010675383
010675234
0106751563
0106750836
0106750683
0106750641
0106750305
0106750082
010674ad
0106749276
0106748933
010674811
0106747073123
0106747072
0106746692
0106746255
0106746184
0106746168
0106745588
010674537
0106745365
0106744656
0106743896
010674329
0106742929
0106740809
0106740765
010674016
0106739942
0106739356
010673934
010673925
0106738396
0106738079_tata
0106737609
01067373
0106737021
0106736494
0106736
0106735416
0106734361
0106733932
010673270
0106732632
01067326175856653
0106732
0106730658
01067286332
0106727974
0106726715
0106726680
0106725548
0106724
0106723431
0106723
0106722741
010672252
0106722147
010671tinalouise
010671855
0106718501
010671776
0106717540
0106716650
0106716447
0106716412
0106716192
0106715998
0106715952
0106714811
0106714402
0106712997
0106712702
0106712626
0106712547
0106712351
0106711764
0106710105
0106709506
0106709341
0106709149
0106707822
010670769
0106706666
01067061122
0106705413
0106704824
010670454
0106704442
0106704437
0106702836
0106701500
010670095
0106700088
01067
0106699566
0106699216
01066975865511
0106697251
0106695198
0106693818
0106693575
0106691307
010669094
010669074
010668a
0106689350
01066887825
0106687516
0106687373
0106686658
01066855873
0106685313
0106684947
0106684503
0106683728
0106683545
010668354
0106680445
0106680275
010667vl
010667kg
01066798
0106679732
0106678964
0106677548
0106676371
010667498
010667044
0106670402
0106668620
010666775
0106667561
010666685
0106666717
010666666
0106666422
01066664
0106665448
01066645902
010666457sp
0106662046
0106661827
01066617572558669
010666146
010666119
0106661
010666072
0106660
0106658852
0106657982
0106657879
0106657411
01066563299
0106656208
01066559440
0106655618
0106655511
0106653509
0106651924
0106650337
0106650209
0106647301
010664726
0106645900
010664572
0106644383
0106644303
0106643843
0106642515
0106642423
0106642413
0106642154
0106641713
0106641541
010664112222
0106641
0106640907
0106639561
010663885
010663753
010663730
010663594
0106635811
0106635042
010663395
010663385
0106633767
0106632611
0106632102
0106631613
010663080
0106630114
0106628511
0106627
0106625991
010662549
0106625020
0106625
0106624185
0106624135
0106623167
010662217
0106622088
010662115
010661lm
010661a
0106618981
010661821692052km0
0106618188
0106618113
0106618009
0106616582
0106616455
0106616435
0106616408
010661622
0106615186
0106614824
010661463
0106613871
0106613818
0106613291
0106612269
0106611740
0106611649
01066114
010661124
0106608610
0106608064
0106607234
0106607
0106606747
010660553
0106605289
010660453
0106603966
01066031919*
01066012780101801254
0106601201
0106601106
0106600710
01066
0106599925
01065984020102425772
0106597905
010659790
0106595182
0106594923
010659470
0106593877
010659275
010658715za
0106586946
01065854
0106584204
0106584051
0106582733
0106582288
010658060
0106580108
0106579894
0106578601
010657752291129
010657726321
010657720
0106577102
0106575314
0106572947
0106572731
010657263
0106571881
0106571145
010657072
0106570632
010657
0106568687
01065680101530
01065676989
0106567696
0106567592
0106567474a
0106567004
0106567
0106566269
0106566170
0106565929
0106565359
0106565355
0106565263
0106564434
010656415789
0106564
0106563595
0106563111
0106563055
01065622071234
0106561938wika
01065613
0106560221
01065595605751389
0106558339
0106558035
010655786
0106557547
01065575142
010655729
01065569920106556992
0106556481
010655629
0106555752
0106555597
01065551Sh
01065550140
0106554254
0106554155
0106554146
01065540122
0106553029
0106552330
0106551090
0106549482
0106549259
0106548667ya
0106548239
0106547896moha
0106545167
0106544746
0106544591
0106544372
0106544143
0106544104
0106543998
0106542260
0106541905
0106541621
0106540570
0106540449
0106539813
010653602@
0106535957
0106534826
0106534579
0106533835
01065327769
0106532677
0106532327
0106531795
0106531338
0106530845
0106530545
0106530332
0106527146
0106526772
0106526603
0106525901
0106525011
010652487
010652406
0106523953
01065237540101730157
0106523754
0106523704
01065231
010652233
010652107
0106521
010651a
0106519456
0106519362
0106518688
0106518119
0106517979
0106517
0106515040
0106513701
0106512757
0106512414
0106512211
01065119
0106511246
0106511154
010651108
010651072
0106510701117101
010651064
0106510631
010651040
0106509630
0106506850
0106506705
0106506119
0106505868
0106505071
0106504253
0106504217
0106501
0106500961
01064t
0106498779
0106498552
0106498328
010649606
0106495567
0106495438
0106493388
010649288
0106491864
010649166
01064903
0106488416
0106488384
0106484107
0106483255
0106482890
0106482139
0106481594
0106481130
0106479570
0106479001
0106476503
01064762
0106476006
010647485999
0106474793
0106474733
0106472693
0106472522
0106471062
0106470930tarek
0106469922
0106469885+0106469885
0106469276
0106468266
01064677
010646769068680554
0106467348
010646709
0106465801
0106464918
0106464876
0106464608tico
0106464571
0106464076
0106464
0106463978
0106463771
0106463528
0106463444
010646264
0106462615
0106462203
0106460837
0106460623
01064603012
010646
0106457937
0106456817
01064568147
0106455250
010645494
0106451364
0106448620
0106448516
01064485030102041117
0106447489
0106446008
0106444060153mah
0106444006
0106443892
0106443815
0106443774
010644288
0106442344
0106441712
0106441255
01064410125
0106440329
0106439173
0106437340
0106436458
01064351890000
0106434791
0106434332
010643406
0106433760medo
0106433637
0106433195
0106433122
0106431664
0106431660
0106431406
0106430540
0106430
010642978
0106428808
0106428103121
0106427859
0106426504
0106425815
010642541
0106425368
0106424939
0106424000
0106423837
0106422284
0106421861
010642117
0106421095
0106421
0106420955
0106420771
010642014
0106417933
0106416621
0106416563
0106416449
0106416214
010641615
0106415880
010641487bush
0106414052
0106414
0106413914
0106413768
0106412788ihgi
0106412598
010641188
0106411425
0106410955
0106410330
01064101424
010641
010640988
0106409691
0106408754
0106405984hgt ;gli pf
0106405564100
0106404805
0106404647
0106404176
010640408
01064039360122874928
0106403480
0106403101
010640272010
010640255
010640190
0106401567
0106401531
0106401370
0106401267_smsm
01064012670112257594
0106401267
010640124
0106401045
0106401033
01064008
0106400612mm
0106400246
01063shaimaa51
0106399449
0106399
0106397982
0106397637
0106396754
0106396163
0106396146
010639410
0106392802123
0106392062
0106390494
010639
0106389671
0106388754
0106388484
0106388330
0106387825
0106382859
0106382423
010638219
0106381417
010638102
010637959
0106376
0106375812
0106375777
010637487
0106374767
0106373992
0106373272
0106372023
010637157
010637065
0106369944
0106369586meryahmeddalal
0106369586admin
010636958632171890405380147
0106369146
0106368301
0106367215
0106367140
0106367126
0106366528
0106366230
010636550
0106365342
0106364alaadido
010636457
0106364474
0106363648
0106362648
0106362640
010636163
010636161
0106361555
0106361169
0106360706
01063601
0106358867475115
010635849
0106358357
0106357856
010635642
010635377
01063537580
0106353535
010635321
010635316
01063530557740917
0106353
01063526
0106352333
010635199
0106351751
0106349490
0106348903
010634822
0106347828
0106347095
010634595
010634498
0106343685
0106342915
0106342498
01063414790124576170
0106341165
0106340873
0106340053
0106340
0106339641
0106339596r@
0106339596b@
010633915
0106338921
01063385258
0106338449
0106336223
010633600
0106335818
010633558
0106334898
0106334549
0106331990
0106331241
01063306680104954133
0106330265
010633022505536598000553662609
0106330208
0106329568
010632946
0106329404
010632927
0106328946
01063286
0106328566
010632655
0106326211
0106325669
010632502
0106324476
010632433
010632418
0106324
010632384
0106322149
0106320782
0106319774
0106318755
0106316859
0106316284
01063161274
0106315131
0106314495m
0106314019
0106313177
0106312386
0106312066
0106310747
0106309880
0106306357
0106305574
0106304878
0106304695
0106304502
0106304447
010630378
0106303709
0106302967
0106302315
0106301053
010630054
01063005
01063/
0106299579
0106298793
010629844h
01062966
01062960309
0106295868
0106295215
0106294782
0106294751
0106293864
01062927081618
01062921076
0106290047
010628JLC
010628965
0106289030
01062886279
0106288610
0106288568
0106287779
010628746
010628728
0106287213
0106285974
0106285135
0106284795
0106283389
0106282936
0106282525
010628201
01062818
0106281764
010628097
0106280315
010628011
0106279621
01062789
0106278184
010627794
0106277188
010627685f
010627586
0106275471
010627484
01062723353233741
01062720154675269
01062711
0106271022
01062709
01062703
010626897
01062689
0106268664
0106267854
0106267792
0106267683
010626755120***
0106267223
0106267175
0106266
0106265767
0106265707
0106265490
0106265130*amylove
0106265130
0106264262
0106263926
010626349
010626341
0106262022
0106261943
0106261726
0106261203
0106261010
010626072385
010625paturro
0106259977
0106259468
0106258601
0106258
010625793
0106257
0106255922
010625565
010625558
0106254723
0106254167
010625370
01062535698741233577
01062535084
0106253081
01062529640
01062526999
010625261983
01062521tam
01062521
01062520
01062519
0106251889
01062514
010625131
0106250935
0106250705
01062501
01062499
0106248416000000
01062484096
0106248252
0106248214
0106247522
010624581
0106244217
0106244
01062427762040642
0106241702
0106241483
0106240
0106239243
0106239040
0106238m
0106236965
01062368705464614
0106236788
0106236562
01062364444
0106236444
0106235842
0106235763
0106235507
010623549
0106235470
010623540
0106235237
010623514
0106234904
010623490
0106234892
0106234669
010623460
0106233519abdes
0106233422
01062334116233411
0106232305
0106232104
010623144
01062302
0106229434
0106229091
0106228930
010622891mam
0106227611
0106226450
0106226225
0106225882
0106225665
0106225639
01062251
0106224182
010622388
0106223623
0106223621
0106223583
010622311
01062230
0106222481
0106222317
0106221882
0106220966khksd
0106220896
0106220874
01062208
01062206
0106219776
0106218485
0106217869DODO
0106217675
0106217503
0106217036
010621697
0106216722hatem galal0109871443
0106215797852
01062157978
0106215484
010621489
0106214637
010621404
0106214025
0106213905
010621344
0106213438
010621340
01062126titi
010621242
0106211779
0106211322
0106211162
0106210973
0106210345
0106210310
0106209034
01062086
0106208342
0106208187
0106206510
0106205355
01062041585282206
0106203203
01062029398
0106201216
010620114
0106200912
010620078
0106200771
0106200708041982
01062005sh
01062004A
0106200
0106199924
01061996360
01061995arp
010619950072150
01061994mjh
01061994jkr
01061994deus71
01061994307-C05021985S-
01061992g
01061992a
0106199213
0106199197477610
0106199106
01061990n
0106199034
0106199017
0106199001061990
01061989m
010619873
