1263
01281010
0128101
0128100511
0128100335
01280asor
01280asoR
0128097777
0128096496
0128095583
01280916
0128090725
012809059
012808oi
0128089744
0128088904
0128085144
0128084574
0128083849
01280828
012808260202
01280824831
01280823
01280812474
0128081150
01280810
0128080
012807t
012807sb
012807mj
012807jk
012807by
0128079578
0128078748
0128078109
01280749
012807280325
0128072216
0128070801
01280708
01280705
012806shae
012806pj
0128068753
01280679800107099671
0128066023
0128065064
01280650
01280641
0128063503
0128062419
0128062179
012806144
0128060800
0128060194
012806001
01280600
012805hf
0128058045
0128057546
01280506
012804844
012804642
0128043338
01280422
012804171
01280416817ossny
0128041062
012804031991
0128039717
012803940
012803894
01280372
012803700
0128033178
0128031867
0128030230219431
0128030034
012802D
012802964100
0128027765
0128026au
01280266080126420022
0128023152
0128022927
01280228
0128022112
01280218
01280213
01280208
0128020170
0128020156
0128020147
0128020107
012801n
012801jb
0128019896
0128019264
0128018988
0128018858
0128018762
0128018238
0128017595
0128016088
01280152552
0128014
0128013695
0128013016
012801299
012801178
0128011382
0128011305
01280110deoctcos
012800a
0128009818
0128009292
01280070
0128006
0128003142
0128002091
0128001954!@#$
012800100600
0128000938
012800077
0128000445
01280002300
012800011
0127wlt
0127vcnanasi
0127shim
0127pm
0127o7
0127no
0127nlj90
0127mv
0127mike
0127me
0127md
0127marcelo
0127manu
0127lulu
0127love
0127lindsey
0127lil
0127kk2646
0127jmkr
0127hmt
0127flufy
0127felipe
0127es
0127efc
0127ed
0127cm
0127baby
0127avrf
0127ashbear
0127anjela
0127advanced
0127Mrbz
0127FOR247
0127Coeur
01279c
012799cry
012799c
0127999584
01279991574682791355
0127998521
012799841
0127996672
0127996
0127994423
0127994233
012799398
0127993396
0127993278
0127992521
0127992408
0127990896
0127990
012798w
012798jj
012798jg
012798b
0127988015
0127988007
012798707
0127986741
0127986
0127985568
0127985242
0127984343
0127983111
012798301
0127982500
0127981598
0127981238
0127979972
012797950
0127979487
0127979435_
012797918
012797908
0127978894
0127978333
0127977720
0127976322
0127976100012548
0127975791
0127975725
01279754507X7zz
0127975442
0127975085
0127974817
0127974156
01279736rccoe
0127972638
01279725743chaz123
01279720
0127971898
0127971208
012797041896
0127970297
012796nk
012796n
012796acrs
012796988
0127968048
0127967099
0127966891
012796560243
012796455
0127963j11
0127963985
0127963722
0127963656
0127962382
012796231
012796214
012796.j
012795pauline
012795lituna
012795g
0127959967
012795928
012795879
0127958383
012795797
012795796
012795754
0127957395
012795714
0127956904
012795678
0127956104
0127956
0127955805
012795495
0127954630701947
012795375
0127952601
0127952
01279517335
012795123456
012794H
0127948765
0127948296
0127947462
012794746145
0127947256
0127947186
0127946835
012794653
0127946083
0127945955
0127945592
012794501
0127944307
01279439998
0127943595
0127943132
0127942894
0127942456
012794240
012794142
012793y
012793pipo
012793cc
012793bl
012793870705592
0127938694
0127938578
012793825
012793753
0127935586345217
0127933793
0127933572
0127933406
0127933304
0127933030
0127931215
012792s
012792dam
0127929995
0127929135
0127928713
0127928458
0127927817
012792724
0127926327nada
01279261993834741
0127926199
0127925
0127924928
0127924306
012792336
0127921954
0127921875
012792184021
0127921040
01279208
012792077
012791k
012791coco
0127919963
012791992
0127919840pshl
0127919520
0127918
0127917348
012791702
0127916368
0127914869
012791435
012791402
0127912911
012791273
0127912591
0127912393
0127910793
012791056
012790lhjv;s3003
012790abnh
012790a
012790R
012790C
0127909880
0127909866
0127909181
012790896
0127905562
012790462
0127904477
0127904453
0127904267
012790425
0127903453
0127901987
0127901122
012790062
012790022
01278lilbear12
01278akm
012789mr
012789l
012789jyf
012789a
0127899940
01278999
012789987
0127899178
0127898
0127896965
0127895335
0127894582
0127894563
012789441
0127894133
0127893361
0127892963
0127892820
012789263
0127892273
012789207
012789180
01278918
0127891473
012789138
0127891302
0127890952
012788tm
012788sara
012788gv
0127889423
0127889303
0127889067
0127888912
012788774
0127887306
0127886553
01278861392560
0127886014
0127885807
0127885447
0127884695
012788442
012788282
0127882816
012788143
0127880418
012788017
012787ech
012787958
01278789644
01278789232
01278788283
0127878597
0127878166
01278781457smithway
01278781072
0127877137
01278723645
0127872239
0127872164
012787200
01278719
0127871797
012786klm
012786j
0127869923
012786927
01278685486
0127868190
012786792
0127867363
0127866234
012786610
01278658755
0127864025
0127863985
0127863910
0127863143
012786295
01278612
012786104
0127860477
01278601
012785sex
012785m
012785981
012785966
0127858151
0127856944
0127855612
012785490emo
012785490
012785478
012785461
0127854007
0127853127
0127852421
0127852
0127851017
0127850226
0127850009
012784j
01278485
012784788
0127847840
0127847796
012784764
0127845803
0127845039
0127844770
0127844758
012784286
01278426176
012784258
01278425099
01278422
012784213
01278420788
0127841850
0127841650
012784066
012783jc
012783c
0127839484
0127839407
012783888
0127838672
0127838569
0127837545
012783748
012783706
012783628
0127835699
0127835691
0127835637
012783514
0127835044
012783442
0127833589
0127831992
012783121079
01278309
0127830
012782babe
0127829851
012782932789
0127829022
012782855
0127827600
0127827155
0127826404
0127825914
0127825320
0127824999
0127824824
012782419
0127823226
0127822390
0127821794
012781jan
0127819807
0127819036
0127817513
012781668
0127815516
0127815348
0127813220
0127812323
0127810839
0127810635
0127810567
0127810
012780fa
01278099355742187
0127809858
0127809416
0127808512
0127808394
0127808130
0127808
0127806820
012780651
0127805698
0127805562
0127805469
0127804635
012780369
01278031643
0127802923
012780212
0127802053
0127801278
0127800699
01277e
012779778
0127797241
0127797144
012779654
012779503
0127793098
012778c
0127789212
0127789
012778579
0127785778
0127784975
0127782529393
012778154
0127781054
0127780460
012778020
0127780081
012777sr1
012777joe
0127779520
0127779
0127777777
012777710
012777694
0127775685
0127773949
012777247
012777187
0127771791
0127771655sh
0127771354
0127771172
0127770603
0127770528
012776935
012776904
0127768694012
012776677
012776652
0127764744
0127763633
01277625025
0127761481
0127761460
0127761101
012775939zomo
0127755311
0127754643
0127754140
0127753677
0127752742
0127752483
01277524
012775130
0127750471
0127750428
0127748820
012774792
0127744340
01277443
012774418447832
0127744098
0127743516
0127742
012774095
0127740545
0127740302
0127739619
012773871
0127735959
012773546
012773507
012773484
012773468
0127734475
0127734381
0127734330
012773427
0127733667
0127733088123456
012773219
0127732129
0127731882
012773135a
0127730990
01277300214sulama
012772995
0127729465
0127729318
0127729224
012772893
012772771
0127727290
0127727004
0127726690
0127726100
0127723368
0127722975
0127722408
0127719849
0127718901
0127718605
0127718602
0127718590
0127718523
0127718161
0127718088
012771714
0127717029
0127715929
0127715455
012771277
012771265
0127712531
0127712388
0127712385
0127712044
0127711380
012771050
0127710
01277098
0127709328
012770863
0127707667
0127707315
0127705549
01277055199
012770461
01277045
012770368
0127702601
01276bart
0127699730
012769934
0127698311
0127697265
0127696572
0127696133
0127695761
0127695530
01276944
0127693953
0127693112
0127692648
0127692292
0127691814
0127691723.
0127690259
012769017
012768dl
012768d
012768928
0127688916
0127688457
0127687556
012768623
0127685087
0127684462
0127683026
012768239
0127682338
012768196
012768102
0127680922
0127680197
012767992
0127679798
012767940
012767893
0127678711
0127677249
0127676316
012767570
0127675401
0127674605
0127674274
0127673810
0127673601
0127673029
012767300
0127672973
0127671679
0127670705
0127670232287
012766b
012766910
0127668797
012766812
0127667309
0127665020
0127664856
0127664317
0127664116
012766318
0127662248
0127662189
0127661105
012766080
0127660788
01276600617
01276600532bc
0127659170
01276583293238978
0127657486
012765725
0127657162
012765710
012765706
0127657046
012765591
0127654457
0127653930
012765376
012765354
0127653385
012765245
012765236l
012765153
0127650901
0127650829
012765
01276489603
0127648428
0127648124
01276476595
0127647602
01276471018
0127645473
01276453699
0127644600
0127644036
0127643654
0127642762
0127642571
0127642535
0127642171
0127642155
0127640995
012764
012763925
0127637516
0127637349
0127637320
012763636
0127636145
0127635565hemaa
0127635497
0127633705
0127633159
0127633012
0127632139
012762937
0127629051
0127628922
012762853
0127627976
012762656
0127626370
012762621
0127624806
0127624355
01276239
0127623397
0127623098
012762274
0127622563
0127621347
0127621245
0127620567
012762004
012762
012761rog
012761rg
012761c.
012761846
0127618270
0127616926
012761665mvp
0127615645
0127615211
012761510
0127614879
012761335
0127613326
0127613325
0127612870+010142664
012761287
012761271
0127612698 0125576410
0127612695
0127611594
0127610621
0127610139
0127609952
012760976
0127609488
0127608687
0127608159lds.
0127608060
0127607457
0127606m
0127606654
0127606415
0127605509
0127605168
012760473
01276041780
0127604178
0127602992
0127602387
0127600205
01276
0127599033
0127598820
0127598792
0127598242
012759759
0127597411
012759698
0127596607
0127596548
01275965380100706580
0127595418
01275941
012759405
0127593846
0127593453
0127592385
0127592056
0127591130
0127590300
012758c
0127589264
0127589210
0127588962231765
0127588640
0127588503
01275878972
012758717
0127586729cute
012758670
01275857129
0127585432
0127585227
01275851158
01275848020
0127583660
0127583424
0127582794
01275827699
01275822081980
0127580813
0127580115lover
012758
0127578697
0127577834
0127577471
0127576562
0127576553
0127576446
0127576235
0127575615
0127574212
0127573425
0127573089
0127572667
0127572527
0127572232
0127571o
0127571661
0127569090
0127568741
0127565171
0127564365
0127564362
0127563974
0127563030
0127563
0127562843
01275626
0127561943
0127561107
0127561077
0127560905
012756089
0127560699
0127560246
0127560206
0127560
0127559894
0127558942
01275582685230949
0127557907
0127556372
0127556149
0127555893
0127555795
0127555127
0127554677
01275543289
01275542075
01275540359
012755317
0127553161
0127551219
0127550305
0127550091
012755
0127549995
0127549615
0127549190
0127548855
0127547984
0127547913
0127547416
012754679
01275460292005
0127544985
0127543661
012754331
0127542959
0127542512
0127542393
012754184
0127541160012361006
0127540644
0127540424
0127540180
0127539828
0127538989
0127536944
012753682
0127536614
012753626
0127534540
0127534469
0127534295
0127533112
012753298
0127532519
0127532225
0127531497
01275310
012752t
012752942
0127527483z
0127527455
0127526851
0127526685
0127525730md
0127525129
012752503
012752489
012752455
0127524038
01275237445
0127522543
0127521931
0127521722
0127520865
0127520755
0127520667
0127520427 0123778018
012752
0127519368
0127517795
0127516301_
0127515994
0127515761
012751539
0127515047
012751298
0127512509
012751116
0127510707
0127510673
012751
0127508381
0127508020012416
0127507861
0127507390
0127505588
0127504325409
0127503990
012750381
0127503537720500
01275024
0127502363
0127502165
0127502114
012750174
0127501485
0127501283
0127500573
01274sam
01274lg11
0127499506
012749798
012749713
012749611
0127495941
01274952
0127494555
01274936
0127493539
0127492208
012749099
0127489563
0127488820
012748825
0127487242123
0127487181
012748694
0127486626
0127486017
0127485463
01274852703
012748526
0127484082
01274833085
012748330124
0127483092
01274823303
01274814433
012748143
0127479588
0127479494
0127479415
012747821
0127477895
0127477841
012747741
0127474
0127472992
0127472278
01274720654
0127471289
0127471066350
012747050
0127470334
012747009
012747005
012746978
0127469778
0127469776
012746974
0127469354
012746879
0127468125
01274680823
0127467881
01274670416
01274668505
01274661778
012746589
0127465877
0127465449
0127464926
0127464650
0127464006
01274639727
012746373
0127462752
0127461639
012746105
012746091
0127460406
012746005
012746
0127459355
012745876
0127457747
0127457
0127456659
0127454908
012745489
01274544974
0127453636
0127453447
012745310
0127452796
012745263
012745232
0127451911
0127451858
0127451746
012745120
0127450490
0127450415
0127450207
0127449394
0127448290
012744818
0127447974
0127446860
0127446355
0127443384
0127443209kemo
0127443132
01274428762
01274423460182943676
012744233
01274421997
012744196
0127441738
012744140
0127441230
012744116
0127441150
0127439721
0127439298
0127439164
0127437292
0127436315
0127435665
0127435047
012743459
0127434406
0127434174
01274335539
01274333
0127433219
0127433161
0127432738
0127432556
0127432194
012743209
0127431
012743
0127427919
012742734
01274253862
0127425274
012742369
0127423398m
0127423136
01274225952
012742245288
012742241
0127421131
012742011827
0127418592
0127418116
0127417391
0127416799
012741679
012741632
0127416240
01274148
0127414453
0127413961
0127413274
0127412803
0127412621
0127412205
0127411725
0127411537
0127411446
012741111
0127411080
0127410862
012741
012740990
0127409890
0127409292
01274087701984
012740820
0127407692
0127407407
0127406463
0127406266
0127405818
012740484
012740379
012740355
0127403548
0127402949
012740256
0127402413
0127402252
0127402063
0127400902
0127400847
01274.co.uk
012739h
0127398602
0127397690
0127397244
0127395311
0127394851
0127393156
0127393064
012739258
0127391711
012739083
0127390441
0127389289
01273858506
012738538
012738524
012738405
01273832970
0127382693
012738095
01273807140128639670
012737881
01273778321
0127377662
0127376923
0127376577
012737335*
012737322
0127372396
012737008
012737
01273692488
0127366328
0127364479
0127363998
0127362662
0127362523
012736239957
01273612171
012736022
01273596478
01273589246
0127358705
012735857a
0127358468
0127358435
0127357920
012735674
0127355601
0127354931
0127353005
012735273
012735243
012734987
012734951
012734816
0127347963
0127347463
01273473078
0127346961
0127346315
012734608
01273456
012734482
0127343689
0127343408
0127342824
012734240
01273419078
012734157
0127339214
0127339097
0127338941
0127338684
01273386145
0127338323
012733801
0127337091
0127337015+-
012733672
0127335852
0127335546man
0127335411
0127334618
0127334453
0127333785
0127333767
0127333152
01273323217
0127332249
0127332187
0127331769
0127331466
012733134
012733130
01273300924
012733
012732a
012732992
0127329
0127328043
0127326799
0127325747
0127325582
012732544
0127325423
012732382s
012732306
0127323020
01273227679
0127322627
012732189
012732151
01273198
0127319478
01273190087
0127318679
012731785
0127316340
0127316185
0127315973
0127314055
0127313795
0127313772
0127313168
012731275
0127311746
0127311519
0127311272
0127310424
0127310335
0127310224
0127309592
0127309306
0127307281
0127307227
0127306346
0127306177525051
01273052
0127303995
0127303864
0127303781
0127302983
01273028
01273021
0127301950
01273012240
0127301057
012730075
012730073
012730052
012729973
0127299406
012729891
0127297660
0127297300aa
0127295381
0127295335
0127294927
012729482
0127294721
0127294468
0127292848
0127292708
0127291542531
0127291511
0127291065
0127289686
0127289389
0127289337
0127288019
0127287952
012728779
0127287660
0127287657
0127287021
012728608
0127285419
0127284907
012728475
0127284733
0127283082
01272829
0127282851
0127282172
0127280808
0127280409
0127279570
01272794
0127279311
0127279064
012727855x
0127278070
0127276574
012727643
0127276117
0127275780
0127274689
0127274137
012727376
0127272807
0127272697
0127272085
0127271766
0127271578
0127270292
01272701
012726950
012726942
0127268638
0127268634
012726730
0127266307
0127264636
012726433
0127264224
0127264116
0127263086
0127261995
0127261714
0127261191
012726117
0127261165
0127260994
0127260799
012725ma
0127258873
0127258242
0127258200451431
012725786
0127257696
0127256930
012725619cxx
0127255989
0127255936012812
0127255799
012725502
0127254153
0127254117
0127253938
0127253906
0127253574
01272535
01272532
01272530
01272529
01272528
012725221
0127251764
0127251645
0127251489
0127251324
0127250568
012724993
0127249686
0127249213mahran
0127249192
0127249134
0127247927
0127247784
0127247360
0127246912
012724687
0127246484
0127246451
012724592
0127245527
0127245019
0127244610
0127243593 8 8
0127243483
0127243450
0127241946
0127241
012724
012723rsn
012723915
0127238949
0127237756
012723767
0127237109
0127236994
0127236430
0127236253
0127235844
0127234560
0127234415
0127233890
012723371
012723353
0127233255
01272326253
0127230517
0127230152
012723
0127229320
012722929
0127228658
0127228637
0127228336055
0127227890
0127227804
0127227720
0127227710
0127227212
0127227028
0127226583
0127225154
0127224996
0127224682
0127224027
0127223255
0127223200
0127223150
0127222746
0127222504
012722240
0127222347
01272211667322
0127220087
012721985
0127219634
012721879
0127218479
0127218416
0127217750
0127216671
0127216609
0127215866
0127215846
0127215674
0127215503
012721457
0127214550
012721453
0127213979
012721373
01272134206623
01272132250
0127213
0127212415
012721218
0127212126
0127211502
0127211449
012721111
0127210501
0127210463
0127210377s0108995201
0127209952
012720876
01272083ka
012720826
0127206401
0127205539
0127202545
01272025300102623414
0127202
01272016510127103657
012720125
012720052
01272005
01272003
01272002m
012720028
0127200250
0127200233
012720008
012720
01272
0127199948
01271998
01271995m
01271995.
012719932803
0127198702131987
01271984a
01271983Ja$
012719818
01271981
0127198052
0127197620
01271976
01271974
01271970
01271968
012719663
0127196563
01271965
01271964
0127196105
01271960
0127195942
0127195830
01271958
01271956
01271950
0127194793
012719449789
01271944
01271940
0127193117
012719165
0127191415
0127190984
0127190523
012718986
0127189575
0127188746
0127188381
01271883463
0127187767
012718712
0127186888
0127186090
0127185981
0127185635
0127184962
01271834392394516
0127183439
0127181994
0127181879
012718175
01271816201
01271809357113250
0127180653
0127180196
0127180170
0127180116
012717972
0127178607
0127178142
0127177306
0127176389
0127176
012717562
012717485
0127174782
0127174611
0127174371
0127174290
012717362067
0127173567
0127173245
0127173220
0127171010
0127170471
0127170045
0127169892
0127169488
0127168817
0127168581
0127168099
0127168
0127167555
0127166560
0127165161
0127164389
012716308
0127162441
012716199
0127160977
0127160749
012716059
0127160571
0127158081
0127158
0127157871
0127157169
012715670
0127156233
0127155226
0127153627
0127153133
012715242
012715237
0127151735
0127151406
01271510
0127150112
0127149475
01271488
0127148399
0127148
012714783
012714702
0127146586
012714646
012714638
0127145188
0127143918
0127143763
0127143656
01271431
012714292
012714283
0127142334
0127142288
0127142048
0127141615
0127141589
0127141584
0127141531
0127140122
0127139795
0127139743
0127139370
0127139227
0127139102
0127136762
0127136047
0127135762
0127135719
0127135044
012713502
0127134429
0127133120
0127131347
0127130553
0127130233
0127129738
0127129720
0127129235
0127129186
01271291
0127128171
0127128131
0127127546
012712702
0127126903
0127126594
0127126560
0127126166
0127123947
0127123367
0127123178
0127123174
0127122552
0127122004
0127121915
0127121201
0127120462
0127119784
0127119723
012711943
0127119317
0127119178
0127118604
01271181
012711658
0127116520
0127116293
012711591
0127114957
0127114864
0127114
0127113404
0127112531
0127109696
0127109487
0127107978
0127107610
0127107589
0127105506
0127104520
0127104410
012710354
01271030
01271026
0127102103
0127102086
012710203
0127101518
0127100699
0127100310
012710024a
0127100203
01271 38175
01270m
01270gary
0127099968
0127099036
01270983700182653387
0127096105
0127095754
0127095673
0127094683
012709393
0127093
0127092492
01270904
0127090246
012708bai
0127089889
0127089756
0127089560
01270877375
0127086670
0127086286
0127083558
0127083270
01270826
0127081432
01270808ka
012707s
012707peed
012707p
012707e
012707dytx100pre
012707bs
012707a
0127079198
0127078780
0127078508
0127078
012707798
01270763685547113
01270761713=1997
0127075826
0127074799
0127074506
0127074271
0127074149
0127073586
0127072661
0127072142
0127072063
0127071248
0127070355
0127070303
012706cm
012706baby
0127069705
0127069394602189
01270692298
0127069229
0127069142
0127068410
0127067763
0127066406
01270663604
0127065634
0127065085
0127064585
01270626697
01270626307
0127062161
0127062090
0127060865
01270607
012706004
012705jmc
012705bhe
012705J
0127059005
0127058683
01270583532
01270580796
0127057014
0127057003
0127056995
01270567634
012705676
0127056709
01270567
0127056178
0127056041
0127055868
012705498
0127054765l
012705470
0127054464
0127054225
01270538200102716674
012705343
0127053411
01270530
012705173
0127051707
0127051626
0127051206
0127050745
01270506
01270503708
01270503
0127049620
0127049534
0127049327
012704890
0127046995
0127046930
0127046163
0127045448
0127045278
0127044861
0127044370
0127043997
0127042984
0127041614
012704027
012703mmm
012703kp
0127039509
012703864
0127037277
012703572
0127035285
012703430
012703374
0127033723
0127032685
01270325
0127031626
0127031489
0127030579
0127030531
01270305
0127029811
0127029500
0127029173
0127028775
0127028255
01270254935
0127025040
0127024530
0127022317
01270222
01270219
0127021848
0127021784
01270215592
012702096
0127020690
0127020580
0127020304
0127020095
012702003
0127020004505331
012701mv
012701Joe
012701992230
012701992
0127019805
0127018742
012701716
0127016583
0127016
0127015203
0127014802
0127014040
0127014008
01270132
012701260
0127012544
0127011727
0127011682
0127011649
0127011225
01270110
0127010bro
01270107
0127010678
01270103
0127010283
012701011702
0127008817
0127008369
0127008042abc
01270080
01270079mdm
0127007750
012700651w
012700606
0127005075
012700500
0127004593
0127004388
0127004234
0127003791
0127002784
0127002293
0127001820
0127001567
0127001397
0127001320
0127001289
0127001123
0127000156045612
01270.
0126z54z
0126z&j
0126wannapa511031
0126tp
0126sem32
0126sdb
0126rr
0126naza
0126nando
0126mm
0126ls
0126lisa
0126kies
0126kaly
0126jm
0126ip
0126ec
0126dj
0126baby
0126austin
0126anmaga
0126add
0126ad
0126VOLUBLE
0126Leaf!
0126JS
0126Ang
01269l
012699me
012699J
0126997850
0126997748
0126997048
0126996876
0126996213
0126995576
0126995453
0126994900
0126994500
012699447a
0126994408
01269938181
012699291
0126992809
012699255
0126990542
0126990224
012698enero
012698D
01269871951
012698659
012698641
0126985452
012698530
0126985057
012698455
01269843912
012698385
01269832983
0126983168jl
01269831480
0126982287
01269820057
0126981400
0126981372
012697yc
0126979112
0126978988
0126978697
0126978590
0126977023
012697695
012697631
0126976
0126975810
012697527
012697476
0126974644toto
0126974425
0126974
0126973444
012697337
012697171
01269712800453688684
0126970967
012697082
012696hw
012696a
0126969881
012696963
0126969439
0126968888
0126968734hhh
0126967920
0126966991
012696643
0126966119
0126965670
01269651265931108
0126963949
0126963581
012696199
0126961962
0126961009
012696075
012695mh
01269596
012695938
0126959329
0126958697
0126958307
0126958299
0126956459
0126956177
0126956066yuna
0126955628
0126955339
0126952449
0126952325
012695201
012695125
01269501
012694k
012694991
0126949294
0126949033
012694868
0126948538
0126948487
0126947530
012694712bon
012694706
0126946649
0126946354
0126945367
01269452
0126944077
012694390
012694351
0126941213
0126940520
012694040
0126940071
012693adp
012693NicoleJ.
0126938563
0126938446
0126936958
0126935654
0126935575
0126935355
012693459
0126934022
0126933908
0126933821
012693122
0126930921
012693062
012692shan+
0126929656
0126929588
0126928938
012692871
0126928008
012692624
0126924331
0126923529
0126923527
012692312
0126923013
0126923
012692119
012692109
0126920434
0126920220
012691rs
012691l
012691L
012691964
012691942
0126919325
0126919300
012691918
0126917488
012691584
0126915245111
012691483
0126914582
012691389
0126913835
012691205
012691134
012691124
0126911131
0126910965
0126910732
0126910605
0126910545
0126910025
0126910015eg
012690r
012690ac
012690L
0126909669
012690879
0126907095
0126906717
01269067
0126906369
012690541
0126904045
0126903050
0126903034
012690301a
0126902215
01269022
0126901718
01269015
0126901460
0126900693
01269+01792
012689b
0126899821
0126899
0126896373
012689600
012689431
0126892202
0126891687
0126890574
0126890409
0126889903
0126889647
012688958
0126889234
0126888025
012688779
0126887108
0126886498
012688647
0126885099697506
012688497
0126884040
0126883348
012688302
012688253
0126881as
012688159
012688102
0126880c
0126880350
0126880319
012688**
012687998
012687965
0126879641
0126878831
01268786
01268784682
0126878272
0126878186
0126877719
01268771933
0126877043
0126876563
0126875302
01268751635
0126873911
012687387
0126873123
012687244
012687178
0126871393a
012686kj
012686em
012686cn
012686b
0126869563
01268692044
012686900m
01268683009
012686719
0126866968
012686680
012686659
0126866205
0126864981
0126864643
0126864500
0126