090982
0109097
01090968307
0109096470
0109096085hamada
01090911
01090910
0109090966
0109090807
010909050
01090905
01090902
01090901
010908rf
0109087774
0109087711
0109086
010908536
0109084888
0109084192
0109084
010908348
01090831
010908158
01090809
01090803
010908-2810
010907snp
010907p
010907elmo
010907dcc
010907F
010907971
010907869
01090768700
0109075111
010907400
0109073195
0109073
0109072402
0109071040
0109070638
010907014
010907007
010906zk
010906teamo
010906love
010906baby
0109069289ogan
010906755
0109067
0109066973
0109062900
01090623
01090622
010906181290
01090612
01090610
0109061
01090608
0109060598
0109060509
010906013
01090601
010905vs
010905mya
010905irving
010905c
010905876
010905839
010905692
01090561
010905539
0109055314
0109054289
0109054
0109052147636f
0109051961
0109051932
01090517
010905147
010905100805
010905052
0109050353
010905000
010905.
010904km
010904k
010904J$
010904G
010904989
0109049
0109045003
01090430
0109043
0109042006
0109040988
0109040448
010904035
010904010
01090401
010903j
0109039209
01090389
01090387350123790093
0109038735
01090354850100343785
0109033224
010903219
010903161081
01090310
01090308
0109030705
0109030468
01090304
010902neada
010902mm
010902937
0109028717
0109028088
010902755
0109026529
0109026269
01090254
010902514
010902403
010902400
0109023042
0109022055
010902147
0109021465
01090208r
01090200515
010901max
010901909798
0109018246
010901758
010901691
0109016463
0109016195
0109016077
010901592
0109014
010901360
0109013360
0109013105
0109013001
01090118
01090110103400628
0109011
0109010556
01090103w
0109010332
010901031
010900k
0109008849
0109008317
01090077800128847797
0109007451
01090069
0109006
010900591
0109005714
0109005243
0109004730
0109003603
010900313
010900300700
01090026
0109001481
0109001264
01090008
0109000
0109/93
0108vball@12
0108vanilla!
0108toronto
0108ste
0108she-+
0108sharon
0108sd
0108sc
0108rkm
0108rhyan
0108rauta
0108poli
0108pogi
0108msh
0108mmp
0108mao
0108ltgtr
0108love
0108lilia
0108laluzdedios
0108kl
0108kids
0108juelz
0108jm
0108isaura
0108gimnasia
0108farqtwo
0108erika
0108elvis
0108elle
0108el
0108danica
0108daa
0108cumple
0108chang1959
0108cash
0108budimir
0108bri
0108basuel
0108baby
0108asu
0108arvin1985
0108aralik1983
0108alana
0108aianie
0108ac
0108Sascha
0108LORI
0108GL
01089muse2001
010899bd
010899ar
0108999341
01089967940108996794
010899603
010899516
0108995
0108994976
0108994507
010899217230
0108991798
010899125
010898l
010898f
010898932
0108989
0108988993
010898772
0108987692
0108987304
0108986578
0108986081
0108985454002
0108984629
0108984089
010898161
010898123
0108981
010897elv
010897ds
0108979230
0108979161
0108978
0108976766
0108976605k
010897407
010897357
01089705
0108970
010896der
0108968586
0108967037
0108966511
0108966287
0108966082
0108965822
0108964442
0108964329
010896377
0108963016
0108960981
010895yn
010895vaz
010895r!
010895pp
010895lmv
010895je
0108956131
0108955699
010895393
0108952468
0108951546
010894k
010894elektro
010894a
010894Mlb
010894DEAN
010894A
010894976
01089491
0108948902
010894649
010894644
0108946245
0108945852
0108945434
0108945300
010894428
0108944119
0108943486
01089421375139
01089413
010893thenl
010893pintosolis
010893mh
010893D
0108939911
010893778
010893534
010893533
0108935294
010893526
0108934500
0108933378699m2c30
010893277
0108932578
010893100%g
010892y
010892w
010892vinicio
010892lw
010892lap
010892l
010892j
010892iyfma
010892C
010892961
0108928877
0108927559
0108926202
0108923576
0108923127aya
0108922320
01089217
01089213
010892021
010891t
010891n011291
010891mm
010891gilberTo
0108919387
0108918317016259
0108917205
0108915986
010891420
01089139140108913914
01089137
0108913395
01089107
0108910137
010891-danni
010890l
010890jess
0108908868
0108907766
0108907654
0108906874
01089056
0108905
0108904563310
0108903197
0108901981
0108901553
010890.rid
010890*310191
01089+3
01088um29mai
010889s
010889mm
010889m
010889g
010889eu
0108898980
010889795
0108895903
0108895058
0108894653
0108894292
010889351
0108893331110
010889235421
010889195
01088919395853
0108891443
0108891409
0108890238
010889011595
010889.,
010888tjsm
010888r
010888ka
010888ann
0108886935
010888630
0108886090
010888513
0108885031
0108883772
0108882124
0108881447
01088812563
010888100
0108880721
0108880
010887minor
010887leslilas
010887jc
010887g
010887freire
010887e
01088797877
01088785
010887846
0108876697
0108876
01088745271983
010887140286
01088712
010886kl
010886js
010886emb
010886I
0108868581
0108867866
0108867087
01088670108
0108866
0108865852
0108864554
0108862510
0108862462
01088624614
0108861922
010886162002
0108861
01088601
010885vl
010885vinki
010885dr
010885894
010885889
0108858811
0108857386+-lhv,
01088557bjork
0108854303
01088539456
0108853728
0108852921
0108852577
010885251
010885232
01088523
0108850270
0108850112
010884ska
010884cj
010884a
0108849867
0108849112
0108848975
0108847188
0108847
0108846504
0108845949
0108845019
0108843833
0108843513
0108840961
010884**shadow
010883mb
010883jl
0108839156
0108835431
0108835224
0108835207
010883405
0108833277
010883229
01088321
0108831951
01088315428833040
0108830666
010882uth
010882jp
0108829989
010882938
0108827731
010882772
0108827
0108825100 0108825100
010882499
010882432
0108823489
010882307
0108823
0108822155
0108821502
010882066
010881abc
0108818844
0108818263
0108818188koky
0108818098
0108818003
0108815935
0108815898
0108814140
0108813631
0108811672
0108811526
0108810082
01088100
010880926
010880894
0108808325
0108807603
0108805950
0108804732
010880411
010880394
0108803341
0108803085
010880262
0108802377
010880141
010880118
01088+
01088
010879nitz
010879a
010879Caw
0108798683
0108796635
0108796112
0108795169
0108793223
0108793028
010879264
0108791979
0108790109
010878jchp
0108789065t
0108788622
0108788595
0108788374
0108788326350165
0108786936
010878651
01087858533
0108784761
01087844350
0108784162
010878262258630
01087811
010878053
0108779903
0108779298
0108779029
0108777817
0108774203
0108774117
010877388
0108773379
0108771914
010877188
0108770813
010877011
010876s
010876a
0108767281
0108766146
0108765196
0108765189
010876421
0108763388
0108761661
0108760881
010876005
0108759573
01087590
0108758745
0108756526
0108753798
01087536654020698
0108753039
01087526
0108750930
0108750363
0108750311
0108750
010874dh
0108747566
0108746488
010874568
010874549
0108745295
0108744845
0108743112
0108742319
0108741917nermin
0108741502
0108741064
010874102
0108740085
0108740069
0108738109
010873711
0108734914
0108733214
0108732720
010873089
010872917
0108729156
010872825
0108727552
010872726
0108726204
0108725982
01087250
0108721810
010872140
0108721104
0108721074
010872105
010872058
0108720195
0108719549
0108716968
01087168
0108716478
0108715621
0108715557mido
010871475
010871422
010871350
0108713484
0108713001
0108712971
01087126417
0108710930
010871010871
010870974
0108709111isiah
0108709111
0108708801
0108706661
01087065271
0108705575
0108705101disha_love
010870271
01087013029lpl]
010870053
010869scott
01086988235
01086987
0108698135
0108697834
01086970596
0108696215
01086959983
01086958408
0108695292
01086949590
01086949567
01086947927
0108693728
010869347
0108692961
0108690467
01086904015
0108690110
01086897724
01086895758
01086893411
0108689177
01086889719
01086888208
0108688644
01086883177
01086881930
010868815
01086880293
01086876385
0108687117
01086865047
01086860095
0108685850
010868584
01086857062
0108684496
01086842882el
01086842514
01086829356
01086822997
01086820
01086814152
010868116
0108681016
010868053
010868039
0108680202
0108679384
0108679323
010867349
01086716120
0108669130
0108668089
0108667103
01086658760108762113
010866517
0108663896
01086630
0108662824
0108662758
010866255
0108662376
0108662037
0108657571
0108657080
0108656874
010865563
0108655254
0108654151
010865340
0108653273
0108653190
0108652563
010865189
010865142
0108651004
010865075
0108648060
0108646224
010864488
0108642459
0108642360
010864193
0108641536
0108641333
0108640865
010864
010863q
0108638963
010863896
0108638341
0108636439
0108636204
0108635903
0108635590
0108632363
0108626718
0108623262
010862241
0108616631
010861566
01086133644
0108610054
010860s
010860942
0108605629
0108605412
0108605
010860263
0108602282
010860132
0108600760
0108600544
01085968.carito
0108596400
0108596086
0108595843
0108595841
010859571
0108594706
0108592669MOH
0108589496
010858912.
010858838
01085875350
0108587
0108586646
010858597
0108585657
0108584935365110
0108584690
0108584647
0108583049
0108582248
0108581
010857958
0108579394
010857890
0108578869
010857869
0108577617
0108576262
0108575733
0108575540
01085720190
0108570855
010856935
010856777
0108567494
0108566437
010856553
0108565513
010856311
010856228
010856010856
0108560036
010855ev
0108559389
0108557252
010855601
0108554947
010855309
010855212
0108551829
0108551388
010854971
010854653
0108545608
0108544021
0108544
0108543076
0108542552
0108542282
010854225566
010854110
010854
0108538895
010853642
0108535439
010853478/10/35
0108534318
0108534080
0108532463
01085320
0108530371
0108530024
0108530015100
010852782
0108526569
0108526499
0108526278
0108523838
0108522694
0108522233
0108521530
0108520463
01085204
010852
0108519256789
0108517608
010851657
0108516289
010851571
010851554
0108515105
0108514817
0108514102
0108513471
0108513028
0108512
0108511733
0108510782
0108510435
010851*9162
0108508668
0108508004
0108507783
0108507348
01085070
0108506378
010850592
0108505815
0108505118
010850441
0108503905
010850380
0108501159
0108500936
010850074
01085001
010849823
01084982
0108497084
01084959400
010849575
0108495655
010849297
0108492242
0108492
010849
0108488566
0108488496
01084882543
0108487557
010848740
0108485009
0108484839
010848432
0108483882
0108483648
010848359
0108483157
0108482901
0108482573
0108481507
010848089
010848033
010848002
0108478443
0108477015
010847624
010847606
0108474113
01084701_@dead
0108469818
01084688
010846873
0108468627
0108467688
010846765
010846761
0108466G
0108464833
0108463674
010846327
0108463
0108462934
010846170
0108461473m.
0108461473
01084614090125479797
01084609543262808
0108460288
0108460226
010845839
01084580
010845763
010845686
0108455132
0108453933
0108451929
0108451565
0108451010
010845
0108449580
0108448992010
0108448175
0108447791
010844474
0108442914
010844
010843t
0108439
0108438801
0108436827
0108436293
010843546
010843517
010843413
010843382
0108430217
0108429754egsh
010842949
0108428877
010842672
010842611
0108425923
0108421410
0108418788
010841835
0108418108
0108418083
010841711
0108414726
0108413935
0108410201
0108409582
0108408256
010840723
0108407076
0108406899
0108405077
010840400
010840324
0108401435
010840134
0108401106
0108400
0108399432
010839528
010839380
0108393140
010839237
0108392181
0108392070
0108391451
0108390955
0108390294
010839001
0108389865
0108387712
0108386958
0108386396
0108386205
0108385648
010838540
0108385377
010838501
0108382233
010837aumaim
0108379414
0108376500
010837581
0108375
010837144
010837068
010836977
0108367149
010836685
0108366391
0108365130
0108362788
0108362192
01083616143
0108359893
01083548
0108354794
0108354488
0108353657
010835149
010835122
010835100833
0108349974
0108349673
0108349119
0108345185
01083451401a
01083444511
01083437243106
0108343341
0108342407
010833yok
0108338808
0108338100579426
0108335454
0108335041
0108331362
0108329942
0108328974.sa
0108328541
0108328265
0108328
0108327471
0108326508
010832595
010832578229719171
0108324027
010832341
0108321552123456
0108321
0108318313
0108316382
0108316347
0108316338
0108316087
010831522
0108313404
0108311601
010831132
0108310483
0108310395
010830843
010830817
010830765
0108305002
010830337
01083033
0108302871
0108301948
010830170126
0108301340
01083006
010830/nui
0108296644
010829637
0108296319
0108293979
010829242
0108291550
010829060:)
010829010829
0108288849
010828855
0108288193
010828789
010828756
010828694
0108286085
0108285355
0108283356
01082810820
01082806
0108280336
010828025
0108278596
0108278595
0108278488
0108278463
010827827
010827666984
01082764125
0108276
0108275010
01082739100129706040
0108273910
0108272043
0108271083
01082708
0108270025
0108269355
0108269063
0108266772
01082652
0108263454
010826285
0108260959
0108260837
010826017
0108259889
010825901
0108258267
0108257756
01082560
0108255315
01082548
01082540pim0878335514
0108254092
01082540
01082539
01082538zzz
0108253886
0108253443
0108253330081990
010825330841386638
01082532killerdevil
0108252950
01082521
01082514
0108251341
0108251204
01082509
01082505
0108250403
01082504
01082503
01082501
01082499
010824930
0108246540
010824578
01082456+
0108244487
010824443(
0108243844
0108243745
0108243301
0108242112
0108242
0108241989
0108241540
010824102
0108241
01082409
0108240724
0108240651
0108240440
0108240334
0108240066
010823998
01082392n
0108237439
010823725
0108237029
0108236t
0108234708
010823427
0108234146
0108233567
0108232933
01082326
0108232529
0108232164
0108231650
010823043
0108228901
010822790
010822648
01082250
0108223380
010822218
0108222168
0108221471
0108221399
0108220915
01082208170102769346
0108220195
01082198609618146
0108219129
0108219
010821855
010821711
0108216171
0108215896
0108213664
0108213529
0108213440
0108213197
01082130
01082125
0108211014
0108209274
0108208824
01082082782561988
0108207000
0108205957
010820557
010820476
010820426
0108203676
0108203198
0108202892
0108202538
010820199
01082008es
01082007tuyetroimuahe
010820005j
01081t
01081mzm
01081moh
01081998t
01081996sf
010819968
01081995shaknir
0108199444
010819943
01081994007
01081993mkh
0108199317
0108199258
01081992123
01081991l
01081991ALEX
0108199136
01081990v
01081990\\\\\\\\
0108199015
01081989tebing
01081989ale
01081989**
01081988jaeim
01081987tc
01081987cornelio
01081987a
01081986albe
01081985sarah
010819857753
010819853
01081984a
0108198444
010819844
010819809
0108197931
01081976t
01081975!
0108197361000
01081972LT
01081970j
0108196493
01081960
01081959
01081956
01081955
01081954
01081952
01081951AA
01081951
01081950
010819491
010819457
01081942
0108193701
01081922
0108191324
0108187474
0108183847
0108182
0108181725
0108181505
010818133
01081812023763204
0108181026
010818082
010818079
0108180653
01081805
010818034
0108180339
0108180274
0108179869
010817748
010817653
0108175649
010817348
0108173448
0108171673
01081703
0108170
010816741
0108166268
0108162407
010816240
0108161317
01081605
010815n
0108159565
010815918
0108158636
0108158194354004
0108158158
0108157915d
0108157777
0108157618
010815751
0108157497
0108157122
0108156833770106633460
010815600
01081559
0108154795
0108154212
0108153204
0108151366
010815021302dkeyidd
0108150061
0108147208
0108146636
01081459
010814551
010814550
0108145171
01081429vero
0108142777
010814247
0108142323
0108141787
0108141105mf
0108140474
010814038890
010813L
0108139754
010813664
0108133952
010813217
01081317
01081316
0108131098
01081308
01081306
0108130522
0108128206
0108127073
01081263
010812530
0108125004
01081239213
01081236949
010812369
01081234966
01081231311
01081230l
0108122951
010812278
0108121918
01081216
0108120589
010812021
0108119377
0108118047
010811725020
0108116239
0108115106
0108113101
0108113012
0108111529
0108111016
0108111013
0108110704
010810lds
010810dob
010810980000
0108108610
0108108591
0108108191
01081080
0108107198
0108107009
0108106177
0108105828
0108103sbg
0108103717
0108103590
0108102736
0108102536
0108102034ek*
01081019
01081009
01080fer
0108099378
0108098029
01080970
0108095975
010809588
01080958
0108094
0108093241
01080931
0108093
0108092740
0108092324
0108092
01080913
01080912jast
0108091214
0108091
0108090921
01080905al
0108090433
0108090089
010808omarmirand
0108088256
0108088
01080878050108087805
0108087805
0108087220
0108086009
0108085847
0108084525
0108084247
0108084236
0108084108
0108083576
0108081474
0108081235
01080812
01080810
0108080565
0108080420
0108080270
010807tk
010807reed
010807msr
010807ghel**
010807cost
0108079831
01080796
0108079429251
0108078557
0108078321
010807798
0108077841
010807628
01080754010807
010807403
01080738
010807257
0108070617
010806t
010806m
010806beto110602
010806a
0108068689
01080668
010806590
0108065100
0108065070
010806420
01080623
01080609
0108060535
010806048231
0108060
010805vs
010805nc
010805a
0108059025
0108058828
01080588
0108058112
0108057170
0108056973
010805651
0108056351
0108055306
0108055276
01080550
0108053722
01080526
01080510
010805090604
0108050905
01080507143
01080507
01080504143
010805038
0108050238
010805020
010804p
010804fq
010804bsbqfale
0108049922
0108048095
010804793
01080479
0108047
01080444
010804438
0108043512
0108042693
0108042673
01080424
0108042159m
01080421
01080418
0108041522
0108040931
0108040559
010804044
0108040430
010803dai
010803cwm
010803bombom
010803841
010803833
010803804
0108036722
010803446
0108034378
010803298
01080325k
01080324
01080321
0108031367
0108031107
01080311
0108030863
010803025
010802jazma
010802H
0108029600
0108029180
0108028749
0108028467
010802819
0108026838
010802667
0108026504
0108025761
0108023899
0108023879
01080229
010802257
01080223
010802199
010802170
0108021621
0108021089
01080207
010801984
010801865
01080181
01080176
010801754
010801668080
01080160
0108015964
0108015204
0108014464
010801418
010801230727
010801218
0108012
01080112870106
010801119493
0108011
010801080109
010800gean
0108009659
010800909
0108008493
010800800
0108007746
0108007741230
0108007
0108006738
0108006175
0108006
0108004950
0108004062
0108003721d
0108002869
0108000
0108/05
0108-2475
0108*michi
0108*2as
0107vicnn
0107tink
0107tela
0107star
0107siki
0107shawn
0107scott
0107reyes
0107rey
0107reggie
0107reagan
0107ns
0107nkkn85
0107nadaes4ever
0107mydad
0107mark143ness2007bebeko
0107manny
0107loves
0107love
0107loco
0107l0119z
0107kevin
0107kazu
0107kali
0107jo
0107jenny
0107jc
0107izzy
0107gy
0107fj5
0107ella
0107dt
0107doenk
0107de
0107cw
0107cjm
0107cheesy
0107carlamichelle
0107bw
0107anti
0107amt
0107afr
0107U56614
0107JUL
0107JU
0107HG
0107DENHAAG
0107CYNTHYA
01079jas
0107998
0107997948
0107997675
0107997586
0107994911
0107994701
0107994652
010799347
0107992980
0107992780 mody
010799156
0107991499
010799146
010799129456end
010799096
010799041
0107990
010798ls
0107989465022
010798807
0107987590
0107987066
0107987
0107986284
010798618
0107986060
0107985912
010798377
0107983113833
0107982726
010797manzana
010797b
0107979780
010797881
01079759129760368
0107975853
0107975520
0107974576
01079745
010797301
0107971206
010797083800
010797023
010797016
010796tamayo
010796961
01079685
0107965020
0107965
0107962797
0107962008
0107962005
0107962003
0107960348
010795teamo
010795pm
01079596
0107957560
0107956969
010795626
010795559
0107952309
010795222
010795062
010794pp
010794jlb
010794fer
010794f111
010794d
0107949533
01079452369
010794226916678
0107941777
010794109
0107940264
010793pio
010793a
0107937t
01079363
0107935847
0107934455
010793421
0107932674
010793131
0107930587
0107930298dodo
010792zara
010792maria
010792ln
0107929477
0107929
0107928033
01079277357
0107927580
010792553
01079253
0107925
0107924001
0107922994
010792266
01079214
0107920850
010791x
010791kc
010791k
010791gc
010791ame
010791T
0107918382
0107914811zzx
010791324
010791247
0107912447
010791041
010790lok.lok
010790lh
010790i
010790a
010790_fa
010790LOVE
010790D
0107909413
010790901
0107908926
010790840
010790794
01079072090
0107904028
010790316
0107903
0107902531
010790234
0107901820
0107901442
01079010
010790091588
0107900859
010790024
0107900093
010789mjm
0107898351
0107898049
010789593
010789567
010789524812
010789456123
0107894324
01078929e
01078929
0107892467
010789118seksan
01078909
0107890524
010789010789
010788yurizero1
010788keng
010788health
010788c
0107889981
010788939
0107889031
0107888203
010788802525
0107887294
010788639
0107886349
0107884798
010788442395
0107883971
0107882184
010788216
0107882109
010788192
0107881414
0107880565
010787e
010787dhha
010787adioz
01078794
0107878955
010787551
0107875
01078728.
0107871280
0107871246
0107871
0107870492
010786ty
010786rousmery21
010786r
010786748
0107864892
0107864446
0107863800
01078635710++++
0107862867
010786170686221
010785gym
0107859597
0107859461
010785919
010785850701
0107858417
0107855441
010785455
010785378
010785339830519
01078528
0107851934
01078517
0107850787
0107850
010784q
0107849873
01078496465876051
0107848657semsema
0107848477
0107848432
0107847781
0107847361
0107845212
010784504
010784445
0107844334
010783jh
010783NAYELI
0107839666
0107839221
010783873
0107838724
0107836998
0107835464
010783411
01078332m
010783263
0107832550
0107832218
0107832088mora
010782seven
010782luis
010782V
0107829518
0107829129
010782857
01078285
0107828059xxxx
010782521
0107823809
0107823394
0107823020
0107822655
0107822184m
0107822
0107821124
010782112
010782065
0107820034
0107820
010781vg
010781993
0107819904
0107819836
0107819647
010781888
0107817067
0107816196
0107815404
0107813800
010781352
0107812814
010781202
0107811j
0107811897
010781121
0107810145amramr
010780elias
010780921
0107808821
0107807811
0107807645
0107807176
0107806684
010780590
0107802593
0107802114
0107802021
0107801674
0107801572
0107801323
0107801143
0107801066
0107801057
010780083
0107800751
01078001d
01078+
01077nur
01077b-day
010779l
0107799393
010779718
010779652
0107796299
0107796054
0107795986
0107795961
010779484
0107794708aomnia
01077920
010779030889
010778ghing
0107789757
0107789125
0107789057
010778890
010778811216
0107786250
0107785592
0107785232
0107783795
0107782920
010778245
0107782340
0107780940
010777ey6
0107779514
010777835
0107778114
01077780
010777656
0107775517
01077744222
010777329
0107772023
010777192
0107769400010532
0107768958
0107767660
0107766
0107765792
0107765664
010776234
0107762252
0107762014
010776148
0107760824
0107760543
0107758307
010775775
010775757
0107757567
0107756383
0107755252
0107754543
0107754405
010775439
0107754089
0107753000
010775211
010775181131
0107751151
0107749853
010774939
0107748886m
0107748076
0107747937
0107747936
010774761
010774564
0107744140
0107742242
010774218
0107740221
010773798
01077373
0107735846
0107734
0107733912
010773350
0107733377
0107733
0107732335
0107731145
010773092
0107730715
010772b31115
0107729569
010772929302266014464409114
010772823
010772442
01077232987
010772294
0107721911
0107721709
01077217
0107721536
0107720774
0107720653
010772063
0107720162
0107717732010
010771718
0107716058
0107715935
010771570
0107715461
0107715359
010771530
010771359
0107712816
0107712093
0107711834
0107711698
0107708734
0107708289
0107707752
0107707572
010770753
010770730
0107706937
0107704382
010770425
010770422310
010770184
010770127
010770074
0107700667h
0107700540ay
0107700
01076r
0107699344
010769884
0107697729
0107697254
010769645045466270
010769606
0107695943
0107695548
0107695397
0107694563
010769378
010769316
010769185
010769120772
0107690883
0107690
0107689901
010768869
0107688031
0107687589
0107686193
0107682825
010768156
0107680339
0107679360
010767861
01076781540
0107676302
0107676134
0107675874
0107675508
0107675431
0107674576
0107674128
0107673498
0107673234
010767033
0107667291
0107667209
0107666
0107662437
010766238
0107662102
010766130
01076604360125008191
010765985
010765956
010765934
0107658959
01076587
010765843
010765842
01076579
0107657414
0107657273
010765718
0107656268
0107654090
0107653702
010765208
0107650639kztn
01076497533
0107648826
0107648455
01076459405774934012545741133265
0107645131
0107641883
0107641714
010764113
0107641072
010763850
010763556
010763539
0107632886
01076318
01076314934
0107630868
010763068
010762829308
0107626738lpl]
0107626174
0107625792
01076235505
0107623444
0107623126
0107621563
0107620683
010762057
0107620222070
010762
010761ty
010761j
010761881
0107616888
0107615199
010761499
0107614037
0107612196
010761103
0107608862
010760831
010760711
0107606967
010760689
0107606163
0107605267
0107601215
0107601055
0107601
0107600442
0107600260
01075m
0107599368
0107598380
0107598074
0107597942
010759613
0107595559
0107592828
0107592171
0107590236
01075890
010758860
01075877
01075875200101341560
0107586503
010758599
010757m
0107579862
0107579313
010757916917192
0107578
0107577959
0107577672
0107577539
0107576072
0107576053
010757552
010757526
010757351
0107573057
0107572477
0107572147
010757191
010757186319901029
0107571031
010757063
0107570238
010757
010756888
0107568
01075677354
0107566736
0107566344
0107565825
0107565442
0107565086
010756502
0107564453
0107560960
010756093
010756062
0107560568
0107558992
0107558357
0107557897
0107557548577892
0107557459
0107557266
010755633
0107554483
0107554462
01075544
0107554007
0107553828
0107552345
010755218
0107551
0107550493
0107548900
0107546684
0107545379
0107544890
0107544428555
0107542732
0107542397
0107542198
0107541316
01075411
01075405
0107540447
010753888
010753858
01075376
010753747
010753452
0107534428
010753435
0107533733
0107533363
0107533044
010753042
01075303
010753008
01075287
0107528509
0107528240
0107527
010752544
0107523510
0107523480
0107521318
0107520
010752
0107517
0107516269
0107516108
0107516061
0107516
0107515d
0107515711
0107513206
0107513052
0107512592
01075123
0107511801
0107511775
0