
00402688
0040264556666
0040247310447
004024
0040239680825
0040236331060
004023084
004021995
004021
0040208
004020
00402
0040195935
0040190
004019
00401517
004015
00401482
004014
0040131
004013013070
004012038
004012006
00401113
004011
00401091
004010325
0040102076asdf
00401
0040099
0040098
0040090083
00400678
0040061719
00400507s
004005007
004005006
004004a
00400485978188
00400440
0040043901
00400400n
004003j
0040037
004003008
004003002532
004003
0040029
0040022008
0040015091
00400123
00400108
004000e
004000613
00400050
00400
004.ALODNIPS
004-060
004*78560
004**004**
003zzdua
003x3jl
003work
003whd
003val
003tristen
003tmh123
003tiger
003sgd
003ri
003racing
003qwerty
003queenpe
003p56ytp
003p54
003neverag
003milano18
003miamichic
003mbk
003mayan
003mac
003lotus
003loncarm
003leiyah
003kuk
003knd
003kid
003july
003jpd
003jml
003jjun
003jdg
003jasper
003j7c
003isonline
003ibf
003hottub
003hello
003girls
003girl
003fpc
003family
003elt3011
003ebony
003diego
003demos
003dbUd
003d
003chuckie
003chr
003chikita
003chevy
003champagner
003cdes
003breechris0072
003boi
003antonycarter
003anl
003andrew
003aleksi
003ale...
003ale!!!
003album
003ZHM07
003GEISHA3
003BPW
003A_EG_X_Emanuel-3-e
003ALBUM
0039yoyo
0039emhg
0039bud
0039aniri
003998
003995
003993
0039919
003991
0039908
003990
0039898
003986
003985
0039848
0039841
0039816
00398
003979
003978lily
0039787
00397845120
003978
003977
00397688193887
003975
0039718
00397
003969
003968
003966k
00396620
003965
003964829
0039643
003964
0039639
0039616
0039611279
003958
00395771
003956
003955
003952621
0039502
00394810
003947
003946n
0039445607
00394439
00394315
00394300
00394265
00394200
0039403208
00394026
0039401A
0039400
00393938083601
003939361739141151987
0039392903435
00393924149412
0039392
003938978950120721731482
00393897824764
00393891176381
00393887926463
00393881758427
00393881745030
0039356
00393495979515
00393493107810
00393492567127
0039349
00393488746605
00393488
00393484912088
00393484
00393479359723
00393476160026
00393475149525
00393471481129
00393470155918
00393469694352
00393456157159
00393409125963
00393407234899
00393404133817
0039340349925
00393403048195
00393401932064
0039340167353100
00393401567518
00393396834203
00393394780865
00393394176298
00393393107710
00393391509963
00393388602645
00393386149594
00393386
00393382264218
00393381231549
00393355933244
00393343108665
00393339809493
00393337978648
00393337369575
00393333253808
00393333
0039333291465555
00393331081905
003933
00393299470480
00393299293885
00393298998500
003932989317911
00393298868308
00393298138797
00393298057664
00393297889930
00393295616547
00393295383779
00393294770282
00393293658120
00393293348951
00393293140317
00393291276684
00393290685703
00393289765448
00393288052922
00393287534827
00393286692090
00393285849207
00393285
00393284641315
00393284546310
00393283532762
00393283512778
00393282143511
00393281641702
003932306888946
00393209588914
00393208254741577472
003932077638923146
00393207090554
00393207023771
00393204847612
0039320388
00393203627689
003932034500
00393203317775*
00393201913236
00393201165034
00393200503815
00393200481308
00392msbao
0039292
003928976
0039255244
00392531
0039237460212551
0039235122
003923
0039222
0039214
003921
00392
0039196
003919300
00391909
003915h
0039148
003914384619
0039143619
00391433
003913520
00391334
00391228
0039113
003911
0039090388
003909
00390804767791
003907k
00390644236165
0039055224012
003903j
0039039
0039022
003902
00390161967375
00390087
003900671
003900
0038yhhk
0038sr
0038leo
0038brb
0038bjw
0038BF
003899
0038975735089
0038971751196
0038971662884
0038971210930alm
0038971
0038970717344
0038970530151
0038970358580
0038970258
003897
00389668
0038951
0038946786786
0038946254230
00389281
003891
003888
003887
003886799
0038861
003885
00388489
0038836528
003883
00388093
00388071
0038796198
00387922
003879
00387889
003878666
003877
0038763318823
0038761554389
003876
00387500
003873forme
0038730281760
003873
0038726446
0038725
0038703
00386970
003868
0038676
003866
0038641558376
0038641510486
0038640794072
003864
00386051
003860
00386
003859156
0038574
0038541n
003854
0038535130
0038517556
00385101
003851
00385007
00385
00384aqrq
00384941
003849
0038487
0038475
003847
003846
0038455
003845
003844796
003843
0038423362
003842129
003841
00384
003839
00383478
00383315
0038300383
0038300
00382pkjdn
003829
00382887
00382810
00382781
0038257
003823
003821008t
003820
00381srbija
0038192
0038187157661
0038171
003816tt0611661
00381643289658
00381637152341
003815
00381400
003814
0038139022404
0038135344597
003812930611
0038120348
0038116
003811
00380964
003807
00380692233646
00380679811465
00380566233233
00380442356717
003804
00380373725036
00380341
00380300
003803
003802101m
00380038
00380034
0038003
00380019
003800155
0038
0037nqjbq
0037AA
003796
003795
00379458152
003793
003792
0037911
00378rsbyk
0037892456
003789
0037874
003785
00378429
003784
003783c
003782710a
003782599
0037802
003780051m
003779
0037783
003777
00377696192211
0037758
00377500
0037744608265
00377441382145.5
003772851
00377222
0037713
003770204
003770
003765
003764109z
0037633
003762
00376100
003760
00376
00375964
003759122
003756j
00375666
0037562
0037560
003754
00375375
0037529638410
00375148
003751
003750
00374fxskv
00374867
003747000
003747
0037461
00374534
00374478
00374443
0037432
003743
003742200
003742
003741586
00374035
00374034
00373zjqb
0037382kloy
0037381431
003736
003735
003734848
0037324972251
00373249546356
0037322324413
00373188
003730a
00373
003729531
003729183
00372902
00372727
00372512
003725
003723
0037226
00372211
003722
0037212
0037207711
0037200
003720
003719
00371830
003718
003716home
003716
003715
003714
00371371p
003713
0037128846724
0037127925
00370kcgtx
003709sc
0037088
003706900
003706
00370579
0037055
0037048
003704100
003703009
003703
00370262
0037025
003701233a
003701
003700c
003700a
00370097
00370069
00370038
00370025
0037
0036tu26
0036kel
0036james
0036995
003698741numnim
003698741
003698244
0036981
00369697
003696300
003695698
00369565696
0036948896777
0036934
003692982
00369258
003688mm
0036889
003688577
0036882
00368673
003686
003684
003683
00368288
003682001096
003681658
0036810520
0036800
003679mh
003679VF1504ig
00367998
0036791
003679
003677x
003677
0036768
00367600
003676
0036747
00367367
00367353782
00367240
003671916
00367179
0036710A
003671
0036689
0036688665
003668130
003666
003665501
0036643153
00366366
003663
0036625
003660834
00366000
003660
003659
0036580
003657896523
003656
00365502
0036544
0036540590
003654
003653
0036520010
00365100
003649
0036483179
00364511
003645
00364401
0036430
0036424
00364233
003641040
003640alw
003638
003636041
0036352
00363513
00363508
003635
003634
0036336
00363327
003632
0036310
0036306002506
00363054745981983
0036305474598
0036300363
0036293
003629
003628010
0036274
003626632
003626
00362504
003624
00362008
003620
00361907
003619
0036184
00361818
00361661
003614a
003614987782451
00361489
003613
00361286
003612
00360w
00360j
00360975
003607
003606727
003605
00360415424356571
003603
0036024
003601001
0036010
0036002
003600
00360
0036
0035tvhjl
0035poo
0035CLB
003599rchl
003599
00359888539238
00359884112354
003598468935
00359751
003597
00359657
0035955
0035952
003595
00359255244
0035921
003591
00359
003587
00358600
003586
003583jp
003583933
003581815031
0035812
0035799066003
0035799056148
0035799
0035796381947
0035776
00357700
003577
00357600
003576
00357400
003573
0035727
0035725390502
00357213
00357159nat
0035705
003570
00357
003569t
00356736
003567
0035669127
003566
0035636
003562895
00356256
0035621434756
0035616
00356123
0035608kkk
003560
00355917
0035590
003558112774
003557
00355693493480
00355693337311
00355692077327
0035569
00355682613420
0035568246581234
00355682311396
0035566
003556
0035548200345
0035547087
003554289
003554267058
003554
0035526779
00355229
0035500
003549322
00354931
003549
00354800
00354634
003546
00354545
00354410
003543498
003542
0035400
00353879887818
00353879705339
00353871358512
00353871358087
00353871315689
0035387
00353868808237
00353860782622
0035382c
003538
00353719
003536631875
003536
00353500
003534907975
0035326789145
003532341061
00353206
00353200
00353150
003531
00353028
003530
003529
003528r
00352883
003527
00352400
0035239
00352352
0035226
003522
00352133
0035206
00352052
00352021644362
003520000
00351992
0035196
00351933716635
00351919932479
00351916059768
00351914068451
00351912378916
0035187694
003518
00351729
003517
00351569475
00351505
003514344
003513416
0035132861238
003513
00351289807045
00351258827709
00351258521167
00351234841163
00351219337597
00351212957772
003511z
0035110b
003508282
003506541
00350654
0035055
0035051
00350500
003505
0035039810
00350334
003503
003501480
00350117
003501011
003501
00350
0034tp
0034pvqdn
0034cs1987
0034aff
0034995
003499
0034988293031Cc
0034975
0034971750010
0034965956121
00349656
003496
003495924nadie
003495924
00349500
0034942298463kz
00349371
0034934351630
0034934232631
0034931624012
0034918045438
0034915526178a
0034914479142
0034907
00349050
003490
00349
00348963
0034889900
00348777
003484
00348233
003482
003478
003477
003476643
003476575
003476
003475engzrh
00347552
003472
0034713
003471109
003471
003470
0034699868317
00346993
0034691426353
0034690213486
0034689021652ns
003468773
0034687307601
0034685791
0034685601767
00346836200537
0034680336113
0034679070323
00346789
0034678866282
00346782939999999
0034678273548
0034677837593
0034677415607
0034675217174edu
0034671602157
0034671324291
0034670867647
0034670433329
0034670400086
00346678
0034667398230
0034667249369
00346672
0034666971471
0034666946690
0034664764052
0034664719397
0034664535581
0034663788832
0034662061009
003466060158
0034660252189
003466
0034655055546
0034655041937
0034652719089
00346515
003465
0034649071131
0034647282454
0034647280442
00346452
00346421
0034638189191
0034638
0034635801420
003463578
0034635
0034630568494
0034630344582_biutza
0034628753687
0034627229095
0034625338245
003462260012693
003461SS
0034618423368
0034618137975eli
0034618089991
00346100
0034609
0034607781723
0034606421
003460550373461
00346046
0034600879830
0034600694416
0034600469361
0034600050419XD
00346
00345691
0034567
0034566
003456213
00345600
003455
003454jo
00345450
00345403
003453072554
003452bee
00345228
0034522
00345114729471
003451
0034501
0034477
00344756
003444
0034425
00344
0034371m
003436leyx
003436
003435k
00343520
003434a
0034345
00343381623872
0034330
003432716daf
00343162
00343157
00343079652
00343062
003429th
0034269
003425mc
00342593
0034256601
003425
0034247421
003424742
003424623
0034242
0034241
00342407
00342289
00342256
003422531
003421
00342054599
0034200351
003419
0034182ne
00341824
0034181164
00341727
003417
00341670
003415655185
0034156
0034152
0034147
003413k
003413hla
003413K
00341371
00341350
0034130
003413
0034121
003412
00341096
00341
003408035408195
00340715
003404
00340340
003402711
0034021039
003401
00340039
00340034dr
00340034
00340
0034
0033sue
0033jo
0033ie
0033gbx41
0033franca565
0033f.t456!
0033du
0033ballet
0033NENA
00339967
00339966258
00339944
003399416
00339933
0033992
0033991144
00339911
003398la
003397755859
003396
003394
00339309
00339270
00339
00338972
0033894
003389
00338855
0033884
00338811
003387c
0033871
0033860
00338581
0033858
003385
0033849
00338400
00338384
003382350
0033822l
00338181
0033812
003380
003379
00337799new
0033779900
00337766
0033762
00337512
00337403
0033737974
0033735963
003373
003372
003370
00336hrbsw
0033690
0033689104537
003368695141
0033686530434
0033679705529sr
0033679287415
0033677534087
0033677416015
0033674466327
003367
003366hema
003366c
0033665
00336647
0033661971318
0033660468568
00336565125
003364964
0033648
0033647mvc
00336424
00336374
003362javi
0033627130478
0033624799597
0033623965124
0033622507121
0033616988773
0033613083755
0033611
0033610425
003361
0033609898156
003360
00336
003359
0033587
00335689
00335681
003356040n
003355jh
003355j
00335550011555
00335454
00335409
003353301ABC
003352ad
003352
00334paul
00334964
003349
003348412
0033484
003348
003346
00334564
0033445566
0033442446178
00334400
003342
0033411
003340
0033399
0033354442472
0033344570941
0033341
00333402402860788245824
00333402402860
0033323735215
003332
00333172
003330056
00332liz
0033287
003328
0033264
003325
003324
0033230j
0033230
003323
0033229988
00332266853
00332255
00332233
00332189
003321516
00332
00331979
00331918
003318
0033172
00331690
0033163
003316
003315nice
0033147403581
0033139706550
0033126
0033123
0033116619r
00331133
00331122
00331100n
0033104
00331
003309718
0033090864
0033088
0033080
003308
003307260416380252327081
003306014046
00330545
0033041ala
0033036
0033026
0033022
00330213
003301440731
00330101041
003300sjh
003300mentira
003300ask
003300887
00330066
003300440753
00330038
00330033ss
00330022
00330012
0032santiago
0032ray
0032ok
0032myujc
0032mom
0032icart0032
0032bel
00329984
0032998
003298
00329722
003296
00329500
003292
003291
003290a
0032904
0032891
00328900
0032889
00328831
003288
003285
00328300
003281k
003281987
003281756
003281
003280
0032790
003279
0032785
0032781
00327563
003275
003272
003271973
003269av
0032697
00326922
0032672212620
003267221262
003267
003266583
003265j
0032658
0032654
003265194
0032647
0032645
003264
0032637012
003263644
00326300
003263
003261988
003261
0032601
00326005040506
0032600504
003258
0032569lk
0032564
00325621
0032562
003255003
00325481
00325400
0032529
00325234
003252204
0032520nahomy...
003251980
003251456
003251
0032507
0032500
003250
0032499827200
0032499325779
0032492
0032491
003249
0032484732001
0032484677207
0032484
003248
0032479251841
0032475
0032464
003245zorbapixi
003245
003243
00324101990
003241
0032401
003240
0032387
0032385
003237
0032366
003235a
0032357
003235
003234728
0032336
003233
00323200
00323122
00323115
00323004
0032300
00322hn
0032290
003228
0032273
003227
003226720804
003226
00322502
003224
00322193
00322120
0032210
0032201
00322
00321olip
00321mmz
00321984
003219456
0032189
0032188
0032182limerick
003216
0032158
0032156
0032121
003212.2008
00321158
0032110101
0032110
0032101
0032100321
00320oabu49
0032097i
00320978
0032075
00320708
00320700
003205
00320484127669
00320386
0032030100
00320226
0032020
00320106
0032010267
0032009
0032007
00320033
00320022
0032001988
0032000
0032-4594-4347-3922
0031ray
0031ponciano2200
0031ck
0031cf79
0031994
0031993
003198
003197kmm
003196975
003195
003193900
003193858
00319259
0031919877
0031912
0031899938
0031893
003188845
00318843
003188
003187180738
0031868
003186
003185f
00318590
00318502
00318234
003182
0031804
003180
0031799
00317733695259
0031763
003176
00317507
003175
00317356
003173
00317200sm
00317
00316996
003168h
0031689
00316800
003167
0031651230855
0031643291965
0031641303190
003164
0031632300
0031630
003163
0031626s
0031625284072
0031622849422
0031622021398
0031618978288.
0031600
00316
0031593103
0031592
0031591
003159
0031588442687
0031588
003158
0031578102473
003157
00315669
0031563
0031560
0031555
003155003155
00315456
0031545
00315413
0031522
003152
00315170
003150
00314999
00314948446
0031490
0031486LC
0031485
0031464
003145572
0031447
0031426
003142
00314177
003141601
00314149
003141
0031401375
00314005
003138967
00313892045
003137
0031369
0031363936
0031349
00313300
00313205
00313191
00313178
0031315651259
003131400f
00313137
0031311059
00313084
00312a
0031298
0031288
0031286
00312849
003128
003127010
0031269
00312490
00312456
0031241710
00312400
003124
00312278
00312256
0031224
0031220
003122
00312133
00312122519
003121
00312056
00312040
003119
00311898623
0031186
0031183
00311700
0031163
00311621
00311618
00311600
00311493
00311430
003113j
00311300
00311275
0031121991
003111711
0031110
003111
003110g
00311030
003110189
003110
003109970
003109
00310889
0031084
00310710amy
00310700
00310654
00310642
00310553
00310547
0031054323
003105
0031033
00310310
003102m
0031027
003101alo
00310123
00310069
00310031j
0031003100
00310029
00310012
0030zm
0030yoyo
0030yo
0030teamo
0030moni11
0030lh
0030gabydic0094
0030fina
0030dog
0030cl
0030brittley
0030ak
0030ad
0030:halloween
00309948
0030973
0030964
003096
0030954rr
00309518
0030950
0030938151409
0030937622676
0030932488
0030932449L
0030931
00309251
003091990
0030911
003091
00309059
0030903
0030892
003089
0030880
003087
0030851
003085
003084
00308200n
0030815
00308000
003080
00308
003079619
00307900s
0030784
00307557
00307524ac
00307506
003075
00307447ITZI
003073660mook
00307309
003072005
003071985
00306996158515
0030699
00306976833317baxter
00306947408798
00306946661649
00306946655387
00306946144124
00306930
00306881
003067740
0030676
00306529
00306434lls2332
00306211
003062
0030607ju
00306028
00306003
00306
00305833
003057
0030567
00305600
00305504
003055
0030547270
00305400
00305309
00305300
003052907
0030522
003052185
0030515541002
00305137168
0030513
003051
00304999
00304901
00304871
00304859
003048
00304626
003045759
0030457
0030456166
00304551
0030453
003045
0030445
003044
0030436
003042008
003041990
0030419
00304138laborre
0030410a
003041039
00304100
0030408
0030402
00304002
003040
00303qhtxw
00303910
00303843
003038
003037945c
003037
0030368vip
0030368
00303677
00303539
003035*
003035
0030344
00303425-2
00303400
00303301
0030329m
0030326
0030323
003032128
00303200
003032
003031_b
003031993
003030188414
00302frominside
0030291504
003028556
003028
00302541
00302292kjm
003021993
00302121689
00302106527514
00302103410585
0030208
0030205
00302010.
0030200060330
003019931993
00301986
00301955
0030191951
00301903
0030186
00301811
003018093
003018
003017044511292
0030162
003015087
00301416367
003014
003013084
003012535
00301131
0030112
00301107
003011
00301076
00301070
0030102529
00300965
0030094
003008a
003008009
00300800
00300790
00300737
0030070033
003007003
0030065
00300619910
003006084
003006009
003006004
003006003
0030060020
00300584
0030053
0030052004
003005006
00300496
0030046
00300438
003004033
003003as
003003708
0030036
00300330
0030033
00300300
0030029461645
0030029
0030025
00300221
00300196
0030019394
00300130
00300070
0030007
0030004
0030
003.16sc
003.003
002จถ-ค
002zdd....
002xazo_002
002w336
002tweet
002teen
002sjm585323
002shaft
002sat
002rusty
002reb13
002rack
002pvq
002primas18
002poppop
002outrageous
002origkami002
002nme
002never
002neral
002moreno
002mkc
002minren
002marita
002loveu
002krizel
002k4e
002jose
002jma1701
002jkmp
002ionkkj8
002hgm
002girlz
002flyhawk
002ezmeralda
002emmanuel
002eky
002ebc
002cheshire
002bfh
002bbs
002baby
002b12
002alerivas
002ahmed@
002a7
002_tmm
002TRU15
002NATA
002LUZ02luz
002HELLO002
002EJ
0029vn
0029n
0029fast
0029TATYANAGARCI
002999
00299823
00299805
002996
0029958592
0029954
002995
0029942
002993q
0029926714
00299134
00299110190
0029909080031
0029908
00299000
002990
002989
0029880
00298777
0029873
002987
002986
00298599
00298447319Haraldur
0029843
002983ray
00298300
002982530
00298251626
0029818-1
00298
002979500
002978846
00297800..
00297800.
002978
00297524
002974
002971974
0029710
0029709
0029708
002968
0029665
002966
0029659041
00296571
002964ya
002963
00296280
0029627
002961
002960
002959onsted57529
002959onsted5752
002959onst
0029598265
002959
002958
0029573656
002957
002956
00295451
00295418
00295367
002953
002952893811702
0029522
002951da
00295196
002951
00294qobsz
00294935
002949
0029489900
00294897
002947835
00294743
002946312
0029462
002945
002943
0029416
0029402
00294
0029391
0029390
002938
002937k
0029379
002936875
002936
00293580317
0029345p
002933keith
0029333935
00293291
0029311
00293026
00292appax
0029291531
00292700
00292523
00292400
002924
00292303
0029229
0029215595
00292100
002920500
002920
00291979
0029191
002917116485
00291700
00291620
0029158263
0029155
0029154
00291451
002913782465
0029133
002912
00291191
00291154067666
00291118
002911110305
002910840606
00291064
002910253700
002910
00290987
002909
002908899
00290788
00290750
0029072903
00290637
00290603
002905721
002905501
002905434
002905
00290477
0029042
002904
0029038
002903
00290223
00290196
0029019
00290187
002901771
00290134
00290047
0028lled
0028ll
0028devin
0028cotija
0028995
002899
002898
002897401
0028973
0028963
002895s
002895
002894
0028930014
0028924
002892
002891bk..
0028892s
00288892700
002888927
00288828
0028870
002887
002885
0028813
0028805
00287993
002879
002878
002877
002875473
0028754
0028751
002874
0028734738
0028731
002873
00287171
002871
00287093
002870833
0028693
00286918
002868
0028678
00286736
0028668
002865437
00286473
0028647
0028641
002864
002863
002862tb
0028625
00286247
0028618605
0028617
00286144
002861
0028604
002860
00286
00285mrsm
002858
002857F
0028576
002857
002856ks
002856
002854
002852
00285
002847
002846
002844256
002843
0028414j
002841407
002841
00284
0028395
00283622
0028358
0028353
00283501
0028339636
0028331
00283300
0028320311534
0028309
0028301
00282911429
00282900
002829
0028289791
00282858
00282739
002827228
00282712
002826160b
002826
00282537
00282526
0028252129012582
00282488
0028237amber
00282300
002822
002821
0028185
0028184
00281802
00281793
0028151530
002814j.
0028140049
00281400
002814
0028134
00281284
002810lr
0028096238
00280831
0028082
002808049
00280782
002807
00280682
0028065
00280630
002806252700
002805
00280490
0028047
00280403
0028040
0028035069
00280318
00280252
0028023155
002800g
0028008
00280047
0028002
00280018s
002800-002800
00280
0027snte
0027rm8392
0027nakj
0027kisses
0027jipinusa
0027aba
00279dfupv
002796
00279531
0027938
002792534
002791
00279000
0027900
002788687340
002788386
0027851201
0027851
00278436
0027842
002782d
002782435
002782
002781321
002781
002780larraga
00278099
00278094kr
00278094
0027802
00278006
0027789
002777
002776417743
002775bt
002775
0027745V
0027740
002773
0027727
00277180
002770410
00277041
0027702
00276jade
0027691070
0027691
0027680
002768
0027667
0027648
002764234
0027636
0027633
002762dan
002761fork
00276183
00276123
00276021
002760
00276
0027597
0027574706
002757
002755358
0027549
0027542
0027511
002751
002750hkse
002750
0027498
00274964
002748010
00274800
002748
0027472
002746
0027458
0027451963
002745
002744
0027415
00274
0027388&virgo
0027386
002738
00273734
002737
002736
0027356
0027354
002734
00273362
0027326826
002732
0027309
0027307
002730
00272900
00272875
0027283
00272828
0027281
00272800
002727r
00272727
0027268
002726699
002726115
002726
00272529
002723j
0027239
0027234
002723
002722Ngobya
002722
0027217
00272089980
002720
0027191
002717bf
00271721
00271707
0027166
00271463
0027137901579
0027135
002713
0027120499n70
0027120499
00271200
002711gauteng
0027114872019
00271102
002711
00271082
0027105
00271031
0027101999
002709913
00270941
002709104
002709
00270888
0027070089
00270680012574
00270591
00270581
0027053
0027051
0027050503
0027049
002703pc
0027022k
002702248
002702007
002700wd
0027004
0027001
00270007
002700064646
0027.Chains.
0026sd
0026florentino
0026dr
0026LA*
0026JY
00269pcnm
0026999
002699542checoy?
002699
00269873
0026986
00269811s
002698
00269732695
00269714
00269700
00269600
0026955
0026941
002694
002693
002691094
0026907
00269005
00268beazz
0026897200
0026889
002688
002687258
0026867
002685899
0026851219
002684melisa
00268470
00268400
0026837
002683
0026826
002681
00268029
00267960
00267921
002678
00267651
0026748
00267410t
002673196
0026726442
002671996
0026719
002670m
00267
00266990042
002668d
002667639
0026668
002666
0026659
00266587
00266561494
002665
002664853
002663
002661316
002661235
002660
002658843343
002658650
00265830
00265808325
00265733pato
002657
0026550
00265189
00265108
002651
0026508
0026500
002650
00265
00264txjd
002649336
0026461230529
002646
0026448
0026445698
002642854
0026422
002641done
0026411
0026406756
00263_00965
00263873
0026382
00263800
002636
0026354
002631j
00263197
00263175
00263117
0026301524
00262ana
00262A
002629kb
0026293416
00262908b
002628n
0026285
0026274
0026271
002627087
002626b
002625K
002625259
0026242156
002623787
002623
0026224
0026222622
00262185
00262068mv
0026200
0026199
002619
0026182
002613727
00261318
0026127
00261236
00261227
002611.fanwy
00261087
0026102528
0026102
002610123
0026093
00260636
0026062520
00260609
0026044
002604
00260383
00260338
0026031
00260285
00260204
002602
002601303
0026010
002600329
00260014
00260012
00260
0025you
0025stuck*
0025snb
0025montero2008
0025me
0025manavemi
0025hola0025
0025fs
0025dob
0025barcelona
00259814
00259781
0025970
002596330
00259611
00259601
00259459
0025935
0025933
0025922034
00259030241
00258woaini
002589tylor
0025898
002589581
002588848
00258823056100
00258798520
0025874100
0025874
002586JS
002586642
00258647320145630
00258630
002585
002584813
00258456
002584521
00258258
00258252
00258200
0025816
002581346
00258112
0025804
00257gbjr
00257979
00257926859
002579200
002578901
00257863700
002577r
002577158
002577
00257694
002575910
00257559778
0025738
002573
00257212
002572
002571A
0025700
002570
00257
00256987
002569834
00256979
00256931asq
0025678
002566
00256598500
002565
0025649
0025643159
00256430000
0025631
002562805
002561
00256079
00256067
0025601
002560
0025590
00255886
00255829
00255748795893
0025555590
002554d
0025540
0025530080
0025525850
00255255
0025525
00255200
00254oil
0025